VERTEX_POSE A0 -0.293775 -0.467613 -0.070711 -0.987185 -0.693467 0.169089 -0.524072 -0.537650 0.673380 0.049083 0.324043 -0.317158 0.289841 0.501724 0.464639 -0.368056 0.447527 0.448876 0.709554 -0.392328
VERTEX_POSE A1 -0.716140 -0.623518 0.668986 0.292227 0.733694 -0.416187 0.176603 -0.352022 0.583626 0.510779 0.440422 -0.352838 -0.115745 0.752986 0.094741 -0.767603 0.210898 0.593885 -0.324508 -0.265787
VERTEX_POSE A2 -0.777998 -0.292573 0.168755 -0.079325 -0.267134 0.700503 -0.545392 -0.332617 0.188656 0.512591 -0.314925 0.319858 0.434044 0.534650 0.238268 0.498977 -0.549514 -0.560913 -0.049247 -0.449858
VERTEX_POSE A3 -0.071345 0.367010 -0.514799 -0.221022 0.281861 -0.490059 0.138562 -0.856247 0.093520 0.917257 0.087690 -0.430987 0.098966 0.346075 -0.177898 0.340576 0.131506 -0.730547 -0.116848 0.349414
VERTEX_POSE A4 -0.428910 0.987348 0.893595 -0.476724 -0.739983 -0.532897 0.080758 -0.244928 0.659259 0.488298 -0.477194 -0.079952 0.759731 0.610388 0.471799 -0.343917 0.234711 0.228934 -0.244075 0.533510
VERTEX_POSE A5 -0.278100 0.890628 0.895644 0.874089 0.016683 0.490297 -0.406569 0.587800 0.271589 0.466133 -0.382819 0.509783 -0.129599 0.018137 -0.035545 0.732557 0.663054 0.651695 0.252955 -0.260712
VERTEX_POSE A6 0.757498 0.832532 0.503240 -0.248921 0.209972 -0.422672 -0.575008 -0.671982 -0.037013 -0.719525 0.560783 0.530140 -0.377746 0.057735 0.623966 -0.082471 -0.480019 -0.386778 0.046419 -0.014571
VERTEX_POSE A7 -0.715121 0.254956 0.100118 0.197217 -0.717034 -0.412476 0.118242 -0.647316 0.271181 -0.537637 0.310195 0.168516 0.564840 -0.094127 -0.788659 -0.337955 0.146920 0.325490 -0.513525 -0.674030
VERTEX_POSE A8 -0.770879 -0.282586 -0.085984 0.270447 -0.903382 0.251404 -0.388097 -0.457107 0.613277 0.500320 0.491035 0.678219 -0.493986 -0.036570 -0.194636 0.108365 -0.113258 -0.250646 -0.585914 0.731965
VERTEX_POSE A9 -0.568540 -0.473324 0.059843 0.888808 0.374095 0.687886 -0.608365 0.307578 0.130523 0.324456 0.350600 0.656333 0.288624 -0.544506 -0.172208 -0.414732 0.255692 -0.222144 -0.518955 -0.648545
VERTEX_POSE A10 -0.974313 0.470391 0.861840 -0.530945 -0.549927 0.353177 0.344290 0.383070 0.027339 0.178070 -0.513013 -0.565664 0.565164 0.493003 -0.081400 -0.704738 0.523324 0.740214 0.183547 0.270472
VERTEX_POSE A11 0.381801 0.790492 -0.334934 -0.942596 0.232705 0.553704 -0.496397 0.137980 -0.369053 -0.254394 0.543777 -0.420833 -0.778438 -0.395713 -0.398249 0.029695 0.596848 -0.470647 0.286401 -0.415274
VERTEX_POSE A12 -0.416753 0.455662 -0.400386 0.858181 -0.388996 -0.684221 -0.477605 0.516722 0.384718 -0.480780 0.180350 -0.318637 0.019520 -0.586700 0.521555 -0.118950 0.288056 -0.101411 0.725406 0.522761
VERTEX_POSE A13 -0.301335 -0.017506 -0.232982 0.906288 -0.686456 -0.211182 0.062477 -0.456692 0.630393 0.004709 0.577903 0.420682 0.464124 -0.142135 0.335036 0.535389 -0.456556 0.518444 -0.702868 -0.478346
VERTEX_POSE A14 0.633316 -0.384402 0.563933 0.158929 0.435687 0.208433 -0.012549 0.912991 -0.239014 0.411335 0.277237 0.661660 -0.379886 0.086146 -0.188084 0.477355 0.175327 0.652884 0.677100 -0.226773
VERTEX_POSE A15 0.948914 -0.647243 0.658137 -0.786461 0.845645 0.605469 -0.638913 -0.180977 0.379371 -0.169192 0.011327 -0.355337 -0.441572 -0.562067 -0.589599 -0.402724 -0.010715 0.124875 0.453862 -0.806898
VERTEX_POSE A16 0.434806 0.775435 -0.245116 -0.349212 0.964902 0.193330 0.078314 0.266910 0.578250 0.611223 0.346950 0.348128 0.362712 -0.610940 -0.531007 0.467583 0.479350 0.474435 -0.519692 0.453167
VERTEX_POSE A17 0.282064 0.177402 -0.062596 0.549894 -0.891509 0.173603 0.572827 -0.664586 0.416803 0.291161 0.170307 -0.226450 -0.106172 -0.639365 -0.361028 -0.520590 -0.248457 -0.783911 0.552093 0.242494
VERTEX_POSE A18 0.513945 -0.868667 0.055857 0.814241 -0.143740 0.477993 0.085062 -0.220886 0.011816 0.071306 0.166053 0.553301 -0.523973 -0.500417 0.682009 0.375557 0.548783 -0.010207 0.756365 -0.609964
VERTEX_POSE A19 -0.222530 0.252363 0.021534 0.615441 0.677021 0.386160 -0.614080 0.518432 -0.441088 -0.482920 -0.313220 -0.463079 -0.049499 0.725716 -0.347384 0.529609 0.279966 -0.566749 -0.326739 -0.167560
VERTEX_POSE A20 0.759832 -0.859994 -0.199865 0.377938 0.923944 0.162023 -0.682609 -0.120705 -0.609307 0.200099 0.148649 -0.235395 -0.646432 0.526896 0.336347 -0.176490 -0.537523 -0.658752 -0.212090 -0.629907
VERTEX_POSE A21 -0.818702 0.406894 -0.442933 -0.014256 0.474608 0.140618 0.928970 0.255606 -0.622533 0.326847 -0.642307 -0.435842 -0.129338 0.491016 0.286702 0.112595 0.197680 -0.566148 0.027924 0.491868
VERTEX_POSE A22 0.593084 -0.867500 0.777480 -0.296672 0.690930 -0.656236 -0.523983 0.296429 -0.691902 0.138990 -0.402027 -0.113636 0.159945 -0.035345 0.078716 -0.282443 0.684870 -0.267427 0.775092 0.529346
VERTEX_POSE A23 0.510991 -0.011889 0.782866 0.702595 -0.856255 0.475771 0.340875 -0.513104 0.653418 0.105494 0.689866 -0.120146 0.036258 -0.286548 -0.241449 -0.603897 0.230985 -0.523407 0.711806 0.354041
VERTEX_POSE A24 -0.397008 -0.838491 0.070730 -0.177298 0.638625 -0.438739 -0.596515 -0.182780 -0.081222 0.589683 0.399275 0.690033 -0.466404 0.520519 0.400645 0.280699 -0.386630 -0.405276 0.010970 0.621890
VERTEX_POSE A25 -0.772823 0.972371 -0.829051 -0.733989 -0.525267 -0.776124 0.189016 0.344954 -0.492539 0.104165 -0.784509 -0.262895 -0.164235 0.504749 -0.072768 0.648334 0.077392 -0.283950 -0.711415 -0.069212
VERTEX_POSE A26 0.058558 -0.702015 0.743160 0.835053 0.590937 -0.368312 -0.258159 -0.623916 0.230111 -0.008503 -0.747800 -0.210206 -0.485769 0.012764 0.801889 -0.527833 0.030082 0.352396 0.647072 -0.224627
VERTEX_POSE A27 -0.172597 -0.519588 0.477777 0.241181 -0.724357 -0.646424 0.624821 0.293991 -0.442714 -0.546176 0.602917 0.329007 -0.031587 0.404191 0.094606 -0.384764 0.203528 -0.518599 -0.402802 -0.587594
VERTEX_POSE A28 0.410643 0.413620 -0.114133 0.416323 -0.499564 -0.483303 0.203027 -0.338769 0.513303 0.267426 -0.106076 0.502731 -0.090201 0.530682 0.295343 0.763979 -0.311066 0.403698 -0.543565 -0.703987
VERTEX_POSE A29 -0.054317 -0.328840 -0.810109 -0.560180 0.651102 0.224250 -0.265127 0.138796 -0.302006 0.769033 -0.434946 -0.624801 -0.150930 0.240099 -0.191466 -0.543430 -0.817173 0.656863 0.142127 -0.257174
VERTEX_POSE A30 -0.983344 0.420178 0.541303 -0.184905 0.961196 -0.478352 0.453681 0.187635 0.328027 -0.306204 0.863445 -0.783712 -0.172916 0.328387 0.163693 0.600713 0.097113 0.150259 0.556468 0.319354
VERTEX_POSE A31 -0.883132 0.946008 0.815156 0.429138 -0.193031 -0.360868 0.053119 0.030270 0.081673 -0.654170 0.192168 0.917425 0.109866 -0.144253 0.077806 0.508548 0.824564 -0.124022 0.546396 -0.511312
VERTEX_POSE A32 0.229543 0.047642 0.858877 0.732048 0.384796 0.532148 -0.026954 0.265413 0.192420 -0.426002 -0.254219 0.298704 -0.660944 0.498848 -0.724922 -0.521411 0.057478 0.255064 -0.330272 -0.782800
VERTEX_POSE A33 -0.761342 -0.872395 -0.289941 0.735770 -0.305938 0.157742 -0.285140 -0.247583 0.243387 0.765315 0.495028 -0.429152 0.282309 -0.264898 0.806746 -0.189331 0.036192 -0.284375 -0.466308 0.788777
VERTEX_POSE A34 0.045523 0.313017 -0.699644 -0.791884 -0.911170 0.329325 0.275362 -0.315382 0.401847 -0.421114 0.714968 0.239643 0.387280 -0.157242 0.409926 -0.677665 -0.588674 -0.710349 -0.370976 -0.134510
VERTEX_POSE A35 0.800633 0.034990 0.752472 -0.744676 0.644812 -0.540231 0.333188 -0.329927 -0.102284 -0.254639 -0.344289 -0.467945 -0.191429 0.824076 -0.585250 0.392027 -0.115682 0.369049 0.796125 0.283072
VERTEX_POSE A36 -0.039442 -0.981767 -0.394297 0.609858 0.710746 0.238130 -0.605818 -0.056328 -0.066443 -0.749291 0.347146 0.701144 -0.036529 -0.507516 0.137231 -0.153864 -0.392528 -0.654556 -0.215727 -0.681664
VERTEX_POSE A37 -0.196978 0.145549 0.803597 -0.040805 0.298802 0.467557 -0.659094 -0.111955 0.076384 -0.367722 0.834319 -0.286135 -0.037376 0.359675 -0.694954 -0.615807 -0.305114 0.459044 -0.223071 -0.262520
VERTEX_POSE A38 -0.914488 -0.710054 -0.147410 0.452541 0.927778 0.069829 0.038295 -0.650064 -0.632419 0.624825 0.286901 -0.616390 -0.512751 -0.360332 0.363422 0.479602 -0.367625 0.288371 -0.339406 0.479706
VERTEX_POSE A39 0.189678 -0.264353 0.519718 -0.119694 0.807364 -0.253532 -0.871469 -0.081234 -0.107056 -0.220165 0.648169 0.815767 -0.182268 0.438815 0.116723 -0.385083 -0.243114 0.495137 -0.102757 -0.567112
VERTEX_POSE A40 0.234481 0.672225 -0.136560 -0.151997 -0.327103 -0.582205 -0.634111 0.005536 0.462728 -0.599667 0.141681 0.204398 -0.341504 -0.817617 0.385943 0.255173 -0.324180 -0.506151 0.237833 -0.454208
VERTEX_POSE A41 -0.888802 0.760337 -0.285570 0.921596 -0.622149 0.421550 -0.021690 0.552449 0.650538 -0.042121 0.318360 0.038325 -0.652141 0.156676 -0.508271 -0.522731 0.415020 0.373212 -0.547010 -0.629808
VERTEX_POSE A42 -0.428520 -0.473861 -0.815215 -0.062291 0.040068 -0.369032 -0.159648 -0.154602 0.575833 -0.670900 0.424614 0.199732 0.660750 0.646106 -0.634052 -0.208362 0.572376 0.300528 0.210715 -0.225242
VERTEX_POSE A43 0.817729 0.127887 0.463054 -0.293816 0.283902 -0.679665 0.256805 0.655272 0.666485 0.274221 0.611821 -0.047531 -0.474251 -0.025935 -0.165782 -0.604990 0.290300 0.253201 -0.517617 0.333687
VERTEX_POSE A44 -0.190137 -0.257170 0.481448 0.827884 -0.308605 -0.123672 -0.044654 -0.203938 0.472439 0.656859 -0.438226 0.563062 0.268137 0.592641 -0.662481 0.703188 0.158808 0.074743 -0.013076 -0.624439
VERTEX_POSE A45 -0.795205 0.141737 0.748718 -0.903362 -0.524245 0.669320 0.007920 -0.670870 0.251909 0.811186 0.302252 -0.180688 0.422780 -0.508867 -0.181874 0.392585 0.044722 0.650251 -0.095123 0.444558
VERTEX_POSE A46 0.766643 0.480644 0.121191 -0.080278 0.129547 -0.435024 -0.684928 -0.418092 -0.640933 -0.191701 0.342801 -0.562936 0.489153 0.315404 0.227884 -0.392854 0.727400 -0.176440 0.317049 -0.281239
VERTEX_POSE A47 -0.755331 -0.481735 -0.763668 -0.521328 -0.343702 0.190424 0.262804 -0.083086 -0.001851 0.655727 0.731886 0.228197 0.666658 -0.588397 0.936237 -0.184674 0.097946 0.187408 -0.149731 0.318804
VERTEX_POSE A48 0.486860 -0.680861 -0.313878 0.646532 -0.415754 -0.651964 -0.286730 0.610665 0.120112 0.370631 0.515904 -0.640131 0.606737 -0.206700 0.007959 -0.490521 0.217002 -0.388183 -0.414341 -0.520689
VERTEX_POSE A49 0.280588 0.611977 -0.822952 -0.266037 0.985807 -0.527372 0.179747 0.660438 -0.168613 -0.338983 -0.311480 -0.517808 0.645655 -0.263732 0.457081 0.162504 0.585580 0.465187 0.639924 -0.233117
VERTEX_POSE A50 0.022139 0.770628 0.257866 -0.905887 -0.666681 0.272686 0.530168 -0.756393 0.724607 -0.649814 -0.135256 0.218890 0.058629 0.043211 -0.245349 -0.107933 0.160621 -0.540812 -0.530638 -0.617987
VERTEX_POSE A51 0.246691 -0.540854 0.486257 0.024469 -0.491810 -0.865370 -0.066024 0.092812 -0.154988 0.530748 0.702390 0.123901 -0.709860 0.338323 0.446782 0.145912 0.437696 0.110219 0.434460 -0.438170
VERTEX_POSE A52 0.461886 0.018871 -0.265885 0.719707 0.460415 -0.600444 0.471854 0.237625 -0.513292 -0.241717 0.428412 -0.321744 0.513957 -0.304730 0.521599 0.631551 0.481467 -0.020315 0.236473 -0.659793
VERTEX_POSE A53 -0.384776 0.903128 0.035346 -0.202560 -0.975751 0.087811 0.541047 0.446492 -0.579812 0.024996 0.181829 -0.616413 -0.489809 -0.039211 0.267217 -0.535851 0.791166 0.452479 -0.423785 -0.374301
VERTEX_POSE A54 -0.242317 0.447257 0.269123 -0.272935 -0.348065 -0.376039 -0.277981 -0.656514 0.663744 -0.288310 -0.421646 -0.145304 0.691366 -0.577036 -0.613595 -0.408111 0.027024 -0.142924 0.441659 0.239799
VERTEX_POSE A55 -0.935122 0.180381 0.804846 -0.457591 0.099041 0.141837 -0.462756 0.150058 -0.466815 0.503447 -0.368948 -0.189246 -0.274398 0.559624 0.849005 0.238497 -0.164138 0.073090 0.632632 0.707983
VERTEX_POSE A56 -0.157599 0.875499 0.206295 0.063451 -0.501018 0.698706 -0.569426 0.336762 0.642301 0.489965 -0.034663 -0.183239 0.338061 0.918651 -0.180638 -0.419743 0.197497 -0.181802 -0.381077 0.049643
VERTEX_POSE A57 0.816241 0.745241 0.012283 -0.437883 -0.757128 0.691095 0.456204 -0.442988 0.059404 -0.003188 0.661072 -0.663953 0.703358 -0.159903 -0.225753 -0.417382 -0.405607 0.164502 0.350638 0.420309
VERTEX_POSE A58 -0.107719 0.660793 0.282623 0.783589 0.374684 -0.097737 0.393611 -0.068753 -0.313212 -0.030104 0.415582 -0.637715 0.549304 0.293209 -0.629718 -0.279333 -0.716759 0.298530 0.681471 -0.472070
VERTEX_POSE A59 -0.746956 0.289119 -0.907837 -0.520226 -0.000581 -0.463010 0.480333 -0.588178 -0.264919 0.489881 0.643513 -0.361006 -0.634157 -0.199440 -0.753316 -0.103457 0.156938 0.132776 0.341230 -0.418965
VERTEX_POSE A60 -0.238076 -0.583599 0.202174 0.001938 0.893974 -0.558306 0.602120 0.340941 -0.292500 0.411162 -0.574769 0.041709 0.256871 -0.539463 0.594392 0.268730 -0.282510 -0.497690 -0.574630 -0.427278
VERTEX_POSE A61 -0.091064 0.080971 -0.176073 -0.401316 0.335880 -0.295312 0.469048 -0.130511 0.217721 -0.649616 0.463063 -0.601640 -0.586599 -0.469630 0.123336 0.038830 0.330817 -0.698717 0.111290 0.662229
VERTEX_POSE A62 -0.630087 0.235126 0.907319 0.908912 0.806388 0.494284 0.283694 -0.774123 0.321769 -0.446205 -0.022686 0.704300 0.026192 0.587655 -0.262268 -0.608507 -0.129013 0.295509 -0.591144 -0.195543
VERTEX_POSE A63 0.991466 0.464043 0.061051 -0.266015 0.278770 0.001254 -0.185152 -0.597767 -0.454574 -0.293183 -0.577859 -0.487579 0.082851 0.424986 -0.744001 0.067256 0.094756 0.045722 -0.931866 0.345199
VERTEX_POSE A64 0.147594 0.208576 0.533985 -0.665546 -0.970058 -0.154167 0.275111 -0.247286 -0.570013 -0.285403 0.067392 0.184010 -0.665788 0.586293 0.380903 0.554272 0.595032 0.687292 -0.303921 -0.486318
VERTEX_POSE A65 0.415436 -0.451857 -0.792325 -0.882972 0.895218 0.004338 -0.654711 -0.327183 -0.619283 -0.171095 -0.614253 0.761724 -0.007433 -0.566404 0.098414 0.188362 -0.152702 -0.162974 0.711719 -0.414142
VERTEX_POSE A66 0.792099 -0.500967 -0.186477 -0.010691 -0.076418 -0.411702 0.509655 0.524072 -0.071120 -0.066539 -0.648765 0.568181 -0.472613 0.504640 0.701297 0.623151 -0.185384 -0.103905 -0.352342 -0.124191
VERTEX_POSE A67 -0.891848 0.226809 -0.860312 0.944312 0.740687 0.601561 0.590775 0.248735 0.305127 0.266570 -0.858281 0.103112 -0.455834 -0.394498 0.090558 -0.360271 -0.019438 -0.725389 0.492285 -0.213256
VERTEX_POSE A68 -0.781543 0.693693 -0.988728 0.076223 0.194020 -0.101518 -0.483328 -0.511796 0.512325 -0.727801 0.034502 -0.477529 -0.005023 -0.111608 0.247732 0.320994 -0.841266 -0.661674 -0.365565 -0.129188
VERTEX_POSE A69 0.877611 -0.211021 0.666113 -0.558150 -0.148640 0.537951 0.028508 -0.669292 -0.160119 0.397979 -0.396291 0.155218 0.523783 -0.230551 0.675798 -0.451382 0.107574 -0.451856 -0.602250 -0.574697
VERTEX_POSE A70 0.297830 0.962457 0.659407 -0.175382 0.548051 0.021590 0.535886 0.419773 -0.301643 -0.529121 0.781719 -0.705214 0.121984 -0.283091 -0.633215 0.231047 0.015388 -0.101276 -0.603816 -0.363771
VERTEX_POSE A71 0.452939 0.365918 -0.125288 0.924225 0.866917 0.166207 -0.818080 -0.328084 0.275520 0.156216 -0.688246 -0.878839 -0.142414 -0.381775 0.189064 -0.493745 0.243479 -0.297256 -0.205612 0.462215
VERTEX_POSE A72 0.988809 -0.450685 -0.619457 -0.636554 0.229211 0.709950 0.618977 0.131795 0.241738 -0.534709 -0.333101 -0.331227 -0.033755 0.512155 -0.260251 0.146829 0.526929 -0.509992 0.555207 -0.575949
VERTEX_POSE A73 0.869310 -0.511404 0.844191 0.762327 -0.411881 -0.432442 -0.413731 0.400721 -0.377755 0.868484 0.010618 -0.554810 -0.011959 -0.163850 0.578106 0.265170 0.386314 0.168147 -0.064061 -0.814386
VERTEX_POSE A74 0.270667 -0.506195 -0.662235 -0.369591 0.150818 -0.604743 0.404815 0.239220 -0.169155 0.295961 -0.777976 0.660713 0.063191 0.188939 0.316660 0.088052 -0.513909 -0.262405 -0.858362 -0.194233
VERTEX_POSE A75 -0.201327 0.292146 0.861992 -0.808671 0.920607 -0.271915 -0.217531 0.294328 -0.166300 -0.704199 -0.250596 0.390889 -0.479631 -0.488552 -0.173094 -0.468937 0.667596 -0.845962 0.082682 -0.407683
VERTEX_POSE A76 -0.925895 0.630333 0.592909 0.858965 0.063874 0.482280 -0.160259 0.144787 0.451451 -0.300694 0.669429 -0.671854 -0.290442 0.273407 -0.127462 0.805094 0.559960 -0.309781 -0.389059 0.377618
VERTEX_POSE A77 0.037310 0.974449 0.458956 0.550132 -0.719635 -0.044336 0.099532 0.188469 -0.646080 -0.355751 0.599089 0.328598 0.575735 0.360641 -0.450823 0.085712 -0.686694 0.519035 -0.724374 -0.062940
VERTEX_POSE A78 0.043342 0.810411 -0.901676 -0.329999 -0.423096 0.311956 0.456378 0.611131 -0.230944 -0.440818 -0.258325 -0.391832 0.470990 -0.410055 0.501636 -0.529281 0.012019 -0.666466 -0.308915 0.625698
VERTEX_POSE A79 0.560965 0.949472 -0.720969 0.505497 0.648120 -0.683722 0.104640 0.220174 0.362701 0.675669 0.425526 -0.122905 0.226992 0.589321 -0.516931 0.557026 -0.447413 -0.344455 -0.413180 0.472201
VERTEX_POSE A80 -0.682102 0.586427 0.636004 -0.715905 -0.733828 -0.620804 -0.122835 -0.280079 -0.425268 -0.167609 0.610082 0.507419 0.400529 0.009653 0.419695 -0.843727 0.172517 0.011476 0.290723 0.720764
VERTEX_POSE A81 -0.934519 0.581039 0.356190 -0.235886 -0.089777 0.598240 0.596163 -0.078097 -0.524475 0.283112 0.431368 0.383889 -0.529859 0.704019 0.426988 0.210330 0.235611 0.193251 -0.489334 -0.506623
VERTEX_POSE A82 -0.192344 -0.591382 0.765288 -0.470034 -0.843689 0.169019 0.638958 -0.257604 -0.740481 -0.137387 -0.427585 -0.398666 -0.103405 -0.220675 0.464740 -0.684517 -0.440019 -0.219551 -0.305944 0.713090
VERTEX_POSE A83 0.779785 -0.394702 -0.629880 -0.996198 0.726588 0.766931 0.241831 0.486178 -0.005875 -0.348352 0.634285 -0.588368 -0.065477 0.542707 -0.219624 0.855787 0.079269 0.131798 -0.288980 -0.245965
VERTEX_POSE A84 -0.319295 0.484167 -0.608464 0.561554 -0.065528 0.323368 0.611031 0.280968 -0.528872 0.080491 0.334800 0.429840 -0.040521 -0.677511 -0.656474 0.212819 -0.575518 0.002786 0.757119 -0.136835
VERTEX_POSE A85 0.565339 0.855874 0.034411 0.257031 -0.191754 -0.403090 -0.405745 -0.693066 -0.611919 -0.449634 0.585369 0.093533 -0.371432 -0.359905 -0.144264 0.488608 -0.172533 -0.658418 0.506459 -0.133051
VERTEX_POSE A86 0.844663 0.785679 -0.825034 -0.453790 -0.174372 0.505301 -0.404443 0.333162 0.495172 0.639192 -0.272724 0.598734 -0.348221 -0.514670 -0.305176 0.077341 -0.663733 -0.218771 -0.548289 -0.330452
VERTEX_POSE A87 0.523106 0.359666 0.597831 -0.374994 0.433454 -0.140674 -0.134682 -0.596385 0.212681 -0.315049 0.290866 -0.413039 0.309061 -0.538615 -0.683288 -0.696157 0.139701 -0.545430 0.549956 0.500100
VERTEX_POSE A88 0.381580 0.601116 -0.953306 0.819148 0.051118 -0.657732 -0.395150 -0.377483 -0.095330 -0.066941 0.393426 -0.532549 0.433179 -0.352330 -0.407960 0.557880 0.574662 0.329031 0.583524 -0.498347
VERTEX_POSE A89 -0.263057 0.446472 0.457589 -0.670201 -0.799688 -0.562326 -0.129406 0.415661 0.423467 -0.326011 0.249930 -0.459842 -0.041732 0.530574 0.341907 -0.668489 0.351636 -0.419654 -0.654486 -0.599670
VERTEX_POSE A90 0.776150 -0.351215 0.689994 0.104780 -0.567127 -0.155776 0.542183 0.803759 0.176237 -0.524491 0.351563 -0.682388 -0.376241 0.253938 0.517789 0.262344 0.108647 -0.459256 0.469644 -0.392539
VERTEX_POSE A91 -0.856496 -0.982483 0.248868 -0.178914 -0.054908 -0.474781 -0.282686 0.448742 0.634158 -0.108471 0.661889 -0.132467 -0.812452 0.116359 -0.246143 -0.248601 -0.317066 0.542487 -0.431790 -0.496450
VERTEX_POSE A92 0.645879 -0.472557 -0.718484 -0.071517 0.536191 0.294383 -0.647772 0.241888 -0.050624 0.049402 -0.641776 -0.133912 0.164566 0.720624 -0.648926 -0.669892 -0.068383 -0.686832 0.319552 0.075087
VERTEX_POSE A93 -0.853937 0.883911 0.597313 0.013692 -0.760740 -0.372112 -0.550101 -0.181784 0.291640 -0.715428 -0.105766 0.360297 0.333365 0.104596 -0.493085 0.271379 -0.707561 -0.635242 -0.027786 0.666473
VERTEX_POSE A94 -0.865030 0.481559 -0.690081 0.555071 -0.776138 -0.455304 0.530801 -0.348456 -0.373878 -0.569202 -0.471268 0.179363 -0.044004 0.585104 -0.776851 -0.150106 0.558804 -0.131316 0.608105 0.043317
VERTEX_POSE A95 -0.206527 0.736019 0.815501 0.262937 0.566133 0.408181 0.406228 0.160089 -0.573163 0.115473 -0.592815 0.600752 -0.548817 -0.566636 -0.132003 -0.577391 0.548991 0.355730 0.432509 0.021789
VERTEX_POSE A96 0.561499 -0.567946 0.804988 0.130719 -0.865522 0.638331 0.437584 0.465895 0.395391 -0.494317 -0.560520 -0.430330 0.632493 -0.435792 0.165543 -0.018520 -0.125065 -0.472875 -0.404698 0.513033
VERTEX_POSE A97 0.927069 0.980592 0.123442 -0.455620 0.147444 0.184431 -0.453084 -0.392325 -0.306434 0.426926 -0.534763 0.042191 -0.475763 -0.625959 0.912145 0.364938 -0.153031 0.195692 -0.502910 0.380613
VERTEX_POSE A98 -0.098375 -0.037172 0.955189 0.207249 0.306821 0.606841 -0.210675 0.667461 -0.561123 -0.441940 0.407581 0.317328 -0.497212 -0.621474 0.401868 0.427939 0.044525 -0.233858 0.574415 -0.012734
VERTEX_POSE A99 0.779956 -0.874253 0.816259 -0.793058 0.328498 0.644980 0.000847 -0.593340 0.368764 0.570705 0.650878 0.472264 -0.210626 0.240202 0.454692 -0.009588 -0.055796 0.135040 -0.793625 0.404346
VERTEX_POSE A100 0.804680 -0.230429 -0.210445 -0.013771 0.998805 -0.367976 -0.645215 0.262197 0.147214 0.496109 -0.202959 -0.200507 0.066663 -0.674588 -0.346515 -0.307403 -0.604303 0.826224 -0.488501 -0.264213
VERTEX_POSE A101 -0.800545 -0.074715 0.614596 -0.968133 -0.145128 -0.320027 -0.281814 -0.689342 -0.618797 -0.564585 0.481277 0.360880 -0.420720 -0.380225 -0.216127 0.590739 0.039115 0.581144 -0.275401 0.383509
VERTEX_POSE A102 0.232895 0.491665 -0.309029 -0.868833 0.195415 -0.281660 -0.505757 -0.455174 0.640775 0.430208 -0.292107 0.033424 0.089950 0.773957 0.144516 -0.560345 0.328718 0.698622 -0.486881 -0.020617
VERTEX_POSE A103 0.793489 0.318886 0.170099 0.349675 0.228016 -0.511510 -0.212635 -0.427123 -0.456673 -0.367981 -0.395535 -0.059501 -0.341296 0.520313 0.719271 -0.310867 -0.550608 0.094426 -0.778624 0.295336
VERTEX_POSE A104 -0.931236 0.413881 0.458787 0.794194 0.442991 0.261392 -0.269809 -0.804991 -0.107767 0.533476 0.039657 0.590353 0.702886 -0.099921 -0.550916 0.322553 -0.577162 -0.517722 0.210990 0.085542
VERTEX_POSE A105 -0.496438 0.985471 0.028736 -0.238423 -0.653767 -0.520591 -0.260733 0.661644 0.231271 0.656260 0.611317 0.317322 0.316394 0.078255 -0.478247 0.612512 -0.424957 0.588290 -0.161444 -0.042497
VERTEX_POSE A106 -0.407838 -0.388969 0.032091 0.541004 0.148623 0.489743 -0.630416 0.311274 -0.007994 0.649601 0.632065 0.715453 0.395791 -0.400774 0.496677 0.072687 0.238477 0.039069 -0.136606 0.534893
VERTEX_POSE A107 -0.857131 0.044214 0.051696 0.653159 -0.493135 0.015971 0.517166 -0.611875 0.552157 -0.525380 -0.085548 -0.635259 -0.298683 0.341829 -0.496444 0.071264 -0.273597 -0.211797 -0.601852 -0.653137
VERTEX_POSE A108 0.540872 0.959920 -0.512308 -0.688291 -0.373402 0.468407 0.359377 0.163346 -0.497157 -0.547803 -0.045520 -0.407161 0.650424 -0.592898 0.139618 -0.312189 -0.666113 -0.590048 0.224159 0.419537
VERTEX_POSE A109 0.635504 -0.578558 0.130414 -0.788995 0.725527 -0.224164 0.384731 -0.841466 0.650600 0.366405 0.186905 -0.084862 0.384673 -0.024530 -0.627031 -0.218588 0.248083 -0.355107 0.722479 0.441424
VERTEX_POSE A110 0.703834 -0.006314 0.330727 0.158656 -0.845014 0.290730 -0.579461 -0.291230 0.664341 -0.013890 -0.253812 -0.501579 -0.573608 -0.457952 0.329544 0.216144 -0.536863 -0.337561 0.536924 -0.593989
VERTEX_POSE A111 0.858771 0.546346 -0.876303 -0.404197 -0.107229 -0.134371 0.116103 0.330204 -0.762574 0.513699 0.186930 -0.573966 -0.616913 -0.505570 0.251962 0.367687 -0.584655 -0.086619 0.454816 -0.508528
VERTEX_POSE A112 0.700985 -0.997519 -0.513396 -0.024881 -0.364249 0.012681 0.560855 0.586947 0.765009 0.411967 -0.322104 -0.014244 -0.148762 0.609435 -0.323093 -0.170510 -0.348606 -0.556784 0.681558 -0.242497
VERTEX_POSE A113 -0.488510 0.402303 0.096015 0.688622 -0.688704 0.642993 0.540512 -0.172843 -0.356934 0.573230 0.712109 -0.015502 0.505487 -0.426792 0.656203 -0.121210 0.518519 0.168271 -0.330219 0.109599
VERTEX_POSE A114 0.638555 -0.848356 -0.506184 -0.400395 -0.380642 -0.734958 -0.037285 0.548085 -0.066163 -0.637131 -0.092840 -0.281850 0.663576 -0.459939 -0.498111 0.042722 -0.039783 -0.357640 -0.387964 -0.691272
VERTEX_POSE A115 -0.618311 0.486648 -0.121860 -0.463327 0.570223 -0.310777 -0.142204 -0.717500 -0.559329 0.723589 0.053855 0.071707 0.192907 0.573532 -0.038523 0.438839 -0.228902 0.764161 0.475820 -0.317740
VERTEX_POSE A116 -0.923171 0.258177 -0.869573 -0.054348 0.119542 -0.382553 -0.544079 -0.269735 0.605203 -0.344311 -0.408881 -0.666007 0.075366 -0.019502 0.205992 0.108744 0.724741 -0.037199 -0.753606 0.484180
VERTEX_POSE A117 0.483218 0.937323 -0.331218 0.145815 0.444986 0.601948 0.658148 -0.393803 0.300431 -0.333909 -0.375581 0.059981 0.079141 0.508346 -0.339638 0.659870 0.251246 -0.654560 0.116848 -0.618318
VERTEX_POSE A118 0.904795 -0.153686 -0.524028 0.161679 0.003677 0.474591 0.289578 -0.535406 -0.590135 -0.000221 -0.146243 -0.025239 0.922132 0.361570 0.294675 -0.246352 0.745537 -0.582266 0.071607 0.073454
VERTEX_POSE A119 0.458410 -0.140707 -0.822879 -0.235200 -0.829340 -0.489078 -0.840165 0.000068 0.432864 -0.085299 -0.070595 -0.116674 -0.128201 -0.007559 0.198863 -0.151422 -0.950283 0.721299 -0.497476 0.303184
VERTEX_POSE A120 -0.779839 0.383795 -0.873629 0.475614 0.645298 -0.251936 0.650124 0.512105 -0.127685 -0.338945 0.623321 0.772383 0.298760 0.367375 -0.156485 -0.503695 0.462850 0.546957 -0.345671 -0.004971
VERTEX_POSE A121 0.680945 0.495099 -0.834034 -0.733541 0.436549 0.187556 -0.294659 -0.316416 0.641299 -0.078134 0.743362 -0.509548 0.496519 0.350051 0.047617 0.529074 0.134987 0.540048 0.616944 -0.454462
VERTEX_POSE A122 0.601914 -0.123191 0.425989 0.585886 0.115752 -0.531669 0.761816 -0.079705 0.220555 -0.247756 -0.336053 0.068015 -0.107928 -0.430526 -0.303308 -0.338389 0.742970 -0.756347 -0.481766 -0.378626
VERTEX_POSE A123 0.866041 0.911238 -0.592114 -0.595902 0.181489 -0.324451 0.146465 -0.580570 0.847291 0.416420 -0.322755 -0.378684 0.476970 -0.363535 0.132989 -0.726283 -0.611582 -0.125469 0.223953 -0.229297
VERTEX_POSE A124 0.827008 0.379010 0.763278 0.280151 0.675810 0.007081 0.574015 0.162075 0.580086 -0.531724 -0.006161 -0.250974 -0.319185 -0.751270 0.291196 -0.307876 0.459233 -0.718100 -0.437161 0.445412
