VERTEX_POSE A0 -0.711688 0.433097 -0.447315 0.430632 0.417604 0.537003 0.262396 -0.226137 -0.315693 -0.638232 -0.344784 0.468326 -0.646541 -0.198703 -0.442971 -0.180987 0.498240 -0.443186 0.270253 -0.736383
VERTEX_POSE A1 -0.633001 -0.954810 0.658145 0.397691 -0.048264 0.534388 -0.533964 0.476141 -0.229979 0.431470 0.444762 0.437442 -0.106930 0.084099 -0.431593 -0.666874 -0.371878 -0.532833 -0.269373 0.655828
VERTEX_POSE A2 0.501803 -0.670471 0.215115 -0.171014 0.835634 -0.694013 0.453070 0.113752 -0.422527 -0.578271 0.559408 -0.339605 0.369742 0.143450 -0.384366 -0.106263 -0.770327 -0.277034 -0.558864 -0.245239
VERTEX_POSE A3 0.164168 -0.602135 0.934273 0.742006 -0.362310 -0.059356 0.226421 -0.422018 -0.168376 -0.692797 -0.140296 -0.617721 0.115218 -0.662667 -0.444708 -0.524119 0.287199 0.623524 -0.425193 -0.529724
VERTEX_POSE A4 0.607150 0.494314 0.427898 0.539237 -0.513230 -0.114318 0.325466 -0.684137 -0.537106 -0.545527 -0.135672 -0.706141 -0.010761 0.359089 0.168053 0.240990 0.620151 0.414212 -0.733675 -0.004176
VERTEX_POSE A5 0.022077 -0.733372 -0.388001 -0.537703 -0.802483 -0.541320 0.298049 0.460518 -0.389300 0.440498 -0.049267 -0.438919 -0.737723 0.401729 -0.342721 0.333178 -0.046170 0.495288 0.248768 0.788656
VERTEX_POSE A6 0.557606 0.066697 -0.687436 -0.591011 0.560430 0.125858 -0.244411 0.779551 -0.721505 0.312401 -0.129522 -0.437370 -0.681652 -0.235289 0.434375 -0.404735 -0.492672 -0.289164 -0.462827 0.278276
VERTEX_POSE A7 -0.861772 -0.513788 -0.101055 0.180861 0.090009 -0.407621 -0.707230 0.003064 0.579598 -0.484703 0.265025 0.362719 -0.443653 -0.231836 0.369066 0.106611 -0.805190 -0.479725 -0.238107 -0.477151
VERTEX_POSE A8 -0.111301 0.107485 0.798478 0.676196 -0.454776 -0.251489 -0.682906 -0.515365 0.709340 -0.570082 0.229401 0.427106 0.269582 0.174676 0.280600 0.367088 -0.691158 -0.415252 -0.034904 0.416610
VERTEX_POSE A9 -0.008054 0.554186 -0.135643 0.715993 0.249183 -0.011751 0.383407 0.316654 -0.544011 -0.497177 0.658898 0.797825 -0.315628 0.334353 0.028526 0.699097 0.505211 0.258021 -0.132126 0.313933
VERTEX_POSE A10 -0.875523 -0.801505 -0.687554 -0.888641 0.527064 0.709701 0.477281 -0.353972 0.463362 0.115478 0.635013 0.144958 0.147955 0.437120 0.508789 -0.830803 -0.167925 0.041724 0.216201 -0.502184
VERTEX_POSE A11 0.574695 0.082149 -0.449847 0.241703 -0.776395 -0.441651 0.204507 0.139784 0.594477 0.547024 0.007606 0.572226 -0.392317 -0.428167 0.289843 -0.427806 0.846313 0.200222 0.567460 0.284308
VERTEX_POSE A12 0.800588 0.544783 0.534066 -0.547877 0.379441 -0.715932 0.284423 -0.300408 0.281503 -0.548168 -0.103834 0.179350 0.508634 0.737610 0.613201 0.437647 -0.520704 0.004022 -0.410332 0.289435
VERTEX_POSE A13 0.303735 0.670818 -0.366030 0.127767 -0.700817 0.441325 -0.431353 -0.751732 0.459214 -0.519757 0.400137 -0.542785 -0.375097 -0.263771 0.064980 0.528696 -0.448669 0.543615 0.351525 0.062532
VERTEX_POSE A14 0.927053 -0.123910 0.785278 0.046396 0.246688 0.383941 -0.841998 -0.033546 -0.296301 0.019275 0.460118 -0.523677 -0.508361 0.357962 0.461958 0.176052 0.808767 -0.526452 0.035249 0.070181
VERTEX_POSE A15 0.702015 -0.602225 0.182953 0.597894 0.728657 0.538996 -0.803222 0.139768 0.231030 0.087638 0.417566 0.637816 0.289107 -0.700231 0.448638 0.308346 0.444825 -0.219142 -0.410481 -0.343381
VERTEX_POSE A16 0.958104 -0.976424 -0.252878 -0.303241 0.073816 0.129057 -0.187894 -0.683138 -0.832866 -0.285753 -0.279676 -0.281041 0.675627 -0.386240 -0.435875 -0.154728 0.512506 -0.143900 0.634530 0.207991
VERTEX_POSE A17 -0.143936 0.210447 -0.722288 0.048912 0.117317 0.006301 0.443901 -0.710143 0.587062 0.087955 0.520750 0.443233 0.439164 0.009270 -0.328521 -0.419388 0.091159 -0.592400 0.653042 0.464887
VERTEX_POSE A18 -0.353787 0.175450 0.117910 -0.231877 -0.920895 -0.140423 -0.308894 -0.437632 -0.661218 -0.290891 0.652837 -0.672273 -0.053026 -0.550074 0.110845 -0.418363 -0.262082 -0.280774 0.801329 -0.104940
VERTEX_POSE A19 -0.113578 -0.190089 0.306950 0.168065 -0.014314 0.073696 0.534882 0.515526 0.437648 -0.260305 -0.559019 0.252577 -0.314328 0.077953 0.490296 0.691759 -0.374567 -0.706291 0.262316 -0.524742
VERTEX_POSE A20 0.220091 0.001317 -0.338545 0.256177 0.299817 -0.255461 0.416485 0.692911 -0.613178 -0.745089 0.057517 -0.313156 0.299703 -0.687115 0.036689 0.175770 -0.210686 0.677746 -0.388157 0.007134
VERTEX_POSE A21 0.707998 0.157754 0.284443 -0.439801 -0.641617 0.131994 0.345385 -0.598119 -0.448786 -0.597258 -0.110449 0.529541 0.249932 -0.046119 0.567737 -0.354231 0.531833 -0.422410 0.579694 0.587436
VERTEX_POSE A22 -0.773275 0.277026 -0.383251 0.774233 0.896507 0.046238 -0.549844 -0.535945 -0.169244 0.344708 0.317738 -0.438323 -0.230994 -0.374442 0.565383 0.543242 -0.583850 0.676338 -0.479977 0.361548
VERTEX_POSE A23 0.904615 0.148815 -0.817473 0.269703 0.764454 -0.160495 0.825360 0.080528 -0.450635 -0.066388 -0.662262 -0.543676 -0.273642 -0.206339 0.673675 0.038185 -0.654013 0.147469 -0.487889 0.290886
VERTEX_POSE A24 -0.851084 -0.810304 -0.673885 0.592988 0.970399 0.322607 0.271893 0.491583 0.617826 -0.232336 0.518248 0.059576 -0.811255 0.004591 -0.515289 -0.409260 0.344204 0.495120 -0.215557 -0.609317
VERTEX_POSE A25 -0.824870 -0.581444 0.819384 0.484054 -0.759259 -0.547103 -0.015597 0.038480 0.300974 -0.259383 0.709091 -0.227606 -0.390588 0.538053 0.607840 -0.534455 -0.334527 0.434533 0.703048 0.307083
VERTEX_POSE A26 0.875802 -0.931634 -0.006435 0.653561 -0.629835 0.318072 -0.392124 -0.391114 -0.612404 -0.756017 -0.032524 -0.112016 -0.159110 0.551483 0.561037 -0.368049 0.615419 0.443263 -0.337492 -0.403853
VERTEX_POSE A27 -0.787008 -0.092654 -0.783199 0.695422 0.616290 0.452085 0.351812 0.257298 0.316498 0.409042 0.381932 0.627107 -0.740760 -0.078870 0.311055 -0.016778 0.479148 -0.453244 -0.399882 0.743049
VERTEX_POSE A28 -0.180731 0.538602 0.782571 0.283253 -0.809601 0.633777 -0.133919 -0.443088 -0.230783 -0.636102 -0.120196 0.571470 -0.496547 0.566290 -0.399225 -0.574400 -0.218377 -0.243120 0.030766 0.648732
VERTEX_POSE A29 0.281083 -0.433650 0.110487 0.068703 -0.924336 -0.231920 0.546568 0.703743 -0.208356 0.134096 0.076881 0.710802 0.648721 -0.142931 -0.028645 0.184028 -0.548874 0.629874 -0.478096 0.420884
VERTEX_POSE A30 -0.171066 -0.086090 -0.323895 -0.702621 0.586404 0.602085 -0.340153 -0.014668 -0.153512 0.452601 0.422923 -0.325142 -0.455220 0.774329 0.546777 -0.290190 0.277545 0.457433 0.622907 0.379874
VERTEX_POSE A31 0.107581 -0.028301 -0.664744 -0.286115 0.608002 0.535552 0.495310 0.444675 -0.730260 0.469700 0.297326 0.249345 -0.464433 0.382462 -0.207042 -0.329631 0.741110 -0.273616 -0.457925 -0.135425
VERTEX_POSE A32 0.648083 -0.388461 -0.231368 -0.533606 0.027400 0.581846 -0.406821 0.575589 0.310066 0.100289 0.125711 -0.618796 -0.641184 0.357602 -0.412837 0.314389 0.183887 -0.109416 0.560786 0.700857
VERTEX_POSE A33 -0.669263 0.243439 0.891219 0.126366 0.422037 0.603140 0.251479 -0.242931 -0.221465 0.173202 0.508185 -0.461944 -0.461243 -0.626914 -0.321569 0.824724 -0.429538 0.519977 -0.117663 -0.324358
VERTEX_POSE A34 -0.728250 0.369564 -0.730471 -0.544109 -0.754307 0.290407 -0.245533 -0.753182 -0.140622 -0.369756 -0.177458 -0.455099 0.762800 -0.260116 0.796251 0.378039 0.247981 -0.234006 -0.279671 0.521604
VERTEX_POSE A35 0.255233 -0.894147 -0.803470 -0.994369 0.514171 -0.587976 -0.006567 0.173075 0.640813 0.562788 -0.006919 0.463856 -0.576536 0.230707 -0.041284 0.277689 0.929562 0.163632 -0.523184 0.229534
VERTEX_POSE A36 0.352814 0.510066 -0.496782 0.588662 0.619554 0.261272 -0.325020 0.512677 0.672586 -0.092849 0.445609 0.595795 0.275351 -0.457824 0.349769 0.068571 -0.407709 -0.045322 0.897341 0.403441
VERTEX_POSE A37 0.829355 -0.563739 -0.417907 -0.135120 0.806123 0.858578 -0.492119 0.057742 -0.210787 -0.506063 0.143477 0.184640 0.399861 -0.157481 -0.355223 -0.379337 0.528837 -0.241117 -0.444898 -0.819519
VERTEX_POSE A38 0.393460 -0.407935 0.095475 0.186492 -0.395820 0.487918 0.738371 0.421733 -0.124060 -0.113149 0.389649 -0.798867 0.436557 -0.032937 -0.115624 -0.436548 0.756000 -0.308200 0.246678 0.312561
VERTEX_POSE A39 -0.758487 -0.382448 -0.698303 0.264858 -0.835222 0.579191 0.519142 0.539291 0.141892 0.464530 -0.224705 0.493950 -0.073013 -0.157221 0.380616 -0.702716 0.389488 -0.505519 0.124754 0.694444
VERTEX_POSE A40 -0.178699 0.990447 0.446450 -0.419127 0.055306 0.131339 0.498022 0.719428 -0.084689 -0.263330 -0.369688 0.681470 0.447172 -0.409746 0.279193 -0.606415 0.418032 0.658201 -0.339013 0.055789
VERTEX_POSE A41 0.517937 -0.209440 0.407920 0.297851 -0.868756 0.116988 -0.103859 0.353864 0.795190 -0.299618 -0.299293 0.531678 0.237260 0.001706 0.087269 -0.596051 0.710298 0.252369 0.698479 0.529790
VERTEX_POSE A42 0.816208 0.699701 -0.148151 -0.493439 -0.611617 -0.846642 -0.438552 0.179325 0.387922 -0.652930 0.424435 0.200785 0.234353 0.326447 0.151636 -0.116937 0.550876 -0.263449 0.559249 0.614545
VERTEX_POSE A43 -0.378111 0.535230 -0.019484 0.032996 -0.565253 0.066695 -0.583423 0.244598 -0.704708 -0.371357 -0.243232 -0.250347 0.172136 0.926099 -0.221839 0.700395 -0.151887 -0.622135 0.039089 -0.016765
VERTEX_POSE A44 -0.178328 -0.538621 -0.958109 -0.574382 -0.569574 -0.678568 0.428524 0.419251 0.717040 0.508402 0.419486 0.118104 -0.506517 -0.032238 0.098370 0.090070 -0.420544 0.042107 -0.541500 0.685831
VERTEX_POSE A45 0.743261 -0.424210 -0.362872 0.552957 0.635071 -0.480681 0.235177 -0.153670 -0.299167 0.307483 0.250505 -0.453111 0.544413 0.279229 -0.525924 -0.727803 0.436267 -0.444454 -0.155123 -0.803327
VERTEX_POSE A46 -0.676096 0.933005 -0.836531 -0.369110 -0.836597 0.603119 0.178263 -0.177479 -0.048941 0.073740 0.532608 -0.265979 0.286129 0.684351 -0.458279 0.765258 -0.415110 0.594212 0.543411 0.210185
VERTEX_POSE A47 -0.220224 -0.515045 -0.210987 0.122377 0.504242 -0.087703 0.018770 0.414820 -0.317129 -0.600332 0.614532 0.828984 -0.135359 0.400109 -0.230846 -0.575416 -0.308700 0.388887 -0.538353 -0.441465
VERTEX_POSE A48 -0.400675 0.786237 -0.085160 -0.398131 -0.247613 -0.335917 -0.657109 0.306294 -0.613167 0.145886 -0.067333 -0.437126 -0.442571 -0.153304 -0.432021 0.533202 0.612359 0.365328 -0.258362 0.709341
VERTEX_POSE A49 -0.029883 0.108455 0.281379 0.399013 -0.757491 -0.611364 -0.376679 0.063114 0.456591 -0.684416 -0.533410 0.531888 -0.239092 0.749689 -0.332675 -0.480022 0.381047 0.155506 0.319534 0.065268
VERTEX_POSE A50 0.666198 0.294866 -0.904037 -0.709558 -0.510073 0.463138 -0.652547 0.394438 -0.373998 -0.371867 0.276529 -0.405522 0.439760 0.583721 0.661138 0.465126 0.401852 -0.209945 -0.161761 0.515495
VERTEX_POSE A51 0.819416 -0.212445 0.576295 0.858046 -0.947795 0.431583 0.236736 -0.511425 0.372118 -0.283640 0.770808 0.238587 0.480645 0.215931 0.639874 -0.570052 -0.281219 -0.457058 -0.554551 -0.136343
VERTEX_POSE A52 -0.321885 -0.733791 -0.434178 0.959212 -0.399108 0.303093 0.318554 -0.282229 0.372585 -0.718459 0.483508 -0.009531 -0.519041 -0.807370 0.460258 0.335697 0.062480 -0.746584 -0.015646 0.175544
VERTEX_POSE A53 0.892923 -0.428108 -0.287288 -0.935325 -0.613565 0.022578 -0.076861 0.243186 -0.063578 -0.578961 -0.128221 0.642258 0.175359 0.669780 0.316982 -0.779531 0.096542 -0.694604 -0.143100 0.683004
VERTEX_POSE A54 0.724031 0.936370 0.758822 0.127749 0.816659 -0.824721 -0.191861 -0.067500 0.278611 -0.621588 -0.318489 0.156116 -0.361454 -0.573103 -0.430368 0.110603 -0.514801 0.180616 0.658738 -0.548217
VERTEX_POSE A55 -0.172969 -0.544096 -0.108063 0.552201 -0.428709 0.740506 -0.055716 -0.307475 -0.099293 -0.347492 0.574778 -0.650755 -0.174171 -0.514397 0.132555 -0.676332 -0.445684 0.027178 -0.623204 0.334440
VERTEX_POSE A56 -0.931947 -0.009552 -0.467904 0.548729 -0.372824 -0.417956 -0.245371 0.537010 0.768205 0.228610 0.347714 0.073188 0.503765 0.442418 -0.066154 -0.354324 0.624446 -0.474807 0.712886 0.071059
VERTEX_POSE A57 0.599833 -0.995265 -0.247613 -0.218689 -0.813176 0.588672 0.479600 -0.217291 0.729325 -0.509516 0.267269 0.075877 0.404045 -0.482801 0.129263 0.586630 0.706285 -0.314777 0.054680 0.386545
VERTEX_POSE A58 0.040023 0.363250 0.108737 0.247623 -0.812420 0.525484 0.762936 0.185220 0.375841 0.133538 -0.736496 -0.285043 0.356060 -0.137599 0.705285 -0.476585 0.250822 0.062719 -0.214903 -0.584313
VERTEX_POSE A59 -0.112678 -0.470950 -0.685334 -0.168018 -0.182426 -0.369266 -0.612116 0.650116 -0.603405 -0.221353 -0.297515 0.386080 -0.036678 0.193916 0.586636 -0.513019 0.066360 -0.079666 0.558376 0.668452
VERTEX_POSE A60 -0.119083 -0.428915 0.862874 0.850014 -0.737512 0.242010 0.593936 -0.733532 -0.206522 0.216282 0.363116 0.238287 0.345378 0.383411 0.473414 -0.671563 -0.243622 -0.786052 -0.173725 -0.351740
VERTEX_POSE A61 0.868957 -0.722840 0.784842 0.545002 0.773984 0.364505 0.595031 0.382152 0.588036 -0.349980 -0.575974 0.223050 -0.041934 -0.186576 -0.070749 -0.718175 0.564149 0.683077 -0.076928 0.411266
VERTEX_POSE A62 0.994903 0.500749 -0.350078 0.545867 -0.574423 0.323444 -0.033507 0.228110 0.330877 0.372702 -0.568332 -0.827407 0.447112 -0.050213 0.318258 0.807969 0.219563 0.003752 0.085133 0.757783
VERTEX_POSE A63 -0.471001 0.182624 -0.368494 -0.683592 0.289888 -0.582878 -0.620626 -0.380384 0.635309 -0.287711 -0.567187 -0.251190 0.260229 -0.613894 -0.241376 0.668878 -0.310232 0.367799 0.130110 -0.245964
VERTEX_POSE A64 -0.800306 0.520599 0.676061 -0.328633 0.196021 0.636918 -0.667260 0.154786 -0.370637 -0.387151 -0.713651 -0.309029 -0.422008 -0.110886 0.581788 0.141160 -0.606070 0.151620 0.454820 -0.295172
VERTEX_POSE A65 -0.733347 -0.129687 -0.080549 -0.998242 -0.328730 -0.599396 0.318706 -0.698229 -0.135950 -0.146193 -0.189931 -0.529252 -0.796367 0.168174 0.444000 -0.483922 -0.644200 0.380788 -0.093126 -0.182006
VERTEX_POSE A66 0.784232 0.288477 -0.171965 -0.677961 -0.195941 -0.156098 0.724791 -0.070330 -0.214617 -0.212400 -0.611104 -0.334433 0.444190 0.437780 -0.872475 -0.120552 -0.176938 0.237727 0.466612 -0.631385
VERTEX_POSE A67 0.552508 0.030665 -0.820721 -0.739970 -0.184424 -0.402839 0.382882 -0.608611 -0.465800 -0.376823 0.195073 -0.546820 -0.288045 -0.399309 0.477447 -0.658031 -0.541448 -0.306241 -0.442075 0.372729
VERTEX_POSE A68 -0.903992 0.306574 0.501544 -0.133362 -0.522608 -0.148174 -0.375488 -0.577553 0.262773 0.522352 -0.379996 -0.609979 0.108477 -0.563557 0.493082 -0.662207 -0.267489 0.542025 0.368607 -0.364540
VERTEX_POSE A69 0.177692 0.880543 0.923510 0.508531 0.408238 -0.625930 -0.204906 -0.692389 0.490781 -0.631311 -0.310627 0.201166 -0.278384 0.276782 -0.007689 0.550495 -0.021331 -0.571681 -0.422986 0.589105
VERTEX_POSE A70 0.794021 0.648217 -0.519024 0.524888 -0.019647 -0.474872 -0.066327 -0.371894 -0.617770 -0.058497 0.722211 -0.105586 -0.951744 -0.092827 0.545921 -0.292402 0.187333 -0.289275 0.029371 -0.544422
VERTEX_POSE A71 -0.082691 0.297021 -0.052006 0.447511 0.532698 -0.545636 0.241028 0.605035 0.395429 -0.472182 0.714578 0.734461 0.496318 0.099689 -0.080272 0.543337 0.326210 0.006373 -0.421191 0.083427
VERTEX_POSE A72 -0.304371 -0.328897 0.331430 -0.193618 0.539482 0.683373 0.504258 0.141068 0.564112 -0.259534 0.393314 -0.083576 0.757521 -0.321268 -0.421173 0.223542 0.551882 -0.174376 0.233572 0.646233
VERTEX_POSE A73 0.610229 0.347918 0.332825 -0.968551 0.368736 -0.195556 0.160328 0.373523 0.281740 -0.319434 0.846258 0.581136 -0.337342 -0.079127 0.016587 -0.747442 -0.338058 -0.737825 -0.446976 0.154223
VERTEX_POSE A74 0.539198 -0.167749 0.928509 -0.519493 0.967445 0.202371 -0.433519 0.207484 -0.289430 -0.211716 0.818563 -0.516693 -0.040100 0.206926 -0.593919 -0.572731 -0.493760 0.505534 -0.661520 0.016995
VERTEX_POSE A75 0.517302 0.132482 0.373321 0.232000 0.969908 -0.729393 -0.467518 -0.014074 -0.179697 0.372895 -0.264607 0.279519 -0.012143 0.818480 -0.085857 0.719515 -0.103055 -0.591770 0.352885 0.499254
VERTEX_POSE A76 0.353490 0.923708 0.969953 0.584406 0.003807 -0.790684 -0.086357 0.052124 0.293878 -0.504198 0.738696 -0.201605 0.467964 0.225653 -0.135752 -0.701518 -0.483012 -0.478937 -0.164955 0.409136
VERTEX_POSE A77 0.863102 -0.234744 -0.908022 0.111397 -0.869151 0.493287 0.427863 -0.692553 -0.387050 -0.246396 -0.265667 0.406133 0.425709 0.428172 -0.663998 0.708910 -0.121908 -0.031978 0.269149 0.501597
VERTEX_POSE A78 -0.702923 0.617437 -0.837666 -0.645623 0.474150 0.577224 -0.192174 0.128309 0.252490 -0.456632 -0.689202 -0.624414 -0.700958 0.221519 -0.460334 0.438877 -0.548348 -0.035510 0.265711 0.398474
VERTEX_POSE A79 0.952815 0.709946 -0.115207 -0.813725 0.756195 0.751969 0.031805 0.494384 0.493228 -0.465209 -0.335620 -0.306417 0.192659 0.476812 -0.185228 -0.371958 -0.380740 0.251134 0.779166 -0.520222
VERTEX_POSE A80 -0.166781 0.873712 0.373357 -0.489590 -0.626643 0.499819 -0.159359 0.005412 -0.469184 -0.353455 -0.202611 -0.254362 -0.242858 0.929656 0.620125 -0.556491 0.088621 -0.284241 -0.693550 -0.294628
VERTEX_POSE A81 0.963275 -0.087697 -0.741703 -0.355182 0.964077 -0.792147 0.063307 -0.474749 0.382069 -0.385581 -0.566503 -0.199753 -0.907470 0.290317 0.403019 0.088888 -0.017683 -0.155565 0.126163 0.607528
VERTEX_POSE A82 0.772232 -0.502500 -0.538912 -0.955678 0.808399 -0.495019 -0.152173 0.561713 0.482919 -0.716423 -0.095252 -0.666955 -0.154518 -0.386447 -0.015711 0.238371 -0.697201 0.276892 0.618776 0.199938
VERTEX_POSE A83 0.511334 -0.860080 0.939179 -0.530378 -0.025751 0.387771 0.457225 -0.017860 -0.354669 -0.559360 -0.277274 -0.253208 -0.365592 0.199557 0.691447 -0.433177 -0.535187 0.426180 -0.395931 0.772368
VERTEX_POSE A84 0.856198 0.484195 -0.028991 -0.290507 -0.649488 -0.668632 -0.115296 0.523222 -0.175356 -0.498766 0.200900 -0.169921 -0.418766 -0.740374 -0.442955 -0.308913 -0.203145 -0.545068 0.683482 -0.310572
VERTEX_POSE A85 0.496263 -0.566130 -0.780090 0.172071 0.625058 0.572110 -0.342832 -0.724772 -0.336238 0.179354 -0.153464 0.675010 0.675109 0.250494 -0.210618 0.318134 -0.269225 -0.244203 0.541588 -0.562072
VERTEX_POSE A86 -0.661635 -0.404175 -0.168884 -0.978177 0.545540 -0.525704 0.346240 0.506189 0.464596 -0.353391 0.199393 0.319948 -0.337190 0.012909 -0.565382 -0.465556 -0.602117 -0.292852 -0.651761 0.584211
VERTEX_POSE A87 0.924250 -0.525357 0.503105 -0.741777 -0.022313 0.398859 -0.518289 -0.300303 0.575143 -0.371420 0.537994 0.039235 -0.455307 -0.294642 -0.272815 -0.320491 -0.538702 0.658904 0.532358 -0.493322
VERTEX_POSE A88 0.096096 -0.561394 -0.027703 0.953381 0.811882 -0.033173 -0.976824 0.134335 0.784570 0.062047 0.474794 -0.279745 -0.070827 -0.065593 0.039345 0.046663 -0.561209 0.550949 -0.186468 -0.661261
VERTEX_POSE A89 0.378388 0.959075 0.939853 0.269445 0.733120 -0.345632 -0.460091 -0.625710 -0.432503 -0.393335 0.317521 0.481973 0.328725 -0.212739 0.661342 -0.676409 -0.120459 -0.154295 0.260796 -0.669253
VERTEX_POSE A90 -0.188428 0.003692 0.817772 0.090205 0.795262 -0.346912 0.487315 0.115510 -0.423375 -0.421911 -0.724933 0.491717 0.394950 -0.216455 0.630008 -0.493182 -0.000827 0.248415 0.430465 -0.643643
VERTEX_POSE A91 0.977013 0.009691 -0.164830 0.803395 -0.925630 0.183989 -0.640850 -0.579123 0.626562 0.577328 -0.120644 0.633929 -0.263681 -0.087566 -0.378145 0.328394 -0.752324 -0.169436 -0.280418 0.276410
VERTEX_POSE A92 0.247345 -0.763765 0.724695 -0.185553 0.507104 -0.534496 -0.557814 -0.039838 0.424351 0.309984 -0.376064 -0.045383 -0.101446 0.646570 0.589933 -0.200506 0.551366 -0.429138 0.736383 0.367331
VERTEX_POSE A93 -0.193525 -0.495559 -0.532306 -0.363929 -0.779161 0.675383 -0.276570 -0.279712 -0.254662 -0.351289 -0.008401 0.137566 0.622480 0.612938 -0.346404 -0.560882 0.544735 0.583168 -0.313106 0.499260
VERTEX_POSE A94 -0.493988 -0.807685 0.466676 -0.880197 0.364258 -0.330549 0.171652 0.428424 -0.104183 -0.345756 0.787959 0.136578 -0.832757 -0.033684 -0.360281 -0.396744 -0.432751 0.855235 -0.009922 0.084650
VERTEX_POSE A95 0.447039 0.756834 0.400755 0.485815 -0.296875 -0.570735 -0.360081 -0.498749 -0.337534 0.480494 -0.201459 0.330428 0.666556 -0.484168 0.008844 0.197744 0.623832 0.671619 -0.395053 -0.295089
VERTEX_POSE A96 0.073128 0.374755 0.387145 -0.362171 -0.107892 -0.374835 -0.002294 0.508577 0.160314 0.784062 0.324313 -0.459140 0.467421 0.054607 0.375444 0.398607 -0.577087 0.694284 -0.088723 0.547868
VERTEX_POSE A97 -0.709756 0.480792 -0.705289 -0.558158 -0.831683 0.336411 -0.578452 -0.572087 -0.783962 -0.237404 -0.477694 -0.280791 -0.623583 0.606289 -0.428857 0.430741 -0.034933 -0.097315 -0.186116 0.275169
VERTEX_POSE A98 -0.000453 -0.212500 0.580034 0.745845 0.518701 -0.350179 0.736244 -0.230785 0.514709 0.257994 -0.097077 0.762212 0.262578 0.149303 -0.038741 -0.276878 0.666328 0.173152 -0.495758 -0.686316
VERTEX_POSE A99 0.169136 -0.318671 -0.111311 0.504467 0.369501 0.678266 -0.666640 -0.174045 0.343900 0.083083 -0.273386 -0.101845 -0.109468 -0.194410 -0.082864 -0.431063 0.829880 0.635963 0.592359 0.410455
VERTEX_POSE A100 0.467936 0.361335 -0.781779 0.950373 0.576555 0.676525 -0.060072 -0.004415 0.140736 0.895797 -0.393853 0.153180 -0.269559 -0.213315 0.301192 -0.336539 -0.745300 0.639004 0.089551 0.493847
VERTEX_POSE A101 -0.206432 -0.564283 -0.938990 0.270733 -0.500946 0.014132 -0.643555 0.106040 0.280640 0.252970 -0.273592 0.626706 -0.538766 0.204905 -0.486912 -0.034364 0.740109 0.539627 0.479993 0.569347
VERTEX_POSE A102 -0.913555 0.978350 0.836682 -0.048023 -0.097801 0.073894 -0.881644 -0.177082 0.850242 0.083077 -0.472215 -0.286625 -0.065213 -0.599978 -0.365810 -0.200774 -0.319957 0.235915 -0.413810 0.532268
VERTEX_POSE A103 -0.836435 -0.967562 0.549652 -0.243244 0.116037 -0.504373 -0.448749 -0.615987 -0.380104 0.465390 -0.356118 0.550985 -0.029254 -0.661749 0.544825 -0.098134 -0.140168 -0.026645 -0.756010 0.190214
VERTEX_POSE A104 -0.596203 0.783635 0.393835 0.302182 0.867791 -0.170985 0.360314 0.626775 0.391400 -0.193240 0.534902 0.664221 0.381336 -0.448452 0.299070 0.612615 0.273246 -0.535666 0.558675 -0.212745
VERTEX_POSE A105 0.625643 -0.189399 0.765191 0.432484 -0.130356 -0.479549 0.207401 -0.370464 0.022898 -0.267973 0.478619 -0.552830 -0.289917 -0.459339 0.577886 -0.539911 -0.563037 0.360465 0.713877 -0.325082
VERTEX_POSE A106 0.680867 0.164920 -0.077027 0.988756 0.085945 -0.326182 0.338883 0.263905 0.674536 0.602840 0.399068 -0.430535 -0.123096 0.712711 0.276927 -0.514717 0.511216 -0.420188 0.491585 0.042427
VERTEX_POSE A107 0.757287 0.707343 0.363788 -0.113412 -0.128402 -0.672124 0.097892 0.679804 0.147680 0.830585 0.038008 0.266987 -0.454247 0.488097 0.350967 -0.199455 0.018629 0.576177 0.233288 0.545744
VERTEX_POSE A108 0.488745 0.575857 0.857170 -0.456119 0.000493 -0.090712 0.259314 0.110926 0.551471 0.634414 0.335642 0.294681 -0.633455 0.000628 -0.371639 0.359063 -0.688191 0.680220 -0.009156 -0.633587
VERTEX_POSE A109 0.977944 -0.217644 0.085307 -0.656867 -0.439906 0.501675 -0.205272 0.460496 0.584823 -0.234575 0.034219 -0.294100 -0.417955 0.724954 -0.508486 -0.548668 -0.161614 0.247492 -0.653540 -0.484866
VERTEX_POSE A110 0.710102 0.417289 -0.751420 0.072863 -0.372207 -0.270267 0.013300 -0.624660 -0.412665 0.517732 -0.404221 0.452002 -0.450660 -0.657298 -0.734319 -0.489307 0.034564 -0.114601 -0.537831 0.114756
VERTEX_POSE A111 -0.678037 0.449569 0.230527 0.054291 0.373850 0.283223 -0.355453 -0.443847 0.190325 -0.006508 0.568250 0.691952 -0.128706 -0.377492 -0.633730 -0.376248 -0.402791 -0.056121 0.845862 -0.418749
VERTEX_POSE A112 0.941219 0.694659 0.343604 -0.012049 -0.475829 -0.383542 0.546637 -0.279152 -0.438615 -0.071920 -0.239881 -0.003273 -0.157681 0.797666 0.645800 0.652987 0.039124 -0.493401 0.494733 0.476160
VERTEX_POSE A113 0.482334 0.914789 -0.290332 0.117185 -0.563808 0.112783 0.443581 -0.182530 -0.308597 0.612606 0.635755 0.299008 -0.190113 -0.138666 -0.693144 0.202461 -0.652808 -0.567620 -0.592298 0.342217
VERTEX_POSE A114 0.833297 0.589489 0.169706 0.523914 -0.651901 0.644964 -0.088273 0.568928 0.747291 0.247351 -0.398663 0.154199 -0.671479 -0.568220 0.037339 -0.321187 0.408977 0.020155 -0.613987 0.165084
VERTEX_POSE A115 0.797417 0.178854 -0.685386 0.697444 -0.125317 -0.078698 -0.079560 -0.149529 0.324277 -0.476965 0.209086 0.475675 -0.200217 0.683614 0.649085 -0.242538 -0.679119 0.490993 0.816861 0.073439
VERTEX_POSE A116 -0.021403 -0.651341 -0.070422 -0.710744 -0.938749 0.069498 0.169576 -0.612099 0.395607 0.752736 0.154647 0.477175 0.125038 -0.530363 -0.716058 0.269453 -0.467133 0.313417 -0.562488 -0.319251
VERTEX_POSE A117 -0.828338 -0.814686 -0.999179 0.545737 0.893639 -0.435619 0.780124 0.306962 -0.124930 -0.136559 -0.502328 0.397008 0.151611 -0.328144 0.760328 0.163959 0.451370 -0.242721 -0.568234 0.584832
VERTEX_POSE A118 0.721668 0.653497 0.817719 0.955667 0.852370 0.793153 -0.156452 -0.319499 0.420873 0.675970 0.558441 0.375225 -0.128972 -0.322876 0.032051 0.442134 -0.250458 -0.227935 0.553598 -0.647368
VERTEX_POSE A119 -0.925307 -0.212735 0.901875 -0.757363 0.873133 0.293270 -0.416988 0.664036 0.513706 0.588187 -0.001460 -0.742826 0.266177 0.487458 0.007806 0.638451 0.197630 -0.313443 -0.041074 -0.531395
VERTEX_POSE A120 0.550050 -0.855611 0.940674 -0.184818 0.626759 -0.282753 -0.075339 -0.124357 -0.557393 -0.564545 -0.503168 -0.587839 -0.133882 0.715907 0.450818 -0.671948 -0.021725 -0.246113 0.454064 -0.467293
VERTEX_POSE A121 -0.466760 -0.342811 0.635491 0.045872 0.647632 -0.031179 -0.428914 0.133251 -0.027404 0.370833 0.521393 -0.576341 -0.254284 -0.583392 -0.309383 -0.635288 0.580090 0.755242 -0.458545 -0.183147
VERTEX_POSE A122 -0.948294 0.796955 -0.262955 -0.953967 0.947503 0.655154 -0.430545 -0.584080 -0.549698 -0.419128 -0.096768 0.326363 0.261644 0.132786 -0.197304 -0.613307 -0.037936 0.350947 -0.440863 0.793987
VERTEX_POSE A123 -0.202605 -0.619376 0.665369 0.629629 0.133863 0.505867 0.662253 -0.297023 0.047784 -0.108852 -0.173710 0.602741 -0.132063 0.780591 0.478046 -0.697212 -0.471591 -0.387286 -0.214541 0.223342
VERTEX_POSE A124 0.339715 0.161630 -0.896815 0.681943 0.868470 -0.204724 0.461183 -0.394807 0.085244 -0.163550 -0.605992 0.591146 -0.613030 -0.176634 0.511939 0.496512 -0.432077 0.582483 0.371794 0.508932
