VERTEX_POSE A0 0.114781 -0.959596 0.884415 0.329009 0.146474 -0.390841 0.441141 0.412772 -0.226574 -0.831186 0.487173 -0.197599 -0.316383 -0.660093 -0.679970 0.020950 -0.351996 0.542681 -0.118266 -0.180717
VERTEX_POSE A1 -0.545527 0.044627 -0.006775 -0.741164 0.378063 0.636285 0.130923 0.209331 0.113610 -0.244416 -0.930371 -0.444843 0.413023 -0.176340 -0.442042 -0.738139 0.243877 -0.434682 0.455723 -0.004292
VERTEX_POSE A2 -0.723150 -0.024499 -0.283949 -0.246534 -0.303513 -0.001366 0.888304 -0.051154 -0.527445 -0.253075 -0.633545 0.420314 0.169790 -0.769726 0.479911 -0.023578 0.034345 0.561089 -0.342761 -0.048452
VERTEX_POSE A3 0.739058 0.471784 -0.762033 0.429001 0.697602 0.362455 -0.367483 0.319702 -0.497104 0.603010 -0.176830 0.652757 0.701870 0.272238 -0.290004 -0.018403 0.730974 -0.333646 0.091515 0.508021
VERTEX_POSE A4 -0.377468 0.384076 0.901818 0.295294 -0.303899 -0.522097 -0.444365 -0.130328 0.410270 -0.420164 0.436105 -0.127509 0.787329 0.236449 0.282245 0.072236 -0.857638 0.680568 0.029949 0.037100
VERTEX_POSE A5 -0.176514 -0.125848 0.918931 -0.690882 -0.855186 -0.115745 0.150649 0.551048 -0.673878 -0.187198 0.317527 0.146677 -0.947249 0.185768 0.363039 -0.157553 -0.392261 0.615776 0.141977 0.638079
VERTEX_POSE A6 0.847663 -0.745689 -0.936075 0.196363 -0.345534 0.277434 -0.531072 0.528980 0.544231 -0.464724 -0.240908 0.444221 -0.025229 -0.633519 0.593665 0.707404 0.235869 0.277619 -0.030613 0.452949
VERTEX_POSE A7 0.062222 -0.576388 -0.538132 0.688632 -0.062122 0.675667 0.242870 0.555785 -0.012271 0.732101 0.157543 0.224140 0.219386 -0.630654 0.347691 -0.597395 0.182871 0.610079 0.005606 -0.484888
VERTEX_POSE A8 0.161314 -0.103777 -0.485285 0.187383 -0.969415 0.594459 0.360238 0.375457 0.287284 0.449134 0.317856 0.414816 0.146151 -0.447975 0.599291 -0.478087 -0.404523 -0.181285 0.646978 -0.627439
VERTEX_POSE A9 -0.692933 -0.707360 -0.181617 -0.864615 -0.540039 -0.246936 0.497320 0.610439 -0.797750 0.332960 -0.327810 -0.522807 -0.648889 0.390587 -0.162351 -0.390214 -0.434573 -0.054150 0.261701 -0.422484
VERTEX_POSE A10 -0.891052 0.765173 0.663523 -0.754545 -0.308712 -0.399468 -0.596027 0.172664 -0.592443 0.726427 -0.062111 -0.239788 -0.274359 -0.832783 -0.626711 -0.204260 0.380339 0.197915 -0.007715 0.357971
VERTEX_POSE A11 0.975110 -0.217597 -0.854127 -0.055749 0.448221 -0.366368 0.566806 -0.385716 -0.099722 0.636177 -0.182260 -0.381691 0.220215 0.771107 0.049431 0.243196 0.453363 0.841248 0.407886 0.133640
VERTEX_POSE A12 0.429959 0.593569 0.973608 -0.539067 -0.232275 -0.128104 0.242419 -0.808246 -0.203588 0.875941 0.061373 -0.624110 -0.251269 0.165743 -0.661250 -0.211538 -0.271372 0.339671 -0.257052 -0.491791
VERTEX_POSE A13 0.803531 -0.163131 -0.427069 -0.977524 0.483450 0.635489 -0.471918 -0.281670 0.074092 -0.639353 0.241539 -0.595805 -0.588994 0.146591 0.386331 0.082907 0.868019 -0.293987 0.121384 0.295593
VERTEX_POSE A14 0.059253 -0.619591 -0.594902 0.704495 -0.180340 0.470662 -0.273763 -0.694513 0.444020 0.600428 0.411565 0.337447 0.501097 -0.322127 0.022311 -0.349163 0.340134 -0.683341 0.437638 -0.358899
VERTEX_POSE A15 -0.117019 0.226541 0.301659 -0.211742 -0.289997 -0.705852 0.410561 0.293078 0.085004 0.607591 -0.478414 -0.572610 -0.448763 0.060666 -0.036973 -0.502420 -0.511835 0.406568 -0.091976 0.647742
VERTEX_POSE A16 -0.689047 0.138187 -0.445921 0.278496 0.902387 0.536382 0.145809 -0.476505 -0.331032 0.639247 -0.515957 0.463895 -0.419982 -0.479376 0.606041 0.435615 0.522173 -0.142221 -0.451617 0.065305
VERTEX_POSE A17 0.154986 -0.742843 -0.122720 0.292542 0.875512 0.414830 -0.520862 -0.615038 -0.307028 0.118161 -0.544583 0.816164 0.241655 0.244088 0.234173 -0.147804 -0.261638 -0.112647 -0.796553 0.443986
VERTEX_POSE A18 0.910940 -0.026507 -0.835121 0.450105 -0.489343 0.219275 -0.479087 0.582965 -0.156309 -0.785882 -0.511024 0.566006 0.297054 -0.472156 -0.735492 0.196290 -0.208342 -0.257245 0.161536 0.364237
VERTEX_POSE A19 -0.908109 0.183544 0.169259 -0.062820 -0.949754 -0.053163 0.483935 0.615021 -0.624765 -0.225589 0.313699 -0.478005 0.313736 -0.702198 -0.553146 0.291721 0.158213 0.269040 0.728961 -0.072311
VERTEX_POSE A20 0.919285 0.125973 0.579950 0.593341 0.805714 -0.299372 -0.340510 0.502673 -0.176422 0.557544 0.238337 0.654316 -0.540082 0.029638 -0.450273 -0.424314 0.412940 0.498374 0.318537 0.720497
VERTEX_POSE A21 -0.378032 -0.015893 0.177405 -0.397355 0.564985 0.598183 -0.223024 0.698102 0.170048 -0.816929 -0.214576 0.536074 -0.025557 -0.673472 0.568164 0.515828 -0.045554 -0.055454 0.127108 -0.104745
VERTEX_POSE A22 0.093773 0.043714 -0.359777 -0.647294 0.752124 -0.485621 0.679857 -0.312149 0.569182 -0.028738 -0.135590 0.438373 0.100811 0.130007 0.220267 0.625343 0.684328 -0.446672 -0.368445 0.631642
VERTEX_POSE A23 -0.300177 0.511028 -0.774065 -0.040070 0.990513 -0.644881 0.276151 0.381567 0.191700 0.855361 0.036199 -0.014733 0.075174 0.726928 -0.660548 -0.212494 -0.095064 -0.332924 0.375889 -0.561814
VERTEX_POSE A24 -0.206379 -0.609299 -0.586768 -0.690321 -0.639182 -0.308041 -0.354404 0.822428 -0.598144 0.747937 0.067658 -0.458998 -0.150202 0.067622 0.365738 0.508038 0.328319 0.450434 0.185271 0.454609
VERTEX_POSE A25 0.229604 -0.517971 0.880537 -0.493045 0.706414 0.351265 -0.587971 0.537187 0.809404 -0.036584 -0.197418 0.295776 0.095538 0.205320 -0.212471 0.131931 0.757099 -0.298078 -0.791466 -0.238958
VERTEX_POSE A26 0.488099 -0.271535 -0.163871 0.996540 -0.494721 -0.069119 -0.719753 -0.442076 -0.656679 0.431568 -0.206106 -0.506391 -0.537503 0.357289 -0.021111 -0.041680 0.794444 -0.554182 0.071119 -0.057378
VERTEX_POSE A27 0.868973 0.652770 -0.276208 -0.225519 -0.907374 0.696576 0.253375 0.576543 -0.454567 -0.161701 0.813483 -0.102810 -0.359968 0.049147 0.485726 -0.791367 -0.029152 0.248296 0.392193 -0.050789
VERTEX_POSE A28 -0.864285 0.553410 -0.622256 -0.893236 -0.383232 0.898583 0.383768 -0.198490 -0.194423 0.106050 -0.319454 0.173318 -0.709910 -0.624416 0.274662 -0.514585 0.334617 0.221969 -0.269640 0.597232
VERTEX_POSE A29 -0.232741 -0.236703 -0.496665 0.296655 0.869677 0.054644 0.545791 -0.586511 0.015401 0.508244 0.225249 0.768498 -0.444379 -0.266398 -0.538801 -0.476735 0.028458 0.340414 0.138029 0.730404
VERTEX_POSE A30 0.602161 -0.331228 0.996144 0.863021 -0.181871 0.352919 -0.598802 -0.505952 -0.476822 -0.483386 0.339343 -0.495866 -0.416816 -0.382500 0.208984 -0.426509 0.694598 0.598775 -0.228318 0.009247
VERTEX_POSE A31 0.250496 0.593814 -0.737841 0.435773 0.763242 0.144497 -0.548819 -0.050789 0.558699 0.518565 0.569536 0.499832 -0.501640 0.275090 0.303949 -0.339046 -0.026870 0.569877 0.251581 -0.772433
VERTEX_POSE A32 0.221732 0.807924 0.496560 0.555491 0.247740 -0.308279 -0.558868 -0.507237 -0.286599 0.265537 -0.594233 0.607545 0.455035 -0.526358 -0.594774 0.337090 -0.148357 -0.316160 0.544491 0.300891
VERTEX_POSE A33 0.879011 0.644273 -0.287805 -0.383513 0.514616 0.487034 -0.552567 -0.415819 0.156749 0.274739 -0.614923 -0.167505 -0.131905 0.475561 0.247646 0.775611 -0.006521 -0.805506 -0.014751 -0.471978
VERTEX_POSE A34 -0.010445 0.065598 -0.499875 -0.135226 0.460844 -0.370815 -0.066622 -0.247734 -0.256147 0.365280 0.694224 -0.681091 0.049873 -0.488760 -0.370687 0.582866 0.132137 -0.442258 -0.721049 0.447587
VERTEX_POSE A35 0.844264 0.192000 0.398378 -0.149215 0.943842 -0.391608 -0.450112 0.528341 0.556144 0.149817 -0.160984 0.460392 -0.764020 0.123306 -0.570221 -0.172411 -0.439031 0.015306 -0.401873 -0.697845
VERTEX_POSE A36 -0.297503 -0.481575 -0.368874 -0.074394 0.659430 -0.495520 0.483438 0.621502 -0.289563 0.427694 -0.200918 -0.333597 0.386951 -0.639690 0.735874 0.647505 -0.023915 0.133478 0.119881 0.404465
VERTEX_POSE A37 -0.162783 0.319909 -0.435950 -0.938863 -0.884690 0.147682 0.275817 0.791997 0.141420 -0.621735 0.473539 0.510125 -0.490144 -0.331944 0.352259 -0.224468 0.169412 -0.757546 -0.496733 0.098048
VERTEX_POSE A38 -0.093514 0.615612 0.860246 -0.460583 -0.118280 -0.562477 0.090429 -0.499654 0.326786 -0.158434 -0.124999 -0.351284 0.679397 -0.160408 -0.673169 -0.518922 0.422648 -0.016521 0.485654 0.728257
VERTEX_POSE A39 0.863811 0.414649 0.145841 -0.887011 0.690014 0.038787 -0.333605 -0.593343 0.617141 0.594598 -0.490118 0.094758 0.503530 0.517285 0.774027 -0.494810 0.366693 0.097651 -0.191787 -0.075376
VERTEX_POSE A40 0.144285 0.612549 0.382433 -0.803478 -0.424729 -0.095007 0.423343 -0.264644 0.608053 -0.531298 -0.074169 0.314076 0.556472 0.695110 0.673055 0.389133 -0.476245 0.263815 -0.278240 0.463115
VERTEX_POSE A41 0.015434 0.380785 0.523769 -0.215128 0.573008 0.262022 -0.305067 -0.349314 -0.707332 0.550562 -0.300231 0.191120 -0.066648 -0.809068 -0.151812 -0.087452 -0.363346 -0.609468 -0.769237 0.035057
VERTEX_POSE A42 0.838921 -0.802948 0.291714 0.057240 0.138236 -0.356848 0.312769 -0.195236 0.272611 -0.778355 -0.163819 -0.294776 -0.168660 -0.869604 0.770179 0.132445 -0.198586 -0.343909 -0.500351 0.373361
VERTEX_POSE A43 -0.425756 0.206118 0.356041 -0.342544 0.342996 0.809629 -0.511512 -0.254685 0.376402 0.440448 0.462943 0.390739 0.494066 -0.145584 -0.221374 -0.317861 -0.281155 0.033757 -0.446346 0.787767
VERTEX_POSE A44 -0.181035 -0.782346 -0.903300 -0.192652 0.056458 -0.154442 -0.252843 -0.827110 0.633328 -0.500675 0.269098 0.164148 0.804019 0.008454 0.633819 0.166405 -0.200526 0.382588 0.106102 -0.450769
VERTEX_POSE A45 -0.101826 -0.422539 0.696812 -0.238265 0.957896 -0.702783 0.662147 -0.190522 0.563867 0.356798 -0.711802 0.218481 0.093414 0.341612 0.057623 0.051579 -0.192424 0.370264 0.650285 0.550738
VERTEX_POSE A46 0.457224 -0.567341 -0.342300 0.445713 -0.947002 0.349913 -0.587165 -0.092750 -0.424028 -0.595954 -0.581988 -0.378382 0.510866 -0.560675 0.280699 0.097115 -0.310203 0.689780 0.172226 -0.492042
VERTEX_POSE A47 0.129919 0.355841 -0.349221 -0.914156 -0.041154 0.412684 0.221884 0.752997 0.575326 0.240158 -0.570820 -0.432765 0.758589 -0.185986 -0.422290 -0.483518 -0.074780 0.364798 -0.289561 -0.258799
VERTEX_POSE A48 -0.946841 -0.165382 -0.425908 -0.945723 0.833408 0.198072 0.663850 -0.599473 0.283492 -0.184117 0.060602 0.566371 -0.374650 -0.549021 0.570416 -0.249197 0.305695 -0.483992 -0.568280 -0.492022
VERTEX_POSE A49 0.368164 0.406152 -0.177421 -0.104181 -0.436345 0.515692 -0.279939 0.132384 -0.543627 -0.761118 -0.316073 -0.239485 0.450566 -0.608887 -0.208371 -0.162367 0.538564 -0.581172 0.336097 0.470933
VERTEX_POSE A50 0.221809 -0.460616 0.820038 0.023023 0.009092 -0.621158 0.509139 0.214793 -0.271825 0.454057 0.226168 -0.507020 -0.225734 -0.709087 -0.529730 -0.576588 0.255169 -0.050901 -0.388843 0.578615
VERTEX_POSE A51 0.972445 0.960591 -0.845957 0.647618 0.639122 -0.443111 0.548377 0.598119 0.277477 0.663748 0.033443 -0.654675 -0.248161 0.104209 -0.542546 0.143918 -0.530925 0.060866 -0.420030 0.590250
VERTEX_POSE A52 0.990132 -0.609741 0.999984 0.498464 -0.871360 0.342836 0.902846 -0.044466 -0.725602 0.369354 0.498100 -0.286610 0.216328 -0.738206 0.047527 0.014348 0.352021 -0.521115 -0.037986 -0.284696
VERTEX_POSE A53 -0.684418 0.583099 -0.539740 0.375730 -0.238784 -0.262931 0.351101 0.574576 -0.200624 -0.333808 -0.627013 -0.400159 -0.522905 0.103079 0.402652 0.487430 -0.413128 0.753898 -0.504265 0.308895
VERTEX_POSE A54 -0.327732 0.471618 -0.620023 -0.392452 0.629636 0.322595 -0.625298 0.425286 -0.055820 0.023229 -0.505282 0.697136 0.662364 0.192004 -0.451586 0.338008 -0.058996 0.450432 -0.235560 -0.723516
VERTEX_POSE A55 -0.216247 -0.219040 -0.586784 0.808142 -0.510542 0.509013 -0.768934 0.217496 -0.382384 -0.060155 -0.407204 0.653483 0.181496 -0.681894 -0.098624 -0.145655 -0.455858 0.397394 0.592424 0.337779
VERTEX_POSE A56 0.545186 -0.934873 -0.659202 0.882684 -0.532370 -0.189190 -0.600835 0.161789 -0.452048 0.466518 -0.413256 -0.307619 0.306346 0.884377 0.712085 0.459435 0.110679 -0.397700 0.341218 -0.093124
VERTEX_POSE A57 -0.839633 -0.799917 0.216106 -0.395912 -0.865086 0.231278 0.182050 -0.343718 -0.205585 -0.056904 -0.685704 0.561384 -0.821003 -0.006759 -0.764852 -0.520983 0.128014 0.063992 0.134726 0.628677
VERTEX_POSE A58 -0.347274 -0.566270 0.137008 -0.417376 -0.417916 0.097788 -0.147353 -0.547087 -0.017268 -0.302977 -0.059845 -0.684178 0.455151 0.354876 0.227745 0.799043 -0.474530 0.685691 0.202137 0.588217
VERTEX_POSE A59 0.680901 0.618537 -0.281459 0.989448 0.084399 0.452135 -0.530285 -0.434126 -0.507415 -0.212084 0.167239 -0.041491 -0.543930 0.738109 -0.537371 -0.514928 -0.475335 -0.497609 0.335867 -0.113215
VERTEX_POSE A60 -0.072375 -0.036619 0.719441 0.900743 -0.995409 0.367223 -0.115579 -0.556141 0.069304 0.506242 -0.159388 -0.159987 -0.509189 -0.664293 0.895732 0.054782 0.026704 0.180036 -0.684168 0.472550
VERTEX_POSE A61 -0.745112 0.102503 0.133152 -0.554355 0.400214 -0.511256 0.429161 0.335104 0.808046 0.170788 -0.037177 -0.064575 -0.624867 -0.252883 -0.006856 0.609161 -0.649668 0.285414 0.158481 0.632697
VERTEX_POSE A62 -0.068602 0.212352 -0.019300 0.425221 -0.152360 0.777350 0.080622 0.401284 -0.058059 0.350884 -0.620416 -0.541646 0.010592 0.645434 0.278196 -0.535002 -0.085757 0.146911 0.764225 0.173542
VERTEX_POSE A63 -0.850643 -0.228695 0.216000 0.456234 0.252332 0.199476 0.091783 -0.628127 0.827863 -0.170212 -0.273982 -0.359554 0.340380 -0.660103 -0.153854 -0.862085 -0.180374 0.349146 0.321798 0.249240
VERTEX_POSE A64 -0.866101 -0.253224 0.845347 0.062132 -0.085171 -0.296904 -0.595768 0.068226 -0.339803 0.630742 0.460720 0.703054 -0.267540 0.545175 -0.088351 -0.150105 -0.519128 -0.542487 -0.391299 0.465158
VERTEX_POSE A65 0.920952 -0.722050 0.480826 -0.710005 -0.691515 0.552594 -0.156762 0.446985 0.274138 0.768250 -0.312199 0.197025 -0.546969 -0.757667 -0.691606 0.142139 -0.135998 -0.319922 -0.256591 0.331936
VERTEX_POSE A66 0.993621 0.963305 -0.385622 -0.692981 0.196174 -0.275901 0.101460 0.400070 0.455783 -0.060271 -0.707674 0.592576 0.498217 0.442784 -0.570695 0.124915 -0.184033 -0.198246 0.849853 -0.330478
VERTEX_POSE A67 -0.163604 0.265201 -0.523527 0.987738 -0.425741 0.549249 -0.442648 -0.021099 0.524145 0.696285 0.439848 0.480689 0.023309 -0.725238 0.309339 0.124004 -0.103099 0.311200 -0.550754 0.519124
VERTEX_POSE A68 -0.241831 0.597859 -0.955124 -0.648868 -0.576205 -0.492638 0.364890 0.142422 0.731476 0.115784 -0.383173 -0.294894 0.153556 -0.876975 -0.339443 -0.670719 -0.245208 0.141656 -0.616446 0.060676
VERTEX_POSE A69 -0.099893 0.578917 -0.525376 -0.153565 -0.922106 -0.464183 0.364394 -0.528684 -0.499065 -0.423050 -0.125986 0.358798 0.595785 -0.413290 0.577225 -0.186359 0.064731 0.271189 -0.546404 -0.727751
VERTEX_POSE A70 -0.299793 -0.320150 0.622314 -0.899273 -0.735726 0.181251 0.060029 -0.246917 -0.597255 0.374730 -0.376710 -0.747652 -0.509308 0.211209 0.096214 -0.514280 -0.822248 -0.205413 0.576277 -0.276443
VERTEX_POSE A71 0.902454 0.210408 0.427309 -0.452346 -0.000934 0.411868 0.345270 -0.729192 -0.087122 0.600331 0.206327 -0.377407 0.596358 0.267503 0.630469 0.364693 0.188986 0.531834 -0.178178 0.564301
VERTEX_POSE A72 0.915541 -0.040298 0.998393 0.631307 0.650902 0.116897 0.179534 -0.027922 0.628570 -0.454887 0.007348 -0.140290 0.535044 -0.631313 -0.514833 0.075880 0.641797 0.553625 0.684701 0.434403
VERTEX_POSE A73 -0.460872 -0.123098 -0.085971 0.157966 0.402510 -0.433425 -0.054425 0.757640 0.724639 -0.246411 0.334886 -0.054251 -0.858854 -0.318210 0.334437 0.436448 -0.264229 -0.415031 0.090568 -0.377834
VERTEX_POSE A74 -0.523302 -0.583474 -0.216650 0.205110 -0.657939 0.091262 0.252990 -0.585812 -0.147072 -0.228487 0.398534 0.235621 -0.526645 -0.633826 0.746053 -0.430204 0.305062 0.598271 0.649122 0.056540
VERTEX_POSE A75 -0.265494 0.177356 -0.904907 -0.561345 -0.292640 -0.645156 -0.118907 0.049977 -0.376662 0.794173 0.418225 0.205667 0.410273 -0.372347 -0.603981 -0.318735 -0.192551 0.186570 -0.291949 0.804284
VERTEX_POSE A76 0.437302 0.454363 -0.389159 0.919701 0.360406 0.242338 0.752584 -0.414202 0.414179 0.230804 0.726281 0.786895 -0.082335 -0.260576 0.191575 -0.038581 0.425539 -0.337376 0.609983 0.227967
VERTEX_POSE A77 0.933922 -0.150815 0.441050 -0.349177 -0.604940 0.340492 0.786009 -0.317095 -0.011057 0.146578 0.504986 0.612809 0.137521 0.006655 0.550764 -0.580758 -0.381816 0.452843 -0.067182 0.706125
VERTEX_POSE A78 0.864424 -0.466803 -0.254128 -0.475501 0.666206 -0.222815 0.658059 -0.494052 -0.494302 -0.227287 -0.454850 0.802199 0.018506 -0.546684 -0.178991 0.442366 -0.101461 -0.174521 -0.565038 -0.489762
VERTEX_POSE A79 0.490462 -0.711019 0.184933 0.973978 0.193814 0.323890 -0.520069 -0.390458 -0.430178 0.567465 -0.433169 -0.390875 0.097340 0.495112 0.414410 0.182464 0.613951 0.620905 0.603940 -0.194514
VERTEX_POSE A80 0.302086 -0.744663 -0.736371 0.546642 -0.041285 0.656926 -0.037514 0.030862 0.227998 0.301061 -0.339361 -0.558181 0.603996 -0.211807 -0.384277 -0.363854 0.593443 -0.239228 -0.640901 -0.697743
VERTEX_POSE A81 0.086234 0.072581 -0.434090 0.547522 -0.324702 -0.491382 0.028965 -0.559783 0.532436 -0.133492 -0.460169 0.021898 -0.349849 -0.626960 -0.559645 -0.644312 0.185469 -0.401713 0.666189 -0.217740
VERTEX_POSE A82 0.462907 -0.750428 0.338976 0.621596 -0.167064 0.377451 0.642555 0.348381 -0.282569 -0.486444 -0.127583 -0.170170 -0.219769 0.760363 0.657984 -0.195565 -0.378561 -0.561947 0.513762 -0.375357
VERTEX_POSE A83 0.292218 -0.354404 -0.736387 0.045106 0.087355 0.594636 0.246485 -0.722903 0.392103 -0.665955 0.280424 -0.248411 -0.397766 -0.455361 0.550689 0.336101 0.429527 0.357348 -0.473886 -0.083234
VERTEX_POSE A84 0.401816 -0.344320 0.026170 -0.076748 0.436514 0.524537 0.501097 -0.187355 -0.100128 -0.021072 0.835603 -0.416686 0.394223 -0.378349 -0.677700 0.420939 0.105722 -0.286234 -0.644870 -0.335172
VERTEX_POSE A85 -0.864825 0.721190 0.718953 -0.770856 -0.537429 -0.596460 0.594424 -0.532010 -0.080306 0.396438 0.630314 -0.673951 -0.169412 0.512462 0.209492 0.519188 0.223041 0.373751 0.437311 0.085468
VERTEX_POSE A86 -0.924028 0.426556 -0.323172 -0.146752 0.576813 0.299810 0.140995 0.821192 -0.627592 -0.410944 -0.046410 0.018668 -0.779730 0.399462 0.642156 -0.260353 -0.309709 0.321759 -0.368080 -0.260767
VERTEX_POSE A87 -0.052998 -0.279193 0.366968 -0.194064 0.904144 -0.135844 -0.138544 0.369770 -0.617258 0.275771 -0.540728 -0.101777 -0.555783 -0.599494 0.605925 -0.371061 -0.291238 -0.472266 -0.676886 0.355909
VERTEX_POSE A88 -0.704459 0.921274 -0.064941 -0.166769 -0.402514 0.555612 0.264249 0.038469 0.525987 -0.491957 -0.258905 -0.196775 0.638991 -0.622822 -0.554639 -0.504099 -0.302759 -0.261319 0.160389 0.672248
VERTEX_POSE A89 -0.271302 0.860286 0.813836 0.435872 -0.841103 -0.518866 -0.391533 0.702083 -0.691026 -0.092576 -0.380905 -0.445899 0.799673 0.073052 0.229277 0.334655 0.594192 0.043209 0.294382 -0.059923
VERTEX_POSE A90 -0.372097 -0.660656 -0.914491 -0.204616 -0.011458 -0.671087 0.121113 -0.189145 0.197419 -0.706929 -0.626738 -0.601120 -0.219696 0.147958 0.000241 -0.619969 0.707459 0.386424 0.230120 0.221435
VERTEX_POSE A91 0.223167 -0.115345 -0.345501 -0.266026 -0.397923 0.426216 0.378567 0.570327 0.417079 0.483057 -0.003700 -0.282562 0.437731 0.321981 -0.365300 -0.347585 0.734133 0.656582 -0.557601 0.179138
VERTEX_POSE A92 -0.016415 -0.037211 -0.053012 0.881517 0.559111 0.554875 -0.328116 0.566587 0.452638 -0.125001 0.234909 -0.449848 -0.825066 0.105821 0.514978 -0.335854 -0.766990 -0.140238 -0.288413 -0.155966
VERTEX_POSE A93 0.559301 0.551696 0.066209 -0.779395 0.836183 0.570078 -0.532956 -0.350461 -0.209660 -0.557441 0.744526 -0.380953 0.313959 -0.205360 0.368540 0.518148 0.507102 -0.591699 -0.195368 -0.153402
VERTEX_POSE A94 0.372523 0.655959 0.870500 -0.809792 0.854409 0.561625 -0.206170 -0.608601 -0.050673 -0.474539 -0.465919 -0.374260 0.120971 -0.468060 0.307314 -0.673303 0.439663 -0.668953 -0.514137 -0.011817
VERTEX_POSE A95 0.117484 0.709564 -0.207665 -0.056351 -0.526060 -0.018892 -0.352182 -0.593123 -0.075951 -0.288628 0.778392 -0.173287 0.158723 0.187978 -0.961278 0.179066 -0.083514 -0.199476 -0.857557 -0.001045
VERTEX_POSE A96 0.480253 0.829646 -0.452965 -0.489400 -0.855333 0.071316 0.346894 0.640969 -0.100895 0.196858 -0.571235 -0.466719 -0.704848 0.350935 0.279866 0.300634 0.370123 -0.829809 0.503706 0.051992
VERTEX_POSE A97 0.366144 0.619264 -0.515122 -0.502774 0.050583 0.281942 -0.750230 -0.344222 0.514761 0.395122 0.381196 0.185987 -0.172738 0.555586 0.381829 -0.411388 0.401410 -0.689308 -0.286279 0.516135
VERTEX_POSE A98 0.953880 -0.025235 0.268808 -0.068613 0.048200 -0.293154 -0.723541 0.336461 -0.604102 0.583787 0.517863 0.340401 0.092776 0.423047 -0.571908 0.012423 -0.612443 0.325837 0.356256 -0.254083
VERTEX_POSE A99 -0.761578 0.427505 -0.408090 -0.138268 -0.431538 0.607513 -0.703194 -0.343063 0.066733 0.326987 -0.263106 0.697373 0.382447 0.514459 -0.356479 -0.456336 0.536291 0.114316 -0.209974 0.510693
VERTEX_POSE A100 -0.733749 0.198180 -0.040498 0.343662 0.128476 0.375579 -0.329463 0.490035 0.600412 -0.497247 -0.155230 0.062350 0.272545 -0.607152 -0.350374 0.135650 0.558823 -0.609751 -0.742643 -0.234207
VERTEX_POSE A101 -0.345913 0.654615 -0.108878 0.032113 0.312474 -0.631560 0.540889 0.351029 -0.481014 -0.486497 -0.289613 -0.303147 -0.463066 0.694131 -0.488100 0.247321 -0.495415 0.199044 0.441771 0.256223
VERTEX_POSE A102 -0.859124 -0.362087 -0.980781 0.409387 0.567528 0.263025 0.633956 0.303996 -0.014767 0.719401 -0.030769 -0.375970 0.271469 -0.556244 -0.883464 0.066430 0.250377 0.093480 0.049532 -0.731125
VERTEX_POSE A103 -0.818209 -0.842118 -0.042105 -0.025031 -0.220622 0.253087 0.367184 -0.276624 -0.227246 -0.528880 0.617312 -0.325753 0.570856 0.199621 -0.834320 -0.136071 -0.501924 0.286533 -0.490990 -0.500629
VERTEX_POSE A104 0.193215 -0.468483 0.805151 -0.809920 -0.285017 0.508865 0.479391 0.002702 0.283966 0.409859 -0.704240 0.144502 -0.605787 -0.599219 0.439709 -0.475529 0.084652 -0.667978 0.095361 -0.371227
VERTEX_POSE A105 -0.382426 0.054438 -0.197431 -0.385503 0.909589 0.722175 -0.474084 0.182633 -0.596616 -0.464091 0.184802 -0.320662 -0.060645 0.439954 -0.136719 -0.470396 -0.802419 0.031573 -0.578717 0.308313
VERTEX_POSE A106 -0.083703 0.335238 0.052988 0.413624 0.486738 -0.469153 0.498326 -0.541357 0.641074 0.222326 -0.587927 0.259041 0.356091 0.532182 0.405061 0.511150 0.167807 0.371138 -0.560507 -0.223377
VERTEX_POSE A107 -0.369482 0.985881 -0.584008 -0.890219 -0.924611 0.345418 -0.858146 -0.315984 -0.729845 -0.044594 -0.627905 0.256593 -0.017178 -0.244689 0.236835 0.295828 -0.593244 -0.475480 -0.416879 0.306723
VERTEX_POSE A108 -0.448504 0.903623 -0.756381 0.265320 -0.695352 -0.400221 -0.337674 -0.199071 0.614073 0.261722 0.482725 -0.225785 -0.584613 0.760355 -0.248511 0.420873 0.324776 0.591609 -0.546417 -0.209114
VERTEX_POSE A109 -0.219278 0.868435 0.798860 0.938122 0.152944 -0.461645 -0.309990 -0.029117 0.757813 -0.561051 -0.261124 -0.230160 -0.432257 0.168114 -0.083346 -0.525488 0.635221 0.390746 0.355167 0.706540
VERTEX_POSE A110 -0.879021 -0.725138 0.600925 -0.916241 0.269203 -0.111094 0.376795 0.196469 -0.525020 -0.498081 0.676053 -0.748910 0.512375 -0.251252 0.011794 -0.398459 -0.438820 0.388596 0.434331 0.498661
VERTEX_POSE A111 0.853582 -0.841041 -0.492752 -0.188038 0.263363 -0.525828 0.610987 0.236680 0.186533 -0.470209 0.588996 -0.786625 -0.515213 -0.262744 -0.204116 -0.248666 0.548538 -0.168132 0.279856 0.476590
VERTEX_POSE A112 0.866955 -0.058985 -0.635230 0.485644 0.828241 -0.821820 0.089520 0.508417 0.445030 0.621951 0.421416 0.321520 -0.431893 0.460077 -0.016806 -0.440264 -0.302521 -0.151339 0.474129 -0.510618
VERTEX_POSE A113 0.583886 -0.475566 -0.060100 0.705355 -0.897862 -0.610759 -0.178221 0.017683 -0.175877 0.774062 0.604508 0.576838 0.119508 0.060042 0.238629 -0.560134 0.763239 -0.454262 -0.202563 0.219360
VERTEX_POSE A114 0.145800 -0.195445 -0.229139 0.857068 -0.649282 -0.499001 -0.297022 -0.577102 -0.374294 0.916152 -0.010081 0.070758 -0.051242 0.280626 -0.760765 -0.263831 0.529668 -0.164718 0.014522 -0.554574
VERTEX_POSE A115 0.268771 0.596695 0.390940 -0.591104 0.264755 0.081786 -0.324366 -0.354019 0.239770 0.727725 0.460686 0.460027 0.308289 -0.456809 0.112362 0.344296 -0.630735 -0.843547 0.389386 -0.236514
VERTEX_POSE A116 0.719061 -0.754376 -0.341147 0.934499 -0.435291 -0.679859 -0.315834 -0.403006 -0.500410 0.764044 -0.205272 -0.317321 -0.032019 0.688030 -0.111136 0.319281 0.512948 0.417537 0.462082 -0.242792
VERTEX_POSE A117 0.221772 -0.768889 0.447690 -0.289684 0.927530 -0.482996 -0.376382 -0.220979 -0.037256 -0.072412 -0.911336 -0.339719 -0.618441 0.334759 -0.508419 -0.064366 -0.045904 -0.625642 0.682994 0.080395
VERTEX_POSE A118 -0.784227 -0.682498 -0.242092 0.214832 0.168899 0.075669 -0.130833 0.098710 0.252237 0.670583 0.428739 0.134479 0.474938 0.245395 -0.581978 0.541229 -0.579049 0.757540 0.121272 -0.641032
VERTEX_POSE A119 -0.985398 -0.833102 0.593912 -0.232270 0.162195 0.716367 -0.012897 0.406735 0.133472 0.490131 0.368970 -0.046551 -0.843128 0.400343 0.675858 -0.113066 -0.383651 -0.100260 0.189620 0.625272
VERTEX_POSE A120 0.950470 -0.908603 0.261526 -0.853812 -0.913572 -0.481016 -0.660494 -0.088684 -0.266349 0.502789 0.508087 0.808611 -0.307631 0.319261 0.113809 0.459470 -0.358338 -0.175721 -0.072111 0.709682
VERTEX_POSE A121 -0.156324 -0.343154 -0.156583 -0.989784 -0.842559 0.627116 0.105226 -0.514315 -0.499592 -0.219820 -0.812256 -0.416077 -0.454016 0.211572 0.227727 -0.542679 0.154711 -0.363530 0.663306 0.083799
VERTEX_POSE A122 0.237769 0.051553 -0.751589 0.501704 0.764272 0.349493 0.168888 -0.861755 0.487243 -0.405276 0.293932 0.237009 -0.262735 0.188958 0.637401 0.670496 0.309296 0.421895 -0.537246 -0.199029
VERTEX_POSE A123 -0.065945 0.054186 -0.791486 -0.972296 0.645539 -0.663743 -0.441835 0.297880 0.277523 0.377016 0.142218 0.287583 -0.522849 -0.727616 -0.464039 -0.042572 -0.321961 0.429407 -0.622460 0.507896
VERTEX_POSE A124 -0.597023 -0.791458 0.909627 -0.769179 0.993623 -0.023679 0.121961 0.872187 -0.027015 -0.771956 0.146643 -0.549266 0.441097 0.212926 0.829440 0.306793 0.125279 -0.095108 0.317050 -0.395921
