VERTEX_POSE A0 0.244781 0.807167 -0.849612 -0.611855 -0.389374 0.277810 0.482062 -0.089890 -0.097797 -0.477634 -0.762122 0.485560 -0.511074 -0.030864 -0.788797 0.070246 -0.142300 -0.235133 -0.522830 0.624411
VERTEX_POSE A1 0.332075 0.627521 0.374344 -0.999554 0.728550 0.141710 0.138266 -0.628174 0.488348 -0.822777 -0.209436 0.424734 -0.050473 0.696628 0.746616 0.545552 -0.120099 0.059998 -0.061201 -0.248635
VERTEX_POSE A2 -0.070301 -0.070243 0.802779 -0.386276 -0.401011 0.471217 0.835888 0.022052 -0.058437 0.125042 -0.344525 0.454267 -0.413986 -0.595692 0.081537 0.182192 -0.613280 0.749355 -0.284741 0.387111
VERTEX_POSE A3 -0.706856 -0.340052 0.843190 0.781875 0.457309 -0.612577 0.542181 0.513799 -0.393150 -0.765192 0.280125 0.447779 -0.191489 0.397907 -0.294202 0.022147 -0.700109 0.427927 0.288724 0.095168
VERTEX_POSE A4 0.939349 0.173455 0.718721 0.539175 -0.314695 0.420597 -0.329549 -0.765804 -0.647089 -0.555615 0.116094 0.499180 -0.525608 0.429978 -0.202093 0.412533 -0.254547 -0.338160 -0.369110 -0.387804
VERTEX_POSE A5 -0.728518 0.634264 0.747208 -0.353002 0.573683 0.373953 0.111003 -0.750886 -0.642931 -0.457875 -0.286810 0.080446 0.473462 -0.341248 -0.339316 -0.129499 -0.482276 0.570256 -0.732866 -0.069783
VERTEX_POSE A6 0.215720 0.396331 0.211618 0.959894 0.315080 -0.625159 0.672743 0.188875 0.089345 0.485766 0.012158 -0.656096 -0.268627 -0.585277 -0.353425 -0.443487 0.318692 -0.214064 -0.206414 0.721155
VERTEX_POSE A7 0.006796 -0.104749 -0.477605 0.801076 -0.949633 0.126161 0.380398 -0.553698 -0.708129 -0.289028 -0.443046 0.071145 0.354030 -0.590873 0.566574 0.069034 -0.096092 -0.395689 0.801035 0.372510
VERTEX_POSE A8 0.594118 -0.310100 0.935741 0.787821 -0.742216 0.156271 0.527831 -0.619996 -0.213847 0.842223 0.346450 -0.657132 -0.042072 0.339080 0.608969 0.096317 0.348561 -0.356627 -0.031745 -0.509026
VERTEX_POSE A9 0.644530 -0.992008 -0.463259 0.290315 -0.574526 -0.118311 0.334517 0.230387 -0.709262 0.003151 -0.572432 0.019615 -0.502436 -0.468582 -0.638610 -0.380778 0.623480 -0.273392 0.700467 -0.104629
VERTEX_POSE A10 0.139613 0.075427 0.558998 0.637470 -0.331182 -0.606376 -0.069823 0.632990 -0.408690 -0.695106 -0.254812 -0.645573 0.606077 -0.267084 -0.213602 -0.226728 -0.588280 -0.053765 -0.305317 0.342036
VERTEX_POSE A11 -0.646054 -0.817457 -0.081922 0.280045 -0.136632 -0.037513 -0.515032 -0.473999 -0.065664 0.667530 0.200195 0.253339 0.120010 0.313164 0.936143 0.120052 -0.275241 -0.231814 0.510226 -0.749278
VERTEX_POSE A12 0.199062 0.520626 0.749561 -0.695697 0.014987 0.247614 0.204053 -0.511536 0.107033 -0.358224 -0.728293 -0.173393 0.128713 0.295115 0.715663 -0.582703 0.347411 0.620478 0.688425 0.011534
VERTEX_POSE A13 -0.585708 0.349663 -0.689763 0.927979 0.898048 -0.155450 0.589275 -0.502055 -0.632231 0.248736 -0.188954 -0.093714 -0.726947 -0.524687 -0.432050 -0.194719 -0.282475 -0.616984 -0.156581 0.597619
VERTEX_POSE A14 0.540179 -0.231249 -0.197455 -0.375611 -0.194921 -0.631180 0.273265 -0.442402 0.404050 0.407483 -0.272019 -0.427100 -0.369486 -0.440538 -0.413770 0.663271 0.467382 0.291093 0.427593 -0.563707
VERTEX_POSE A15 -0.504498 -0.966879 0.600062 0.535947 -0.218076 0.313962 -0.071218 0.633685 -0.285802 0.433038 0.181049 0.674767 0.491497 -0.504789 0.223998 -0.751598 -0.304852 -0.560589 0.030622 -0.466817
VERTEX_POSE A16 -0.350252 0.053048 -0.265944 -0.284564 0.733377 0.421863 -0.126851 0.847967 0.388076 -0.131083 -0.383234 -0.357961 0.563375 0.013149 -0.735838 -0.454652 0.262812 0.042837 -0.665301 -0.254637
VERTEX_POSE A17 0.643875 0.250627 -0.730354 -0.946923 0.673180 -0.426776 -0.719030 0.113299 -0.583371 -0.200129 0.004690 -0.191012 -0.072869 -0.290074 0.612394 -0.630705 -0.373664 -0.256962 0.199613 -0.873713
VERTEX_POSE A18 -0.537669 0.842809 -0.733250 -0.035789 0.437774 -0.241209 0.187005 -0.197149 0.019966 0.649966 -0.046721 0.469948 0.315729 0.768674 -0.223047 -0.592389 0.483680 -0.819035 0.303255 0.366255
VERTEX_POSE A19 -0.699898 0.230124 0.596232 0.166484 0.443849 -0.050404 0.578215 -0.456248 -0.420963 0.417727 0.498238 -0.337388 -0.408643 0.474778 -0.698954 -0.379495 -0.556774 -0.466780 0.424459 0.090476
VERTEX_POSE A20 -0.801634 0.670537 -0.258049 -0.999839 0.659527 -0.612227 -0.371319 0.252283 0.143800 -0.710661 -0.582764 0.126968 -0.593335 0.488271 0.731390 -0.053272 0.052509 0.231187 -0.046897 0.596300
VERTEX_POSE A21 -0.915805 -0.112265 0.675264 0.573952 -0.617563 0.035432 0.662389 0.390356 0.714717 -0.126982 -0.486471 0.477323 0.264999 -0.055746 -0.507330 0.046226 -0.669583 0.051997 -0.687572 0.399399
VERTEX_POSE A22 -0.964360 0.448592 -0.026923 0.362079 0.162300 0.947456 0.215736 0.017355 0.111638 -0.300586 -0.043348 -0.011492 -0.567172 0.637046 -0.104755 -0.202233 -0.715705 -0.280640 0.707477 0.282414
VERTEX_POSE A23 0.988027 -0.477599 -0.330831 -0.609729 -0.441298 -0.261602 0.768493 -0.350931 0.499599 0.274263 -0.542226 -0.640611 -0.234538 -0.498117 -0.511484 0.066271 0.165526 0.099833 -0.524212 -0.554363
VERTEX_POSE A24 -0.508931 -0.655942 0.701327 -0.209396 -0.943743 -0.724610 -0.293130 0.465953 0.422594 -0.053135 0.605243 -0.533974 0.388461 -0.026486 -0.073716 -0.729810 -0.506399 0.076111 -0.477208 0.399284
VERTEX_POSE A25 0.467443 0.987854 0.420297 -0.435165 -0.447838 0.126752 0.661066 0.621519 -0.687514 -0.268536 0.349313 -0.188562 0.329177 -0.684782 -0.183317 0.601359 -0.150729 0.664904 -0.144538 0.006954
VERTEX_POSE A26 0.344744 -0.599509 0.282838 0.690323 -0.647649 -0.295163 0.204666 -0.208986 0.483863 0.257762 -0.752797 -0.050909 0.325897 0.466118 0.472999 0.690023 0.328092 -0.672633 0.556174 -0.254385
VERTEX_POSE A27 0.120815 -0.077048 0.387939 0.018645 0.197000 -0.563090 0.200327 0.236249 -0.504461 -0.484594 -0.196101 0.573264 -0.215457 -0.396775 -0.157271 0.726943 -0.629637 -0.274012 -0.387518 -0.593175
VERTEX_POSE A28 0.821897 0.112510 -0.257415 -0.410447 -0.496335 0.412371 -0.542253 -0.184698 0.608464 0.584637 -0.416392 -0.258730 0.535381 0.429482 -0.536040 -0.152900 -0.426642 0.324719 -0.232701 0.652707
VERTEX_POSE A29 0.931912 -0.540290 -0.963266 0.712538 -0.641293 -0.448354 -0.007837 -0.386813 -0.116181 0.849418 -0.421895 -0.408669 -0.494672 -0.469193 -0.631038 0.035531 0.173061 -0.469320 0.180181 0.649837
VERTEX_POSE A30 -0.596605 0.330387 -0.129583 0.280226 0.893003 -0.254126 0.121691 -0.000851 -0.530187 -0.695602 0.102198 -0.420763 0.694148 -0.069534 -0.338306 -0.074649 -0.882161 0.602353 -0.117965 -0.454435
VERTEX_POSE A31 0.066678 -0.080323 -0.107027 -0.022302 0.114291 0.656668 -0.698372 0.124851 -0.195057 -0.227299 -0.888922 0.463362 0.242162 -0.394056 0.375152 0.609221 0.024533 0.418684 0.175556 -0.195828
VERTEX_POSE A32 0.263987 -0.912769 0.411078 0.712984 -0.912743 0.432653 -0.330926 -0.578131 0.108151 0.456411 -0.290772 -0.601967 -0.633320 0.053811 0.598936 -0.262262 0.682573 0.282889 -0.460762 -0.335283
VERTEX_POSE A33 0.333094 -0.739857 -0.326804 0.893951 -0.508009 -0.390341 -0.662457 -0.104443 0.402189 -0.227358 0.465428 0.062133 -0.240505 -0.796801 0.804502 -0.033565 -0.278591 -0.186530 0.671185 -0.244874
VERTEX_POSE A34 0.359822 0.579625 -0.263838 -0.240427 -0.428400 0.032222 -0.620268 -0.427354 -0.875894 0.168444 -0.443756 -0.443458 -0.502323 0.687238 -0.158902 0.513742 0.364882 -0.099333 -0.265774 0.122533
VERTEX_POSE A35 0.203336 0.260686 0.129798 0.252159 -0.227438 -0.588544 0.160856 -0.712512 -0.612584 0.535617 0.520034 0.189410 0.093368 -0.100467 0.433869 0.705032 0.056730 -0.232892 -0.425972 0.456705
VERTEX_POSE A36 0.604576 0.894407 -0.579596 -0.459052 -0.934326 -0.424884 0.618600 0.455828 0.336997 0.181934 -0.634234 0.453981 0.739349 -0.062987 -0.358441 0.061674 -0.247855 0.609367 -0.183832 0.569710
VERTEX_POSE A37 -0.424458 -0.024044 0.947781 -0.280533 0.886681 0.033539 0.600057 -0.161879 0.592469 0.488312 0.062650 0.072005 0.465021 0.189737 -0.792623 0.430055 -0.088573 0.120083 -0.017046 -0.962302
VERTEX_POSE A38 -0.789868 -0.844064 0.652193 0.053235 -0.177072 -0.562609 0.000228 -0.690479 -0.381613 0.378614 0.336202 0.548057 -0.333337 -0.020385 -0.484488 -0.609378 0.549474 -0.052416 -0.611716 -0.328436
VERTEX_POSE A39 0.198694 -0.415692 -0.643855 -0.671230 -0.676542 -0.499346 0.128348 0.674261 -0.399854 -0.748099 0.202709 0.753738 -0.373928 0.449191 -0.054574 -0.516137 -0.340340 -0.140254 -0.132874 -0.432061
VERTEX_POSE A40 -0.779928 -0.016053 -0.515479 -0.990219 -0.687846 0.225796 -0.871124 0.088799 0.193548 -0.034369 0.909469 -0.636749 -0.031511 0.181832 -0.662611 -0.088746 0.230781 -0.258944 -0.480722 -0.280459
VERTEX_POSE A41 0.349745 0.231364 0.211191 -0.309295 0.491746 -0.551184 0.369829 0.367009 -0.466748 0.503376 -0.655638 -0.028601 -0.206119 -0.331162 -0.690130 -0.646988 0.135687 0.035278 -0.385694 -0.554405
VERTEX_POSE A42 0.552640 -0.233150 0.274223 0.608814 0.186827 0.234341 0.526626 0.779372 -0.381922 -0.139260 0.457991 0.429071 0.060928 -0.079693 0.478916 -0.787774 0.352208 0.621093 0.281018 -0.228961
VERTEX_POSE A43 0.419134 -0.495426 -0.765918 -0.685915 0.327141 0.019725 0.313269 -0.642034 -0.021149 -0.267822 -0.014669 -0.853870 0.333574 -0.212871 -0.011081 -0.676579 -0.653198 -0.519564 -0.510982 0.339994
VERTEX_POSE A44 0.764038 -0.418973 0.521428 -0.381316 0.389794 0.419236 -0.638388 -0.174492 -0.587189 -0.010799 -0.786896 -0.419994 -0.762185 0.231790 -0.389787 0.076704 0.464684 0.388743 -0.074395 -0.284058
VERTEX_POSE A45 0.092818 0.535602 -0.923232 -0.766797 0.991906 0.479866 -0.241557 0.353796 -0.093002 0.311514 0.607652 0.702745 0.554330 -0.401272 0.398579 -0.008482 0.562348 -0.329186 0.732977 0.168322
VERTEX_POSE A46 0.914637 -0.462305 0.834145 0.850032 -0.890935 -0.629444 -0.272899 0.419657 -0.258844 -0.555514 -0.216145 -0.297231 0.073009 -0.877285 -0.108718 0.709982 0.049422 -0.660783 0.327911 0.071401
VERTEX_POSE A47 -0.586214 0.634074 -0.744516 0.334120 0.123171 0.512827 0.330183 0.475954 0.092477 -0.403161 -0.149023 0.460478 -0.498999 -0.512954 0.706658 0.257106 -0.118867 -0.130580 0.642913 -0.688483
VERTEX_POSE A48 -0.263306 -0.213771 -0.653585 -0.713720 0.665086 -0.362714 -0.489412 0.026222 -0.649351 0.291632 -0.696023 0.060518 -0.648666 -0.279618 -0.174683 -0.501432 0.006163 0.642344 -0.056792 -0.660788
VERTEX_POSE A49 -0.623032 -0.619496 -0.899105 -0.185757 0.546839 0.093855 -0.108017 -0.810066 -0.024087 0.384333 -0.565011 0.589395 0.519289 0.133185 0.671978 0.063923 0.026925 -0.437802 0.752910 0.078055
VERTEX_POSE A50 -0.286112 -0.135802 0.851717 -0.499396 -0.432980 0.238605 0.554321 -0.481592 0.763068 -0.298098 0.083196 -0.074003 0.663317 0.650981 0.580346 0.161604 0.289669 -0.136077 -0.371161 0.503451
VERTEX_POSE A51 -0.064941 -0.543235 0.088366 -0.713559 0.324612 -0.235080 0.756588 -0.472464 0.620711 -0.176065 -0.162043 -0.343495 -0.019551 -0.239789 -0.287120 0.238732 0.800474 0.599190 0.582410 0.228609
VERTEX_POSE A52 -0.538838 0.268239 0.776159 -0.611805 0.929276 0.537892 -0.487868 0.322715 -0.636926 0.180141 0.656220 -0.067641 -0.467238 0.382321 -0.386190 -0.204861 -0.542984 0.388947 0.685021 0.155658
VERTEX_POSE A53 -0.250473 -0.687210 -0.175207 0.862683 0.729321 0.313809 0.664432 0.591665 -0.701895 0.622275 -0.202879 0.274493 -0.035785 0.126257 0.349108 0.255331 -0.734452 -0.460049 -0.323774 0.231112
VERTEX_POSE A54 -0.076913 -0.020834 0.757535 -0.323287 0.883314 0.562364 0.311864 0.698966 0.043116 -0.363192 0.134809 -0.379817 0.374601 0.455268 0.540397 -0.553972 0.068275 0.495578 0.568877 -0.530417
VERTEX_POSE A55 -0.047769 0.612297 0.477486 0.178799 0.985533 -0.299678 0.021331 -0.282602 0.062453 0.364878 -0.358586 0.428681 0.683544 0.512495 0.599635 -0.622800 0.224673 -0.602464 -0.106289 0.691681
VERTEX_POSE A56 -0.783029 -0.699355 -0.754910 -0.572483 -0.718517 -0.775692 0.168345 0.510139 -0.224929 -0.540817 0.152742 -0.330546 -0.392466 -0.694533 0.472087 -0.065017 0.331525 0.124830 -0.721748 0.352339
VERTEX_POSE A57 -0.732169 0.379657 0.040372 -0.632965 -0.764335 0.547362 -0.150212 0.226986 0.590159 0.561702 0.307745 0.079288 0.448032 -0.825712 -0.331790 -0.119827 0.173050 -0.485527 0.668458 0.376862
VERTEX_POSE A58 -0.926954 -0.464751 -0.134575 -0.802557 0.182533 0.089191 -0.211623 0.308920 -0.791420 0.209932 0.524690 -0.227189 -0.758779 -0.278728 0.446196 0.368106 0.179219 -0.339107 0.447098 -0.720735
VERTEX_POSE A59 -0.961133 0.413155 -0.012325 0.017070 -0.214852 0.371014 0.488393 -0.447897 -0.233766 -0.195230 0.084297 0.139272 0.424746 -0.402756 -0.855874 0.134213 -0.461037 0.236190 -0.724524 -0.646153
VERTEX_POSE A60 -0.800257 0.839367 0.077106 -0.920427 -0.405628 -0.750740 0.243333 0.532543 0.050681 -0.787297 0.399988 -0.431241 -0.512785 -0.553463 -0.001856 -0.240834 0.411300 -0.497844 -0.002008 -0.284462
VERTEX_POSE A61 -0.523559 0.865636 0.735842 0.477670 0.075536 -0.540518 0.008721 0.743220 -0.428198 -0.596451 -0.131594 -0.388757 0.187966 0.112710 -0.144106 0.772245 -0.044212 -0.593791 0.111700 -0.644708
VERTEX_POSE A62 0.105546 -0.667168 0.880648 0.994768 0.899439 0.002786 0.282179 -0.337675 0.457375 -0.333894 0.197560 -0.361898 -0.634960 0.492710 -0.318356 0.616895 0.665097 0.747315 0.158608 0.402280
VERTEX_POSE A63 0.463730 0.926598 -0.511816 0.792557 -0.318371 -0.684476 -0.120627 -0.396737 0.346466 -0.424439 0.207072 -0.242824 0.558191 -0.180594 -0.050080 0.585996 0.637627 0.591593 0.387726 -0.600448
VERTEX_POSE A64 0.809535 -0.874221 -0.590962 0.371621 0.567527 0.573841 0.162309 0.285940 0.531315 0.316065 0.423926 0.516443 -0.638194 -0.447983 -0.033306 0.632389 -0.531017 -0.347257 -0.257974 0.505824
VERTEX_POSE A65 -0.534633 0.912457 -0.383190 -0.245659 -0.528961 0.478222 0.471486 -0.049797 0.298807 -0.505626 0.609044 0.010024 0.697924 0.285246 0.825783 -0.098535 -0.194910 -0.000109 0.158862 0.712201
VERTEX_POSE A66 -0.332934 0.187283 0.617982 0.044716 0.454191 -0.289884 -0.589333 -0.394315 0.276556 0.151660 -0.589386 -0.413705 -0.457196 0.442631 0.807164 -0.418312 0.354508 0.129686 -0.495654 -0.418977
VERTEX_POSE A67 0.414111 -0.979814 -0.170558 0.912569 0.633201 0.370950 0.738578 0.028176 -0.646133 0.114246 0.492954 -0.336108 0.373736 0.373679 0.081637 0.510165 -0.114734 0.570328 -0.203726 0.776790
VERTEX_POSE A68 0.040909 -0.111587 -0.435409 0.473807 -0.642280 -0.341020 -0.098370 0.583207 0.499998 -0.000578 -0.196637 0.028657 -0.902110 0.238484 -0.704757 -0.186614 -0.627940 -0.369059 0.376426 0.412335
VERTEX_POSE A69 -0.122802 0.343220 0.270175 -0.902050 -0.722881 -0.568415 -0.249072 0.551601 0.036207 0.611225 0.575499 0.378809 0.452057 0.226263 0.687572 -0.303843 0.106336 0.243600 -0.517389 0.549578
VERTEX_POSE A70 -0.387195 -0.395506 0.185587 -0.758662 0.956659 -0.593408 -0.625567 0.031914 -0.518851 0.123160 -0.728735 0.344459 -0.472557 -0.359145 -0.478971 0.450936 0.312110 0.174917 0.408466 -0.491456
VERTEX_POSE A71 0.260982 0.872360 0.049112 0.483589 -0.330126 0.087987 -0.085603 -0.875697 -0.472346 0.292605 -0.038201 0.684896 -0.150916 -0.181120 0.161076 -0.652983 0.380537 0.523564 0.676678 0.232557
VERTEX_POSE A72 -0.773057 -0.425417 -0.518634 -0.211345 0.768865 -0.520914 0.745069 0.062209 -0.258320 0.097490 -0.254043 0.230080 0.484151 0.484340 0.187024 -0.127163 0.745882 0.757630 0.429879 -0.375056
VERTEX_POSE A73 -0.834555 0.371344 -0.540190 0.850153 0.143486 -0.270036 -0.386672 -0.347541 -0.717485 -0.144025 0.396351 -0.232867 -0.492877 0.350851 -0.095165 0.623127 0.545826 0.590773 -0.445563 0.548725
VERTEX_POSE A74 -0.319884 -0.623066 0.283194 0.797673 0.997016 0.035314 -0.514455 0.848947 0.462427 -0.453813 -0.195005 0.427496 0.654519 0.419790 -0.000343 -0.310681 -0.203443 0.775990 -0.066867 -0.153781
VERTEX_POSE A75 0.990980 0.155610 -0.997205 0.407339 0.158659 -0.505332 -0.455676 0.562292 0.492981 0.138129 0.058865 0.489857 -0.059334 0.055966 0.510979 -0.493731 0.476434 -0.023455 0.725251 0.671000
VERTEX_POSE A76 0.258263 -0.093054 -0.463422 -0.916644 0.135391 0.150688 -0.619300 0.652702 -0.081989 -0.365921 -0.365429 0.255903 0.684501 0.365657 0.885553 -0.114680 -0.033519 0.347679 -0.029600 -0.552823
VERTEX_POSE A77 -0.405248 -0.085371 0.117339 0.647705 -0.893919 0.452065 -0.591120 0.385923 0.185670 -0.128617 0.274106 -0.459281 -0.660621 -0.548564 0.553448 0.283397 -0.644495 0.493883 -0.342493 -0.244200
VERTEX_POSE A78 -0.595234 -0.210316 -0.741721 -0.258540 -0.718170 -0.523408 0.087880 -0.565958 -0.231612 -0.651618 -0.446173 0.481670 0.099764 -0.168661 -0.491905 0.647676 0.039238 0.445447 0.371798 -0.671293
VERTEX_POSE A79 0.994957 0.693174 -0.117007 -0.630364 -0.199523 0.918296 0.118774 0.197215 0.098421 0.535584 -0.775404 -0.117947 -0.306037 -0.420855 -0.363729 0.496402 0.417129 0.028913 -0.599140 -0.093482
VERTEX_POSE A80 -0.028280 0.295134 0.218234 -0.538052 0.652920 0.304103 0.415602 0.227213 0.030319 0.660631 -0.580983 -0.589086 -0.347377 -0.123695 0.249043 0.054488 0.655261 -0.705378 0.516915 0.407634
VERTEX_POSE A81 0.118654 0.653882 -0.890005 0.242064 -0.151149 -0.374113 -0.644843 -0.438598 -0.127158 0.408771 -0.593182 -0.630404 -0.248827 0.065592 0.401026 -0.075208 -0.660250 -0.534453 0.591196 -0.124639
VERTEX_POSE A82 -0.069984 -0.850060 0.971359 -0.343923 -0.874910 -0.518199 -0.646901 -0.349080 0.539543 -0.604490 0.317921 0.575469 0.149005 -0.241154 0.065509 -0.384276 0.409495 -0.323895 0.215035 0.742447
VERTEX_POSE A83 0.432882 -0.436627 -0.005607 -0.149857 0.582196 0.791413 -0.316766 0.126886 -0.406717 -0.309294 0.576920 0.329592 0.697738 0.037205 -0.235945 0.550569 0.180956 0.209634 0.118458 0.785452
VERTEX_POSE A84 0.868181 0.966673 -0.065211 0.104746 -0.421829 -0.269917 0.671433 0.510953 0.282634 0.699370 -0.371767 -0.563324 0.195239 -0.559287 -0.630964 -0.074643 0.348827 -0.363061 -0.127941 -0.407718
VERTEX_POSE A85 0.853103 0.129106 0.728894 0.332789 -0.991596 -0.172293 -0.619597 0.407835 -0.504588 0.350823 0.210542 -0.395692 -0.230507 0.537627 -0.451222 -0.511505 -0.695986 0.596266 -0.422199 0.126109
VERTEX_POSE A86 -0.614887 -0.824330 -0.528122 -0.971058 0.567729 -0.552755 0.231969 0.496031 0.380092 0.001466 -0.528226 0.650501 -0.048265 0.653332 0.050263 -0.791114 0.186654 0.352581 0.563912 0.115104
VERTEX_POSE A87 -0.914848 -0.732683 0.179879 0.532263 -0.140346 -0.526820 0.046037 0.486445 -0.586148 0.579994 -0.141091 0.074209 0.525592 0.327133 0.335216 0.558977 -0.500935 0.510897 0.269788 0.620897
VERTEX_POSE A88 -0.879066 -0.491237 -0.230734 0.699824 -0.755931 0.226759 0.461380 -0.173741 0.453941 -0.645823 0.154305 0.439310 0.453108 -0.381200 -0.512486 -0.283277 -0.760227 -0.535615 0.290670 0.471960
VERTEX_POSE A89 -0.541841 -0.289081 0.337303 -0.773615 -0.249738 0.456579 0.430234 -0.444636 0.609586 -0.642622 -0.258898 -0.324396 -0.351695 0.285593 0.314780 -0.338632 0.439960 -0.464350 -0.404445 -0.678338
VERTEX_POSE A90 -0.875981 0.680472 -0.832446 -0.450667 0.644802 -0.174504 -0.046478 -0.601158 0.760905 0.271957 0.269182 -0.536982 -0.153401 0.628316 0.265175 -0.876055 -0.154386 0.178618 -0.364521 0.384101
VERTEX_POSE A91 -0.679324 -0.651870 0.846372 0.779397 -0.161559 -0.704349 0.179813 -0.393151 -0.645985 -0.482301 0.282725 -0.003041 0.231625 0.758071 0.051759 0.419576 -0.355390 -0.289667 0.710887 0.254016
VERTEX_POSE A92 -0.065400 -0.423445 0.073145 0.704055 0.825798 -0.347037 0.292301 -0.708183 -0.335944 -0.629679 0.313441 -0.773653 -0.220483 -0.105976 0.201780 -0.309282 0.001028 0.357005 -0.611389 -0.623698
VERTEX_POSE A93 0.229565 -0.986696 -0.951799 -0.455899 0.544241 0.820651 0.368098 -0.434796 0.463308 -0.196353 0.727007 0.209542 -0.762173 -0.207210 -0.258697 0.251973 -0.188636 0.032350 0.426089 0.451545
VERTEX_POSE A94 0.784406 -0.725272 -0.665444 0.571954 0.520071 0.036076 0.573941 -0.293606 0.314660 -0.438624 0.564458 -0.581269 -0.094697 -0.215814 0.647240 0.414652 -0.019430 0.378013 -0.545249 -0.740425
VERTEX_POSE A95 -0.255865 -0.297666 0.482183 0.075676 0.393325 -0.486149 -0.622260 -0.560644 -0.620032 -0.217048 0.707336 -0.062386 0.228243 0.221206 0.276255 -0.483390 0.332480 -0.546819 0.529077 -0.160867
VERTEX_POSE A96 0.694932 0.925762 -0.334989 0.298442 -0.984720 0.503796 0.056196 -0.552965 0.350561 -0.681906 -0.348189 -0.266627 -0.293624 -0.242182 0.737824 0.253537 0.382792 -0.088442 0.617536 -0.606475
VERTEX_POSE A97 -0.548528 0.462011 0.952538 -0.383330 -0.025738 0.291771 -0.276475 0.336380 0.522912 -0.380132 -0.658178 -0.220263 0.681827 -0.365362 -0.528684 -0.422025 0.232915 -0.559830 -0.368874 -0.515667
VERTEX_POSE A98 -0.841753 -0.277480 -0.688376 -0.011755 0.026526 0.420368 -0.661774 0.071694 -0.080009 0.420403 -0.307102 0.768099 0.507884 -0.172576 0.204976 0.215262 0.899642 -0.429998 0.284662 0.247810
VERTEX_POSE A99 -0.264158 -0.185825 0.229602 -0.227750 -0.627000 -0.097196 0.485520 -0.538430 -0.888559 0.182247 0.262220 -0.062134 0.543318 -0.378527 -0.063809 -0.444417 -0.655092 0.439412 0.488217 0.262498
VERTEX_POSE A100 0.328669 -0.194769 0.222713 -0.285380 0.251381 0.113141 -0.961576 0.157437 -0.538268 -0.197903 -0.786804 -0.470964 -0.129983 0.176565 0.584374 -0.130611 -0.315160 0.366288 0.047441 -0.475027
VERTEX_POSE A101 -0.228948 0.327014 0.497211 0.229583 -0.016815 -0.142011 -0.310008 -0.296111 0.798806 0.472655 -0.040615 0.452883 -0.642521 -0.523841 0.033041 -0.408005 0.560008 0.368168 -0.318107 0.568024
VERTEX_POSE A102 0.996823 -0.313465 -0.721286 -0.744161 0.042874 0.139911 0.563784 -0.498321 -0.073522 -0.586202 -0.281899 0.874877 -0.177250 0.372304 0.399792 0.330859 -0.327913 -0.223103 0.444555 0.652742
VERTEX_POSE A103 0.555612 0.379814 0.704079 0.503275 0.020246 0.660920 -0.043370 0.705117 -0.303224 -0.677185 0.356199 0.106509 0.542813 0.217015 -0.624616 0.456348 0.473274 -0.264102 -0.191416 0.323804
VERTEX_POSE A104 -0.063503 -0.301642 0.957021 0.079736 -0.873330 -0.286328 0.565545 0.621576 -0.207997 -0.448509 0.252060 -0.669851 0.390527 -0.575874 0.087816 0.331203 0.366611 -0.646793 -0.465609 0.289956
VERTEX_POSE A105 -0.323061 0.063469 0.561908 -0.946488 0.039890 0.331014 -0.482170 0.492774 0.013912 -0.398813 0.515736 -0.315819 0.209367 0.509095 -0.622415 0.321302 0.351363 -0.634897 -0.679257 -0.329479
VERTEX_POSE A106 0.546593 -0.464576 0.706874 -0.089385 -0.821094 0.468478 0.618392 -0.096682 -0.626542 0.446126 -0.533856 0.415886 0.407586 -0.217200 0.463551 -0.379427 -0.411529 0.011574 -0.329350 -0.699370
VERTEX_POSE A107 -0.805240 0.605304 -0.506401 0.163092 0.262062 0.741603 0.408978 -0.134112 -0.333114 0.565283 -0.153371 -0.323135 0.547613 -0.408522 -0.180064 0.364446 0.874446 0.449690 0.283709 0.164148
VERTEX_POSE A108 0.271691 0.978098 -0.320754 0.701217 0.145971 0.321694 0.107554 0.062423 -0.346372 -0.052101 -0.636762 -0.198545 0.687165 0.522788 -0.423779 0.569248 -0.391226 0.746679 0.435291 -0.405307
VERTEX_POSE A109 0.951359 0.325108 0.965153 0.652074 -0.539264 -0.377631 0.523278 -0.132617 0.504181 0.298498 0.626693 -0.101595 -0.370815 0.637214 0.499484 -0.529884 -0.386751 0.585995 0.467759 -0.184529
VERTEX_POSE A110 -0.810283 0.298478 0.376592 0.532728 -0.937461 0.193679 -0.373688 0.329144 0.661503 0.019052 -0.120363 0.474523 -0.578525 -0.373227 -0.449495 -0.724237 0.157798 0.312544 0.028011 0.844381
VERTEX_POSE A111 -0.756589 0.273232 0.897480 -0.836834 -0.201109 -0.556211 0.579116 -0.590560 0.754118 0.341908 -0.405332 -0.094094 -0.253023 -0.271390 -0.315958 0.121448 0.349587 -0.115122 -0.684801 -0.539520
VERTEX_POSE A112 0.070013 -0.021009 -0.924852 -0.105862 0.309587 0.168679 -0.288283 0.563418 -0.351250 -0.611227 -0.513616 0.673982 -0.610219 -0.090558 -0.589143 -0.320110 0.133763 -0.216402 -0.261642 0.626631
VERTEX_POSE A113 0.119733 0.448418 0.347951 -0.811195 -0.812372 0.747952 -0.454567 -0.213313 -0.002941 -0.002620 -0.671898 0.012643 0.663443 -0.003574 -0.628882 -0.370769 -0.438481 0.211914 0.464474 -0.557470
VERTEX_POSE A114 0.676293 0.836605 -0.108128 0.013309 -0.618913 0.418156 0.008421 -0.539287 -0.137621 0.564410 -0.578425 -0.695203 0.210999 0.243016 -0.416425 -0.759053 -0.468911 -0.386637 0.246352 -0.309288
VERTEX_POSE A115 -0.061806 -0.054337 0.009937 0.998884 0.887758 -0.149497 0.491649 0.278465 0.372964 -0.384602 -0.346981 -0.253866 -0.288600 0.775171 0.692441 -0.307893 0.429246 0.542795 0.657476 0.130074
VERTEX_POSE A116 -0.027164 -0.422476 0.076845 0.521594 -0.803968 -0.475088 0.101708 -0.217377 0.826061 0.244499 -0.112808 -0.300050 0.618220 0.021802 -0.035929 -0.662611 -0.474943 -0.024391 -0.329585 0.844971
VERTEX_POSE A117 -0.938594 -0.987725 0.363751 0.042251 0.948817 -0.220342 0.051654 -0.892246 0.599193 0.011133 -0.256166 -0.248765 -0.943736 -0.056927 -0.599889 0.213338 0.268349 0.413116 -0.247096 0.251047
VERTEX_POSE A118 0.023346 0.212980 -0.810184 0.531147 -0.252587 -0.388261 -0.397297 0.650975 -0.626496 0.743432 0.165108 0.138045 -0.167687 0.380111 0.542392 0.457088 0.124323 -0.378827 -0.228943 -0.623723
VERTEX_POSE A119 0.093769 0.086288 0.846111 0.221418 -0.559899 0.193891 -0.264740 0.538522 -0.623107 -0.086860 -0.358836 -0.304739 0.201796 0.748049 -0.659331 0.210442 0.127964 0.215779 0.915074 -0.072652
VERTEX_POSE A120 -0.480435 -0.276805 -0.298946 0.268636 -0.300921 -0.521145 -0.655058 0.426358 0.535310 -0.142564 0.620110 -0.394359 0.309503 -0.177810 -0.051415 0.641972 0.567459 0.532624 -0.206528 -0.282941
VERTEX_POSE A121 0.147365 -0.106548 -0.642631 -0.919519 -0.607786 0.348369 -0.121975 0.716259 -0.613696 -0.244582 0.171115 -0.221369 -0.125312 0.638555 -0.542528 0.713852 0.136006 0.398341 0.632467 0.177319
VERTEX_POSE A122 0.414445 0.434418 0.692483 0.000816 0.278543 0.311145 0.467268 -0.181658 -0.650742 0.518451 0.549696 -0.006367 0.562484 -0.485475 -0.405608 -0.442326 -0.123081 0.561397 0.028786 0.643428
VERTEX_POSE A123 0.454165 0.299750 0.774198 -0.027309 -0.475123 0.402532 0.185270 -0.200979 -0.648760 0.671399 -0.276817 -0.479365 -0.117878 0.494367 0.070339 0.038212 -0.670757 0.427012 0.706783 0.434356
VERTEX_POSE A124 -0.623070 -0.093243 -0.594429 -0.375418 0.936455 -0.462050 -0.404290 0.534324 0.113394 -0.449499 -0.375953 0.158755 -0.330959 0.616590 -0.595848 -0.454336 -0.427594 0.627227 -0.564398 -0.100685
