VERTEX_POSE A0 -0.973666 -0.846093 0.924188 0.260479 0.505776 -0.127484 0.623082 0.697388 0.005143 -0.527763 0.512264 0.684256 0.147515 0.289477 -0.125940 0.553432 -0.345223 -0.706863 -0.072020 0.219679
VERTEX_POSE A1 0.032228 0.581782 -0.655064 -0.580023 -0.414989 0.545235 0.263199 -0.462179 -0.522652 0.300936 -0.372349 0.506323 -0.424270 -0.368849 -0.085329 0.473340 -0.520895 -0.407319 -0.660384 -0.490271
VERTEX_POSE A2 -0.517029 -0.499360 -0.092573 0.777514 0.645603 -0.150249 0.649056 0.113625 -0.715887 -0.279762 0.611945 0.093625 -0.631310 -0.030912 -0.568413 0.223241 -0.360386 -0.364789 -0.228190 -0.694103
VERTEX_POSE A3 0.343113 -0.829470 -0.326065 0.139653 -0.474817 -0.538536 -0.365658 -0.264183 -0.573363 0.404476 0.083640 0.073982 -0.187111 0.920348 0.236006 -0.719866 -0.173367 0.565740 0.386622 -0.214743
VERTEX_POSE A4 -0.819370 0.687573 -0.384446 0.108582 0.646806 -0.791831 0.364289 0.332532 -0.155776 0.475901 0.041408 0.509611 0.789229 -0.018666 -0.219070 0.109360 -0.759563 0.202591 -0.077261 0.557157
VERTEX_POSE A5 -0.540156 -0.566767 0.059753 -0.795521 -0.232673 -0.380929 0.717770 -0.360780 -0.018183 -0.441017 0.144692 0.821645 0.431950 0.074506 -0.249792 -0.071734 -0.367842 0.342149 -0.313980 -0.841453
VERTEX_POSE A6 -0.320518 0.614434 -0.219704 -0.267904 0.031501 0.696691 0.302279 -0.568838 0.524033 0.319547 0.641470 -0.337582 0.506910 0.256084 -0.351659 0.640314 -0.385626 -0.048846 -0.373575 -0.225063
VERTEX_POSE A7 -0.263124 -0.332917 0.313151 -0.604656 -0.013166 0.625618 0.708560 0.319256 -0.692663 0.663881 -0.080298 -0.184696 -0.186795 0.694969 -0.199257 -0.067062 0.639252 0.234529 -0.133477 0.001630
VERTEX_POSE A8 0.118014 -0.489762 -0.342464 0.877793 -0.780167 -0.240358 -0.657561 0.166735 -0.561567 -0.242869 0.443980 0.307505 -0.692267 -0.272247 -0.576376 0.008614 -0.810436 0.447327 -0.171233 -0.210132
VERTEX_POSE A9 0.424601 0.064490 -0.767085 -0.123507 0.258089 -0.517145 0.278927 0.643272 -0.624287 0.268657 -0.546771 -0.026823 -0.043137 -0.532523 -0.240583 -0.904186 0.058126 0.533129 0.174960 -0.016838
VERTEX_POSE A10 -0.737058 0.182406 -0.762353 0.509358 0.390734 -0.270943 -0.698890 0.509608 0.195142 -0.628144 -0.625850 0.902552 -0.014369 0.131311 0.037374 -0.303135 -0.170450 -0.269281 0.157768 -0.549833
VERTEX_POSE A11 -0.941445 0.358171 -0.734667 0.360513 -0.535981 -0.411216 -0.683800 -0.299255 0.345154 -0.099012 0.369152 0.473846 -0.204623 0.461474 0.332084 0.477540 -0.610811 0.613971 -0.502692 -0.433734
VERTEX_POSE A12 -0.753839 -0.598708 -0.921648 0.104175 0.926925 0.150997 0.141252 -0.302466 -0.505096 0.143529 -0.752838 0.184381 0.283628 0.332346 0.540287 0.710518 -0.265620 0.629422 -0.611691 -0.400926
VERTEX_POSE A13 -0.073337 0.107587 0.273257 0.698742 -0.271845 -0.489121 0.609304 -0.340700 -0.069153 0.394634 0.168324 -0.779855 -0.082955 0.265781 -0.285617 -0.449295 0.485035 -0.257349 -0.514067 -0.741412
VERTEX_POSE A14 0.690263 0.188182 0.394304 -0.572780 -0.751864 0.342232 0.028053 -0.791220 0.108283 -0.725962 -0.349199 -0.858849 -0.292248 -0.192192 -0.319501 0.616221 -0.463108 0.177340 0.083990 -0.025005
VERTEX_POSE A15 -0.968147 -0.364666 -0.850749 0.450087 0.491840 -0.497627 -0.448366 0.272563 0.788534 -0.037487 0.227247 0.048147 -0.580531 -0.717514 0.356405 -0.508982 0.033799 -0.035188 -0.448869 0.598414
VERTEX_POSE A16 -0.291065 0.260572 -0.751703 -0.962546 -0.243629 -0.007574 -0.954760 0.055574 -0.460406 0.122635 -0.243246 -0.610534 -0.169726 0.394302 0.524465 -0.181155 -0.337339 -0.374372 -0.108492 -0.817601
VERTEX_POSE A17 0.064307 -0.007809 -0.462407 -0.456655 -0.299466 0.505944 0.714088 -0.171369 -0.399625 0.144488 -0.325356 0.211116 0.201576 0.827868 -0.611934 0.140836 0.414457 0.406556 -0.639323 0.087384
VERTEX_POSE A18 -0.690012 -0.238497 -0.225304 0.255936 -0.598142 -0.586637 -0.495747 -0.011450 0.374113 0.416871 0.101131 0.395019 -0.430483 -0.783617 -0.582765 0.346878 -0.328392 -0.142272 0.524227 -0.517441
VERTEX_POSE A19 0.374778 0.664457 -0.168097 -0.730697 -0.415087 0.519504 0.564695 -0.591189 0.142156 -0.678941 -0.502645 -0.660109 0.398302 -0.103852 -0.483174 -0.198724 -0.472779 0.201759 -0.148401 0.404398
VERTEX_POSE A20 -0.120790 0.416402 0.168026 0.951510 0.696792 0.474467 -0.316037 -0.163741 0.241931 0.412475 -0.363938 -0.367478 0.110163 0.720253 0.452626 0.745636 0.289001 -0.613548 0.402338 -0.488316
VERTEX_POSE A21 0.588219 0.573079 -0.507354 -0.500328 0.452229 0.377561 0.511801 -0.091825 0.319113 -0.300364 0.465338 0.266107 -0.494790 -0.802948 0.750845 0.303911 -0.033556 -0.347900 0.557371 -0.359411
VERTEX_POSE A22 -0.131447 -0.455251 0.962113 0.166466 -0.624624 -0.408198 -0.352790 0.587592 -0.378537 -0.086473 -0.651123 0.030214 0.719642 0.400798 0.733932 0.041594 -0.143260 -0.387962 0.590294 -0.222737
VERTEX_POSE A23 -0.082471 0.198787 0.510300 -0.989354 -0.759037 -0.186741 0.274663 -0.244982 -0.688615 0.349235 0.606198 -0.681964 -0.334027 -0.617060 -0.045539 0.587324 -0.214398 0.154232 0.588278 -0.381810
VERTEX_POSE A24 -0.296405 -0.510641 0.538267 -0.671606 0.987209 0.344382 -0.339807 -0.451038 0.454296 -0.519312 0.631378 0.123256 -0.583337 -0.367115 -0.791420 -0.516759 -0.009590 0.182970 0.086745 -0.512894
VERTEX_POSE A25 -0.548538 -0.278717 -0.692595 -0.564368 0.750335 0.331825 -0.120556 -0.593980 0.022349 0.649767 0.023581 0.679910 0.265629 -0.358236 -0.134538 0.695298 0.110351 -0.639543 0.096285 -0.711422
VERTEX_POSE A26 -0.167915 -0.898810 0.265316 0.882059 -0.560071 0.108456 0.559197 -0.363650 0.561951 -0.498702 0.419230 0.540831 0.263974 0.048966 0.015699 0.597437 0.738330 -0.616201 -0.109467 0.380102
VERTEX_POSE A27 0.243889 -0.031088 0.622516 0.344970 -0.569532 -0.570451 0.059742 -0.593358 -0.140156 -0.249284 0.107739 0.266215 -0.235536 -0.774269 -0.610607 0.497000 0.053273 -0.459599 -0.794860 0.184358
VERTEX_POSE A28 -0.594065 0.100060 -0.779403 -0.697727 0.217455 0.040273 0.522195 -0.230037 0.189054 -0.564231 -0.533221 0.250795 -0.365579 -0.346922 0.310217 0.524444 -0.599761 0.896384 0.016326 0.427423
VERTEX_POSE A29 -0.975881 -0.249904 -0.892818 -0.977869 0.094380 0.552439 0.346949 -0.473359 -0.354764 0.269488 -0.279529 0.331114 -0.163633 -0.608931 0.459842 -0.689213 0.220059 -0.497858 -0.552460 -0.527798
VERTEX_POSE A30 -0.303509 0.736754 -0.886755 -0.175112 0.791583 -0.507193 -0.099001 0.052209 -0.197250 -0.698226 -0.662185 -0.450248 -0.053998 0.376600 -0.686151 0.133137 0.067617 0.174132 -0.694289 0.642172
VERTEX_POSE A31 -0.567731 0.253967 -0.855216 0.562752 -0.276770 -0.044320 -0.509651 -0.520606 0.101733 0.811949 -0.084309 -0.489972 -0.146480 0.398326 -0.235023 0.183484 -0.750447 -0.832093 0.160846 -0.005168
VERTEX_POSE A32 0.056347 -0.668122 -0.547881 -0.557891 0.679391 0.682562 -0.176670 0.233910 -0.230351 -0.506176 0.515637 -0.050842 0.496344 0.811029 -0.683171 0.065023 -0.023546 0.108353 0.679698 -0.145197
VERTEX_POSE A33 0.179461 -0.762606 0.020671 -0.397598 0.437186 0.396802 0.232190 -0.490609 -0.272211 0.527858 0.268288 -0.222936 -0.301149 0.634702 -0.067359 -0.755366 -0.264583 -0.845110 0.078643 -0.463113
VERTEX_POSE A34 0.775382 0.424496 -0.181281 -0.297596 0.248413 -0.061178 0.130350 -0.309876 -0.719808 0.138354 0.489983 0.026100 0.491890 -0.594831 0.618059 -0.252308 0.347656 0.308958 0.811327 0.434977
VERTEX_POSE A35 0.236977 -0.980549 0.067673 0.550690 0.326197 0.324611 0.144928 0.519179 -0.627402 0.490542 0.256560 0.432575 0.686131 0.248013 -0.408277 -0.304541 0.662337 0.383645 -0.418143 0.405500
VERTEX_POSE A36 0.639305 -0.329373 -0.919576 -0.193119 -0.795487 0.293498 -0.393455 -0.033183 0.011365 0.567245 0.637217 0.666253 0.543088 -0.510601 0.287927 -0.430864 -0.050169 0.622041 -0.206972 0.574128
VERTEX_POSE A37 -0.545136 0.038930 0.599016 0.434501 -0.720086 0.791350 -0.282959 -0.146070 -0.491927 -0.219683 -0.534015 -0.350094 -0.116863 0.274472 -0.068483 -0.906278 -0.026391 0.067219 0.191512 -0.785786
VERTEX_POSE A38 0.973853 -0.313467 -0.619176 0.946034 -0.686969 -0.447779 0.270388 -0.395730 -0.451538 -0.815240 -0.310766 -0.423183 -0.094390 0.846319 -0.599878 0.500315 -0.118673 -0.238055 -0.055226 0.128389
VERTEX_POSE A39 -0.242681 0.180865 -0.262040 -0.315326 -0.575654 -0.035536 0.081730 0.448541 -0.250388 -0.174984 -0.660093 0.345265 -0.836830 -0.150017 -0.056976 0.414401 -0.565583 0.901991 0.301144 -0.143870
VERTEX_POSE A40 0.879465 -0.896580 0.831931 -0.689006 0.538002 0.136238 0.730825 -0.098522 0.210046 0.125795 -0.378948 0.563692 -0.535928 0.285938 0.463872 0.403182 0.652086 -0.635920 0.017165 0.582851
VERTEX_POSE A41 -0.763205 0.868939 -0.381529 0.455393 0.703765 -0.523969 -0.265159 0.234935 0.348025 -0.564743 -0.466939 0.000154 0.151124 -0.754408 -0.170552 -0.760830 0.065899 -0.758451 0.095160 -0.391535
VERTEX_POSE A42 -0.184126 -0.460964 0.003293 -0.954813 -0.111635 -0.297981 0.007901 0.506232 -0.843131 0.311700 0.039882 -0.228727 0.335711 -0.521672 -0.224170 -0.527875 -0.638573 0.312680 0.715141 -0.249443
VERTEX_POSE A43 -0.874374 -0.495288 0.910283 0.415169 0.464928 0.551868 -0.038919 0.527186 0.088487 -0.595029 -0.554821 -0.147934 0.475018 -0.512499 0.794856 0.312939 -0.378283 -0.184202 0.566440 0.092169
VERTEX_POSE A44 0.163458 -0.023474 0.891728 0.154135 -0.568080 0.969757 -0.023007 -0.215936 0.107299 -0.791974 0.582810 -0.149659 -0.597719 -0.733409 -0.112986 -0.042505 -0.268897 0.113552 0.114777 0.059250
VERTEX_POSE A45 -0.493864 0.727218 -0.602403 -0.527593 0.136501 -0.313230 -0.364253 0.434683 -0.515235 -0.380053 0.277718 0.188703 0.484647 0.832887 -0.745953 0.625745 -0.185309 -0.210630 -0.310549 0.076696
VERTEX_POSE A46 -0.842520 0.140046 -0.940466 -0.134744 -0.043233 0.140856 -0.732054 0.494098 0.307641 0.577307 0.440139 0.328694 0.267284 0.421891 -0.684704 0.042408 0.606305 0.555569 -0.239947 0.128636
VERTEX_POSE A47 0.872393 -0.762902 -0.859975 0.191589 0.188291 -0.166471 0.450673 -0.411111 0.074005 -0.628245 -0.713213 -0.637667 0.307354 -0.083608 0.225554 -0.213004 0.500403 0.713665 0.512216 -0.254796
VERTEX_POSE A48 0.570443 -0.280592 -0.064810 0.015752 0.837035 0.053330 -0.472269 0.652764 0.309551 -0.647275 -0.655415 0.265692 -0.222489 0.340492 0.578699 -0.156543 0.166408 -0.704166 -0.532907 0.026548
VERTEX_POSE A49 -0.532533 0.901549 -0.165770 -0.878808 0.358625 0.458383 0.273820 -0.101740 -0.626363 -0.226691 0.247562 0.129112 -0.800824 0.250284 -0.582913 0.119109 -0.551260 0.202723 -0.467041 -0.749555
VERTEX_POSE A50 0.247170 0.901555 -0.028072 0.460892 0.773204 0.129668 -0.367961 -0.227451 -0.220177 -0.657710 -0.446447 0.261843 0.571150 -0.739842 -0.286593 0.261052 0.366295 -0.885444 0.194067 -0.259639
VERTEX_POSE A51 -0.550347 -0.864189 -0.896785 -0.032739 0.533827 0.566970 0.207390 0.196510 0.050345 0.653977 0.257165 0.627910 -0.317519 -0.548509 0.038965 0.653091 -0.617825 0.529359 0.044237 0.461172
VERTEX_POSE A52 -0.944314 0.474628 0.326876 -0.379136 -0.189145 -0.599065 0.270557 -0.666455 0.269362 0.288509 -0.344087 0.587078 0.355452 -0.000553 0.356221 -0.727719 -0.576952 -0.311466 -0.433175 0.323370
VERTEX_POSE A53 -0.884277 -0.553696 -0.065959 -0.372642 -0.851420 -0.272997 0.091587 -0.046500 -0.537677 -0.131066 -0.458921 0.401810 -0.735181 -0.505949 0.413632 -0.222169 0.530421 -0.551211 -0.620147 0.499898
VERTEX_POSE A54 0.367182 0.334598 0.613516 -0.022092 0.774790 -0.385970 -0.033971 -0.881683 -0.232074 0.839570 0.012568 -0.601153 0.125398 0.149475 0.533988 0.105905 -0.446767 0.388124 0.516747 -0.023090
VERTEX_POSE A55 -0.240719 0.963987 -0.134857 -0.050742 -0.201936 -0.069438 0.250291 -0.067075 -0.387560 -0.487489 0.352484 -0.862937 0.438006 -0.157253 -0.205654 -0.642419 -0.691989 -0.240876 -0.308476 0.606365
VERTEX_POSE A56 -0.432815 0.167587 0.241446 0.062990 0.898915 -0.185347 -0.042365 0.047060 -0.215394 0.635895 -0.261523 -0.621425 -0.061683 0.751088 0.464024 -0.506211 0.218936 -0.563707 -0.577744 -0.563316
VERTEX_POSE A57 -0.800733 0.435788 -0.121168 -0.140034 -0.785281 -0.212807 0.608518 0.115472 -0.719647 0.022227 0.241980 0.639184 0.255342 0.057981 0.100546 0.532914 0.586779 0.134742 -0.529165 0.761866
VERTEX_POSE A58 -0.996830 -0.067100 -0.512341 -0.705772 0.228532 0.065412 -0.116019 0.131464 -0.674726 0.304653 0.195667 -0.294433 0.046132 0.769025 -0.188960 0.752387 -0.422726 -0.646583 -0.570537 -0.417534
VERTEX_POSE A59 -0.026880 -0.732353 0.462043 0.365262 0.116370 -0.171417 -0.409320 -0.146851 -0.089667 -0.201019 0.846029 -0.598251 -0.410449 -0.392157 -0.738788 0.614579 0.152926 0.242617 0.495856 -0.292397
VERTEX_POSE A60 -0.776614 -0.814116 -0.013985 -0.117902 0.309098 0.794283 0.138806 -0.393934 -0.397873 0.701301 -0.590085 0.030977 0.499958 0.531193 -0.433332 -0.200964 0.016381 0.148575 0.445607 0.462797
VERTEX_POSE A61 -0.300339 -0.330346 -0.399097 0.119116 0.020115 -0.355099 -0.410891 -0.676101 -0.369013 -0.000835 0.519891 0.481672 0.223986 -0.450933 -0.654055 0.011324 -0.174098 -0.279173 0.883668 -0.197354
VERTEX_POSE A62 0.405389 0.521613 0.606827 -0.071986 0.839600 0.313307 0.367552 0.399734 0.642943 -0.653070 0.078501 -0.141524 0.042405 -0.769696 -0.639996 -0.254385 0.481755 -0.242569 -0.609832 -0.097622
VERTEX_POSE A63 0.279733 -0.482238 0.438133 0.324207 -0.011511 -0.623161 -0.192216 -0.314174 0.506378 0.083754 -0.470720 -0.239153 0.023044 -0.777065 -0.286773 0.945878 0.066471 -0.464563 -0.246621 0.267337
VERTEX_POSE A64 0.879122 -0.092952 0.621574 0.721518 -0.542699 -0.173871 -0.161175 0.791058 -0.295019 0.469840 -0.397745 0.168893 -0.226092 0.172317 0.026577 0.826629 0.431100 0.923851 0.137256 -0.022039
VERTEX_POSE A65 0.180771 -0.053890 -0.574454 0.630418 0.088013 0.443571 0.556861 0.050703 0.161895 -0.281935 -0.489801 -0.778426 -0.129488 -0.096781 0.314601 -0.714651 0.526730 -0.268540 0.287967 0.686085
VERTEX_POSE A66 -0.483290 -0.462788 -0.494194 -0.125103 -0.685314 -0.552726 -0.657633 -0.269796 -0.441813 -0.103641 -0.230196 -0.508668 0.121030 0.798203 0.440070 -0.548360 0.120512 -0.216544 0.491355 -0.471772
VERTEX_POSE A67 0.518427 0.577675 0.701998 -0.471602 -0.338185 0.113205 0.056016 0.772268 -0.119260 -0.017155 0.361298 -0.772012 0.017040 0.357958 0.181910 0.955592 0.067853 -0.586402 0.288307 -0.374604
VERTEX_POSE A68 0.635635 0.985040 -0.975438 0.064919 0.367926 -0.496656 -0.597847 -0.181514 0.401010 0.411513 -0.551399 -0.488273 0.579929 0.504935 -0.293755 -0.039541 -0.378223 -0.517515 0.367906 -0.514782
VERTEX_POSE A69 -0.509438 0.223746 -0.113370 -0.179069 -0.372283 0.571858 0.046738 -0.020424 -0.490864 -0.557951 0.485209 0.645504 -0.509373 0.392559 0.113998 -0.030825 -0.332326 -0.048579 -0.652760 -0.706832
VERTEX_POSE A70 -0.724254 -0.241459 -0.560042 0.213072 0.086160 0.489841 -0.330774 -0.220561 -0.036865 -0.620624 0.669440 -0.537818 0.161969 0.437023 -0.233409 0.459501 -0.036835 -0.644181 -0.517726 -0.557546
VERTEX_POSE A71 0.515100 -0.911540 0.856493 0.375913 -0.094071 -0.029085 -0.193033 0.271415 0.056494 0.423612 -0.300994 0.732871 -0.468111 -0.489078 0.223668 0.711209 -0.309320 0.639402 0.241545 0.707715
VERTEX_POSE A72 -0.272643 0.092685 0.505101 -0.723676 -0.668518 0.239832 -0.530592 0.338044 -0.577772 0.223201 -0.494037 -0.355848 0.463662 0.608164 0.608906 0.672649 0.038312 -0.333567 -0.034852 0.519925
VERTEX_POSE A73 0.091620 0.297577 0.443251 0.258259 0.974525 -0.492464 -0.301945 0.590273 0.761377 -0.213180 0.408585 -0.297439 -0.537173 -0.404633 0.241012 -0.736979 -0.193687 0.176711 0.178021 -0.532347
VERTEX_POSE A74 0.640726 -0.406828 0.766776 -0.208918 -0.629143 0.354338 0.568156 -0.514391 -0.415029 0.453002 0.603678 -0.134167 0.679753 -0.058919 -0.454139 -0.078870 -0.551083 -0.691341 -0.060856 -0.252608
VERTEX_POSE A75 0.890815 -0.930789 0.396829 0.430460 -0.236598 0.333210 0.092097 0.601881 -0.235199 -0.382894 -0.601346 -0.535674 -0.446303 0.434634 0.730117 -0.581514 -0.105399 0.116767 0.554586 -0.275873
VERTEX_POSE A76 0.597756 0.024795 0.840847 0.730665 0.111026 -0.422636 0.281586 -0.616888 0.649080 -0.045336 0.051180 -0.421647 0.004762 -0.038504 -0.386964 -0.778206 0.295882 0.269345 -0.559488 -0.726499
VERTEX_POSE A77 0.798206 0.733218 0.826310 0.656339 0.327624 0.095030 -0.290841 0.122172 0.428656 0.667959 -0.469821 -0.071205 0.619619 0.759746 -0.878918 0.202973 -0.202589 0.172209 -0.210039 0.382211
VERTEX_POSE A78 0.763207 -0.693691 0.536854 -0.377951 0.951693 0.005954 -0.331385 0.403869 -0.065576 0.560082 0.239010 -0.704748 0.383324 0.392700 0.681726 0.294037 0.573322 0.185054 0.585746 -0.544841
VERTEX_POSE A79 0.168200 0.744203 -0.223963 -0.253583 -0.051940 0.539164 -0.386098 0.658239 0.058322 -0.136751 -0.465730 -0.478566 0.560398 0.535522 -0.351681 -0.217688 -0.144167 -0.594303 -0.686143 0.205544
VERTEX_POSE A80 -0.734327 0.634768 -0.339460 0.777531 -0.313751 0.181664 -0.518587 -0.488571 -0.370769 0.690796 -0.024595 0.807566 0.263975 0.375052 -0.033589 0.252637 -0.538146 -0.419807 -0.346929 0.574829
VERTEX_POSE A81 0.010377 -0.792136 -0.491219 -0.917059 0.724897 0.263575 0.191921 0.119944 -0.719876 0.368188 -0.500434 0.535241 0.137922 -0.358896 -0.349957 -0.259385 0.643431 -0.057921 -0.860989 -0.438600
VERTEX_POSE A82 0.617853 0.880014 -0.120747 0.713679 -0.518113 -0.223312 -0.442569 0.456278 0.007777 0.315424 0.341960 -0.124674 0.579327 0.654202 -0.340120 -0.557359 0.365112 0.904901 -0.241603 0.337027
VERTEX_POSE A83 -0.678641 0.109396 0.987415 -0.601605 0.497104 0.677977 -0.228311 -0.185404 0.664673 -0.140113 -0.054788 -0.291576 -0.721938 -0.529750 -0.054319 0.337184 -0.758711 0.102905 0.541622 -0.326108
VERTEX_POSE A84 0.126100 -0.345832 0.442822 -0.289701 0.873478 0.252214 -0.184569 -0.495541 0.389090 0.379598 -0.604413 -0.202932 0.057240 -0.500863 -0.562322 0.749143 -0.028603 0.653918 0.507294 0.370732
VERTEX_POSE A85 -0.014965 0.214612 -0.507232 -0.308414 -0.743323 0.613080 -0.480671 0.467236 0.131530 -0.609287 -0.287583 0.741634 0.364646 -0.537752 0.191357 0.512634 0.438486 0.142109 0.044323 0.466411
VERTEX_POSE A86 0.080640 0.073383 -0.147442 0.347654 -0.704833 0.582070 -0.102322 -0.661202 0.569133 0.170045 0.127501 0.139666 0.740231 0.382222 0.541425 -0.074734 0.319937 0.156954 -0.638034 0.545988
VERTEX_POSE A87 0.693285 0.821755 -0.315732 0.773289 0.772393 0.291851 0.776014 0.419638 0.108310 -0.358953 0.464389 -0.785280 0.055896 -0.089935 -0.140811 0.495286 -0.485411 0.516333 -0.143254 -0.603767
VERTEX_POSE A88 0.184302 -0.349600 0.371601 0.551553 -0.528605 -0.036056 -0.359046 -0.756073 0.075669 0.658079 0.204372 -0.709044 -0.015893 0.087945 -0.689544 0.217431 -0.134303 -0.121490 -0.624891 0.600678
VERTEX_POSE A89 0.083810 -0.993717 0.340217 0.641882 0.523699 0.464341 -0.371569 -0.304212 -0.070946 -0.109227 0.627274 0.561394 -0.032592 -0.362188 0.505487 0.790281 0.264108 0.456808 -0.473709 0.559508
VERTEX_POSE A90 -0.333595 -0.910598 -0.853689 0.138551 -0.111238 0.352611 0.777022 -0.206408 0.192910 0.426310 0.547176 0.638090 -0.100808 -0.431227 -0.585344 0.358846 -0.591713 0.297767 -0.274888 -0.349160
VERTEX_POSE A91 0.407688 -0.163716 -0.642385 -0.566349 0.780494 -0.816202 0.375124 -0.232353 -0.405140 -0.870862 -0.205621 0.010234 -0.242814 0.664699 -0.166919 0.202917 0.257768 0.376442 -0.027330 -0.628858
VERTEX_POSE A92 0.783471 -0.324063 0.941120 -0.239003 -0.456186 0.269028 0.674241 -0.357456 -0.216133 0.139160 -0.793303 0.655780 0.222676 0.216851 -0.413327 0.689868 0.437061 0.529173 -0.023051 -0.069637
VERTEX_POSE A93 -0.928206 0.611015 0.753138 -0.933435 -0.271638 -0.127728 0.374814 0.627454 -0.765694 -0.125891 0.381990 0.400956 0.646683 0.219012 -0.484728 0.643838 -0.561266 -0.040871 -0.104595 -0.312090
VERTEX_POSE A94 -0.312579 0.354045 0.795748 0.757857 -0.231017 0.364814 0.213704 -0.424387 -0.245990 -0.500401 -0.235722 -0.721848 -0.259850 -0.293450 -0.339992 0.715474 -0.476085 0.411995 -0.352852 -0.671983
VERTEX_POSE A95 0.662593 0.582985 0.562694 -0.517485 0.001115 0.525263 -0.114922 0.070184 -0.398650 0.617997 -0.406719 -0.537194 -0.490311 0.447232 0.371069 -0.365684 -0.504230 0.372703 0.480357 0.612690
VERTEX_POSE A96 0.252565 -0.442875 -0.821316 0.696984 0.816375 -0.217667 -0.641228 0.534724 0.525642 0.411467 0.686189 -0.395361 0.373592 0.390828 0.339129 -0.527082 0.183085 -0.636398 0.046207 0.238638
VERTEX_POSE A97 0.204131 0.891257 -0.698446 -0.367246 0.083669 -0.109173 0.691470 0.577998 -0.164014 -0.263312 -0.319003 0.663487 0.452666 -0.531044 -0.294703 0.454005 -0.360990 -0.658875 0.203739 -0.389659
VERTEX_POSE A98 0.181020 0.160660 0.264693 0.010913 0.662930 -0.172322 -0.433137 -0.407405 0.695580 0.393225 -0.591053 -0.129670 0.528740 0.342266 0.499885 0.017192 0.565240 -0.468802 0.614740 -0.219169
VERTEX_POSE A99 -0.111800 -0.457835 -0.796754 -0.238097 0.184302 0.188720 0.704989 0.627439 -0.054706 -0.132843 -0.142147 0.411034 0.506454 -0.538346 -0.623378 0.077853 0.306225 -0.635486 0.472002 -0.450028
VERTEX_POSE A100 0.694693 0.115003 0.188185 0.453686 0.711386 0.570224 0.457171 0.023490 -0.221649 -0.603386 -0.400898 -0.756405 0.448339 0.029618 -0.082397 0.469019 -0.669466 -0.216284 0.077020 0.624234
VERTEX_POSE A101 0.456766 0.919201 0.704651 -0.776015 -0.250910 -0.452827 0.446902 0.631548 -0.239393 -0.556323 -0.013407 -0.266161 0.101662 -0.683854 0.760332 -0.139365 0.240218 -0.297812 -0.678989 0.274965
VERTEX_POSE A102 -0.596700 -0.369375 -0.940261 -0.862185 -0.909769 -0.149541 0.407683 0.481087 0.649925 -0.176323 0.585650 -0.729977 -0.097920 0.341653 0.049285 0.753999 0.237116 0.141210 0.473921 -0.502611
VERTEX_POSE A103 -0.577949 -0.792313 -0.306714 0.730010 -0.957132 0.367373 -0.496134 0.235177 0.614926 -0.038384 -0.652272 0.381475 -0.430828 0.516992 -0.231247 -0.624120 -0.501941 -0.536568 -0.420998 -0.002626
VERTEX_POSE A104 -0.451614 0.216778 0.147902 0.482244 -0.276385 0.593853 0.547916 -0.289016 -0.597451 0.453677 -0.160560 0.478795 -0.357522 -0.226505 -0.140804 0.041633 -0.862733 0.203277 0.603663 0.308346
VERTEX_POSE A105 -0.955974 0.223797 0.826515 -0.071102 -0.538913 -0.497952 0.061843 0.313274 0.175099 -0.845773 0.478531 -0.712066 -0.422658 -0.391277 0.390726 -0.319499 -0.680183 0.248352 0.011133 0.239000
VERTEX_POSE A106 -0.687135 -0.723102 -0.909885 0.160470 -0.193729 -0.225678 -0.903804 -0.152301 -0.538011 0.216419 -0.007255 0.562457 0.167955 -0.505828 -0.569799 0.327171 -0.237085 -0.136323 -0.032435 -0.815279
VERTEX_POSE A107 -0.853858 -0.758428 -0.011251 0.212909 0.834641 -0.271231 0.334417 0.045186 -0.658340 -0.696049 0.046072 0.236900 0.042118 -0.607197 0.370775 -0.092577 0.770824 -0.547199 0.627166 0.181597
VERTEX_POSE A108 0.842232 -0.042984 0.652824 -0.414764 0.788711 -0.556052 -0.569493 0.509992 -0.278348 0.460245 0.412035 -0.503135 -0.200516 -0.750483 0.585340 -0.566893 0.050308 -0.132515 -0.319809 0.066181
VERTEX_POSE A109 -0.923928 -0.416793 0.626968 0.782519 -0.242036 -0.503973 -0.267191 0.059408 -0.149247 -0.147267 -0.512525 0.317849 -0.596181 0.648498 0.230292 -0.697027 -0.532494 0.754767 0.256210 -0.172303
VERTEX_POSE A110 0.314342 0.985775 0.764786 0.959326 -0.217299 0.700888 -0.593560 0.189737 0.388652 0.630714 -0.366012 -0.540736 -0.226543 0.210923 0.238761 0.320734 0.715912 -0.091121 0.309344 0.522510
VERTEX_POSE A111 -0.892095 -0.408217 -0.686636 -0.637233 -0.525040 -0.717877 0.208162 -0.173764 -0.328450 -0.525014 -0.665687 0.576882 -0.306894 -0.412157 0.151059 0.378085 -0.139983 -0.145473 -0.666256 0.580687
VERTEX_POSE A112 0.086450 -0.208929 -0.864250 0.865461 -0.517139 -0.314761 0.516948 -0.566190 0.255434 -0.614738 0.033265 0.867369 0.259109 -0.307645 0.053937 -0.354686 -0.647401 0.283620 0.402395 0.405645
VERTEX_POSE A113 -0.067805 0.865789 -0.355961 0.673005 0.264588 0.590937 -0.043455 -0.316642 -0.182893 0.396053 -0.463080 0.414957 0.392764 0.744847 0.646382 -0.298198 -0.254002 0.165364 0.773348 -0.256867
VERTEX_POSE A114 -0.570735 0.701179 -0.699221 -0.238837 0.972063 0.293407 -0.061924 -0.520465 0.535261 -0.624423 0.370214 0.107031 -0.545399 -0.538120 -0.676296 -0.545752 0.265616 -0.398215 -0.104674 -0.481594
VERTEX_POSE A115 -0.787450 0.445239 0.578572 -0.424240 -0.643661 0.653157 0.302867 0.455400 -0.082454 0.311585 -0.662660 0.210114 -0.572485 -0.382583 -0.486670 -0.463045 0.442786 0.534408 -0.518688 -0.105182
VERTEX_POSE A116 0.917231 0.080401 0.136807 -0.635409 0.521265 0.103700 0.565988 0.095227 -0.763497 0.531175 0.213433 -0.579127 -0.364242 -0.590858 -0.260024 -0.483914 0.627599 0.057597 0.175115 -0.449871
VERTEX_POSE A117 0.509904 -0.225438 0.153338 -0.891184 -0.732769 -0.830175 -0.300807 -0.459195 0.175946 -0.640923 0.208019 -0.407068 0.596567 0.444614 0.162404 0.335870 -0.546009 0.296265 0.173298 -0.500060
VERTEX_POSE A118 0.905835 0.266994 -0.737160 -0.650952 -0.871268 0.645890 -0.213929 -0.052351 -0.494287 -0.055402 0.232094 -0.161879 0.525402 0.597695 -0.155641 0.616170 -0.724718 -0.536729 -0.543556 -0.246852
VERTEX_POSE A119 0.101533 0.730801 -0.491592 0.916144 0.992661 -0.361768 0.561727 0.427867 0.559864 0.537284 -0.442064 -0.050179 0.138637 -0.563096 -0.727122 0.245589 -0.443932 0.156374 0.562366 0.327652
VERTEX_POSE A120 -0.406286 -0.219155 -0.506445 0.750698 0.790930 0.496782 -0.179323 -0.657473 -0.621590 0.606334 -0.372670 -0.009505 -0.077038 -0.338589 -0.326930 -0.468423 0.372483 -0.509764 -0.612248 -0.418880
VERTEX_POSE A121 -0.427760 0.356396 -0.590849 0.487599 0.017494 -0.196514 0.695311 0.225888 -0.488523 -0.497459 -0.300587 -0.186284 -0.396200 0.890110 -0.533392 0.334807 0.139234 0.635231 -0.002524 0.216655
VERTEX_POSE A122 -0.490779 -0.432916 -0.133977 -0.650205 0.773155 0.442164 -0.439410 0.122376 0.315132 0.621651 0.305625 -0.229260 -0.516270 -0.269689 0.032522 -0.368837 0.854663 0.807196 -0.133767 -0.297383
VERTEX_POSE A123 -0.622815 0.456782 -0.565326 -0.488305 -0.665256 0.513893 0.490821 -0.380983 -0.588946 -0.087772 -0.327993 -0.421037 0.387033 -0.597070 0.185798 0.528251 0.068965 0.421027 -0.567933 -0.621308
VERTEX_POSE A124 -0.355966 -0.032589 -0.837711 0.554165 0.745857 0.541879 0.368951 0.402435 -0.390403 -0.471501 -0.213036 0.626823 -0.110148 -0.763558 0.354034 -0.747020 0.333665 0.188960 -0.267190 0.313543
