VERTEX_POSE A0 -0.804146 -0.341737 -0.096811 -0.079724 -0.114769 0.502105 -0.528046 0.519242 0.035886 0.988487 0.401087 -0.388515 -0.086540 -0.293815 0.849407 0.219797 -0.723391 -0.431710 -0.021639 -0.521634
VERTEX_POSE A1 -0.360366 -0.536681 -0.447786 -0.340353 -0.923964 -0.278723 -0.411956 0.035032 0.585930 -0.486965 -0.908969 -0.494266 0.062973 -0.298330 0.380335 -0.768606 0.679213 -0.773931 -0.638248 -0.176468
VERTEX_POSE A2 0.458969 0.081197 0.236000 -0.065503 -0.632639 0.672634 -0.130775 0.359184 0.898539 0.256830 -0.865381 -0.388776 -0.890060 0.007064 0.189504 0.689477 0.959108 -0.757137 0.818214 -0.471474
VERTEX_POSE A3 0.781348 0.109000 0.075900 -0.364526 -0.096177 0.289766 -0.395817 0.481698 0.059591 -0.543574 0.150160 -0.125138 0.264562 0.659203 0.810361 0.181862 -0.104040 0.071653 0.458021 0.255029
VERTEX_POSE A4 -0.624918 -0.235038 0.358730 0.713582 -0.812649 0.553520 0.193235 -0.621951 0.227429 -0.293012 0.859472 0.836966 -0.628075 -0.206004 0.446453 0.968598 0.189250 -0.459542 -0.115167 -0.515122
VERTEX_POSE A5 -0.876363 0.714318 0.927615 -0.244207 -0.401458 -0.865430 -0.657213 -0.139559 0.587745 -0.468625 0.050808 0.588177 -0.243693 0.852710 0.535376 -0.745115 -0.828504 0.329795 0.754743 -0.632587
VERTEX_POSE A6 0.255839 -0.577106 -0.989529 0.424659 0.733972 0.479481 0.372394 0.583502 0.243584 0.551851 -0.371252 0.133382 -0.165403 0.207314 -0.135607 -0.226505 0.424454 0.659190 -0.487920 -0.241873
VERTEX_POSE A7 0.194626 0.123549 -0.414046 -0.978393 -0.543731 0.787844 -0.437515 -0.640927 0.388897 -0.158972 0.001472 0.774968 0.748243 0.448611 0.007402 0.046243 -0.510222 -0.216952 0.800588 -0.739778
VERTEX_POSE A8 -0.953055 -0.554497 -0.822848 0.038139 0.942825 -0.089948 0.560094 -0.039703 0.036285 0.076610 -0.882921 0.568306 -0.594695 -0.027099 -0.725375 -0.422785 0.084085 -0.275094 -0.286777 -0.381175
VERTEX_POSE A9 -0.923080 0.634139 0.204822 0.388976 0.326997 -0.493544 -0.504097 0.096888 -0.808649 0.267952 0.006628 -0.073025 0.497593 -0.641873 -0.007696 -0.572922 -0.653556 -0.005473 0.034231 -0.233139
VERTEX_POSE A10 0.151184 -0.166494 -0.630162 -0.595768 -0.208542 0.093310 0.991908 0.535373 0.956302 -0.183641 -0.662943 -0.188832 -0.622207 0.413134 -0.537415 -0.473999 0.051706 -0.733035 0.394478 -0.941044
VERTEX_POSE A11 0.270363 0.159436 0.335583 -0.353996 0.327117 -0.168978 -0.301132 0.841006 0.112869 -0.356730 -0.006031 0.599477 -0.098415 -0.167121 -0.441242 0.610464 -0.006149 -0.565873 -0.561502 -0.424591
VERTEX_POSE A12 -0.249924 0.237591 0.064776 -0.280097 0.417438 0.549736 -0.165273 -0.214676 -0.101952 -0.384679 -0.800407 0.712370 0.579055 -0.328418 -0.556411 0.564240 -0.525099 0.084554 -0.554845 -0.257862
VERTEX_POSE A13 -0.618992 0.626290 0.154619 -0.011373 0.397158 0.136238 0.864001 -0.005682 0.834515 0.404857 -0.496266 -0.435953 0.713747 0.758222 -0.548755 0.488602 -0.836256 0.695724 0.177821 0.411895
VERTEX_POSE A14 0.507361 -0.794872 0.800996 -0.260438 0.366512 -0.542458 0.108586 -0.143340 -0.410562 -0.133544 0.050660 -0.356766 0.478992 -0.331962 -0.295148 0.069393 0.766982 0.278887 0.700800 0.182811
VERTEX_POSE A15 0.601734 -0.400467 0.042729 -0.513117 -0.192105 0.402412 0.676227 0.369610 -0.180550 -0.572467 0.481317 -0.719231 0.361103 -0.478565 0.451580 -0.383125 -0.627986 0.407618 0.140443 -0.300393
VERTEX_POSE A16 0.304434 -0.917118 -0.179247 0.932553 -0.277775 -0.635050 -0.655183 -0.110930 0.252335 -0.605609 0.227320 0.214346 -0.152779 0.912172 -0.630345 -0.007265 0.243067 0.440483 -0.533707 -0.386194
VERTEX_POSE A17 -0.200764 0.369169 0.062856 0.015308 -0.064040 0.510835 -0.135017 0.472423 -0.551745 0.035928 -0.314189 -0.566822 -0.958260 0.299862 0.265983 -0.107941 0.718807 -0.649375 0.655488 0.671267
VERTEX_POSE A18 -0.581931 -0.411151 -0.537372 -0.777410 -0.375320 0.702540 0.657381 0.505388 0.218382 -0.784886 0.718072 -1.077551 0.742181 0.794146 -0.759034 -0.265832 -0.761018 -0.358198 -0.858552 0.652646
VERTEX_POSE A19 -0.191419 0.232351 0.117316 -0.657836 0.001157 0.019556 0.658624 0.701569 0.651652 -0.111991 -0.019420 0.409134 -0.585455 0.416140 0.197838 0.316273 -0.597747 0.631310 0.375501 -0.084054
VERTEX_POSE A20 -0.670967 0.022726 -0.284176 -0.618153 0.069677 0.089010 0.288735 0.686471 -0.232224 -0.570538 -0.715919 0.736967 -0.099452 -0.046548 0.679010 0.594215 -0.577682 -0.602464 0.810634 -0.330641
VERTEX_POSE A21 -0.907561 -0.545763 -0.163200 -0.551442 -0.524611 -0.331709 -0.611558 -0.290302 0.163741 0.378187 -0.548037 0.016607 -0.173069 0.962689 -0.709740 0.819317 0.181868 -0.848170 -0.376802 -0.125603
VERTEX_POSE A22 0.138012 -0.493917 -0.959161 0.579090 -0.869891 -0.531237 0.887607 0.353534 0.688328 -0.042293 0.117606 -0.848489 -0.581437 -0.470389 -0.291961 -0.457781 1.113156 -0.238458 0.529886 -0.137286
VERTEX_POSE A23 -0.566946 0.069591 0.537446 0.374158 0.042235 -0.448586 -0.203716 -0.057059 0.525340 -0.281233 -0.395415 0.276595 0.545510 0.236968 0.184511 -0.286679 0.225287 -0.129056 0.322578 -0.581290
VERTEX_POSE A24 0.012625 -0.642477 0.885409 0.005399 -0.308114 1.015080 0.430628 -0.425194 -0.663722 0.657737 -0.330994 0.098724 -0.852773 0.073802 0.193530 0.315679 0.704019 -0.079869 -0.282064 -0.856188
VERTEX_POSE A25 0.888931 0.134123 -0.427639 0.154549 -0.614900 -0.391492 0.040419 0.951699 1.038438 -0.726184 0.483895 0.036790 -0.763433 -0.704173 0.185243 0.387750 -0.595908 0.850658 0.853669 0.007502
VERTEX_POSE A26 0.430288 -0.051581 0.130904 -0.109072 -0.034572 0.910544 0.226738 -0.316742 0.493182 -0.730849 0.770949 0.572259 0.741993 -0.313367 0.397740 0.528273 0.979585 -0.643899 0.746608 0.469179
VERTEX_POSE A27 -0.260965 0.654388 0.828965 0.191094 0.017978 -0.127828 0.123203 0.205895 -0.459810 -0.690035 0.180259 0.307673 0.074944 -0.323448 -0.477133 0.052723 -0.751295 0.524705 -0.570680 -0.285394
VERTEX_POSE A28 0.387124 -0.192830 0.370386 0.767341 0.266842 -0.188675 0.043056 -0.198186 0.159330 0.746172 0.268125 -0.098993 0.181792 -0.720731 -0.727881 0.252297 0.065622 -0.349675 -0.259883 0.296547
VERTEX_POSE A29 -0.671337 -0.716229 -0.536488 0.471287 0.501616 -0.779328 0.873747 -0.157026 0.569676 0.305898 -1.004889 -0.513347 -0.433105 -0.107875 -0.534091 -0.268477 -0.584821 -0.219538 -0.642022 -0.375162
VERTEX_POSE A30 -0.238450 0.569288 0.559852 0.171477 0.536757 -0.597232 0.497353 0.885656 0.737146 0.595106 -0.016994 0.651320 -0.584389 0.444414 -0.357956 -0.794500 0.095325 0.370000 -0.122746 0.773339
VERTEX_POSE A31 0.582978 0.465433 -0.726425 -0.312383 -0.847927 -0.355933 0.593224 0.541469 0.708911 -0.198948 -0.195991 -0.119359 0.905835 -0.700770 0.781108 0.519138 0.639257 0.490315 0.111768 -0.512539
VERTEX_POSE A32 -0.031703 -0.252909 0.015726 -0.869066 0.577652 -0.079136 0.644204 0.663586 -0.765356 -0.700032 0.446621 -0.188208 0.849137 -0.554411 0.871505 0.069040 0.803521 -0.725206 0.531088 0.565742
VERTEX_POSE A33 -0.779482 -0.349515 -0.204148 -0.894026 0.904118 -0.743919 -0.770582 -0.182077 -0.141552 -0.626267 0.910890 0.717173 -0.111879 0.632471 0.697572 -0.804692 -0.611487 0.277532 -0.073265 -0.120877
VERTEX_POSE A34 0.364326 -0.425567 0.349475 0.323092 0.055896 0.815503 -0.544504 -0.253888 0.213533 0.011629 0.361056 -0.099281 0.287914 0.638756 -0.107983 0.558967 -0.785525 0.714692 0.742284 0.151873
VERTEX_POSE A35 0.343379 0.512053 -0.625544 0.844516 0.765003 -0.627515 0.279630 0.536449 -0.741985 0.145243 0.574209 0.684293 -0.579738 0.833727 -0.183989 -0.536719 0.466393 0.568295 1.022708 0.489151
VERTEX_POSE A36 -0.655845 -0.635197 -0.276533 -0.138233 -0.497340 -0.841652 0.068131 -0.112888 0.719704 -0.346261 0.925489 -0.843263 -0.533889 0.892350 0.173281 0.925342 0.562270 -0.336740 0.902790 0.314887
VERTEX_POSE A37 -0.379835 -0.002673 0.359946 -0.252249 -0.210132 -0.243564 0.845737 -0.678427 0.404149 0.017223 -0.833306 -0.475915 0.355642 0.069526 0.033735 -0.781587 -0.620867 1.067397 0.369733 0.211329
VERTEX_POSE A38 -0.461995 -0.364399 -0.039589 0.866123 -0.778728 -1.193065 0.087380 -0.087270 -0.594063 -0.305696 0.481250 0.084234 0.751384 -0.604681 0.327216 -0.559215 0.579115 -0.044284 -0.956063 -0.975814
VERTEX_POSE A39 -0.608900 -0.189694 -0.099381 0.899906 -0.554515 -0.181674 0.272838 -0.363359 0.510194 0.767620 -0.192235 0.410325 -0.700018 -0.189646 0.494021 -0.139764 -0.714659 -0.684065 -0.020778 -0.676745
VERTEX_POSE A40 -0.302915 -0.368534 -0.435233 -0.863273 -0.883134 0.356135 0.344500 1.130718 0.620925 0.213380 -0.344367 -0.720529 0.934719 -0.224156 0.668172 0.096158 -0.473021 -0.446123 -0.793640 0.076916
VERTEX_POSE A41 0.689189 0.469107 0.330249 -0.729645 0.012730 0.297694 0.904682 0.632984 -0.596756 -0.001759 0.263518 0.863428 -0.034912 -0.473288 0.020320 -0.613058 0.362991 -0.479798 0.474715 -0.771357
VERTEX_POSE A42 0.661463 0.969742 -0.763798 -0.454090 0.772602 0.444358 -0.609661 0.382300 -0.191171 0.490755 0.624079 0.990007 0.080706 -0.148338 -0.325551 -0.572526 -0.606256 -0.156108 -0.630588 0.647526
VERTEX_POSE A43 0.447161 0.869057 0.629543 -0.143370 0.534303 0.118634 0.017881 0.800304 -0.395641 -0.151134 0.784600 -0.403047 0.432669 0.077659 -0.368356 0.933595 -0.053840 0.925426 0.493141 0.245232
VERTEX_POSE A44 -0.929803 0.095398 -0.515132 0.258982 -0.590111 0.408161 -0.353998 -0.755312 -0.758181 0.809342 -0.227374 -0.885065 -0.853805 -0.186823 0.163867 0.180177 -0.738838 -0.150365 0.180113 -0.609308
VERTEX_POSE A45 0.168824 -0.825130 -0.962802 0.285472 0.139114 -0.968613 0.115607 -0.181424 -0.138583 0.690380 -0.821534 -0.575940 -0.750697 -0.446159 -0.050087 0.731319 -0.016642 -0.622828 0.301967 0.878852
VERTEX_POSE A46 0.048895 -0.531410 -0.327728 0.343513 -0.657802 0.794029 -0.572688 -0.559537 -0.056716 0.584354 -0.539307 -0.636881 -0.796901 0.098350 0.102385 -0.287544 -0.204060 0.581085 0.016834 0.855694
VERTEX_POSE A47 0.374631 0.178280 0.305620 0.191535 0.132114 -0.079045 0.616347 -0.633372 -0.187672 -0.378427 0.522664 -0.875589 -0.561289 -0.470295 -0.589097 0.606970 0.143977 -0.428939 0.364143 0.650311
VERTEX_POSE A48 0.968060 0.544039 0.100053 -0.699220 -0.924926 -0.044528 0.584243 0.000108 -0.129586 -0.017254 0.833349 0.001477 -0.722718 -0.625234 -0.798836 -0.572808 0.370153 0.881110 -0.491123 0.459205
VERTEX_POSE A49 0.466964 0.057439 0.134900 0.566103 -0.033121 -0.726404 -0.179019 0.745848 0.284157 -0.472509 0.410634 0.457558 -1.131177 -0.319701 -0.180372 -0.429936 0.775003 -1.027750 -0.432262 -0.691971
VERTEX_POSE A50 -0.816788 -0.589369 -0.577063 0.533699 -0.866729 -0.211970 0.382269 0.559317 -0.783602 -0.320835 -0.446047 0.621200 -0.510351 -0.334331 -0.130293 -0.795368 0.700413 -0.314642 -0.136734 -0.216056
VERTEX_POSE A51 -0.702907 -0.433235 0.815878 -0.317372 0.144751 -0.317199 -0.187827 -0.224774 -0.093622 -0.160016 0.685561 -0.142134 -0.732904 0.294807 0.318645 0.418677 0.530892 0.827368 -0.377268 -0.162417
VERTEX_POSE A52 0.559403 0.511676 0.971701 -0.985339 0.442268 -0.677943 0.610800 0.491662 0.806420 0.428272 0.677488 0.118121 -0.683755 0.000294 -0.069607 -0.647453 0.839590 0.588222 0.177516 -0.262850
VERTEX_POSE A53 0.321224 -0.083287 -0.536224 0.112789 -0.736620 0.281544 -0.505459 -0.535354 0.636167 0.653698 0.508844 0.640537 -0.301079 -0.275497 0.564204 -0.561264 0.534165 0.426539 0.553215 -0.698403
VERTEX_POSE A54 -0.269853 0.636356 0.353324 -0.943214 -0.813014 0.460177 0.720217 -0.752405 0.436168 0.728559 0.826108 -0.317236 -0.171196 -0.171503 -0.415989 0.489260 -0.483569 0.956842 -0.522536 -0.281811
VERTEX_POSE A55 -0.427973 0.869199 0.857109 0.020060 -0.865846 0.026439 -0.961493 -0.191831 -0.643719 0.397550 0.453636 0.343910 -0.061448 -0.057149 -0.687473 0.078935 -0.943156 -0.634526 -0.562199 0.522681
VERTEX_POSE A56 0.210155 -0.949164 0.036137 -0.732661 -0.351520 -0.442355 0.211653 0.990634 -0.646654 -0.626844 -0.198842 -0.602497 -0.091836 -0.156507 0.112632 -0.658641 0.170830 -0.493126 0.593910 -0.397656
VERTEX_POSE A57 -0.839564 -0.415225 -0.515772 -0.052287 0.152414 -0.522945 -0.665993 0.660855 -0.600650 0.782053 0.467797 0.333590 -0.262256 0.760268 -0.813749 -0.017927 -0.290588 -0.314350 -0.618292 -0.434195
VERTEX_POSE A58 0.311063 0.523587 0.686074 -0.788846 0.152132 -0.491540 -0.218691 0.179162 -0.688352 -0.318526 -0.661188 0.512284 -0.228799 -0.663379 0.110080 0.599229 -0.459569 0.366889 -0.750926 0.063679
VERTEX_POSE A59 -0.402721 -0.141994 -0.593477 -0.965320 0.915322 0.534873 0.520581 0.239728 -0.132400 0.576937 -0.211011 -0.373825 0.151889 -0.782473 -0.742114 -0.006353 0.547272 0.231275 -0.648547 -0.183900
VERTEX_POSE A60 -0.510901 -0.131454 -0.052261 -0.580999 -0.345969 -0.169630 0.977414 0.087847 0.762765 0.055345 0.473447 -0.121650 -0.050676 -0.690005 -0.460220 -0.368874 0.503013 -0.519614 0.100737 0.382342
VERTEX_POSE A61 -0.927388 0.092876 0.245926 0.382631 -0.311111 0.166244 -0.147923 0.765070 -0.195129 -0.587835 0.494709 1.022544 0.068390 0.113508 0.010777 0.614247 0.031553 0.255033 -0.653497 -0.576643
VERTEX_POSE A62 -0.819743 -0.676561 -0.319902 -0.277703 -0.932604 0.353127 0.050849 0.828446 -0.714085 -0.667630 0.443907 0.336356 -0.607829 -0.642414 -0.327124 -0.456241 -0.085372 0.730301 -0.601809 0.291103
VERTEX_POSE A63 0.457396 0.615637 0.963465 -0.450065 -0.768317 -0.350895 -0.511309 -1.052359 0.566919 0.404855 -0.024683 -0.693710 -0.801562 0.534195 -0.842984 0.714194 0.417788 -0.578687 0.627168 -0.635043
VERTEX_POSE A64 -0.706870 0.743361 -0.958222 0.488605 -0.406993 0.199916 0.004053 -0.743917 0.624080 0.024500 -0.361415 -0.494775 -0.493660 -0.464933 0.554255 -0.542336 0.271665 0.060215 0.668299 -0.105215
VERTEX_POSE A65 0.544583 -0.102129 -0.970427 -0.954611 0.123292 0.443576 -0.734762 -0.873036 0.076114 0.096789 0.956348 0.564098 -0.930488 0.615578 -0.896798 -0.098246 -0.176120 0.898235 0.840910 -0.212332
VERTEX_POSE A66 -0.199225 0.127689 -0.662078 -0.605549 0.996686 -0.424145 -0.599372 0.752781 -0.588003 0.590466 -0.693752 -0.554328 -0.514044 -0.821491 -0.744398 -0.657712 0.070705 0.830942 -0.820241 -0.591356
VERTEX_POSE A67 -0.362714 -0.891836 -0.234755 -0.649628 0.095667 -0.553814 -0.320085 -0.531341 0.796464 -0.503476 0.252475 -0.062936 0.694480 0.450884 -0.558775 -0.488548 0.832915 0.013056 -0.424854 -0.119640
VERTEX_POSE A68 -0.835252 0.895198 0.389518 -0.206860 0.913161 0.755485 -0.138840 0.063096 0.019047 0.161948 -0.761904 0.193391 0.585910 0.504537 0.565874 0.125745 -0.266384 0.112813 -0.732704 0.177381
VERTEX_POSE A69 0.338781 0.763290 0.298332 -0.739426 -0.782042 0.301176 -0.574459 -0.603377 0.025086 0.199221 0.851389 0.508976 0.698668 -0.449210 -0.868246 0.574340 -0.406844 0.596315 0.521669 0.059971
VERTEX_POSE A70 0.028386 -0.081530 0.665864 -0.749722 0.541153 -0.428895 0.840257 -0.651319 -0.846285 0.314132 0.643624 0.498749 -0.121723 0.498900 0.720719 0.585015 -0.333997 -0.336916 -0.787450 -0.763495
VERTEX_POSE A71 -0.138167 -0.473336 0.954286 -0.070133 -0.969974 0.598734 -0.782700 0.278347 0.281435 0.470684 0.733381 -0.629616 -0.214668 -0.051031 0.247884 -0.224177 -0.527136 0.524064 0.489584 -0.523823
VERTEX_POSE A72 0.027969 0.232398 -0.371419 -0.469070 0.230689 0.243951 0.268926 0.883611 0.195225 0.664901 0.206340 -0.028406 0.733166 -0.070291 -0.889388 -0.194232 0.599097 -0.679403 0.511230 -0.404756
VERTEX_POSE A73 -0.310151 -0.111788 0.902066 -0.203812 0.313755 0.082960 -0.024649 0.911224 -0.500112 0.154170 0.197940 0.492043 -0.536074 0.491002 0.805981 0.753309 -0.048833 0.402323 -0.656769 -0.444515
VERTEX_POSE A74 -0.691007 -0.604279 0.583829 0.786497 0.564330 0.137777 1.022446 -0.099083 0.572971 -0.062281 -0.684333 0.250517 -0.207334 -0.395312 -0.170235 0.063191 0.176528 -0.812388 0.052298 -0.658352
VERTEX_POSE A75 0.098166 -0.672205 0.113449 0.789912 0.640577 0.746460 0.829574 -0.078758 -0.682388 0.563819 0.179290 0.290903 -0.589536 -0.245205 -0.492907 0.153652 -0.802144 0.178586 0.071299 -0.800264
VERTEX_POSE A76 0.858674 0.063083 0.939263 -0.918340 -0.547131 0.173423 0.822813 0.202488 0.921568 -0.678082 -0.042788 -0.064564 -0.333070 0.045426 0.432848 0.415686 -1.052548 -0.711043 -0.394872 -0.650935
VERTEX_POSE A77 0.357888 -0.135689 -0.743899 0.130010 0.906528 -0.168648 -0.736305 0.781554 -0.756548 0.433814 0.633896 0.229172 -0.658504 -0.056449 -0.818016 -0.530948 -0.610799 -0.402792 0.197093 -0.309524
VERTEX_POSE A78 -0.527203 0.506075 -0.580931 -0.018553 -0.227309 0.202710 0.789377 -0.642684 -0.940248 -0.456575 -0.516524 -0.138677 0.321183 -0.579301 -0.607574 0.642531 0.684195 0.415141 -0.371881 -0.048221
VERTEX_POSE A79 0.826734 -0.392878 0.039317 -0.617559 -0.472056 -0.855100 -0.037760 0.207464 -0.193590 0.564958 -0.883859 -0.522901 -0.049303 -0.226115 0.344784 -0.517552 -0.544101 -0.284713 -0.806934 -0.265733
VERTEX_POSE A80 -0.175148 0.921750 0.391001 -0.303887 -0.126594 -0.449059 0.092795 -0.670423 -0.737341 -0.967912 0.225384 0.177537 -0.206114 0.669484 0.466330 -0.619986 -0.780133 0.763894 -0.453334 0.144085
VERTEX_POSE A81 -0.343991 0.916705 -0.157994 -0.484853 -0.094038 -0.131025 -0.161349 -0.288971 0.827501 0.646195 -0.111055 -0.190445 0.071520 -0.998425 -0.255286 0.577451 -0.137262 0.619979 -0.636846 -0.276059
VERTEX_POSE A82 -0.876173 0.173887 -0.144806 0.065068 0.672695 1.015707 -0.684270 -0.182880 0.537391 -0.364543 0.043333 0.697264 0.674853 -0.735442 -0.055921 0.705607 -0.643392 -0.591231 -0.777743 -1.081276
VERTEX_POSE A83 -0.615745 0.433426 0.362702 -0.289226 -0.684325 0.758584 0.584632 0.748071 0.015356 0.040148 -0.419298 -0.055737 0.467503 -0.546042 -0.989410 0.556329 0.512988 0.157011 0.843155 -0.534452
VERTEX_POSE A84 0.977233 -0.166581 0.305782 0.627936 0.169342 0.593250 -0.359441 0.535665 -0.658728 -0.002050 0.778698 -0.052350 -0.281966 -0.200294 -0.128371 0.721501 -0.083846 -0.504289 -0.574565 -0.344878
VERTEX_POSE A85 -0.146026 -0.189758 -0.791482 0.121854 0.859681 -0.167722 0.741339 -0.025610 -0.950812 -0.381854 -0.468785 0.331843 -0.541544 0.220997 -0.320326 -0.382399 0.812626 -0.420217 0.431961 0.625995
VERTEX_POSE A86 -0.043718 0.302626 0.219811 0.730834 -0.550172 0.933688 0.529939 -0.520158 0.421488 -0.316259 0.413436 0.508736 0.447887 0.667448 -0.492067 0.912822 0.488578 -0.296482 0.472830 -0.715947
VERTEX_POSE A87 0.187388 -0.115745 -0.658081 0.895274 0.817822 0.658007 -0.717793 -0.218663 -0.287901 0.179357 0.305200 0.320286 -0.121304 0.929603 -0.374643 -0.459625 0.371685 -0.630839 -0.619187 -0.116130
VERTEX_POSE A88 0.014410 0.395017 -0.307254 -0.930432 0.012095 -0.160161 0.369432 -0.152431 -0.720663 0.254556 0.722243 0.820574 0.158895 0.313056 0.082787 -0.881442 0.583217 0.324013 0.571595 0.589212
VERTEX_POSE A89 -0.732655 -0.173787 -0.094115 0.941987 0.601961 0.397473 0.578373 0.577287 -0.092289 0.786133 0.840819 -0.821057 0.708875 -0.333418 -0.611144 0.369522 -0.529639 -0.930625 -0.699017 0.805156
VERTEX_POSE A90 0.784666 0.742261 -0.251558 0.929954 0.733144 -0.726112 -0.692966 -0.369961 0.529216 -0.584833 0.520878 -0.072920 -0.124366 -0.010417 0.642908 -0.412048 -0.741372 0.128271 0.484693 -0.533370
VERTEX_POSE A91 0.503509 -0.736436 0.640485 -0.511431 0.666126 -0.166445 -0.004654 0.586263 -0.067653 0.831083 0.299155 -0.154200 0.578109 0.814383 0.917360 0.715953 -0.475084 -0.961182 0.532877 -0.706651
VERTEX_POSE A92 -0.660043 0.919089 -0.848189 0.324618 -0.709150 0.598336 -0.192465 -0.551933 0.930873 0.103047 0.634364 -0.321529 0.522990 0.383569 -0.212522 -0.779831 0.680719 -0.032477 -0.666946 -0.237869
VERTEX_POINT L0 0.964924 -0.934300 0.428539 -0.347748 0.800539
VERTEX_POINT L1 -0.039095 0.879200 0.603951 0.038504 0.897808
VERTEX_POINT L2 -0.366913 0.662449 -0.806411 -0.186777 -0.116143
VERTEX_POINT L3 0.509507 -0.036429 0.458112 -0.302359 -0.076168
VERTEX_POINT L4 0.761680 0.006889 0.941872 0.432955 0.894494
VERTEX_POINT L5 0.270373 0.770613 -0.041166 0.163595 0.979524
VERTEX_POINT L6 0.674255 -0.141231 -0.152370 0.490781 -0.163008
VERTEX_POINT L7 0.100461 -0.229820 0.240205 0.693529 -0.887548
VERTEX_POINT L8 -0.701241 -0.310916 -0.375302 0.413873 0.520677
VERTEX_POINT L9 -0.463913 0.385433 -0.198084 -0.579352 -0.132982
VERTEX_POINT L10 -0.871570 -0.997423 0.868786 -0.775541 0.343141
VERTEX_POINT L11 -0.011392 0.577296 -0.473237 -0.789938 -0.165568
VERTEX_POINT L12 -0.154919 0.781154 -0.614255 -0.792855 -0.568652
VERTEX_POINT L13 0.226597 -0.669627 -0.017765 -0.985629 -0.016282
VERTEX_POINT L14 -0.152718 -0.359621 -0.533973 -0.708278 0.287301
VERTEX_POINT L15 -0.797031 -0.354535 -0.358155 0.337154 -0.662124
VERTEX_POINT L16 0.699394 0.836447 0.401304 -0.004181 0.756409
VERTEX_POINT L17 -0.325984 0.247501 0.505343 -0.325837 0.815245
VERTEX_POINT L18 0.027821 -0.432785 -0.967153 -0.966733 0.211282
VERTEX_POINT L19 -0.644598 0.753153 -0.756690 0.510965 -0.337629
VERTEX_POINT L20 -0.202157 -0.578613 -0.639462 0.739231 0.487940
VERTEX_POINT L21 0.412076 -0.999359 0.395549 -0.255959 0.526957
VERTEX_POINT L22 -0.667365 -0.413429 0.549092 0.138901 0.831713
VERTEX_POINT L23 0.651817 0.231630 -0.430944 -0.138915 0.347620
VERTEX_POINT L24 -0.631642 0.303266 -0.384640 -0.525125 0.976785
VERTEX_POINT L25 0.520023 0.470826 0.891011 0.034175 0.649535
VERTEX_POINT L26 -0.333773 -0.373353 0.261802 -0.069347 -0.640285
VERTEX_POINT L27 -0.364297 -0.870521 0.521245 -0.583138 0.578746
VERTEX_POINT L28 0.304689 0.213087 -0.360548 -0.035870 0.382679
VERTEX_POINT L29 -0.830264 -0.109789 -0.097713 0.419222 -0.974159
VERTEX_POINT L30 -0.024340 -0.951432 0.673056 0.741480 0.869596
VERTEX_POINT L31 0.269613 0.278786 -0.932009 0.616382 0.183218
VERTEX_POINT L32 0.130641 -0.230589 -0.493763 -0.542275 0.923649
VERTEX_POINT L33 0.608748 0.711017 0.866644 -0.445297 -0.246547
VERTEX_POINT L34 -0.220880 -0.757643 0.526103 -0.685978 -0.892950
VERTEX_POINT L35 -0.107679 0.776300 -0.551890 0.890680 0.818143
VERTEX_POINT L36 -0.120879 0.481630 -0.174522 0.718298 -0.267023
VERTEX_POINT L37 -0.546626 0.101126 -0.626267 0.804803 -0.055958
VERTEX_POINT L38 0.992782 -0.453520 0.688314 0.584210 0.930595
VERTEX_POINT L39 0.177880 -0.829286 0.450175 0.132171 -0.746346
VERTEX_POINT L40 -0.010538 -0.513442 0.175649 -0.774549 0.811060
VERTEX_POINT L41 -0.878788 -0.450943 0.557100 0.808669 0.273736
VERTEX_POINT L42 -0.833512 0.748010 0.976939 0.342233 0.088086
VERTEX_POINT L43 0.834542 -0.732288 0.561394 -0.567404 -0.757592
VERTEX_POINT L44 0.347809 -0.120570 -0.460665 0.823040 -0.742546
VERTEX_POINT L45 0.013770 -0.611611 -0.557034 0.633955 -0.624612
VERTEX_POINT L46 -0.962489 -0.086824 -0.796760 0.769750 -0.419716
VERTEX_POINT L47 0.047203 -0.284123 0.940639 -0.181141 -0.986136
VERTEX_POINT L48 0.687786 0.635889 0.948309 -0.691882 -0.809367
VERTEX_POINT L49 0.065333 0.480391 -0.763914 0.803017 0.791566
VERTEX_POINT L50 0.402605 -0.530970 -0.816052 -0.670176 -0.323765
VERTEX_POINT L51 -0.514371 -0.942723 -0.691153 -0.952651 0.678572
VERTEX_POINT L52 -0.522591 0.481032 0.631635 -0.452942 0.318523
VERTEX_POINT L53 0.735240 0.055602 0.733040 0.468725 -0.492052
VERTEX_POINT L54 -0.862554 0.288906 -0.122097 -0.091565 0.026193
VERTEX_POINT L55 -0.154233 -0.215702 -0.753005 0.021932 0.295308
VERTEX_POINT L56 0.255263 -0.473572 0.624051 -0.497099 -0.842517
VERTEX_POINT L57 -0.196327 0.915554 -0.860295 0.839088 0.385908
VERTEX_POINT L58 0.481470 -0.086222 0.768240 0.438794 -0.125946
VERTEX_POINT L59 -0.440048 0.739514 -0.736497 0.467031 0.540161
VERTEX_POINT L60 -0.026591 -0.194235 0.041991 0.258310 0.411749
VERTEX_POINT L61 -0.542869 -0.037655 0.441296 0.180274 -0.256350
VERTEX_POINT L62 0.829565 0.018301 -0.668505 0.083412 -0.276621
VERTEX_POINT L63 -0.895950 0.575175 0.548229 0.716035 0.335398
VERTEX_POINT L64 -0.934122 -0.326637 0.307940 0.734977 0.497103
VERTEX_POINT L65 -0.391316 0.260658 0.857598 0.397435 -0.169571
VERTEX_POINT L66 -0.003629 0.351476 0.996338 0.606715 0.153541
VERTEX_POINT L67 -0.055001 -0.845007 -0.866582 0.453275 -0.769920
VERTEX_POINT L68 0.062059 -0.638217 -0.768668 0.202238 0.774471
VERTEX_POINT L69 -0.010847 0.897956 0.684653 0.190925 0.084137
VERTEX_POINT L70 -0.877121 -0.674293 0.583593 -0.414553 -0.516266
VERTEX_POINT L71 -0.948479 -0.151658 0.406981 0.427689 0.585531
VERTEX_POINT L72 0.110366 -0.552987 0.241753 -0.000406 -0.642127
VERTEX_POINT L73 -0.710633 -0.926283 0.560532 0.927680 0.571820
VERTEX_POINT L74 0.886063 0.116054 -0.031625 0.860285 0.827939
VERTEX_POINT L75 -0.541825 0.326443 0.781088 -0.177366 -0.384673
VERTEX_POINT L76 0.303137 -0.537894 -0.996502 0.561635 0.947208
VERTEX_POINT L77 0.923574 -0.970770 0.171615 0.630034 -0.591777
VERTEX_POINT L78 0.505377 -0.957680 0.721726 0.641493 -0.370809
VERTEX_POINT L79 -0.009077 -0.902005 0.951807 0.869753 -0.862160
VERTEX_POINT L80 -0.011093 0.509621 0.407701 0.433051 -0.800211
VERTEX_POINT L81 -0.092018 -0.488650 0.905675 0.971317 0.305426
VERTEX_POINT L82 0.476552 -0.844728 -0.739346 0.917102 0.816413
VERTEX_POINT L83 0.466316 -0.009347 0.039336 0.980109 0.518312
VERTEX_POINT L84 -0.356778 0.566952 0.638715 0.440042 0.813374
VERTEX_POINT L85 0.613997 0.444178 0.138557 -0.174463 -0.157395
VERTEX_POINT L86 -0.687917 0.774952 0.286331 0.002042 -0.186380
VERTEX_POINT L87 0.898485 -0.906621 0.262766 0.942943 0.970857
VERTEX_POINT L88 -0.582330 0.359732 0.278261 -0.335375 -0.771487
VERTEX_POINT L89 0.793553 -0.311271 0.054571 -0.559164 0.687674
VERTEX_POINT L90 -0.541563 0.832894 0.526269 0.409974 0.511019
VERTEX_POINT L91 0.391079 -0.834504 -0.679747 0.922935 0.640262
VERTEX_POINT L92 -0.749317 0.651075 -0.504133 0.621110 -0.568676
VERTEX_POINT L93 -0.711998 -0.148806 0.857764 -0.506614 -0.765602
VERTEX_POINT L94 0.495129 0.740672 0.868482 0.638970 -0.024339
VERTEX_POINT L95 -0.683438 -0.675563 0.803807 0.356088 0.928426
VERTEX_POINT L96 -0.103314 -0.888148 0.715362 0.890820 0.064827
VERTEX_POINT L97 -0.508500 0.092147 0.864820 0.245685 -0.870798
VERTEX_POINT L98 0.261561 -0.520570 0.937224 -0.190637 -0.841494
VERTEX_POINT L99 0.958745 -0.526365 0.946694 0.093058 -0.160702
VERTEX_POINT L100 0.480653 -0.009897 0.549473 -0.563390 0.213339
VERTEX_POINT L101 0.384440 -0.194863 0.520818 0.394810 -0.357760
VERTEX_POINT L102 -0.989734 0.321977 0.353675 -0.479253 -0.575171
VERTEX_POINT L103 -0.408981 0.437116 -0.208774 0.436204 0.571212
VERTEX_POINT L104 0.673807 -0.121146 0.081350 0.322490 -0.785940
VERTEX_POINT L105 0.896329 -0.561969 -0.677950 -0.618968 -0.747232
VERTEX_POINT L106 0.049193 -0.236442 -0.427687 -0.741162 -0.813461
VERTEX_POINT L107 -0.023056 0.340960 0.084848 -0.115875 -0.838732
VERTEX_POINT L108 0.819903 -0.532739 0.493665 -0.988934 -0.339010
VERTEX_POINT L109 -0.445430 -0.194122 -0.705960 0.900331 -0.184270
VERTEX_POINT L110 0.967868 0.438955 0.036654 -0.246122 -0.700892
VERTEX_POINT L111 -0.191190 0.976882 -0.098634 0.444117 -0.139221
VERTEX_POINT L112 0.462552 0.317229 -0.800286 0.871648 -0.878844
VERTEX_POINT L113 0.444419 0.594226 0.297308 -0.329020 -0.884480
VERTEX_POINT L114 -0.724874 -0.032465 0.940702 0.424227 -0.620909
VERTEX_POINT L115 -0.894226 -0.115820 0.838430 0.311690 0.934531
VERTEX_POINT L116 0.058417 0.038404 -0.564135 0.496518 -0.041874
VERTEX_POINT L117 -0.412791 -0.257513 0.227033 -0.573731 0.192711
VERTEX_POINT L118 -0.995741 -0.022440 0.101196 0.254634 0.905388
VERTEX_POINT L119 0.476087 -0.601864 0.714126 -0.838857 0.186639
VERTEX_POINT L120 -0.619239 0.431216 -0.718397 -0.132895 -0.119616
VERTEX_POINT L121 -0.537304 -0.189547 -0.372535 -0.335393 0.416407
VERTEX_POINT L122 -0.132834 -0.436368 -0.965621 -0.915922 -0.173098
VERTEX_POINT L123 -0.368555 0.082290 -0.222530 -0.511785 0.311708
VERTEX_POINT L124 -0.249302 0.661647 -0.514771 0.157993 0.650805
VERTEX_POINT L125 -0.637705 -0.695696 0.902860 0.723047 0.802562
VERTEX_POINT L126 -0.051993 0.406728 -0.418724 0.844303 0.240134
VERTEX_POINT L127 0.647384 0.773499 -0.799408 0.048813 -0.284368
VERTEX_POINT L128 -0.146206 0.396451 0.767680 -0.031267 0.931764
VERTEX_POINT L129 -0.790432 0.886158 -0.481499 -0.346334 0.398640
VERTEX_POINT L130 0.606129 -0.752866 -0.852714 -0.858129 0.554930
VERTEX_POINT L131 -0.665553 -0.613446 0.317153 0.405343 0.145103
VERTEX_POINT L132 0.594007 -0.308705 -0.960681 -0.951525 -0.959120
VERTEX_POINT L133 0.616395 0.569111 0.500961 -0.337382 0.979759
VERTEX_POINT L134 -0.074534 0.823670 -0.891621 -0.158453 -0.283686
VERTEX_POINT L135 0.267814 0.570149 0.120669 0.370965 -0.745060
VERTEX_POINT L136 0.512723 -0.992859 0.823011 0.043650 -0.767473
VERTEX_POINT L137 0.974659 -0.412772 -0.319308 0.100385 -0.097147
VERTEX_POINT L138 -0.755241 -0.088891 -0.794484 -0.744910 -0.583793
VERTEX_POINT L139 0.332627 -0.525598 0.316676 0.054716 -0.106483
VERTEX_POINT L140 -0.470771 0.393106 -0.025268 0.000716 0.718584
VERTEX_POINT L141 -0.787374 -0.649936 0.242171 0.008968 -0.284685
VERTEX_POINT L142 -0.858563 -0.548716 -0.781958 -0.501166 0.754296
VERTEX_POINT L143 0.991781 -0.289665 0.174447 -0.127636 0.839740
VERTEX_POINT L144 0.657046 0.944290 -0.460521 0.679948 -0.169164
VERTEX_POINT L145 -0.583437 0.418819 -0.841257 0.923061 -0.866613
VERTEX_POINT L146 -0.902445 0.594515 0.012876 -0.815945 0.774271
VERTEX_POINT L147 -0.284537 -0.017306 -0.024657 0.176466 0.788961
VERTEX_POINT L148 0.003771 -0.838694 0.385776 -0.650671 0.326097
VERTEX_POINT L149 -0.898185 -0.427925 -0.885928 0.438688 0.679659
VERTEX_POINT L150 -0.808450 0.380830 -0.310530 0.337609 -0.024400
VERTEX_POINT L151 0.384533 0.592522 0.667379 0.216434 -0.793518
VERTEX_POINT L152 -0.435490 0.382528 -0.258463 -0.896704 0.096066
VERTEX_POINT L153 0.058716 0.944463 -0.276152 0.421686 0.802502
VERTEX_POINT L154 -0.984022 -0.325188 -0.555151 0.704649 0.518190
VERTEX_POINT L155 0.315208 0.044175 0.226766 0.261288 -0.253129
VERTEX_POINT L156 0.421010 -0.751234 -0.373291 0.144734 0.605064
VERTEX_POINT L157 -0.036015 -0.918461 0.026126 0.548952 -0.241676
VERTEX_POINT L158 -0.037408 -0.182326 0.427358 -0.689898 0.462503
VERTEX_POINT L159 -0.725196 0.645218 -0.605611 -0.886534 0.536828
VERTEX_POINT L160 0.173552 0.967697 0.544627 -0.797382 -0.843036
VERTEX_POINT L161 -0.431279 0.064808 0.574644 -0.548027 0.017433
VERTEX_POINT L162 -0.390748 -0.968228 0.711542 0.518809 -0.318069
VERTEX_POINT L163 -0.232441 -0.341008 0.583945 -0.748907 -0.802156
VERTEX_POINT L164 -0.814885 -0.366081 0.075605 0.114592 -0.002808
VERTEX_POINT L165 0.534717 0.855441 0.819921 -0.639643 0.398246
VERTEX_POINT L166 -0.964626 -0.770859 -0.295386 0.622058 -0.547217
VERTEX_POINT L167 0.697839 -0.358940 -0.101383 -0.841758 0.229719
VERTEX_POINT L168 0.509376 -0.557331 -0.499386 0.460742 -0.698901
VERTEX_POINT L169 -0.719867 0.140250 -0.089870 0.877148 -0.131009
VERTEX_POINT L170 0.030465 0.115462 -0.784708 0.212958 -0.876765
VERTEX_POINT L171 -0.961395 0.835775 0.475346 -0.538542 -0.980318
VERTEX_POINT L172 -0.507241 0.490314 -0.847699 -0.113884 0.584306
VERTEX_POINT L173 0.171902 0.566746 -0.566666 0.711792 0.877531
VERTEX_POINT L174 -0.969613 -0.453890 -0.350207 0.333823 0.859422
VERTEX_POINT L175 -0.850195 0.434604 -0.308220 -0.433935 -0.584859
VERTEX_POINT L176 0.588465 -0.014434 -0.407923 0.634852 -0.989082
VERTEX_POINT L177 -0.872058 -0.859375 0.662669 0.517878 0.633693
VERTEX_POINT L178 -0.134732 -0.582702 0.667123 0.742531 -0.795897
VERTEX_POINT L179 -0.407763 0.146871 0.977853 0.984182 0.337015
VERTEX_POINT L180 -0.770243 -0.287300 0.776741 -0.043434 0.313352
VERTEX_POINT L181 0.056818 0.798129 -0.643407 0.080140 0.179703
VERTEX_POINT L182 0.976770 -0.260607 0.645232 0.200616 0.543497
VERTEX_POINT L183 -0.205733 -0.904773 -0.481722 0.059862 -0.590582
VERTEX_POINT L184 -0.884467 0.742591 0.080441 -0.498174 -0.017795
VERTEX_POINT L185 0.992747 0.414205 -0.909919 -0.094735 0.061687
VERTEX_POINT L186 -0.890525 0.139402 0.745044 -0.678850 0.156289
VERTEX_POINT L187 0.536543 0.991358 0.707150 0.646560 -0.412731
VERTEX_POINT L188 -0.043268 0.495744 0.116207 -0.545783 0.820011
VERTEX_POINT L189 0.072067 0.957076 0.172402 -0.368748 -0.381208
VERTEX_POINT L190 0.811348 0.636575 -0.898461 0.760026 -0.875903
VERTEX_POINT L191 -0.869716 0.463441 -0.339167 -0.343165 0.976975
VERTEX_POINT L192 0.640787 0.021884 -0.252953 0.083225 0.636225
VERTEX_POINT L193 -0.579400 0.668347 0.813082 0.278835 -0.193971
VERTEX_POINT L194 -0.102157 -0.877567 -0.755222 -0.092072 -0.825181
VERTEX_POINT L195 0.825902 0.655803 0.822652 -0.802183 -0.366583
VERTEX_POINT L196 0.955317 0.523788 0.633003 0.639192 -0.795726
VERTEX_POINT L197 -0.066783 -0.648426 -0.050608 -0.470014 -0.372398
VERTEX_POINT L198 0.523741 -0.703137 -0.278732 -0.643942 0.863136
VERTEX_POINT L199 0.464693 0.966458 -0.866383 0.099934 -0.494627
VERTEX_POINT L200 0.213350 0.491824 0.859523 -0.592865 0.496593
VERTEX_POINT L201 -0.445794 0.412325 -0.063439 0.569017 0.986371
VERTEX_POINT L202 0.503299 0.802233 0.608963 0.561392 -0.474945
VERTEX_POINT L203 0.706109 -0.017863 -0.988176 0.293251 0.080898
VERTEX_POINT L204 0.726109 -0.020928 0.369895 0.280808 0.863902
VERTEX_POINT L205 0.533685 -0.651657 -0.741245 -0.104785 -0.615522
VERTEX_POINT L206 0.855914 -0.583259 -0.296396 0.859316 0.496040
VERTEX_POINT L207 0.314574 0.964637 0.961972 -0.084339 0.874820
VERTEX_POINT L208 0.661628 -0.511032 0.921424 -0.586907 -0.981829
VERTEX_POINT L209 -0.278818 -0.165961 -0.629273 0.601847 0.700142
VERTEX_POINT L210 0.906810 0.111508 0.939825 -0.100158 0.211836
VERTEX_POINT L211 0.891384 0.201667 0.698165 0.369659 0.331523
VERTEX_POINT L212 0.777999 -0.367832 -0.272680 -0.318014 -0.120154
VERTEX_POINT L213 0.883580 0.850901 0.585057 -0.899542 -0.244667
VERTEX_POINT L214 -0.314349 0.296895 -0.783558 -0.570480 0.740941
VERTEX_POINT L215 0.893532 -0.625241 0.807761 0.183812 0.862051
VERTEX_POINT L216 0.876327 0.265106 0.675138 0.005722 0.817020
VERTEX_POINT L217 -0.204873 -0.563703 0.961486 -0.249329 -0.102771
VERTEX_POINT L218 0.430076 -0.633883 0.514912 -0.169628 -0.550680
VERTEX_POINT L219 -0.166941 -0.239150 -0.208656 0.459939 0.637031
VERTEX_POINT L220 0.867193 -0.606627 0.133889 0.381923 0.516021
VERTEX_POINT L221 0.241424 -0.997308 0.616451 -0.409602 -0.426583
VERTEX_POINT L222 -0.036657 -0.775709 0.452177 -0.883226 0.614006
VERTEX_POINT L223 0.507981 0.415257 0.880935 -0.534852 0.152246
VERTEX_POINT L224 0.662023 0.671039 0.429533 0.869233 0.379446
VERTEX_POINT L225 0.861187 -0.653275 0.696956 0.024702 0.788825
VERTEX_POINT L226 0.333883 0.071060 0.703587 -0.337036 0.785663
VERTEX_POINT L227 0.617340 0.194828 0.062536 0.508425 0.583720
VERTEX_POINT L228 -0.205596 -0.301701 -0.353652 0.554688 -0.583573
VERTEX_POINT L229 -0.142376 0.367923 -0.575144 0.019023 0.648798
VERTEX_POINT L230 0.082034 0.161285 0.196153 -0.391641 -0.910907
VERTEX_POINT L231 -0.992247 -0.809878 -0.494129 0.961823 0.913019
VERTEX_POINT L232 0.411830 -0.219752 0.361417 -0.411961 0.635169
VERTEX_POINT L233 -0.414668 -0.036482 -0.194884 -0.830249 -0.385852
VERTEX_POINT L234 0.713862 0.172260 -0.482305 0.255074 -0.006083
VERTEX_POINT L235 0.137939 0.759320 -0.268688 0.868848 0.499071
VERTEX_POINT L236 -0.880982 0.311861 0.063872 0.064967 -0.001374
VERTEX_POINT L237 0.569776 0.589001 0.221299 0.114390 -0.510043
VERTEX_POINT L238 -0.547487 0.723957 -0.306717 -0.215492 0.373892
VERTEX_POINT L239 0.780645 0.800829 -0.014704 0.478059 0.016797
VERTEX_POINT L240 -0.709042 -0.576960 0.592026 -0.283763 -0.809900
VERTEX_POINT L241 -0.640677 -0.164535 -0.366892 0.684351 -0.414272
VERTEX_POINT L242 0.672030 0.002497 -0.316539 -0.152282 -0.651681
VERTEX_POINT L243 -0.931043 0.055208 -0.680654 0.398223 0.069945
VERTEX_POINT L244 -0.757097 -0.313633 -0.781835 0.784808 0.341061
VERTEX_POINT L245 -0.642319 -0.700609 -0.100097 0.277239 -0.910740
VERTEX_POINT L246 0.962489 0.429968 -0.872893 -0.417965 -0.068004
VERTEX_POINT L247 -0.880770 0.951473 0.893302 -0.209469 0.158081
VERTEX_POINT L248 0.152807 -0.264312 -0.138611 -0.972091 -0.013511
VERTEX_POINT L249 0.392565 0.796084 0.642019 0.412407 0.381316
VERTEX_POINT L250 -0.047711 -0.287677 -0.315353 -0.749530 -0.204888
VERTEX_POINT L251 0.020001 0.129061 0.995278 0.409832 -0.497490
VERTEX_POINT L252 -0.366011 0.798777 0.258470 -0.997195 0.954733
VERTEX_POINT L253 0.915633 -0.063386 -0.863176 -0.632756 -0.590882
VERTEX_POINT L254 -0.472018 -0.455681 0.876213 0.874979 0.654756
VERTEX_POINT L255 -0.703988 0.469816 -0.311997 0.872038 0.334179
VERTEX_POINT L256 0.776819 0.283339 0.833780 0.391946 -0.802057
VERTEX_POINT L257 0.861865 0.615378 0.579801 -0.462056 0.440418
VERTEX_POINT L258 0.913352 -0.335356 0.750539 0.380463 -0.082101
VERTEX_POINT L259 -0.428777 0.981638 -0.519872 -0.053366 -0.385631
VERTEX_POINT L260 -0.280511 -0.016699 -0.995343 0.556966 0.089216
VERTEX_POINT L261 -0.004614 0.825929 -0.053308 0.988822 0.006992
VERTEX_POINT L262 -0.421024 -0.828240 -0.014001 -0.091543 -0.472612
VERTEX_POINT L263 -0.868681 0.763549 0.366073 -0.854994 -0.275614
VERTEX_POINT L264 0.580718 -0.210552 0.751808 -0.841427 0.621140
VERTEX_POINT L265 -0.707162 0.344020 0.503694 -0.836469 0.521306
VERTEX_POINT L266 0.269258 0.522869 -0.902615 -0.986147 -0.776543
VERTEX_POINT L267 0.699736 -0.898691 -0.184320 0.223540 -0.380234
VERTEX_POINT L268 0.862614 -0.066979 -0.275007 0.277921 -0.988737
VERTEX_POINT L269 0.721771 0.246826 -0.209332 -0.201638 0.597349
VERTEX_POINT L270 0.480381 0.902138 0.800976 -0.298401 0.636562
VERTEX_POINT L271 -0.846428 0.356062 -0.682981 0.994158 -0.798637
VERTEX_POINT L272 -0.918906 -0.917708 0.423776 -0.517288 -0.816923
VERTEX_POINT L273 0.152411 -0.095365 -0.515564 0.549317 0.984881
VERTEX_POINT L274 -0.777471 -0.588730 -0.363635 0.392381 0.271308
VERTEX_POINT L275 -0.676003 -0.231342 0.641941 -0.732480 0.524138
VERTEX_POINT L276 0.510092 0.204027 0.384339 -0.173444 -0.925859
VERTEX_POINT L277 -0.814982 0.841238 -0.236528 0.974417 -0.796696
VERTEX_POINT L278 -0.556773 -0.279869 0.535243 0.058051 -0.317781
VERTEX_POINT L279 -0.337101 0.939715 -0.754271 -0.145535 0.060631
VERTEX_POINT L280 0.577583 0.637322 -0.594509 0.386824 0.584619
VERTEX_POINT L281 0.395517 0.432454 -0.780110 0.308521 0.477331
VERTEX_POINT L282 0.682900 0.068776 -0.758993 -0.735703 0.563141
VERTEX_POINT L283 -0.788428 0.436098 0.663961 0.389629 0.539352
VERTEX_POINT L284 0.311149 -0.630931 -0.643286 0.675765 0.886450
VERTEX_POINT L285 -0.789119 0.613095 -0.882780 -0.860724 0.217897
VERTEX_POINT L286 -0.492416 -0.094086 -0.648036 0.261667 -0.126469
VERTEX_POINT L287 0.087968 0.652408 -0.809506 0.067711 -0.915608
VERTEX_POINT L288 -0.927254 0.228473 0.697021 -0.322781 -0.341685
VERTEX_POINT L289 -0.579064 0.570558 -0.897497 -0.357871 0.791430
VERTEX_POINT L290 0.659191 0.634045 -0.329378 -0.985656 -0.301238
VERTEX_POINT L291 -0.207765 -0.788226 0.701678 -0.765814 0.747531
VERTEX_POINT L292 0.416322 0.396487 0.049195 -0.369049 -0.201579
VERTEX_POINT L293 -0.761833 0.805806 0.656622 -0.077199 0.226150
VERTEX_POINT L294 -0.076446 0.975324 0.067751 -0.620809 -0.528083
VERTEX_POINT L295 -0.002959 -0.814065 -0.198996 -0.210475 -0.580439
VERTEX_POINT L296 -0.468994 0.149825 0.160316 0.086332 -0.252544
VERTEX_POINT L297 -0.807188 0.498193 0.165136 -0.606955 -0.304626
VERTEX_POINT L298 -0.303223 -0.712756 0.616684 -0.986936 0.039327
VERTEX_POINT L299 -0.606380 -0.917153 0.885309 -0.635747 -0.241281
VERTEX_POINT L300 0.914583 -0.254981 0.955804 0.191406 -0.707277
VERTEX_POINT L301 -0.822842 -0.810618 0.417660 -0.285337 -0.324111
VERTEX_POINT L302 -0.452808 0.438908 -0.797672 -0.641588 -0.039919
VERTEX_POINT L303 0.995677 -0.172689 0.379580 0.674118 -0.524200
VERTEX_POINT L304 0.329568 0.094017 0.902096 -0.736020 -0.339230
VERTEX_POINT L305 -0.230279 0.850178 -0.161308 0.750793 -0.768611
VERTEX_POINT L306 -0.680326 0.595969 0.021521 0.941639 0.999938
VERTEX_POINT L307 -0.160340 -0.701956 0.286435 0.090536 -0.265088
VERTEX_POINT L308 -0.045261 0.691416 0.602164 0.725210 -0.565307
VERTEX_POINT L309 -0.237098 -0.683900 -0.443235 -0.000310 -0.317843
VERTEX_POINT L310 0.502559 -0.762241 0.532164 0.945001 0.795542
VERTEX_POINT L311 -0.467678 0.328737 -0.992345 0.112034 -0.980688
VERTEX_POINT L312 -0.841581 0.748555 -0.223345 -0.691789 -0.840512
VERTEX_POINT L313 0.185459 0.306535 0.773171 -0.790702 0.358683
VERTEX_POINT L314 -0.256106 -0.235164 0.671616 -0.498337 0.558664
VERTEX_POINT L315 0.469568 -0.882377 0.133369 0.983976 -0.954062
VERTEX_POINT L316 0.396340 -0.080370 0.890391 -0.651427 -0.423420
VERTEX_POINT L317 0.251478 0.670750 -0.976420 0.763330 -0.567804
VERTEX_POINT L318 -0.442464 0.770031 0.323863 0.051686 -0.869670
VERTEX_POINT L319 0.469086 -0.851897 0.587412 0.025793 0.234895
VERTEX_POINT L320 0.672414 0.241308 -0.873917 -0.594541 -0.776375
VERTEX_POINT L321 -0.783272 0.404077 0.994486 0.066031 -0.170908
VERTEX_POINT L322 -0.738679 -0.640122 0.289090 0.259979 -0.017574
VERTEX_POINT L323 0.088737 -0.362204 0.175278 0.036410 0.022047
VERTEX_POINT L324 -0.545105 0.209882 0.651107 0.988832 -0.944759
VERTEX_POINT L325 0.184876 -0.664799 -0.643159 0.639170 0.454343
VERTEX_POINT L326 -0.914223 -0.176270 0.976282 0.825935 0.441608
VERTEX_POINT L327 -0.014099 -0.640292 -0.188577 0.075164 -0.197303
VERTEX_POINT L328 0.377688 0.833394 0.521976 -0.967785 -0.850283
VERTEX_POINT L329 -0.217446 0.110974 0.592966 0.838999 -0.519065
VERTEX_POINT L330 0.379521 -0.557446 -0.303268 0.439418 0.561416
VERTEX_POINT L331 0.292271 -0.421587 0.477780 0.223621 -0.557560
VERTEX_POINT L332 -0.040288 0.300356 0.010626 -0.446338 0.156824
VERTEX_POINT L333 0.926714 0.881462 -0.100941 0.797829 -0.478503
VERTEX_POINT L334 0.287949 0.405723 -0.142640 -0.102260 -0.081760
VERTEX_POINT L335 -0.710720 -0.605627 -0.087278 -0.182357 0.817594
VERTEX_POINT L336 -0.303565 0.731640 0.737751 0.548622 -0.247114
VERTEX_POINT L337 0.607623 0.001692 0.878881 -0.160622 -0.081822
VERTEX_POINT L338 0.128940 -0.307583 -0.800843 0.908179 -0.447495
VERTEX_POINT L339 0.651174 0.423056 0.339916 0.273833 0.187579
VERTEX_POINT L340 -0.629475 0.317793 -0.564354 0.839068 0.600334
VERTEX_POINT L341 -0.368500 -0.069824 0.731321 0.853180 -0.651952
VERTEX_POINT L342 -0.816504 -0.248206 0.347571 -0.614133 0.206891
VERTEX_POINT L343 -0.471057 0.066347 0.212301 -0.852721 0.759823
VERTEX_POINT L344 0.816959 -0.763289 0.504492 -0.937522 0.706731
VERTEX_POINT L345 -0.072610 0.516629 0.019187 -0.112470 -0.234445
VERTEX_POINT L346 0.998511 0.183971 -0.654330 -0.868745 0.805760
VERTEX_POINT L347 0.213299 0.156341 0.394883 -0.588949 -0.716689
VERTEX_POINT L348 -0.821132 0.187380 0.042767 -0.349141 0.197751
VERTEX_POINT L349 -0.443952 -0.045998 0.669533 0.182942 0.936090
VERTEX_POINT L350 -0.317615 0.304444 -0.017704 0.436844 0.518205
VERTEX_POINT L351 0.851282 -0.571312 0.168849 0.056318 0.421376
VERTEX_POINT L352 -0.227225 -0.641922 0.664019 -0.751028 -0.234818
VERTEX_POINT L353 -0.056293 0.664321 -0.728615 -0.303177 -0.499369
VERTEX_POINT L354 -0.059981 0.066484 -0.655872 -0.907272 -0.556577
VERTEX_POINT L355 0.227670 0.567961 0.315126 -0.762196 -0.179577
VERTEX_POINT L356 -0.871418 0.999522 -0.371774 -0.664007 0.954974
VERTEX_POINT L357 0.025796 0.890214 -0.679590 0.918663 0.885031
VERTEX_POINT L358 -0.786429 0.927668 -0.873451 0.312969 0.623120
VERTEX_POINT L359 0.506270 0.832916 -0.849798 -0.631792 -0.895308
VERTEX_POINT L360 0.808350 0.001188 0.913376 0.757662 -0.634034
VERTEX_POINT L361 0.593093 -0.629777 -0.176719 -0.247614 0.184536
VERTEX_POINT L362 -0.201458 -0.588671 0.627982 0.591829 -0.452868
VERTEX_POINT L363 -0.231938 -0.698455 -0.075999 -0.688675 0.522790
VERTEX_POINT L364 0.519807 -0.748315 0.722340 -0.449784 0.706033
VERTEX_POINT L365 -0.913510 0.817053 -0.514658 -0.510432 0.465371
VERTEX_POINT L366 0.057343 -0.304082 0.836723 0.128967 0.340384
VERTEX_POINT L367 -0.783758 0.983325 0.460091 -0.901162 -0.541080
VERTEX_POINT L368 0.694113 -0.181255 -0.635776 0.328947 -0.616451
VERTEX_POINT L369 -0.813717 0.388335 -0.964120 0.037147 0.892889
VERTEX_POINT L370 0.867416 0.406381 -0.199993 0.372671 0.646498
VERTEX_POINT L371 -0.935362 -0.863462 -0.200130 0.168015 0.983884
VERTEX_POINT L372 -0.182217 -0.681489 0.767201 -0.109673 -0.759063
VERTEX_POINT L373 -0.949088 -0.841825 -0.852422 0.758537 -0.146611
VERTEX_POINT L374 -0.406419 0.202885 -0.987829 0.315294 0.743706
VERTEX_POINT L375 -0.365259 -0.444778 0.271694 -0.047196 0.947668
VERTEX_POINT L376 -0.021698 0.674804 0.166764 -0.353933 0.618945
VERTEX_POINT L377 -0.407907 -0.613145 -0.642159 0.446549 0.549466
VERTEX_POINT L378 0.848040 0.711562 -0.333423 0.363855 -0.769022
VERTEX_POINT L379 0.157170 -0.137816 -0.790469 0.296926 -0.183304
VERTEX_POINT L380 0.148141 0.340857 -0.972625 -0.370509 0.485556
VERTEX_POINT L381 -0.469575 0.016006 0.648873 -0.199300 0.749183
VERTEX_POINT L382 0.008453 0.290872 0.378381 -0.646756 -0.761927
VERTEX_POINT L383 0.920916 0.698936 0.691394 -0.121537 -0.749262
VERTEX_POINT L384 0.474132 -0.319673 0.920258 0.497522 -0.750185
VERTEX_POINT L385 0.948472 -0.642644 0.722508 -0.554027 -0.318504
VERTEX_POINT L386 0.148586 0.266896 0.006520 0.116268 0.071161
VERTEX_POINT L387 0.602715 -0.320150 -0.451516 0.833515 -0.795211
VERTEX_POINT L388 -0.025732 -0.752430 -0.957082 -0.635364 -0.433473
VERTEX_POINT L389 0.362158 0.194565 0.133069 -0.570764 -0.305718
VERTEX_POINT L390 0.108985 -0.487234 -0.301314 -0.798277 -0.690519
VERTEX_POINT L391 -0.217381 0.248759 0.956294 -0.877702 -0.067507
VERTEX_POINT L392 -0.044749 0.564787 0.956350 0.181623 0.878818
VERTEX_POINT L393 0.907526 -0.075905 -0.673332 0.793552 -0.143388
VERTEX_POINT L394 0.550681 0.550303 -0.119705 -0.566377 -0.544717
VERTEX_POINT L395 -0.524943 0.816472 0.678690 0.731838 0.584852
VERTEX_POINT L396 0.994017 -0.258852 -0.187989 -0.716880 -0.678016
VERTEX_POINT L397 -0.391977 -0.753778 -0.282982 0.562590 0.795667
VERTEX_POINT L398 -0.308701 0.799797 0.138781 0.830676 -0.956229
VERTEX_POINT L399 0.688130 0.559893 0.176234 0.612067 -0.294467
VERTEX_POINT L400 -0.205694 0.634557 -0.247101 -0.400263 0.688556
VERTEX_POINT L401 -0.441285 0.206179 0.938788 0.203347 0.690270
VERTEX_POINT L402 0.752768 0.696431 0.976104 -0.219918 -0.310584
VERTEX_POINT L403 0.612089 0.953068 -0.479900 0.490063 0.929493
VERTEX_POINT L404 -0.390373 0.364354 -0.913634 -0.038116 -0.456341
VERTEX_POINT L405 -0.653651 -0.100684 0.988276 -0.904624 -0.566878
VERTEX_POINT L406 -0.753170 -0.491710 0.791794 -0.557132 0.877161
VERTEX_POINT L407 0.587929 0.039158 0.253130 0.607951 -0.837396
VERTEX_POINT L408 -0.061558 0.286172 -0.653883 0.541925 0.982589
VERTEX_POINT L409 -0.905130 -0.780148 -0.541629 0.806723 -0.891861
VERTEX_POINT L410 -0.254901 0.901342 0.462661 -0.095123 -0.020700
VERTEX_POINT L411 -0.913418 -0.372971 -0.626508 -0.828584 0.468145
VERTEX_POINT L412 -0.374704 0.235858 -0.892757 -0.392577 0.857322
VERTEX_POINT L413 0.753552 0.192215 -0.158958 0.258122 0.217373
VERTEX_POINT L414 -0.992502 -0.674035 -0.935114 0.049880 0.718883
VERTEX_POINT L415 -0.900572 0.916186 -0.972499 -0.895055 -0.892863
VERTEX_POINT L416 0.702024 0.549571 -0.436450 0.704094 0.898868
VERTEX_POINT L417 0.156085 0.592861 0.071405 -0.833852 -0.209955
VERTEX_POINT L418 0.702143 -0.403965 -0.424015 0.938460 -0.688074
VERTEX_POINT L419 -0.323708 0.797141 -0.393532 -0.931270 -0.534604
VERTEX_POINT L420 -0.481758 -0.212575 -0.795525 -0.404616 0.484326
VERTEX_POINT L421 -0.188873 0.108801 0.274671 -0.859817 -0.378593
VERTEX_POINT L422 0.458910 0.045900 -0.437238 -0.808972 0.397889
VERTEX_POINT L423 0.473493 -0.647787 -0.839176 0.777007 0.363145
VERTEX_POINT L424 -0.281346 -0.967104 0.601339 0.933735 0.478019
VERTEX_POINT L425 0.009591 -0.403797 0.443058 -0.375349 0.853173
VERTEX_POINT L426 0.948550 -0.831315 0.839514 0.508845 -0.052004
VERTEX_POINT L427 -0.287329 -0.225955 -0.586650 -0.783145 0.800003
VERTEX_POINT L428 0.617615 -0.157575 -0.839924 -0.812759 0.648840
VERTEX_POINT L429 -0.360151 0.968482 -0.021705 0.339521 -0.008233
VERTEX_POINT L430 -0.599200 -0.666062 0.589584 0.828922 -0.494464
VERTEX_POINT L431 -0.588079 -0.523018 -0.087025 -0.213023 0.337396
VERTEX_POINT L432 0.198564 0.174661 -0.082917 -0.457132 -0.317963
VERTEX_POINT L433 -0.846432 -0.969631 0.565689 -0.390997 0.194952
VERTEX_POINT L434 -0.975990 -0.569950 0.433075 -0.722960 0.266889
VERTEX_POINT L435 0.808190 -0.460985 0.003449 0.504752 0.225696
VERTEX_POINT L436 -0.500083 -0.070315 0.553964 -0.295621 0.628074
VERTEX_POINT L437 -0.729160 -0.061660 0.224868 -0.280092 0.144049
VERTEX_POINT L438 0.396119 0.578173 -0.743421 0.112704 0.388300
VERTEX_POINT L439 0.438359 -0.784143 0.900081 -0.753695 0.610663
VERTEX_POINT L440 -0.634290 0.158192 0.683239 -0.473369 0.252188
VERTEX_POINT L441 -0.858781 0.479515 0.719241 -0.982419 -0.632400
VERTEX_POINT L442 0.524941 -0.157114 -0.726427 -0.582279 0.078808
VERTEX_POINT L443 -0.008994 -0.605949 0.790483 0.134054 0.109510
VERTEX_POINT L444 0.894771 -0.328270 -0.439718 0.275702 0.584973
VERTEX_POINT L445 0.532439 0.168850 -0.661541 0.467601 -0.202309
VERTEX_POINT L446 0.090434 -0.689764 0.817984 0.238998 0.216647
VERTEX_POINT L447 0.596795 -0.778699 0.123833 -0.020203 0.483841
VERTEX_POINT L448 -0.311476 -0.238289 0.409864 0.633749 0.587736
VERTEX_POINT L449 -0.207424 -0.093729 -0.606031 0.177458 0.528573
VERTEX_POINT L450 -0.726913 -0.981558 0.730301 0.048527 0.949237
VERTEX_POINT L451 0.206767 0.549136 0.614339 -0.770867 0.072062
VERTEX_POINT L452 0.603704 -0.984927 0.668640 0.317641 -0.850020
VERTEX_POINT L453 0.731997 0.064342 -0.706937 0.239555 0.347126
VERTEX_POINT L454 -0.319740 0.901349 0.775163 -0.993860 -0.564793
VERTEX_POINT L455 -0.677642 -0.952031 0.269979 0.251376 0.627999
VERTEX_POINT L456 -0.258412 0.660545 0.736121 0.864206 0.200299
VERTEX_POINT L457 -0.371190 -0.929966 0.614677 0.514985 0.383203
VERTEX_POINT L458 0.035028 -0.177987 0.683329 0.468231 0.428001
VERTEX_POINT L459 -0.640797 -0.497030 0.896197 -0.948554 -0.150862
VERTEX_POINT L460 0.268659 -0.961484 -0.407028 -0.145493 -0.625029
VERTEX_POINT L461 0.435829 0.155951 0.272913 0.297152 0.933537
VERTEX_POINT L462 -0.228876 -0.020048 -0.190828 -0.161576 -0.813466
VERTEX_POINT L463 -0.532778 0.213177 0.510055 0.397375 0.057008
VERTEX_POINT L464 0.589397 0.186320 -0.161398 0.906156 0.128489
VERTEX_POINT L465 -0.204865 0.410002 -0.757754 0.115464 0.453423
VERTEX_POINT L466 -0.724587 0.752192 -0.486496 -0.097872 -0.717296
VERTEX_POINT L467 -0.910686 -0.883994 -0.607434 -0.389465 -0.243437
VERTEX_POINT L468 0.065975 -0.651658 0.467115 0.835372 -0.402528
VERTEX_POINT L469 0.671532 0.330365 -0.229916 -0.985169 0.671004
VERTEX_POINT L470 0.527673 -0.668137 -0.707352 -0.143160 -0.632774
VERTEX_POINT L471 0.431685 0.506534 0.150354 -0.637997 0.849660
VERTEX_POINT L472 0.812751 -0.190120 -0.510676 -0.967588 -0.961396
VERTEX_POINT L473 0.052614 0.174748 -0.433779 0.274561 0.446034
VERTEX_POINT L474 -0.577309 0.900585 -0.059164 0.496057 -0.040830
VERTEX_POINT L475 0.707522 0.481610 0.049606 0.308114 0.623577
VERTEX_POINT L476 -0.414947 -0.656401 -0.095321 -0.257838 -0.756275
VERTEX_POINT L477 0.513125 -0.789179 -0.241180 -0.264945 -0.824183
VERTEX_POINT L478 0.304317 0.702911 -0.826561 -0.712089 0.107418
VERTEX_POINT L479 0.273577 0.105310 -0.685457 -0.624089 0.831461
VERTEX_POINT L480 -0.694299 0.117093 0.152789 0.912514 0.704390
VERTEX_POINT L481 0.577403 0.721353 0.903740 0.336438 0.056655
