VERTEX_POSE A0 -0.621931 0.626131 -0.951838 -0.473610 0.945476 0.083444 0.458043 -0.672971 0.461648 0.080312 0.120011 0.261865 -0.454209 -0.187628 -0.143963 -0.505053 -0.420846 -0.608718 0.047746 0.017579
VERTEX_POSE A1 0.866423 -0.640873 0.075678 0.970278 -0.021461 -0.573026 -0.618967 0.392268 -0.186239 0.170953 0.165426 -0.461878 -0.116841 -0.910455 0.321300 0.279470 -0.136013 0.622119 -0.750027 -0.194866
VERTEX_POSE A2 -0.458841 -0.739339 -0.967054 -0.848329 -0.373145 0.606118 -0.397969 0.641998 -0.108141 -0.313898 0.615150 0.183465 0.866742 -0.014195 -0.482543 0.546432 0.796628 -0.886055 -0.352043 -0.072691
VERTEX_POSE A3 -0.364296 -0.347719 -0.571582 0.325592 0.308082 -0.450490 -0.529133 0.491656 -0.669591 0.724169 0.240141 0.164563 -0.152135 0.737780 -0.561068 -0.434075 -0.406050 0.204073 0.137293 0.161950
VERTEX_POSE A4 -0.119194 0.084393 0.177095 -0.770104 -0.299434 0.413220 0.213349 -0.905067 0.521497 0.513792 0.511368 0.286142 -1.102262 0.108677 -0.856603 0.076707 0.279046 -0.523727 -0.047754 -0.601935
VERTEX_POSE A5 0.591394 0.014533 -0.872009 -0.247665 0.861956 0.664629 -0.601052 -0.468190 -0.262102 -0.394985 -0.580237 0.528838 -0.429890 0.369545 -0.244952 -0.601222 0.779269 -0.705407 -0.533056 -0.219087
VERTEX_POSE A6 -0.263020 -0.507054 0.188881 0.678545 0.319984 0.261306 0.748030 -0.729848 -0.710806 0.305998 0.801651 -0.303815 0.614520 -0.085931 0.824181 0.660733 0.716575 0.634417 -0.529342 0.226724
VERTEX_POSE A7 -0.774404 -0.155926 -0.918196 -0.186636 0.474482 0.115375 0.128538 0.374909 -0.317186 0.416252 0.640803 0.771073 -0.096137 0.401814 -0.195200 -0.815596 0.310866 0.354756 0.090550 -0.251296
VERTEX_POSE A8 0.727867 0.200172 -0.572955 -0.700819 0.980558 -0.555919 0.092790 -0.268075 0.645060 0.796644 -0.489886 -0.019475 0.284823 0.538482 -0.512481 0.030193 -0.760509 0.573584 -0.769335 -0.370098
VERTEX_POSE A9 0.627734 -0.047903 -0.622207 0.872529 0.411177 -0.417734 0.837326 -0.559593 0.558933 0.138166 0.783332 1.002466 0.985485 -0.165883 -0.552903 0.545446 1.153255 0.721371 -0.573606 0.183454
VERTEX_POSE A10 0.642348 -0.852950 0.613118 0.279112 -0.296248 0.236795 0.191584 -0.799862 -0.015148 -0.926729 0.123154 0.878388 0.141308 0.576866 0.433616 -0.555181 -0.400429 0.471743 0.121269 -0.300611
VERTEX_POSE A11 -0.763388 -0.499542 -0.501487 0.898064 -0.829857 0.778400 0.266578 -0.775581 -0.837833 0.027121 -0.712757 -0.256031 0.732262 -0.536326 -0.369458 0.870994 0.587274 -0.510557 -0.635572 -0.168830
VERTEX_POSE A12 0.362300 0.570703 0.356421 0.200200 -0.248602 0.476080 0.136096 -0.575902 0.109142 -0.669440 -0.189294 0.249824 -0.348440 -0.491354 -0.009826 -0.653679 0.414942 0.851589 0.104390 0.495151
VERTEX_POSE A13 -0.050279 -0.836503 -0.187894 -0.316747 0.748071 -0.162756 0.105522 -0.654464 -0.422286 -0.423214 -0.535565 -0.780952 0.133354 0.117825 -0.393947 -0.422014 0.557554 -0.275378 0.812161 0.076321
VERTEX_POSE A14 -0.032598 -0.927716 -0.274600 -0.245519 0.228267 -0.857291 -0.789865 -0.819065 -0.898386 -0.211313 0.735915 0.568758 -0.737463 0.119430 0.477738 -0.366942 -0.671241 0.297853 -0.914025 0.710784
VERTEX_POSE A15 -0.851128 0.691010 0.092551 0.839083 0.566855 -0.773658 -0.450971 -0.398851 0.149700 0.557568 -0.464319 0.170785 0.559571 -0.763939 -0.603510 -0.084873 -0.481135 0.704416 -0.822174 -0.566378
VERTEX_POSE A16 -0.904802 -0.090150 -0.184924 0.564875 0.799011 -0.419613 0.475090 -0.008845 0.754240 -0.579378 0.381622 -0.793205 -0.341800 0.924046 -0.528407 -0.814484 -0.794989 -0.114319 0.569921 -0.186623
VERTEX_POSE A17 -0.871129 0.907539 0.059559 0.595954 0.632871 -0.182498 -0.295064 0.835425 0.709685 0.164751 0.361971 0.089617 -1.048613 -0.244790 -0.612806 0.159231 -0.323892 -0.565666 -0.036737 0.496702
VERTEX_POSE A18 -0.591929 0.401353 -0.655902 -0.383835 -0.971021 -0.842364 0.182935 0.132722 0.646846 -0.610566 0.122832 0.184023 0.375816 0.981419 0.513885 0.935130 -0.300382 0.010471 -0.063838 0.583027
VERTEX_POSE A19 -0.987829 -0.294498 -0.124252 0.338916 0.500103 0.228229 0.770450 0.075396 0.241586 -0.889572 -0.603003 -0.642118 -0.375316 0.416940 0.882769 -0.364261 0.882463 0.626784 0.190863 -0.610763
VERTEX_POSE A20 -0.105906 0.027648 -0.624295 0.169941 -0.408891 -0.402466 -0.078560 -1.009480 0.849126 0.706716 -0.265978 0.247604 -0.106167 -0.216825 0.546710 -0.641791 -0.418416 0.376795 -0.675561 0.270722
VERTEX_POSE A21 -0.405479 0.609321 -0.342285 -0.079091 0.970840 0.156147 -0.587638 0.057662 -0.097298 0.940715 0.527426 -0.211784 0.478973 -0.638510 -0.783791 -0.267576 0.748474 0.919187 0.081597 0.537143
VERTEX_POSE A22 0.800196 -0.516707 -0.634548 -0.660194 -0.982693 0.278815 0.852981 -0.840093 0.089550 0.028371 0.584990 0.228260 -0.164823 -0.161104 0.933065 -0.739625 -0.356701 -0.810026 -0.601680 -0.680773
VERTEX_POSE A23 0.270214 0.189599 0.372116 0.011556 0.817566 0.572859 -0.603790 0.280280 0.482061 0.949196 -0.293237 0.598151 -0.252145 -0.777224 0.450141 -0.266601 -0.105631 -0.592722 -0.268498 -0.832166
VERTEX_POSE A24 -0.269957 0.872542 -0.811712 -0.120682 0.491334 0.762383 -0.263481 -0.654926 -0.728162 -0.827211 0.211947 -0.454651 -0.238967 -0.503450 0.609500 -0.580408 0.866102 0.204633 -0.764095 -0.504059
VERTEX_POSE A25 0.032884 0.683247 0.572795 -0.914523 -0.057810 -0.762049 0.309424 -0.414155 -0.776361 0.486504 0.353938 -0.553620 -0.754703 -0.726268 0.438387 0.004489 -0.695014 0.213198 0.908603 -0.648291
VERTEX_POSE A26 -0.394903 -0.376547 -0.754781 0.564139 0.633424 -0.020619 0.788072 -0.818899 -0.248765 0.274532 0.285809 -0.842881 -0.636157 -0.389236 -0.746702 0.414730 0.030681 0.340931 -0.416455 -0.736089
VERTEX_POSE A27 -0.001378 -0.107802 0.414692 -0.609803 0.307921 0.335597 -0.578391 -0.391632 -0.520099 -0.294121 -0.868360 0.530451 -0.808576 -0.226368 -0.208005 0.566782 -0.802001 -1.012626 -0.580607 0.362371
VERTEX_POSE A28 0.091599 -0.435072 0.797566 0.080212 -0.510782 0.704701 -0.511717 0.585887 0.657969 -0.653319 -0.358334 -0.295642 -0.467164 -0.816935 0.208710 -0.022942 -0.599368 0.764895 0.859132 -0.383750
VERTEX_POSE A29 0.255143 -0.893876 0.711958 -0.465064 -0.711806 -0.091708 0.262605 0.384400 -0.326371 -0.251424 -0.307724 -0.370326 0.299283 -0.225663 0.414058 -0.000261 -0.293238 0.114275 0.463493 -0.239171
VERTEX_POSE A30 0.542325 -0.921937 -0.357292 0.832415 -0.945252 0.722626 -0.445709 -0.418278 -0.423396 -0.739278 -0.542062 -0.222561 -0.674005 0.776785 0.302068 -0.116492 -0.041633 0.631543 -0.167439 0.408854
VERTEX_POSE A31 0.469668 -0.808940 0.845729 0.606602 -0.565306 0.667936 0.621139 -0.317487 0.324948 -0.083993 -0.662415 -0.264290 0.804002 0.307544 0.561949 -0.349108 0.381475 -0.475150 -0.044371 -0.619221
VERTEX_POSE A32 0.121567 -0.534749 -0.212364 -0.494787 0.266733 -0.054992 -0.060055 -0.625270 -0.022464 -1.024691 0.203341 0.314673 -0.454651 -0.702732 0.614115 -0.165636 0.613945 0.929160 0.235121 -0.199879
VERTEX_POSE A33 -0.916516 -0.661276 -0.324346 0.984085 -0.318397 -0.027164 -0.374803 -0.161634 -0.428372 0.574952 -0.302563 -0.802836 -0.698327 0.039556 0.173176 -0.194545 -1.044279 -0.606446 0.479580 -0.129610
VERTEX_POSE A34 -0.894628 -0.156659 -0.725853 -0.067806 0.742776 -0.314999 -0.544661 0.431465 0.267157 0.828659 0.490847 -0.379296 0.093956 0.669319 -0.765129 0.459364 -0.516491 -0.550819 0.010602 0.247876
VERTEX_POSE A35 -0.997628 0.549645 0.964730 -0.264891 0.967300 -0.510900 -0.450166 -0.254432 -0.439362 -0.580580 -0.372521 0.180908 -0.095650 0.801931 -0.918660 0.226185 0.614276 0.288204 -0.902082 0.435714
VERTEX_POSE A36 0.674877 0.353257 -0.196354 -0.263580 -0.456441 0.016077 -0.018711 -0.337698 0.678542 -0.018589 0.474129 0.313391 -0.111832 -0.319312 -0.307288 0.458317 0.424442 0.266684 0.707942 -0.321698
VERTEX_POSE A37 -0.157648 0.336286 0.463028 -0.389261 0.062760 0.032923 -0.214332 -0.344915 -0.265387 0.423055 -0.427784 0.551455 -0.115752 -0.562044 0.586778 0.126817 0.355243 0.155405 0.699773 -0.004371
VERTEX_POSE A38 -0.772032 -0.606282 -0.953465 0.548473 0.441782 0.626755 -0.489278 0.136143 -0.242593 -0.309236 0.747708 -0.253859 0.700435 0.559544 -0.843021 -0.406682 -0.357095 0.132348 0.503289 -0.475510
VERTEX_POSE A39 0.402744 -0.446570 0.230691 0.035601 -0.475883 0.895010 -0.475753 -0.079851 0.270198 0.361706 -0.659818 -0.180928 -0.219054 -0.302638 -0.285091 -0.781146 0.044262 -0.284225 -0.231298 -0.730452
VERTEX_POSE A40 -0.529914 -0.711616 0.840821 -0.516732 -0.526063 0.006322 0.030170 0.169098 -0.137005 -0.605770 -0.669075 0.839342 0.341141 0.078784 0.167358 0.528843 -0.855978 0.681448 -0.672134 -0.022903
VERTEX_POSE A41 0.870316 -0.459232 0.659652 -0.172414 -0.854466 0.201902 0.025954 -0.116483 0.243047 0.785390 0.333954 0.671540 -0.500998 -0.168452 0.698255 0.132024 0.234674 -0.117999 -0.407856 0.918555
VERTEX_POSE A42 0.639356 0.053888 0.729203 -0.066335 -0.305740 0.798198 -0.510686 0.482709 -0.097138 -0.458647 0.404241 0.632207 0.807305 0.252835 0.515922 -0.373323 -0.869801 -0.163403 -0.277218 0.349599
VERTEX_POSE A43 0.832385 0.859087 0.197242 0.683467 0.225335 -0.572487 0.388885 -0.768682 -0.648717 -0.243117 0.595525 0.099089 0.618481 0.497347 -0.096957 -0.799510 -0.147457 0.689748 -0.107120 -0.170079
VERTEX_POSE A44 -0.179963 -0.295734 -0.528242 0.510839 0.893605 -0.501438 0.708692 -0.381774 0.712383 0.579078 0.095655 -0.501587 -0.551790 -0.235144 0.649095 -0.461554 -0.729519 -0.114535 0.299805 -0.838195
VERTEX_POSE A45 -0.393242 0.126172 -0.545397 0.688146 0.922528 -0.478319 -0.949412 -0.462210 -0.048756 -0.419101 0.278418 -0.690681 0.252706 0.876149 -0.854500 -0.030724 -0.054442 -0.458377 0.711795 -0.765983
VERTEX_POSE A46 0.981257 0.550097 -0.710207 0.522551 -0.207810 0.198774 0.567289 -1.072003 0.410315 -0.881106 -0.383103 -0.826110 -0.952299 0.143556 -0.780709 0.703206 0.564561 0.999913 0.011065 0.929712
VERTEX_POSE A47 -0.084764 0.614115 0.286834 0.075713 0.692615 0.752683 -0.931735 0.192796 0.362251 -0.218709 0.579039 -0.282312 -0.515664 -0.882890 0.441525 0.681052 0.200306 -0.900585 -0.371148 0.769014
VERTEX_POSE A48 -0.264372 0.033711 0.514163 0.284100 0.555398 -0.590790 0.695503 0.263050 -0.975864 -0.785490 -0.497596 0.708400 -0.007804 -1.039089 -0.498094 0.766019 -0.808486 0.051945 0.605314 0.061782
VERTEX_POSE A49 -0.610672 -0.048550 -0.366109 -0.861284 -0.178832 1.100307 0.379023 -0.880304 0.495913 0.656973 0.688597 -0.248608 0.851454 -0.202142 0.047423 -0.756254 -0.637543 0.837443 -0.591443 0.724946
VERTEX_POSE A50 -0.072593 -0.680382 -0.837418 -0.585370 0.192719 -0.281976 -0.458982 0.255308 0.738286 -0.841262 -0.382279 0.203135 0.929592 -0.819152 -0.696016 0.210170 0.533590 -0.948911 -0.473299 -0.940033
VERTEX_POSE A51 0.629722 -0.938640 0.889868 -0.545959 -0.853492 0.377612 0.761618 -0.491871 -0.660302 0.689019 0.733955 -0.267615 0.514998 -0.587391 -0.841511 -0.253477 -0.574570 0.325208 0.282534 0.091223
VERTEX_POSE A52 -0.016151 -0.439229 0.291606 0.059625 -0.207991 -0.493348 0.525103 -0.649640 0.464375 -0.204891 -0.545099 0.729385 -0.310699 -0.697876 0.757055 0.991294 0.327247 0.324814 -0.522270 0.596983
VERTEX_POSE A53 -0.272397 -0.197089 -0.471966 -0.245565 0.210026 -0.707116 0.586646 0.489786 -0.005156 0.231884 0.340342 0.255968 0.802847 -0.948762 0.954490 -0.168604 0.337894 -0.469447 -0.791249 -0.571792
VERTEX_POSE A54 -0.100064 0.250958 0.261984 0.465597 0.964074 -0.424022 -0.353342 0.112344 -0.992820 -0.029783 0.504643 0.014355 -0.749231 -0.775399 -0.341934 0.944059 -0.701881 0.601225 0.256421 0.531898
VERTEX_POSE A55 0.713893 -0.566687 0.479894 0.938943 -0.716657 0.193677 0.142948 -0.022066 -0.225666 0.579035 0.739827 0.729923 -0.541186 0.248733 -0.539083 -0.718003 0.557102 0.542345 0.204562 0.534706
VERTEX_POSE A56 0.760487 -0.513842 -0.899172 -0.160087 -0.847784 -0.713182 -0.237438 -0.699653 -0.459043 0.339571 0.835697 0.115710 -0.377261 0.701340 0.516544 -1.008410 0.028145 0.860883 0.640136 -0.245156
VERTEX_POSE A57 0.505033 0.874412 0.507204 0.029736 0.597498 -0.626638 -0.334492 -0.540451 -0.098002 -0.070372 -0.200951 -0.971051 0.708264 0.561467 0.285840 1.027064 -0.786840 0.582601 0.304981 0.706765
VERTEX_POSE A58 -0.287486 0.325511 -0.105414 -0.670860 0.591264 0.209193 0.080450 -0.947040 -0.669525 0.039368 -0.020397 -0.854685 -0.083978 0.005998 -0.049565 -1.074164 -0.280166 0.301343 -0.383241 0.583049
VERTEX_POSE A59 -0.147914 0.051086 0.898395 0.920125 -0.358566 -0.821863 -0.305772 0.737024 -0.317559 -0.313471 -0.310618 -0.644727 0.881248 -0.364475 -0.055702 -0.231326 -0.260783 -0.367988 -0.555537 -0.699969
VERTEX_POSE A60 -0.239824 0.980535 0.219162 0.564672 0.885692 -0.615377 0.475806 -0.295457 -0.567602 -0.376088 0.191261 -0.048131 0.457143 -0.365925 -0.268811 0.308368 0.753577 -0.373625 -0.493081 -0.298962
VERTEX_POSE A61 -0.745161 0.403574 0.537294 -0.838445 0.646013 1.004003 0.054016 0.577950 -0.311782 -0.506168 -0.123082 -0.269059 -0.656700 0.716196 0.150647 0.369293 -0.443373 -0.543367 0.817808 0.660965
VERTEX_POSE A62 -0.678245 0.242146 0.744123 0.526727 0.076128 -0.820328 0.307831 0.008282 -0.035400 -0.823164 0.500502 -0.229343 -0.694328 -0.794052 0.742793 0.041543 -0.077950 0.154707 0.215147 -0.644436
VERTEX_POSE A63 0.881743 -0.554214 -0.993203 -0.930115 0.152425 -0.310785 0.728154 0.523127 0.103129 -0.032414 -0.261452 0.898905 0.370506 0.037169 0.028559 -0.208100 0.098295 -0.197604 0.493230 -0.775921
VERTEX_POSE A64 -0.661677 0.742298 -0.787052 -0.854360 -0.672384 0.539865 -0.137779 -0.808935 -0.239441 -0.145463 0.763453 0.603638 -0.941685 0.390813 -0.583285 -0.004452 -0.090427 0.738551 0.819703 0.447991
VERTEX_POSE A65 -0.572873 -0.914513 -0.981730 -0.541080 -0.181096 0.256287 0.785167 0.156411 0.481076 -0.433160 0.959740 -0.705311 0.346643 0.685807 -0.497572 0.295831 0.091018 0.619636 0.643673 0.043899
VERTEX_POSE A66 0.884115 0.995431 0.971528 -0.195005 0.119725 -0.533512 0.648954 0.422650 0.665583 0.269186 0.349719 0.151445 0.324543 -0.646443 0.400722 0.056967 0.352380 0.164057 0.579559 -0.308330
VERTEX_POSE A67 -0.986800 0.095555 0.016593 -0.117939 -0.128825 -0.608663 0.779271 -0.262336 -0.025526 -0.775526 0.657596 -0.402674 0.509636 1.169607 -0.934991 -0.695092 -0.165753 -0.737758 -0.013323 -0.234635
VERTEX_POSE A68 0.269479 0.421774 0.481298 0.069659 0.881665 -0.386740 0.203218 0.428798 -0.428079 -0.576734 -0.363901 -0.256772 0.333307 -0.202827 -0.262460 0.444869 -0.459262 -0.469619 -0.072504 0.346160
VERTEX_POSE A69 -0.887917 -0.610851 -0.981937 -0.646532 -0.438493 -0.282183 -0.037014 -0.671687 -0.374713 0.160185 0.705237 0.659164 0.375987 -0.359287 0.404421 -0.993187 0.126158 0.657578 0.309328 0.396197
VERTEX_POSE A70 0.415944 0.648985 -0.752716 0.917662 0.395293 -0.826104 0.576736 0.573293 0.678590 0.591816 -0.931303 -0.686865 -1.013496 -0.757010 -0.584263 0.494597 -0.441623 -0.575858 0.577080 -0.568863
VERTEX_POSE A71 0.739564 0.710158 0.322119 0.552926 -0.644398 -0.512851 0.284425 -0.374945 -0.680406 -0.823607 0.333799 -0.507834 0.176372 0.035742 0.527034 -0.391673 0.447002 0.198313 -0.597676 -0.920795
VERTEX_POSE A72 0.982399 -0.070082 0.677715 0.181054 -0.292959 -0.447642 0.014406 0.911773 0.263653 0.184446 -0.226890 -0.610851 -0.067775 -0.187209 -0.609109 -0.466312 -0.451179 -0.386043 0.952266 -0.204107
VERTEX_POSE A73 0.055300 -0.297127 0.976488 -0.148673 -0.910447 0.693040 0.540986 0.460791 0.012334 -0.706128 0.742875 0.040303 -0.359395 -0.378191 -0.771917 0.454426 0.303299 -0.221428 0.004299 0.357434
VERTEX_POSE A74 0.571950 0.569245 -0.480639 0.236394 0.580936 -0.132739 0.515225 -0.651213 0.700337 -0.043498 0.311209 0.066237 -0.787712 -0.644131 0.691761 0.357313 -0.402293 0.330414 -0.290987 0.050127
VERTEX_POSE A75 -0.197563 0.634183 -0.850527 -0.308108 -0.399354 0.274178 0.115504 -0.863789 0.546019 -0.629976 0.619253 -1.030416 -0.423054 -0.041029 -0.257092 0.568194 0.579641 -0.029250 -0.768108 -0.186405
VERTEX_POSE A76 0.662058 0.829046 -0.568909 -0.460527 -0.987920 -0.331126 -0.442613 0.958384 0.177422 -1.034220 0.010453 0.706162 0.673487 0.654659 -0.879394 0.360260 -0.336926 -0.683758 0.178204 0.648028
VERTEX_POSE A77 0.553207 0.119341 -0.190847 -0.241055 -0.626874 -0.559203 -0.048289 0.842917 -0.538543 0.644229 -0.354375 -0.682668 -0.381195 -0.229668 0.246338 0.409387 0.493715 -0.064768 0.635123 -0.032540
VERTEX_POSE A78 0.717672 0.248299 0.436307 0.767606 -0.706739 -0.269237 0.346854 -0.188680 -0.622392 0.224818 0.292903 -0.201487 0.507406 -1.060803 0.795514 -0.393084 -0.415093 0.655000 0.989696 0.378587
VERTEX_POSE A79 -0.602313 -0.137243 0.945254 0.823574 0.567479 0.665046 0.769803 0.451484 -0.030941 -0.544143 0.883264 -0.248990 0.007505 0.428072 -0.558889 0.434559 0.304471 -0.665116 0.427071 -0.005749
VERTEX_POSE A80 0.942535 -0.929209 0.443044 -0.102339 0.194295 0.459948 0.782312 0.377305 -0.374086 -0.694911 0.736490 0.290487 0.236021 0.791437 -0.920808 0.508195 0.356283 -0.540054 0.408091 -0.370586
VERTEX_POSE A81 -0.354921 0.567917 0.598889 -0.817765 0.485980 0.166143 -0.679079 -0.121475 0.265263 -0.346369 0.928776 0.860535 0.378042 -0.196821 -0.491199 0.483248 0.314726 -0.265850 -0.439178 -0.367788
VERTEX_POSE A82 -0.972591 -0.075884 0.835122 -0.722386 0.713986 0.340672 -0.573560 -0.610800 -1.121164 -0.547707 -0.391699 -0.197369 -0.880675 0.947488 -0.729015 0.799214 0.364392 -0.317436 0.031037 -0.698018
VERTEX_POSE A83 -0.073616 -0.368438 -0.265351 0.957286 0.986304 0.149526 0.697840 -0.599535 -0.244448 -0.010638 -0.109851 0.489341 -0.095272 -0.425168 -0.596198 -0.425175 -0.633987 -0.560158 0.560225 0.191261
VERTEX_POSE A84 0.372682 -0.629173 -0.873077 -0.063329 -0.303995 -0.155873 0.221796 -0.665931 -0.035681 -0.366729 0.614934 -0.321672 -1.130197 -0.178326 -0.839212 0.081063 -0.518202 0.858064 -0.319367 -0.669068
VERTEX_POSE A85 -0.072655 -0.824925 0.097106 0.743211 0.678060 0.257300 -0.616070 0.001436 1.010410 -0.337107 -0.520957 -0.437538 -0.690815 0.348688 -0.336643 0.491223 -0.869854 -0.532147 -0.680714 -0.724882
VERTEX_POSE A86 -0.359723 0.064874 -0.785457 0.896229 -0.730353 0.564077 -0.010087 0.829730 0.668029 0.425454 -0.296744 0.280163 -0.619492 -0.176639 -0.450247 0.355222 0.444650 -0.091249 -0.602428 0.220367
VERTEX_POSE A87 0.133169 -0.143015 -0.772249 0.776583 -0.151779 0.249138 -0.434384 -0.425475 -0.793740 -0.010078 -0.572167 -0.245336 -0.845137 0.374417 0.447580 -0.244327 -0.531110 0.102980 0.021711 -0.180401
VERTEX_POSE A88 -0.567622 -0.950514 -0.395690 -0.227052 0.275558 -0.039998 0.422167 -0.878568 -0.529244 0.981126 0.462675 -0.711051 -0.538942 0.366838 -0.089720 -0.078883 -0.215238 -0.820819 -0.177687 -0.549764
VERTEX_POSE A89 0.352791 -0.609614 0.109129 -0.774631 0.860911 0.633925 -0.726958 -0.697204 0.558456 0.066525 -0.581166 -0.770780 0.453462 -0.573422 0.571342 1.108700 -0.362052 0.619917 0.225446 0.857217
VERTEX_POSE A90 0.985255 0.908072 -0.873854 0.696708 0.489655 0.635303 -0.010600 -0.572427 0.500747 -0.674557 -0.126462 0.593998 -0.362812 0.794702 0.458315 0.856715 0.443794 -0.476383 -0.351357 0.521552
VERTEX_POSE A91 0.192554 -0.969978 0.823471 -0.662380 0.161250 0.457526 0.435219 -0.688687 0.339421 0.466611 -0.043107 0.222163 -0.107330 0.180520 0.838104 -0.352348 0.386122 -0.052374 0.732286 0.649021
VERTEX_POSE A92 0.607630 0.793960 -0.353577 -0.613076 0.506924 -0.676088 -0.400007 -0.375629 -0.018784 0.585718 -0.009642 -0.503264 0.399241 0.180199 -0.081312 -0.363164 0.776898 0.366887 -0.239976 -0.273328
VERTEX_POINT L0 -0.692990 0.150218 0.870269 0.223435 -0.434217
VERTEX_POINT L1 0.074297 -0.524192 0.830269 -0.592495 -0.686325
VERTEX_POINT L2 0.945953 0.536258 -0.140629 -0.467436 0.834540
VERTEX_POINT L3 -0.265864 0.235705 0.888539 0.682355 0.384687
VERTEX_POINT L4 -0.041588 -0.528761 0.801797 0.212499 0.433399
VERTEX_POINT L5 0.959153 -0.368186 0.875964 0.414624 -0.294285
VERTEX_POINT L6 -0.996385 -0.342521 0.369837 -0.247986 0.266352
VERTEX_POINT L7 0.070495 -0.139612 0.819859 0.565967 0.994906
VERTEX_POINT L8 0.375097 -0.719201 -0.876752 0.332286 -0.898993
VERTEX_POINT L9 0.743179 -0.632364 -0.308044 -0.695060 0.621954
VERTEX_POINT L10 0.052895 0.790306 0.497574 -0.252979 -0.298053
VERTEX_POINT L11 -0.569603 -0.016328 -0.900264 -0.816387 -0.809440
VERTEX_POINT L12 0.315129 0.936881 0.211316 0.541334 0.202890
VERTEX_POINT L13 0.855331 0.424489 0.647048 0.438913 0.302592
VERTEX_POINT L14 -0.907545 -0.187282 -0.469173 -0.276913 -0.797360
VERTEX_POINT L15 -0.131664 0.056222 -0.979530 -0.699721 0.576016
VERTEX_POINT L16 0.573004 -0.327212 0.083355 0.206519 0.595853
VERTEX_POINT L17 -0.509858 0.675474 -0.523919 -0.453340 0.770119
VERTEX_POINT L18 -0.189129 0.127013 0.463513 0.197939 -0.229689
VERTEX_POINT L19 -0.781917 -0.759295 -0.317756 0.388755 0.081833
VERTEX_POINT L20 -0.482449 -0.400409 -0.688797 -0.175725 0.484105
VERTEX_POINT L21 0.737256 0.758574 -0.801837 0.155225 -0.243385
VERTEX_POINT L22 0.590765 -0.388468 -0.190833 -0.674574 0.777839
VERTEX_POINT L23 0.444896 -0.225334 0.408309 -0.432514 0.162165
VERTEX_POINT L24 -0.622467 -0.176551 -0.587294 0.051454 0.026261
VERTEX_POINT L25 -0.276067 0.468517 0.036918 -0.897991 -0.373940
VERTEX_POINT L26 0.877273 -0.175848 -0.987381 0.340434 -0.562277
VERTEX_POINT L27 0.730324 0.213835 0.521835 0.276823 -0.112827
VERTEX_POINT L28 -0.290812 0.376589 0.163063 0.798717 -0.884286
VERTEX_POINT L29 0.069827 -0.145827 0.836090 0.678054 0.598973
VERTEX_POINT L30 0.337954 0.007794 -0.831742 0.663746 -0.605904
VERTEX_POINT L31 0.016198 -0.473193 0.033332 0.022151 -0.318503
VERTEX_POINT L32 -0.855876 0.329981 0.666359 -0.914441 0.912647
VERTEX_POINT L33 0.283907 -0.455948 0.027629 -0.803690 -0.771364
VERTEX_POINT L34 0.750334 0.762512 -0.078129 -0.295494 -0.933816
VERTEX_POINT L35 0.102536 0.801220 0.468156 0.298058 0.346047
VERTEX_POINT L36 0.243059 0.175866 -0.096407 0.610935 -0.065649
VERTEX_POINT L37 0.753949 -0.580009 -0.708292 0.456520 0.332536
VERTEX_POINT L38 -0.826968 -0.338392 0.288015 -0.135975 0.340952
VERTEX_POINT L39 -0.381844 0.456665 0.026841 -0.056779 0.035358
VERTEX_POINT L40 0.497128 -0.212373 -0.016336 0.761460 -0.045510
VERTEX_POINT L41 0.225926 -0.548086 -0.214411 0.611046 -0.957101
VERTEX_POINT L42 0.048553 -0.559663 0.126577 0.126834 0.225918
VERTEX_POINT L43 -0.187743 -0.275492 -0.805020 0.302793 -0.842620
VERTEX_POINT L44 0.081258 0.876403 -0.567363 0.049960 0.345491
VERTEX_POINT L45 0.141008 0.253054 0.657404 0.849921 0.428558
VERTEX_POINT L46 0.680593 0.780730 -0.784551 0.603072 0.733396
VERTEX_POINT L47 -0.345738 -0.450808 0.515992 -0.743521 -0.058655
VERTEX_POINT L48 0.631149 -0.071471 -0.866515 -0.603418 0.198677
VERTEX_POINT L49 -0.508535 -0.092257 0.678963 -0.198989 -0.496293
VERTEX_POINT L50 -0.127656 -0.210104 -0.801764 0.645234 -0.976822
VERTEX_POINT L51 -0.851300 0.528120 -0.555313 0.220857 -0.317218
VERTEX_POINT L52 -0.771280 -0.333683 0.877125 0.956236 0.260322
VERTEX_POINT L53 -0.536891 0.401428 0.007402 0.970659 0.801016
VERTEX_POINT L54 0.593595 -0.697215 0.852996 0.788343 0.844947
VERTEX_POINT L55 -0.393747 0.489766 -0.710169 0.007689 -0.713417
VERTEX_POINT L56 0.187042 -0.130054 -0.955680 -0.927332 -0.572924
VERTEX_POINT L57 0.470869 0.126937 0.865615 0.128777 -0.717330
VERTEX_POINT L58 -0.663424 -0.296399 0.811666 -0.715488 0.173756
VERTEX_POINT L59 0.896230 -0.753465 0.207383 0.871385 -0.457210
VERTEX_POINT L60 -0.459304 0.981110 0.701705 -0.193169 0.881643
VERTEX_POINT L61 0.674530 0.711395 0.979924 0.948258 0.567852
VERTEX_POINT L62 -0.087572 -0.226659 -0.759285 -0.106464 0.224287
VERTEX_POINT L63 -0.315179 0.311091 0.368064 -0.107610 0.794290
VERTEX_POINT L64 -0.041563 -0.744553 0.007553 -0.855432 0.796488
VERTEX_POINT L65 -0.337238 -0.464147 0.162586 0.598042 0.290472
VERTEX_POINT L66 0.787357 0.112311 -0.163781 -0.809552 0.140337
VERTEX_POINT L67 -0.798503 0.431313 0.911146 0.755503 -0.269162
VERTEX_POINT L68 -0.583290 -0.044156 0.454294 0.054562 -0.376992
VERTEX_POINT L69 0.960389 0.773920 -0.875766 0.054473 -0.518711
VERTEX_POINT L70 -0.180347 -0.112022 -0.062013 -0.301276 0.766196
VERTEX_POINT L71 0.913838 0.743471 -0.562043 -0.183979 0.577497
VERTEX_POINT L72 0.186315 -0.774166 -0.090177 -0.334481 -0.475812
VERTEX_POINT L73 0.868206 0.328314 -0.935437 0.825559 -0.007886
VERTEX_POINT L74 -0.273904 -0.532021 -0.367063 -0.881185 0.734877
VERTEX_POINT L75 -0.732427 -0.897763 0.342460 0.715479 0.869679
VERTEX_POINT L76 0.009214 -0.418632 0.721967 0.675480 -0.579328
VERTEX_POINT L77 -0.593311 -0.751291 -0.151614 0.721886 0.468273
VERTEX_POINT L78 -0.078166 -0.348571 -0.141549 0.971958 -0.188976
VERTEX_POINT L79 -0.359637 0.509897 0.855452 -0.927938 0.619348
VERTEX_POINT L80 -0.101847 0.156452 -0.472651 -0.477103 0.971980
VERTEX_POINT L81 0.794179 0.441325 0.056687 0.617192 -0.165798
VERTEX_POINT L82 -0.210937 0.038017 -0.699861 0.292919 -0.697870
VERTEX_POINT L83 0.126874 0.822769 -0.595526 -0.520867 0.232301
VERTEX_POINT L84 -0.742712 -0.157246 -0.935911 0.587851 -0.364782
VERTEX_POINT L85 -0.617342 0.340802 -0.846865 0.081262 -0.852923
VERTEX_POINT L86 0.733126 0.312535 -0.305695 0.486823 0.518885
VERTEX_POINT L87 0.444330 0.712699 -0.891591 0.660519 0.062294
VERTEX_POINT L88 0.853527 -0.532261 -0.981250 -0.789961 -0.570254
VERTEX_POINT L89 -0.930297 -0.983864 -0.494028 0.771335 -0.307360
VERTEX_POINT L90 0.340560 0.959234 0.315792 0.531904 0.605085
VERTEX_POINT L91 -0.605776 -0.551151 0.720455 0.016870 -0.688611
VERTEX_POINT L92 0.744233 0.727531 -0.514104 0.719593 -0.739508
VERTEX_POINT L93 -0.747012 -0.267425 0.556507 -0.574560 -0.170628
VERTEX_POINT L94 0.079044 0.759940 0.088519 0.909260 -0.894321
VERTEX_POINT L95 -0.297330 0.982978 0.493449 0.864161 -0.943020
VERTEX_POINT L96 -0.084251 0.268429 -0.280907 -0.976517 -0.880156
VERTEX_POINT L97 -0.133599 -0.127749 0.924738 -0.900292 0.246016
VERTEX_POINT L98 -0.095833 0.414291 0.404595 0.619665 -0.212181
VERTEX_POINT L99 0.332459 -0.775727 -0.826613 0.078045 -0.257149
VERTEX_POINT L100 -0.173210 -0.353829 -0.951028 0.154181 0.727305
VERTEX_POINT L101 0.723820 -0.697731 -0.657419 -0.681611 -0.445985
VERTEX_POINT L102 0.246298 0.967743 -0.388656 0.894066 -0.679652
VERTEX_POINT L103 -0.986895 -0.127995 -0.041204 0.819700 -0.748507
VERTEX_POINT L104 0.592026 0.630583 -0.592855 -0.856053 0.546129
VERTEX_POINT L105 0.972393 -0.564278 0.244281 -0.987119 -0.944775
VERTEX_POINT L106 -0.719323 -0.025758 -0.698745 0.535179 -0.878828
VERTEX_POINT L107 -0.398761 -0.788049 -0.870888 0.819427 0.966801
VERTEX_POINT L108 -0.620918 -0.315569 -0.907333 0.734767 0.523498
VERTEX_POINT L109 0.202512 0.625671 0.159707 0.507137 -0.067804
VERTEX_POINT L110 0.241602 0.721848 0.984564 0.891489 0.586149
VERTEX_POINT L111 0.277236 0.840883 -0.379984 -0.742336 0.495477
VERTEX_POINT L112 -0.003310 0.066996 -0.783606 0.124329 0.766398
VERTEX_POINT L113 -0.969335 -0.240135 -0.715297 0.184407 0.888279
VERTEX_POINT L114 -0.595891 0.663651 0.024490 -0.263202 -0.272221
VERTEX_POINT L115 0.253978 0.909750 -0.719517 -0.287820 -0.598383
VERTEX_POINT L116 -0.586677 -0.899333 -0.562161 -0.734331 -0.964644
VERTEX_POINT L117 -0.862765 -0.023814 0.718796 -0.776380 -0.753336
VERTEX_POINT L118 -0.301692 0.622449 -0.611108 -0.627300 0.463911
VERTEX_POINT L119 -0.733150 -0.431595 -0.543411 -0.524292 -0.534898
VERTEX_POINT L120 -0.793062 -0.007678 -0.775233 0.994955 -0.060696
VERTEX_POINT L121 -0.961132 0.581683 0.704684 0.904604 0.068996
VERTEX_POINT L122 -0.338926 0.017254 -0.822956 0.492578 -0.223509
VERTEX_POINT L123 0.951171 -0.280147 -0.289336 0.714548 0.199797
VERTEX_POINT L124 -0.708145 -0.685741 0.261191 -0.669956 0.898368
VERTEX_POINT L125 0.740118 -0.222806 0.265564 0.401838 -0.117830
VERTEX_POINT L126 -0.346159 -0.297169 -0.795887 0.578709 0.256777
VERTEX_POINT L127 0.207604 0.582687 0.980284 -0.646473 -0.981788
VERTEX_POINT L128 -0.393481 0.649446 0.190302 0.501545 -0.871814
VERTEX_POINT L129 0.558009 -0.882878 0.608708 0.198374 -0.955404
VERTEX_POINT L130 -0.459936 0.806960 -0.846329 0.431572 -0.238937
VERTEX_POINT L131 0.433309 -0.704383 0.239274 -0.344274 0.855490
VERTEX_POINT L132 0.281829 -0.580610 0.951289 0.516762 -0.401389
VERTEX_POINT L133 0.786362 0.774703 -0.234985 0.325638 0.081412
VERTEX_POINT L134 0.446414 0.167622 -0.801930 -0.524574 -0.893017
VERTEX_POINT L135 -0.126146 -0.950027 -0.641567 0.660710 -0.855260
VERTEX_POINT L136 0.758755 -0.789575 -0.990704 0.338518 0.136637
VERTEX_POINT L137 0.727091 -0.858136 -0.500674 -0.989395 -0.771845
VERTEX_POINT L138 0.475093 -0.738076 -0.512455 0.480137 -0.888459
VERTEX_POINT L139 -0.862162 -0.105143 -0.898037 0.073286 -0.339866
VERTEX_POINT L140 -0.070397 0.767535 0.659032 0.517742 0.160352
VERTEX_POINT L141 -0.283304 0.983772 -0.527890 0.371625 0.697690
VERTEX_POINT L142 0.415073 -0.264261 -0.278021 0.330950 -0.844388
VERTEX_POINT L143 0.926293 -0.165469 0.875426 -0.357929 -0.073250
VERTEX_POINT L144 -0.252640 -0.256363 -0.243187 -0.443967 0.585969
VERTEX_POINT L145 0.819183 -0.600610 0.746469 -0.932252 -0.116609
VERTEX_POINT L146 0.180271 -0.255719 -0.844091 0.354252 0.328367
VERTEX_POINT L147 0.160683 -0.155696 0.194652 -0.178298 0.621324
VERTEX_POINT L148 0.956418 0.375577 0.465264 -0.708632 0.130054
VERTEX_POINT L149 0.878579 -0.633269 -0.455199 0.726951 -0.207722
VERTEX_POINT L150 0.427534 0.412709 0.651241 0.297410 -0.913574
VERTEX_POINT L151 -0.836644 -0.632101 0.690032 -0.713677 -0.930642
VERTEX_POINT L152 0.917446 0.948414 -0.750515 0.631555 0.861275
VERTEX_POINT L153 -0.911392 -0.570037 0.828285 -0.210012 -0.137083
VERTEX_POINT L154 -0.885473 0.087752 -0.599304 -0.999129 0.269155
VERTEX_POINT L155 -0.790698 -0.737328 0.510676 0.961599 0.759643
VERTEX_POINT L156 0.828726 0.207158 0.093849 -0.808174 0.745087
VERTEX_POINT L157 -0.231632 0.790583 -0.395191 0.579580 -0.474068
VERTEX_POINT L158 0.416906 0.845360 0.490961 -0.684874 0.777855
VERTEX_POINT L159 -0.564755 -0.143397 -0.715849 0.693371 0.873273
VERTEX_POINT L160 -0.673623 0.907704 -0.786484 -0.222046 -0.429472
VERTEX_POINT L161 0.956970 0.652319 0.644632 0.746698 -0.461082
VERTEX_POINT L162 0.868554 0.152220 0.523425 -0.650903 0.728763
VERTEX_POINT L163 0.608206 -0.672905 -0.835195 -0.705284 0.169139
VERTEX_POINT L164 0.743332 0.427022 -0.590354 0.072336 0.620330
VERTEX_POINT L165 0.314968 -0.680158 0.721495 -0.175477 0.835746
VERTEX_POINT L166 -0.517940 -0.622932 -0.476762 0.955426 0.313878
VERTEX_POINT L167 0.502087 0.637448 -0.581058 -0.589146 -0.243034
VERTEX_POINT L168 0.042059 -0.538294 -0.779179 -0.164872 -0.936098
VERTEX_POINT L169 0.957153 -0.361008 0.010784 0.435563 0.425419
VERTEX_POINT L170 0.639925 -0.467696 -0.479095 0.484140 0.417101
VERTEX_POINT L171 0.971662 -0.770759 0.879853 -0.647130 0.224254
VERTEX_POINT L172 -0.326151 -0.377236 0.482893 -0.192812 0.123109
VERTEX_POINT L173 0.054998 0.268043 0.242884 -0.184910 0.572713
VERTEX_POINT L174 0.897955 0.063772 0.755279 -0.005058 -0.848996
VERTEX_POINT L175 0.421209 0.366401 -0.760294 0.363221 -0.290923
VERTEX_POINT L176 -0.125819 0.667434 -0.010647 -0.117162 -0.543897
VERTEX_POINT L177 0.078226 0.808053 0.911188 -0.650807 0.479371
VERTEX_POINT L178 -0.418107 -0.789295 0.434358 -0.815077 -0.669598
VERTEX_POINT L179 -0.169402 0.043011 -0.545383 0.174206 0.586157
VERTEX_POINT L180 -0.043196 -0.825217 -0.544010 -0.923856 -0.728351
VERTEX_POINT L181 -0.990574 0.623414 0.085598 0.482333 -0.583172
VERTEX_POINT L182 -0.006046 0.410910 -0.855351 0.460528 0.655516
VERTEX_POINT L183 -0.125750 -0.876803 -0.294525 0.707699 -0.867076
VERTEX_POINT L184 -0.901966 -0.946623 -0.086116 -0.727679 0.279745
VERTEX_POINT L185 0.108481 -0.501338 -0.454655 0.461399 -0.075329
VERTEX_POINT L186 0.083552 -0.614131 -0.783849 0.669299 0.892567
VERTEX_POINT L187 0.926759 0.260534 -0.992268 -0.535853 0.024833
VERTEX_POINT L188 0.876850 -0.710755 0.150154 0.040979 0.450602
VERTEX_POINT L189 -0.499542 -0.768771 0.707112 0.984425 0.670422
VERTEX_POINT L190 -0.637996 -0.882862 -0.708117 -0.842482 -0.101894
VERTEX_POINT L191 -0.796773 -0.803051 0.363670 0.818933 -0.978870
VERTEX_POINT L192 -0.542572 0.883548 0.351743 0.731123 -0.790660
VERTEX_POINT L193 -0.769442 0.269358 0.815308 -0.493384 -0.373131
VERTEX_POINT L194 0.811432 -0.475956 0.528474 -0.886351 0.190268
VERTEX_POINT L195 -0.799240 0.310571 0.761390 -0.196541 0.829669
VERTEX_POINT L196 0.545526 0.589200 0.536803 0.331139 -0.537384
VERTEX_POINT L197 -0.706508 -0.098889 -0.948288 -0.930925 -0.495853
VERTEX_POINT L198 0.702847 -0.051982 -0.819668 0.214314 -0.413364
VERTEX_POINT L199 -0.412415 -0.949094 0.757624 -0.833733 -0.473483
VERTEX_POINT L200 -0.749355 0.540103 0.062496 0.504638 0.929566
VERTEX_POINT L201 0.342772 0.480323 -0.298763 -0.301546 -0.996263
VERTEX_POINT L202 -0.440753 -0.719853 0.637477 -0.480863 0.750771
VERTEX_POINT L203 -0.075506 -0.837133 -0.454611 -0.688174 0.052674
VERTEX_POINT L204 -0.602230 -0.251634 0.944121 0.513544 0.576449
VERTEX_POINT L205 -0.542798 0.343918 0.392756 0.514079 0.901775
VERTEX_POINT L206 -0.654297 0.529268 -0.214905 0.675047 0.761752
VERTEX_POINT L207 0.271950 -0.584200 -0.066526 -0.603619 -0.967448
VERTEX_POINT L208 0.535427 0.151971 0.303945 0.863272 0.381146
VERTEX_POINT L209 -0.072404 0.739973 -0.780547 0.859970 -0.907847
VERTEX_POINT L210 -0.897451 0.458811 0.388092 0.570587 0.618710
VERTEX_POINT L211 -0.507769 0.326754 0.759934 0.939416 0.652795
VERTEX_POINT L212 -0.062977 0.363386 0.305051 0.342303 -0.491019
VERTEX_POINT L213 0.096503 -0.130279 0.532741 0.031115 0.274226
VERTEX_POINT L214 0.366482 0.449951 -0.534591 0.647116 0.785719
VERTEX_POINT L215 0.035056 0.416763 -0.781065 0.614624 0.788727
VERTEX_POINT L216 -0.795015 0.368383 -0.921914 -0.507485 -0.801104
VERTEX_POINT L217 -0.549966 0.835820 -0.318439 0.316415 0.678286
VERTEX_POINT L218 -0.038184 -0.322703 -0.773333 -0.921229 -0.186441
VERTEX_POINT L219 -0.918165 0.657628 0.228239 0.533494 0.649498
VERTEX_POINT L220 -0.049508 -0.932951 -0.611327 0.300840 0.348707
VERTEX_POINT L221 0.323820 -0.205565 -0.481450 -0.763710 0.711665
VERTEX_POINT L222 -0.714939 0.854577 -0.408091 0.352427 0.670628
VERTEX_POINT L223 0.407920 0.950597 0.740416 0.031963 0.558047
VERTEX_POINT L224 0.554379 -0.936207 -0.666142 -0.257095 -0.661466
VERTEX_POINT L225 -0.903506 -0.621380 -0.879617 0.466076 -0.139103
VERTEX_POINT L226 0.608680 0.261168 0.501806 0.835422 0.387716
VERTEX_POINT L227 0.099905 0.652993 0.870661 -0.925956 -0.198850
VERTEX_POINT L228 -0.610014 0.279732 -0.827904 0.535151 0.365044
VERTEX_POINT L229 0.311527 -0.790814 0.682138 0.049736 0.974352
VERTEX_POINT L230 0.687490 0.703899 0.628285 -0.759689 0.327667
VERTEX_POINT L231 -0.359369 -0.180165 0.234592 0.039789 0.294610
VERTEX_POINT L232 -0.345701 0.689509 -0.616625 0.748189 0.978088
VERTEX_POINT L233 -0.753263 0.984046 0.265762 -0.240552 0.078438
VERTEX_POINT L234 0.565125 -0.017298 0.779981 0.351615 -0.652716
VERTEX_POINT L235 0.052069 -0.562124 -0.672504 0.261733 0.554538
VERTEX_POINT L236 -0.296061 0.327964 -0.341482 -0.726473 -0.019787
VERTEX_POINT L237 0.910829 -0.488030 -0.434924 0.026662 -0.890964
VERTEX_POINT L238 -0.675980 -0.146324 0.260970 0.658114 0.587090
VERTEX_POINT L239 -0.760634 -0.520065 0.962463 -0.863201 -0.638641
VERTEX_POINT L240 -0.161575 -0.748058 -0.215471 -0.113369 -0.798811
VERTEX_POINT L241 -0.573432 -0.687513 -0.350938 0.228701 0.205800
VERTEX_POINT L242 -0.268403 0.806689 0.722397 -0.923785 -0.985846
VERTEX_POINT L243 0.775447 0.615329 -0.910420 -0.771066 -0.289830
VERTEX_POINT L244 0.523072 0.182208 -0.818197 -0.740183 -0.519975
VERTEX_POINT L245 -0.901921 0.256640 -0.812193 0.723331 0.799873
VERTEX_POINT L246 -0.189496 0.032091 -0.691486 0.843558 -0.501103
VERTEX_POINT L247 0.728056 -0.449409 -0.740111 -0.247669 -0.321078
VERTEX_POINT L248 -0.451887 0.092460 -0.130633 0.039746 0.478158
VERTEX_POINT L249 0.772320 0.709389 -0.464819 0.922329 0.312456
VERTEX_POINT L250 0.809891 -0.791781 0.488128 -0.714175 -0.671580
VERTEX_POINT L251 0.498605 0.159509 0.258040 -0.659414 -0.173134
VERTEX_POINT L252 0.096140 -0.496176 0.053731 -0.841381 0.024121
VERTEX_POINT L253 -0.905048 -0.937204 -0.919963 0.638252 0.999049
VERTEX_POINT L254 -0.093475 0.110107 -0.001544 0.372549 -0.615087
VERTEX_POINT L255 -0.349481 -0.432383 0.387589 -0.098476 0.362655
VERTEX_POINT L256 -0.808554 -0.558584 -0.799579 0.104328 -0.140055
VERTEX_POINT L257 -0.484795 -0.628725 -0.499738 0.207971 0.772629
VERTEX_POINT L258 0.750423 -0.779390 0.258250 -0.024432 -0.836195
VERTEX_POINT L259 -0.418568 0.721147 -0.627484 -0.360521 -0.775011
VERTEX_POINT L260 0.826733 -0.419539 -0.817600 -0.742293 0.746981
VERTEX_POINT L261 0.437913 0.924510 -0.113465 0.215879 0.491472
VERTEX_POINT L262 0.222063 -0.459018 0.607108 0.679268 0.519599
VERTEX_POINT L263 -0.518968 -0.730030 -0.434225 -0.994103 0.725069
VERTEX_POINT L264 0.684650 0.908556 -0.847703 0.975328 -0.430090
VERTEX_POINT L265 -0.212812 0.523684 0.387089 0.030883 0.866883
VERTEX_POINT L266 0.533102 -0.292154 -0.106728 0.267630 0.279607
VERTEX_POINT L267 -0.611411 0.236520 -0.189184 -0.751145 0.550123
VERTEX_POINT L268 -0.301983 -0.964346 0.952166 -0.942455 0.975918
VERTEX_POINT L269 0.857121 0.561522 -0.845758 -0.074256 -0.133304
VERTEX_POINT L270 -0.372045 0.716454 -0.226721 -0.614347 0.911482
VERTEX_POINT L271 0.536442 -0.712404 -0.263306 -0.055824 -0.822893
VERTEX_POINT L272 -0.716310 0.874009 -0.196696 -0.845555 -0.927504
VERTEX_POINT L273 0.359552 0.523143 -0.504324 -0.538131 0.925636
VERTEX_POINT L274 0.311889 0.902925 -0.173726 0.173110 -0.112723
VERTEX_POINT L275 0.806762 0.056217 -0.014893 -0.585738 -0.447478
VERTEX_POINT L276 0.457631 -0.220217 -0.316517 -0.814800 0.725509
VERTEX_POINT L277 -0.877607 -0.064984 0.134789 0.016669 0.386174
VERTEX_POINT L278 0.534818 0.606809 0.244996 0.166593 0.231443
VERTEX_POINT L279 -0.994256 0.872243 0.552850 0.224946 0.203667
VERTEX_POINT L280 0.894712 -0.355595 0.669970 -0.061002 -0.301370
VERTEX_POINT L281 0.344709 0.815028 -0.266876 0.452418 0.559864
VERTEX_POINT L282 0.504349 0.031752 -0.189110 0.565532 -0.969467
VERTEX_POINT L283 -0.009147 0.148229 -0.276299 0.097617 0.722751
VERTEX_POINT L284 0.439661 0.877823 -0.186839 0.090670 0.558912
VERTEX_POINT L285 -0.589126 -0.858141 0.809346 -0.061919 -0.584555
VERTEX_POINT L286 0.641371 0.715845 -0.888709 0.999142 0.085406
VERTEX_POINT L287 0.631107 -0.680761 0.013582 -0.805003 -0.581142
VERTEX_POINT L288 -0.073921 -0.486867 -0.690391 -0.853948 -0.811926
VERTEX_POINT L289 0.391795 0.936456 0.369541 -0.025290 0.249211
VERTEX_POINT L290 -0.787461 -0.959613 0.386098 -0.165524 -0.356153
VERTEX_POINT L291 -0.247188 0.093594 -0.507991 -0.596241 0.935055
VERTEX_POINT L292 -0.170292 0.860965 -0.743924 -0.809410 -0.259316
VERTEX_POINT L293 0.434602 -0.418631 -0.006793 -0.486256 -0.836555
VERTEX_POINT L294 0.233845 0.363565 0.057784 -0.590344 0.660124
VERTEX_POINT L295 -0.485642 0.769521 -0.591626 -0.834083 0.310594
VERTEX_POINT L296 -0.778210 -0.894948 -0.619704 0.544627 -0.969672
VERTEX_POINT L297 -0.233054 -0.928589 0.951056 0.677286 -0.060270
VERTEX_POINT L298 -0.097053 0.006041 0.219190 -0.585228 -0.139282
VERTEX_POINT L299 -0.080193 -0.859294 -0.667538 0.602172 -0.993754
VERTEX_POINT L300 -0.375933 0.632933 -0.894702 -0.396970 0.806427
VERTEX_POINT L301 0.530902 -0.277505 0.992468 -0.199575 -0.227800
VERTEX_POINT L302 -0.543751 -0.571698 0.069156 -0.453652 -0.816647
VERTEX_POINT L303 -0.092243 0.506942 -0.091398 -0.242525 0.878923
VERTEX_POINT L304 -0.109547 -0.754362 -0.511856 0.262294 -0.302164
VERTEX_POINT L305 0.768138 -0.668773 0.895430 0.719459 0.070631
VERTEX_POINT L306 -0.285481 -0.436841 0.893709 0.171737 -0.568555
VERTEX_POINT L307 -0.651916 0.025421 0.171627 0.447494 -0.576655
VERTEX_POINT L308 0.890531 0.266243 0.030219 -0.263873 -0.543195
VERTEX_POINT L309 -0.750663 -0.830032 0.138705 -0.661670 0.662888
VERTEX_POINT L310 -0.646172 -0.102336 -0.275523 -0.327560 0.627012
VERTEX_POINT L311 0.785243 0.910648 -0.299812 0.675126 0.155435
VERTEX_POINT L312 0.594046 0.984996 0.871829 0.790748 0.222752
VERTEX_POINT L313 0.858176 0.929416 0.535367 -0.762028 0.657545
VERTEX_POINT L314 -0.223904 0.058877 0.423890 -0.227257 -0.121814
VERTEX_POINT L315 0.033707 0.862819 -0.315010 -0.118582 -0.218336
VERTEX_POINT L316 -0.730950 -0.928726 0.344714 0.176052 -0.927010
VERTEX_POINT L317 -0.582533 -0.225278 0.535180 -0.228115 0.963593
VERTEX_POINT L318 -0.335186 -0.817941 0.698571 0.076415 0.200521
VERTEX_POINT L319 0.195129 -0.415592 0.654322 0.322104 -0.738936
VERTEX_POINT L320 0.809261 -0.288822 -0.095279 0.746595 0.212804
VERTEX_POINT L321 -0.122647 -0.777555 0.084670 0.910891 0.844368
VERTEX_POINT L322 0.947941 0.678002 -0.853669 0.725863 -0.803881
VERTEX_POINT L323 -0.361031 -0.427857 0.160798 0.937184 0.953488
VERTEX_POINT L324 -0.688044 -0.196186 -0.922124 -0.575364 -0.992187
VERTEX_POINT L325 0.181786 0.041567 0.204115 -0.864481 0.856242
VERTEX_POINT L326 0.153328 -0.658336 0.569172 -0.896898 0.264082
VERTEX_POINT L327 -0.466254 -0.091134 -0.541828 0.969263 -0.961859
VERTEX_POINT L328 0.948732 0.112978 0.155171 0.812805 -0.204028
VERTEX_POINT L329 -0.943725 0.347705 -0.211639 -0.482127 -0.875201
VERTEX_POINT L330 0.453553 0.049573 -0.209366 0.571435 -0.955613
VERTEX_POINT L331 -0.427201 -0.254090 0.260469 -0.584165 -0.397601
VERTEX_POINT L332 0.587177 -0.929800 -0.219171 0.318298 -0.103001
VERTEX_POINT L333 0.909802 0.477875 0.859790 -0.882217 -0.772260
VERTEX_POINT L334 0.480557 -0.747148 -0.830929 0.173310 -0.518678
VERTEX_POINT L335 -0.522370 -0.684162 0.268974 -0.419408 0.594835
VERTEX_POINT L336 0.677940 0.809102 0.755220 0.837241 0.298371
VERTEX_POINT L337 -0.804925 -0.183988 -0.937220 -0.654953 -0.087233
VERTEX_POINT L338 -0.174286 0.341259 -0.559399 -0.971914 -0.981820
VERTEX_POINT L339 0.568471 0.075345 -0.214562 -0.426632 0.755176
VERTEX_POINT L340 -0.555588 -0.014020 0.201485 -0.316622 -0.424345
VERTEX_POINT L341 0.179542 -0.761077 0.165078 -0.299474 0.645191
VERTEX_POINT L342 0.353714 -0.014007 0.485627 -0.751506 -0.089389
VERTEX_POINT L343 -0.961542 -0.029024 0.073313 -0.525874 0.798406
VERTEX_POINT L344 0.037718 -0.831661 -0.299555 -0.061502 0.302736
VERTEX_POINT L345 -0.870191 -0.955130 -0.090483 0.021237 0.788797
VERTEX_POINT L346 0.072164 -0.166205 0.758303 0.355544 -0.419930
VERTEX_POINT L347 0.306768 -0.760386 -0.954841 -0.885450 0.375726
VERTEX_POINT L348 -0.452724 -0.180408 -0.555303 0.793122 0.752390
VERTEX_POINT L349 0.736979 0.015854 0.456875 -0.568040 0.780592
VERTEX_POINT L350 -0.498103 -0.175979 0.699481 0.436655 0.636790
VERTEX_POINT L351 -0.643463 0.530770 0.349418 0.539717 -0.034806
VERTEX_POINT L352 -0.385668 0.238299 -0.458456 -0.657149 0.624960
VERTEX_POINT L353 -0.550162 -0.497977 0.845813 0.162518 0.832909
VERTEX_POINT L354 -0.004493 -0.897087 -0.489784 0.476901 -0.081318
VERTEX_POINT L355 -0.073713 -0.957887 -0.380579 -0.232513 0.632773
VERTEX_POINT L356 0.631624 0.543590 0.049928 0.298038 0.689151
VERTEX_POINT L357 -0.851165 -0.555423 -0.920613 0.580003 -0.817236
VERTEX_POINT L358 0.460033 -0.049021 0.077593 -0.263251 0.670914
VERTEX_POINT L359 0.580356 -0.343432 -0.794901 0.110843 -0.514876
VERTEX_POINT L360 -0.794890 0.792282 -0.132252 -0.902124 -0.692437
VERTEX_POINT L361 -0.086414 -0.999448 0.868227 -0.691816 0.715301
VERTEX_POINT L362 -0.846844 0.402478 0.465568 0.526678 0.087523
VERTEX_POINT L363 0.792286 0.862482 0.648578 0.416174 0.204562
VERTEX_POINT L364 -0.176611 0.478427 0.728017 -0.574033 0.943041
VERTEX_POINT L365 0.633712 0.655330 0.634639 -0.300012 0.568845
VERTEX_POINT L366 -0.730084 -0.821680 -0.082449 0.996766 -0.200603
VERTEX_POINT L367 -0.498671 0.287528 0.483237 -0.736792 0.241413
VERTEX_POINT L368 0.828788 -0.528658 0.697419 0.045036 -0.518389
VERTEX_POINT L369 0.095631 0.519579 0.358152 -0.975148 -0.182423
VERTEX_POINT L370 -0.930201 -0.637127 -0.731325 -0.163424 -0.003411
VERTEX_POINT L371 -0.726801 0.457322 -0.101096 0.728413 0.057266
VERTEX_POINT L372 -0.724827 0.758502 -0.476771 -0.274621 -0.537232
VERTEX_POINT L373 0.423513 0.348867 0.754302 0.085070 0.907200
VERTEX_POINT L374 -0.688343 -0.571702 0.972217 -0.797460 -0.144328
VERTEX_POINT L375 0.312891 0.926842 0.223674 0.663877 0.765504
VERTEX_POINT L376 0.553322 0.393736 -0.336181 -0.893693 0.695997
VERTEX_POINT L377 0.383821 0.262093 0.730520 0.558084 0.435743
VERTEX_POINT L378 -0.380341 -0.833545 0.268833 0.778427 0.141230
VERTEX_POINT L379 -0.899402 -0.786672 0.108515 0.899429 0.448387
VERTEX_POINT L380 0.120800 -0.722053 0.187395 0.990044 0.216335
VERTEX_POINT L381 0.121556 -0.009524 -0.031685 0.215082 -0.221980
VERTEX_POINT L382 -0.542865 0.744098 -0.542067 0.439146 -0.586419
VERTEX_POINT L383 0.735132 0.516246 0.728939 -0.667105 -0.158706
VERTEX_POINT L384 0.571394 0.492500 -0.185873 -0.622400 -0.389071
VERTEX_POINT L385 0.452642 0.847010 -0.031851 -0.083953 0.332263
VERTEX_POINT L386 -0.338581 0.558359 -0.651640 0.100382 -0.525933
VERTEX_POINT L387 0.203018 0.036090 0.864055 0.675637 -0.699919
VERTEX_POINT L388 0.601477 -0.708413 0.047536 -0.503950 0.515027
VERTEX_POINT L389 -0.878547 -0.490662 0.425953 0.837131 -0.855019
VERTEX_POINT L390 -0.216626 0.692658 -0.930846 -0.213520 -0.214796
VERTEX_POINT L391 0.806586 -0.916131 0.915284 -0.406074 0.822590
VERTEX_POINT L392 0.035039 -0.490110 0.294180 -0.854685 0.860283
VERTEX_POINT L393 -0.063470 0.095136 0.534722 -0.686842 0.872727
VERTEX_POINT L394 0.598873 0.946350 0.563862 -0.989900 0.027152
VERTEX_POINT L395 0.858428 0.988317 0.022196 -0.428718 0.803324
VERTEX_POINT L396 -0.429758 -0.249534 0.169361 0.013146 0.441572
VERTEX_POINT L397 0.868789 -0.875330 -0.518587 -0.993134 0.826549
VERTEX_POINT L398 -0.640244 0.275845 -0.494567 -0.165510 0.044737
VERTEX_POINT L399 -0.600971 0.221808 -0.133219 -0.941818 0.923183
VERTEX_POINT L400 -0.035580 0.644249 0.839564 -0.968282 -0.355874
VERTEX_POINT L401 -0.570445 0.638719 -0.225892 0.671066 -0.958675
VERTEX_POINT L402 -0.327771 -0.320870 0.765685 0.786595 -0.019551
VERTEX_POINT L403 0.239592 0.402752 -0.637206 -0.242903 0.106894
VERTEX_POINT L404 0.853068 -0.012415 -0.471589 -0.243863 0.948525
VERTEX_POINT L405 -0.016114 0.107428 0.737902 0.989135 0.836121
VERTEX_POINT L406 -0.447517 0.329593 0.586468 -0.579027 -0.127603
VERTEX_POINT L407 0.406390 -0.618678 0.192229 -0.137556 0.644522
VERTEX_POINT L408 -0.632293 -0.630480 0.468422 0.547219 0.271864
VERTEX_POINT L409 0.172141 0.496048 -0.144699 -0.800600 -0.986373
VERTEX_POINT L410 0.506987 -0.405350 -0.699255 -0.238127 0.092909
VERTEX_POINT L411 0.488507 -0.352533 -0.344183 0.537263 -0.511802
VERTEX_POINT L412 -0.706303 -0.513475 0.823616 0.414482 -0.208352
VERTEX_POINT L413 0.964122 -0.661253 -0.241322 -0.798980 0.506491
VERTEX_POINT L414 0.223639 -0.836287 -0.615243 0.870158 0.329493
VERTEX_POINT L415 0.865091 0.979024 -0.362257 0.792082 0.402577
VERTEX_POINT L416 0.416764 -0.814242 0.726827 0.117067 -0.161246
VERTEX_POINT L417 0.885058 0.722072 -0.266883 -0.029460 0.803560
VERTEX_POINT L418 0.068108 0.015114 -0.498201 0.467719 0.702657
VERTEX_POINT L419 0.018241 -0.522655 -0.225638 0.613117 -0.646219
VERTEX_POINT L420 -0.993489 -0.768590 -0.840931 -0.192328 0.948542
VERTEX_POINT L421 0.851482 -0.292228 -0.429047 -0.745800 -0.512138
VERTEX_POINT L422 -0.175173 -0.438786 -0.310354 -0.792958 -0.823630
VERTEX_POINT L423 0.041550 -0.258699 0.453249 -0.047013 0.808824
VERTEX_POINT L424 -0.211988 0.802908 -0.894325 -0.432642 -0.639411
VERTEX_POINT L425 -0.576301 -0.492436 -0.746492 -0.782858 0.203522
VERTEX_POINT L426 -0.100023 -0.270383 -0.524555 0.524269 0.612148
VERTEX_POINT L427 0.358254 -0.446626 0.275037 0.580504 0.802160
VERTEX_POINT L428 -0.707512 -0.367766 -0.265079 -0.775993 0.030071
VERTEX_POINT L429 0.259733 -0.994537 -0.019122 -0.641241 -0.343115
VERTEX_POINT L430 0.757283 0.775182 -0.858182 0.638686 0.725343
VERTEX_POINT L431 0.256908 -0.723517 -0.425515 -0.744275 0.674197
VERTEX_POINT L432 0.689289 0.644181 0.754987 -0.970175 -0.301790
VERTEX_POINT L433 -0.570488 -0.545688 0.907502 0.425281 -0.294208
VERTEX_POINT L434 -0.503500 0.679235 -0.062721 0.012822 -0.218910
VERTEX_POINT L435 0.542356 -0.368233 -0.716603 -0.214038 -0.353265
VERTEX_POINT L436 0.413398 0.561739 0.645404 0.414416 -0.458087
VERTEX_POINT L437 0.048983 0.008828 -0.476253 0.433795 0.653488
VERTEX_POINT L438 -0.051254 0.013088 0.475627 0.648406 -0.708743
VERTEX_POINT L439 0.781105 0.931260 0.113827 -0.038364 0.813777
VERTEX_POINT L440 -0.778876 -0.495124 0.379048 0.633196 0.667115
VERTEX_POINT L441 -0.544267 0.607738 0.776371 -0.589721 0.384166
VERTEX_POINT L442 0.269612 -0.421273 0.769644 -0.501101 -0.698025
VERTEX_POINT L443 -0.485179 -0.008599 0.202664 0.047678 -0.541237
VERTEX_POINT L444 -0.580145 0.946485 -0.464951 -0.388701 -0.109343
VERTEX_POINT L445 -0.506749 -0.257560 -0.845599 -0.630943 0.631468
VERTEX_POINT L446 -0.620089 -0.029574 0.840408 -0.160240 0.861339
VERTEX_POINT L447 0.836620 -0.867757 -0.738124 0.728366 0.729411
VERTEX_POINT L448 -0.621691 -0.535488 -0.112483 0.339598 0.435028
VERTEX_POINT L449 0.448020 0.985540 -0.657793 -0.692521 0.563997
VERTEX_POINT L450 -0.145140 -0.390412 0.036238 0.341482 -0.916809
VERTEX_POINT L451 -0.615180 -0.304077 0.046587 -0.852731 0.383569
VERTEX_POINT L452 0.299502 -0.306688 -0.086840 -0.438321 -0.948142
VERTEX_POINT L453 0.679687 0.170802 0.725885 0.548524 -0.740439
VERTEX_POINT L454 0.426370 0.437223 -0.500165 0.100256 0.192394
VERTEX_POINT L455 -0.912486 -0.503780 0.018835 0.129037 -0.587553
VERTEX_POINT L456 -0.896613 0.678366 0.979393 0.765666 0.463084
VERTEX_POINT L457 -0.673653 -0.833160 -0.024719 -0.375475 -0.195458
VERTEX_POINT L458 0.445768 0.049594 -0.706128 -0.290459 -0.785392
VERTEX_POINT L459 -0.604125 -0.689400 -0.285687 0.989673 -0.506845
VERTEX_POINT L460 0.586080 -0.827697 0.956159 -0.016716 0.461427
VERTEX_POINT L461 0.203052 -0.175224 -0.564310 -0.651773 0.939951
VERTEX_POINT L462 0.652783 -0.412917 0.288798 -0.754601 -0.832648
VERTEX_POINT L463 0.275369 0.816484 0.711146 0.013109 -0.840364
VERTEX_POINT L464 0.632564 0.279087 -0.656808 0.773509 -0.354257
VERTEX_POINT L465 -0.850716 -0.733682 -0.773923 0.258221 -0.051558
VERTEX_POINT L466 -0.182275 -0.551749 0.994544 0.799071 -0.193629
VERTEX_POINT L467 0.045962 -0.159174 0.988596 0.187925 0.187655
VERTEX_POINT L468 0.198266 0.275147 -0.250177 -0.307984 -0.398070
VERTEX_POINT L469 0.766471 0.461339 0.470170 0.447477 0.097628
VERTEX_POINT L470 -0.172933 -0.227914 0.102422 -0.850439 0.001432
VERTEX_POINT L471 0.419390 0.780023 -0.871128 -0.674788 -0.730955
VERTEX_POINT L472 -0.777796 0.069077 0.246542 0.857756 -0.518206
VERTEX_POINT L473 -0.903321 0.350813 -0.127934 -0.351540 0.303407
VERTEX_POINT L474 0.934211 -0.228576 0.331536 0.372890 -0.272192
VERTEX_POINT L475 -0.357940 0.015562 0.781591 -0.530945 0.372451
VERTEX_POINT L476 -0.410070 -0.906747 0.026467 0.017517 -0.065125
VERTEX_POINT L477 -0.685878 0.741850 0.171944 -0.787350 -0.410853
VERTEX_POINT L478 -0.521320 0.147805 -0.956533 -0.802580 0.101861
VERTEX_POINT L479 -0.031761 -0.442235 0.913985 -0.642885 -0.630098
VERTEX_POINT L480 0.762142 0.727390 0.514150 -0.479871 -0.846856
VERTEX_POINT L481 0.333540 0.757393 0.079705 0.538902 0.185052
