VERTEX_POSE A0 0.727210 0.169007 0.344082 -0.244154 -0.755261 -0.788880 -0.572734 0.187601 0.296459 -0.318120 -0.803703 -0.194531 -0.514575 -0.218873 -0.490840 0.366109 -0.684484 -0.457007 0.608106 -0.016871
VERTEX_POSE A1 0.135948 -0.216037 -0.766762 -0.276572 -0.125348 -0.439040 -1.033227 -0.395182 -0.876460 -0.326330 0.772774 0.303508 -0.456521 -0.574576 0.654690 -0.359149 0.863706 -0.617370 0.592764 -0.182603
VERTEX_POSE A2 -0.261589 0.355516 0.469117 -0.830303 -0.177406 -0.323938 -0.215388 0.865802 -0.844710 0.536971 -0.411961 0.286917 -0.511194 -0.162638 -0.707537 -0.801007 -0.054501 0.087579 -0.414017 -0.678473
VERTEX_POSE A3 -0.583842 -0.513244 -0.639577 0.617304 0.684837 -0.914325 0.296154 -0.122757 -0.204852 -0.877542 0.054075 -0.044537 0.368628 -0.141927 -0.350009 -0.304900 -0.453877 0.290173 0.002462 -0.917880
VERTEX_POSE A4 0.323250 -0.605225 -0.282359 -0.676043 -0.399096 0.510869 -0.755495 -0.527010 0.510853 0.892756 0.307089 -0.571267 0.381405 -0.613268 0.071939 0.430184 -0.965944 -0.927736 -0.125929 0.181620
VERTEX_POSE A5 0.064428 -0.318969 -0.390787 -0.468807 0.389016 0.737091 -0.458072 0.505676 -0.473984 -0.821350 -0.377243 0.618416 0.089323 -0.794273 -0.240959 0.431238 0.261916 -0.008303 0.360752 -0.333230
VERTEX_POSE A6 0.992773 -0.583036 0.561906 0.141841 -0.617893 0.863811 -0.569399 -0.336826 0.411501 -0.483771 0.758308 0.504357 0.454796 0.097128 -0.331303 -0.685890 -0.645672 -0.461835 -0.507343 0.614918
VERTEX_POSE A7 0.981205 0.100752 -0.394111 -0.642089 -0.552680 0.267159 0.777034 -0.765513 0.774807 -0.291360 0.082721 0.258617 0.695581 0.790762 -0.292036 0.296916 0.234500 -0.670316 0.111921 -0.006562
VERTEX_POSE A8 0.241713 0.731999 -0.968498 0.305987 0.578531 -0.934258 0.542926 -0.485105 0.085180 0.621094 -0.713413 0.631284 0.155551 -0.508586 0.574380 -0.191602 -0.628711 0.450640 1.034489 0.642946
VERTEX_POSE A9 0.749108 0.476730 -0.401579 -0.220859 0.007724 1.020234 -0.423261 -0.506027 -0.433428 -0.503978 -0.046637 -0.106378 0.808386 -0.397157 0.495369 0.681208 0.321355 -0.287657 0.132339 -1.024182
VERTEX_POSE A10 0.140096 -0.590005 -0.976073 -0.009595 -0.413453 -0.787506 -0.584671 -0.199983 0.600197 0.109616 0.562642 -0.320978 -0.592703 0.696935 0.700769 -0.946401 -0.055101 -0.260810 0.204206 0.892868
VERTEX_POSE A11 0.627962 -0.026577 0.441062 -0.037086 0.147728 -0.530164 0.388342 0.192663 0.670945 0.178011 0.666158 -0.121741 0.885722 -0.733534 0.958073 0.280288 -0.383441 -0.093766 0.791957 0.711880
VERTEX_POSE A12 -0.991752 0.935165 -0.418156 0.925800 0.397787 0.587183 0.392646 0.926373 0.699201 0.403860 0.637368 0.487353 0.641994 -0.477039 0.839578 -1.267436 0.022982 0.804650 0.296154 -0.964900
VERTEX_POSE A13 0.410560 -0.117264 -0.284234 -0.516399 -0.234198 0.346492 0.402621 -0.066675 0.164989 0.800587 0.559886 -0.604787 -0.134113 0.585678 0.564738 -0.541507 0.659229 -0.538396 0.087098 0.162249
VERTEX_POSE A14 -0.731812 0.076487 -0.818958 0.489946 -0.625530 -0.473926 -0.641728 0.087797 -0.349947 0.289311 0.473034 0.041825 -0.217072 0.010516 -0.539436 0.353265 -0.186665 -0.167331 0.019394 -0.633549
VERTEX_POSE A15 -0.494133 -0.083350 -0.937288 0.743113 0.317231 -0.821138 -0.804826 0.088658 -0.365286 0.731126 0.664380 0.400897 -0.172680 -0.714026 -0.833836 0.287098 -0.627485 0.136776 -0.622796 0.574088
VERTEX_POSE A16 0.656518 -0.263090 -0.304172 0.540952 0.599522 -0.565270 -0.705114 0.473364 0.212898 0.162547 -0.847943 0.277974 0.959200 0.550627 0.548984 -0.395518 -0.511716 -1.036151 0.465844 -0.555872
VERTEX_POSE A17 0.546704 0.377687 0.941086 -0.058900 -0.129828 -0.459296 0.393273 0.351279 0.266506 0.431844 -0.590554 -0.107170 -0.247993 0.217922 0.201743 0.619609 0.356006 0.684263 -0.125740 0.394965
VERTEX_POSE A18 -0.490323 0.085591 0.534227 -0.936153 0.319617 -0.353607 0.494261 -0.267443 -0.531706 -0.419767 0.565417 -0.511182 -0.363704 -0.489414 -0.453578 0.415504 -0.029781 -0.113859 0.402904 0.506082
VERTEX_POSE A19 0.786522 0.401957 -0.137420 -0.496777 -0.143432 0.672439 0.118977 -0.515822 -0.489984 -0.194528 -0.522209 0.036104 0.413448 -0.352116 -0.044850 -0.582789 -0.381851 -0.399844 0.541174 -0.216512
VERTEX_POSE A20 -0.189884 -0.958845 0.801459 -0.040209 0.053404 0.621063 0.296171 0.222718 0.166566 -0.080430 0.628310 0.705165 -0.813339 -0.262774 -0.521944 -0.516709 -0.312644 -0.274508 -0.485600 0.804567
VERTEX_POSE A21 -0.485462 -0.893324 -0.709828 -0.780611 -0.430861 -0.211113 0.680179 -0.701979 -0.716201 -0.430367 -0.196771 0.363150 0.152565 -0.078988 0.014148 -0.450772 -0.529352 -0.570212 0.374704 0.443608
VERTEX_POSE A22 -0.731538 -0.005428 0.444397 0.290364 -0.714194 0.410393 0.491288 0.468333 -0.559986 -0.055418 -0.949243 0.361869 -0.241847 -0.433636 0.822217 -0.860753 -0.168008 0.673202 0.835690 -0.636814
VERTEX_POSE A23 -0.071953 0.074766 -0.793356 -0.424473 0.446075 0.665269 0.100343 -0.516268 0.397148 0.670797 0.813374 0.879989 0.085484 -0.315596 -0.038939 0.584284 0.241864 0.441626 -0.873216 0.696441
VERTEX_POSE A24 -0.348303 -0.491520 -0.727050 0.771063 0.547722 -0.620565 0.004235 0.492114 0.751504 -0.282404 0.431916 -0.133361 -0.703319 -0.690409 0.158298 0.756415 -0.483052 0.392301 0.003369 -0.088722
VERTEX_POSE A25 -0.489611 -0.386168 -0.308053 -0.135887 -0.939117 -0.041961 -0.399242 -0.850402 -0.208419 -0.381697 -0.189007 -0.387094 0.328342 -0.331328 0.578996 0.645064 -0.425705 0.723321 -0.473780 0.059656
VERTEX_POSE A26 -0.975435 0.776700 0.260517 -0.530310 0.454571 0.052544 -0.663125 -0.675915 -0.104945 0.442774 -0.604208 0.006803 0.251607 -0.010021 0.933666 0.208619 -0.120937 0.253146 -0.455000 0.336127
VERTEX_POSE A27 -0.795460 -0.317693 0.175586 0.646910 0.358234 -0.481366 0.305055 0.817000 -0.367419 -0.132133 0.067859 -0.119333 -0.784218 0.758404 -0.920878 -0.520431 -0.591962 0.610151 -0.777744 -0.059679
VERTEX_POSE A28 -0.067834 -0.344276 -0.326032 0.817677 -0.736985 0.460046 1.189262 -0.233607 -0.187611 0.052183 0.602050 0.996099 -0.553618 -0.468291 0.629452 0.056890 0.713603 0.310493 -0.069815 0.765577
VERTEX_POSE A29 0.296461 0.380190 -0.476047 -0.664953 -0.989653 -0.971385 0.097795 -0.118816 0.270671 0.600872 -0.460685 -0.269576 0.388277 -0.614185 -0.240303 -0.709297 -0.260913 -0.292352 0.456361 0.749060
VERTEX_POSE A30 0.911982 -0.479615 0.157914 -0.343180 0.605126 -0.318221 -0.001342 0.453116 0.245981 0.092953 0.317121 -0.331905 -0.406471 -0.494525 0.666365 -0.220178 -0.156212 0.016339 -0.702782 0.376039
VERTEX_POSE A31 -0.340624 0.824731 -0.981949 -0.426476 -0.492246 0.896444 0.739277 0.254458 0.002341 0.345270 -0.810176 0.612871 -0.526724 0.265039 -0.543019 0.690658 0.570155 -0.129188 -0.265705 0.611827
VERTEX_POSE A32 -0.567591 -0.835847 -0.242809 0.058475 -0.115001 -0.833278 0.154529 0.174564 0.492280 0.473012 -0.186803 -0.314158 0.746886 -0.740763 0.050190 0.726557 0.861431 -0.568203 -0.165584 0.067815
VERTEX_POSE A33 -0.349607 0.875900 -0.372969 -0.173483 -0.572280 0.607058 -0.375686 -0.615606 0.428943 0.440193 -0.470374 0.352978 0.824801 0.276893 0.645444 -0.311036 0.642613 0.247113 -0.206926 0.254802
VERTEX_POSE A34 0.075534 -0.688513 -0.621526 -0.809173 -0.807409 0.351977 0.267972 0.778491 0.691598 0.062971 -0.089918 -0.437941 0.408780 0.205558 -0.250569 0.380778 0.125404 -0.192022 -0.711180 0.470670
VERTEX_POSE A35 0.755659 -0.441072 0.474831 0.382432 0.485903 -0.463816 -0.484227 -0.825784 -0.841031 0.801284 -0.044753 -0.294711 -0.544616 -0.166309 0.325966 -0.049957 0.083614 0.580173 0.525865 -0.856502
VERTEX_POSE A36 0.714821 -0.443069 0.236244 0.357710 0.816736 0.065249 -0.026409 -0.175967 0.192220 -0.831709 -0.141686 0.509934 0.527790 -0.541965 0.439003 -0.297354 -0.478341 -0.752588 -0.030555 -0.697694
VERTEX_POSE A37 0.068307 -0.271550 0.940380 0.332669 -0.425302 0.212652 0.358405 0.838885 0.228574 0.090484 0.531024 -0.128364 1.024644 -0.350021 0.159056 -0.189099 -0.153388 -1.042547 -0.062066 0.307229
VERTEX_POSE A38 0.736864 0.659680 -0.919279 0.740342 0.933223 0.750875 0.173426 0.923030 0.147540 1.004900 0.052690 -0.428880 0.701145 0.037259 0.946006 -0.038824 -0.617493 -0.150222 -0.392429 0.670497
VERTEX_POSE A39 -0.043466 -0.711070 0.267746 -0.336303 0.395267 -0.228847 -0.125923 0.170881 -0.752428 0.225527 -0.720196 0.099167 -0.664904 -0.465572 0.689427 0.515573 -0.568756 -0.239169 0.621476 0.269707
VERTEX_POSE A40 -0.182584 -0.794820 -0.461199 -0.888191 0.582422 0.062006 0.483378 -0.629599 0.075057 -0.909980 -0.033134 0.527621 0.276424 0.545122 -0.854585 0.042756 -0.029621 -0.392946 0.180636 0.690694
VERTEX_POSE A41 -0.123040 -0.930325 -0.895352 -0.269252 -0.480229 -0.643930 0.563919 0.593383 -0.287669 -0.148024 -0.373659 0.593392 -0.305188 0.748907 0.494816 0.535895 -0.389410 -0.338307 -0.698978 -0.067685
VERTEX_POSE A42 -0.415504 0.262352 -0.291192 0.626611 -0.457005 -0.811594 0.760736 -0.230346 -0.134878 -0.668205 0.829444 0.149479 0.740378 0.827645 -0.272770 -0.404919 -0.535990 -1.026037 -0.298393 0.336237
VERTEX_POSE A43 -0.174336 -0.859654 0.120645 -0.962390 -0.019791 0.887039 0.063954 0.160971 0.010085 0.591031 0.463239 0.211986 -0.034144 0.502877 0.245176 -0.735868 0.017370 0.356406 0.350626 -0.724793
VERTEX_POSE A44 -0.712480 -0.047589 -0.179586 0.214349 0.285572 0.506926 -0.490051 -0.504033 0.633359 0.549851 -0.730514 -0.378477 0.931202 -0.136289 -0.707388 -0.163944 -0.481800 -0.468734 -0.291494 -0.695028
VERTEX_POSE A45 -0.147316 -0.661161 -0.110151 0.116557 -0.082535 0.968519 0.161735 -0.580998 -0.203334 0.465642 -0.614365 0.729315 -0.555238 0.017764 0.030591 -0.730602 0.447195 -0.457822 -0.797974 -0.898058
VERTEX_POSE A46 0.331531 0.056996 0.183357 0.780723 -0.702560 0.622742 0.005199 0.733245 0.651087 0.017851 -0.660230 -0.056412 1.073187 0.283824 -0.407754 0.391719 -0.494507 -0.651066 -0.315492 0.326205
VERTEX_POSE A47 0.944038 0.689321 0.516242 -0.244699 -0.114906 0.009514 -0.815472 -0.061175 -0.522269 -0.156801 0.487811 -0.210386 -0.325118 -0.315462 -0.619082 0.151305 0.107840 -0.368002 0.132780 -0.694952
VERTEX_POSE A48 -0.600612 0.716527 -0.169065 -0.942344 0.787637 -0.288844 0.632125 0.394610 -0.815356 0.328289 0.359499 0.001623 -0.087124 -0.505263 0.585240 -0.211953 0.931026 0.606108 0.947756 -0.225954
VERTEX_POSE A49 0.841208 -0.857413 -0.282416 0.844570 0.617057 -0.238348 -0.616798 -0.747170 -0.116727 0.762204 -0.628493 0.838077 0.580337 -0.299903 0.842878 -0.392297 0.373569 0.445795 -0.479482 -0.706557
VERTEX_POSE A50 0.730560 0.091278 -0.621178 0.258524 0.741662 0.428786 0.801879 -0.481107 0.213652 -0.121760 -0.459813 -0.436053 0.325236 0.486985 -0.890326 0.163353 -0.602388 -0.046923 0.651330 0.414260
VERTEX_POSE A51 0.209503 0.757681 -0.367606 0.017448 -0.158960 0.589349 -0.506793 0.764986 -0.026544 0.624091 -0.097227 1.013184 0.298147 -0.296540 0.258572 -0.209512 -0.740183 0.082324 0.817985 0.466638
VERTEX_POSE A52 -0.644254 -0.750736 0.007756 -0.936041 -0.813804 0.467083 -0.248944 0.665205 0.101876 -0.465602 0.205493 0.760917 0.717112 -0.529499 -0.845191 0.246862 -0.290048 0.205643 -0.842751 -0.845551
VERTEX_POSE A53 0.999022 -0.914150 0.823219 -0.451112 -0.972531 -0.962222 -0.436049 0.322172 0.008817 0.794331 0.091919 0.562738 0.024777 0.524342 -0.515861 0.829436 0.204809 -0.114582 0.110394 -1.045342
VERTEX_POSE A54 -0.862450 -0.167553 -0.160962 0.592975 -0.712885 0.130316 -0.303838 0.528396 0.162193 0.296344 -0.839573 0.103391 0.586405 0.529164 1.001769 -0.423690 -0.038536 0.469025 0.757616 0.109180
VERTEX_POSE A55 0.007442 -0.242256 0.280706 0.835022 0.733918 0.902929 0.772763 0.308815 0.058926 -0.417577 0.766869 -0.674478 0.122825 0.302317 -0.299570 0.315279 0.908798 0.558228 -0.888264 0.272521
VERTEX_POSE A56 -0.490589 -0.300319 -0.484834 0.413001 -0.911648 -0.324908 0.551169 0.314629 -0.102671 -0.785721 -0.007389 0.783672 0.709585 0.315168 -0.893010 0.213594 0.723600 0.489646 -0.545152 1.022494
VERTEX_POSE A57 -0.837884 -0.390853 -0.900446 -0.937335 0.741686 -0.568847 -0.341044 0.385960 0.895847 -0.515149 0.520688 -0.542903 -0.221295 0.846046 -0.263967 -0.994138 -0.647314 -0.291061 0.395343 -0.142742
VERTEX_POSE A58 0.211982 0.440051 -0.543708 0.481932 0.092151 -0.010884 -0.101837 0.267619 0.281842 -0.221194 -0.024620 -0.149762 0.478136 -0.295732 0.480235 0.375213 0.260606 0.339854 -0.139326 -0.469583
VERTEX_POSE A59 0.441576 0.355405 0.189134 0.230678 -0.648633 -0.028047 0.618434 0.867617 -0.046776 0.737483 0.009664 0.442722 0.430049 -0.186520 0.587343 0.412242 -0.632296 0.947922 -0.401592 0.505039
VERTEX_POSE A60 0.458577 0.989337 -0.376493 -0.602288 0.752033 0.016203 0.322441 -0.007198 0.087774 -0.146077 0.851394 -0.774254 0.328966 0.403135 0.236744 0.899130 -0.041947 -0.620344 -0.079692 -0.398885
VERTEX_POSE A61 0.123965 0.960436 0.614206 -0.861248 -0.302723 0.006516 0.075011 0.424379 -0.103312 1.125446 0.447900 0.653062 0.246582 -0.466079 0.759694 -0.339308 0.866926 0.721528 0.294542 -0.430630
VERTEX_POSE A62 -0.899048 0.180136 0.207185 0.804201 -0.140879 -0.240741 -0.811140 -0.530265 -0.568464 -0.107867 0.698215 -0.447180 0.709610 -0.663861 0.717553 0.260441 0.148444 0.466903 -0.270184 -0.287274
VERTEX_POSE A63 0.890986 -0.846510 0.380698 0.456187 -0.362968 -0.767477 -0.313084 -0.183858 0.025566 -0.752243 0.927053 -0.161387 -0.216568 0.322965 -0.777759 0.755667 0.554626 0.603100 0.550030 0.528404
VERTEX_POSE A64 0.774358 0.836336 -0.758763 -0.034731 0.124997 0.417120 -0.787940 -0.553951 -0.635519 -0.315533 0.977680 -0.367228 0.764115 -0.328635 0.688623 0.744407 0.275461 0.828970 -0.125304 0.653854
VERTEX_POSE A65 0.176486 0.491622 0.585659 0.995029 0.051712 0.040989 -0.798057 -0.697390 -0.628196 0.195627 -0.499737 0.762276 -0.434483 0.640631 0.372754 -0.599295 -0.568477 -0.874975 -0.811669 0.642056
VERTEX_POSE A66 0.646645 -0.287582 -0.144471 -0.161381 -0.877065 -0.436610 -0.402108 -0.818688 -0.664469 -0.291249 -0.211473 -0.279263 0.935754 0.475023 0.556737 -0.835945 0.663809 0.968154 0.369397 -0.759047
VERTEX_POSE A67 0.489178 -0.606733 0.477481 -0.677021 -0.058267 0.750727 -0.217429 -0.515306 0.127395 -0.733057 0.168029 -0.502734 -0.915710 0.378880 0.023958 -0.506991 -0.952464 0.942547 -0.203273 0.614020
VERTEX_POSE A68 -0.755206 -0.779927 0.526039 0.327698 0.626410 0.283856 0.943255 0.513371 0.076126 0.174919 -0.861498 -0.812071 -0.134419 0.407107 0.753793 -0.371251 0.231879 -0.208168 0.530229 -0.363502
VERTEX_POSE A69 0.383509 -0.627902 -0.063750 -0.421039 -0.943842 -0.908174 -0.286656 -0.395352 0.609787 -0.485132 -0.703159 0.250482 -0.476777 -0.359297 0.451547 0.658545 -0.016722 -0.196876 0.723529 -0.849651
VERTEX_POSE A70 -0.554288 -0.317803 -0.254773 -0.013324 -0.663000 -0.862691 0.269042 -0.996224 -0.379302 0.032938 0.235935 0.595746 -0.748022 -0.800200 0.474096 0.059101 -0.240459 -0.605142 -1.094297 0.296172
VERTEX_POSE A71 0.062209 -0.574747 -0.935160 0.439507 0.208831 0.252671 -0.374815 0.049105 -0.826318 -0.494738 0.158535 0.674615 -0.474663 0.432711 -0.188086 -0.078859 0.893639 0.011074 -0.787701 -0.473152
VERTEX_POSE A72 -0.739531 -0.558227 0.040898 0.309709 -0.424071 -0.125171 -0.208415 0.724244 0.763212 -0.364528 -0.475245 -0.668414 -0.193209 -0.204909 0.039578 -0.974639 0.283104 0.479961 0.336600 0.635881
VERTEX_POSE A73 0.030208 0.944550 0.454035 -0.386714 -0.120005 0.019326 0.719140 -0.932015 0.351095 -0.672790 -0.394243 -0.181696 0.582943 0.393920 -0.966662 -0.373592 -0.424867 -0.600924 0.054755 0.304033
VERTEX_POSE A74 0.887873 -0.434401 0.185486 0.477117 -0.810960 0.052014 -0.253626 -0.556399 0.692578 -0.182760 0.259757 0.455235 -0.777827 0.388669 -0.160829 -0.653653 -0.727711 0.804862 0.482983 -0.552809
VERTEX_POSE A75 -0.452011 0.394185 0.861311 -0.475942 0.861501 0.734527 -0.647834 -0.206990 0.593933 0.135790 -0.274200 -0.563669 0.646863 0.335487 -0.859452 -0.636322 -0.874824 0.246226 0.864772 -1.006676
VERTEX_POSE A76 0.882892 -0.716611 -0.656116 0.729843 0.797460 -0.583102 -0.587559 -0.180468 -0.619501 0.660807 0.419471 0.778331 0.058832 0.457451 -0.115569 0.614405 0.077509 0.196651 0.467729 -0.978685
VERTEX_POSE A77 0.219404 0.622595 -0.631158 0.257840 -0.513519 -0.462405 -0.209318 0.596737 0.363537 -0.607718 0.204865 0.184146 0.659503 0.568618 0.248510 -0.269652 0.456900 0.699343 0.099672 -0.024015
VERTEX_POSE A78 -0.507972 0.083506 0.377553 0.279359 -0.253404 -0.285465 0.457761 0.734390 -1.291242 -0.050538 -0.300496 0.129555 0.846479 -0.600821 -0.075215 -0.394962 0.714478 0.088743 -0.833361 -0.527277
VERTEX_POSE A79 -0.717720 0.999916 0.174819 0.787499 0.585096 0.580254 -0.840395 -0.346217 -0.687409 -0.374479 -0.126884 -0.878354 0.228337 -0.824964 -0.061227 0.757088 0.650393 0.651245 0.732655 -0.876961
VERTEX_POSE A80 0.060612 0.765182 0.086427 0.102410 -0.896462 -0.352419 -0.692990 0.429665 -0.290540 -0.326343 -1.033589 -0.384993 0.123627 -0.117287 0.680391 0.363206 -0.213786 -0.705237 0.763666 0.068875
VERTEX_POSE A81 -0.777412 -0.825216 0.756375 -0.462117 -0.511742 -0.364992 0.293530 -0.787600 0.370740 0.609001 -0.234348 -0.444218 -0.071298 -0.407192 -0.513642 -0.526182 0.032218 0.651295 -0.645769 -0.560298
VERTEX_POSE A82 0.491783 0.757597 0.807213 -0.195053 -0.573863 -0.600636 -0.868915 0.521529 -0.283879 0.834614 0.064615 -0.818201 0.262963 0.464736 0.794777 -0.186374 0.708566 -0.168709 -0.464174 -0.881320
VERTEX_POSE A83 0.416358 -0.985554 -0.905817 0.166369 -0.710266 0.660213 -0.128341 -0.092566 0.214489 0.456106 0.566224 -0.137151 0.518838 -0.059519 -0.246588 0.223244 -0.336809 -0.323238 -0.349930 0.468855
VERTEX_POSE A84 -0.778390 -0.739367 0.579594 0.086772 -0.484273 -0.715487 -0.745506 0.534477 0.506947 0.488116 0.968497 -0.447991 0.185987 0.231384 0.503112 -0.702972 0.453991 0.630481 -0.545385 -0.370059
VERTEX_POSE A85 0.629334 -0.409956 -0.353749 -0.602078 -0.286748 0.001739 -0.686595 0.863690 -0.245514 0.051343 -0.033877 0.881785 0.500915 0.604046 -0.612183 -0.129379 0.512390 0.568903 -0.891371 -0.402146
VERTEX_POSE A86 -0.576200 -0.227810 0.374889 0.001391 -0.976348 0.191826 -0.491761 -0.568688 0.727591 0.593736 -0.671351 0.446990 0.432159 0.656347 -0.267183 0.615050 0.076954 -0.749217 0.489183 -0.433437
VERTEX_POSE A87 -0.268979 -0.039686 -0.905240 -0.500228 -0.395921 -0.677826 -0.334899 -0.488591 -0.391921 -0.980672 -0.055890 -0.253395 -0.248794 0.424693 0.570715 -0.601604 0.747084 -0.812785 0.407302 0.826591
VERTEX_POSE A88 0.791449 0.199191 -0.254195 -0.539413 -0.545062 -0.650364 0.535467 -0.851222 0.946960 -0.696899 -0.688475 0.969282 0.898704 0.151786 0.147696 0.713406 -0.697818 -0.071445 -0.443986 -0.759979
VERTEX_POSE A89 0.635783 -0.787758 0.831181 -0.516677 0.115803 -0.601577 0.128254 -0.797515 -0.780597 -0.522338 0.401958 -0.811763 0.504176 0.032950 0.078687 -0.732673 -0.835824 -0.177847 -0.766627 0.413181
VERTEX_POSE A90 -0.827403 -0.684281 0.283894 0.730450 -0.044554 -0.714873 -0.651458 -0.738222 0.691699 0.009221 -0.420165 -0.270362 -0.656081 0.878303 -0.301162 0.570784 0.357847 0.701058 -0.681210 0.154228
VERTEX_POSE A91 0.250026 0.188528 0.369312 -0.141701 -0.793029 -0.817093 -0.049334 0.547506 0.655415 -0.168437 -0.778725 0.274935 0.102109 -0.107934 0.691124 0.985094 0.715312 0.628336 -1.016669 0.784703
VERTEX_POSE A92 -0.240253 -0.827322 0.445387 -0.377925 0.813081 -0.547621 0.011981 0.690511 -0.857291 0.420211 0.707694 0.789082 0.033024 0.835370 0.051948 1.329591 -0.408277 -0.670523 -0.405171 -0.517315
VERTEX_POINT L0 -0.726451 0.495855 -0.508922 0.534652 0.814567
VERTEX_POINT L1 0.141012 0.342018 -0.249990 -0.685514 -0.155997
VERTEX_POINT L2 -0.465895 -0.990986 0.686624 0.587343 -0.061923
VERTEX_POINT L3 0.450036 -0.012523 -0.923263 0.529681 -0.133721
VERTEX_POINT L4 -0.212342 -0.945565 0.605540 0.153104 -0.033062
VERTEX_POINT L5 -0.976717 -0.597718 0.164105 0.910322 0.879810
VERTEX_POINT L6 0.694829 0.207550 0.602776 -0.142621 -0.507311
VERTEX_POINT L7 -0.828833 -0.573467 -0.458210 0.732066 0.023096
VERTEX_POINT L8 -0.531005 0.084479 0.909331 -0.103002 -0.783190
VERTEX_POINT L9 -0.242962 0.632803 0.667617 -0.703114 0.701520
VERTEX_POINT L10 -0.568364 -0.131693 0.582687 0.041775 0.599025
VERTEX_POINT L11 0.499203 0.029029 0.363366 0.510284 0.096805
VERTEX_POINT L12 -0.355088 -0.801598 -0.146898 0.774003 0.890561
VERTEX_POINT L13 -0.020374 -0.737509 0.443999 0.565833 0.460527
VERTEX_POINT L14 0.382095 0.312418 0.707250 0.240127 -0.105736
VERTEX_POINT L15 0.864316 0.820997 0.221945 0.031842 -0.622958
VERTEX_POINT L16 0.471653 0.345997 -0.178448 -0.154808 -0.792877
VERTEX_POINT L17 0.664375 0.312334 -0.117931 0.027627 -0.520639
VERTEX_POINT L18 -0.075072 0.586180 -0.691629 -0.865748 -0.519421
VERTEX_POINT L19 0.694241 0.520780 -0.422074 0.383076 -0.304619
VERTEX_POINT L20 0.156158 0.069931 -0.310718 0.832573 -0.094502
VERTEX_POINT L21 -0.658714 0.600626 -0.597446 0.300621 -0.229687
VERTEX_POINT L22 0.915851 0.781413 -0.842480 -0.530153 0.211108
VERTEX_POINT L23 -0.214508 0.659975 0.335533 -0.769505 0.618749
VERTEX_POINT L24 -0.234914 -0.627184 0.777443 -0.697987 -0.206035
VERTEX_POINT L25 -0.353129 -0.258272 -0.747721 -0.030380 0.815187
VERTEX_POINT L26 -0.423059 -0.140834 -0.918662 -0.308918 -0.926313
VERTEX_POINT L27 -0.599132 -0.414942 0.608624 -0.214664 0.909769
VERTEX_POINT L28 -0.180532 0.057447 0.536173 -0.299930 -0.229367
VERTEX_POINT L29 0.826967 -0.952305 0.450651 0.549381 -0.719341
VERTEX_POINT L30 0.160615 -0.242264 0.054011 0.407410 0.722849
VERTEX_POINT L31 0.093017 -0.446698 -0.972749 -0.765278 -0.414800
VERTEX_POINT L32 -0.032021 0.389713 -0.799339 0.863866 0.124662
VERTEX_POINT L33 0.694720 -0.233250 -0.259366 -0.005246 -0.339073
VERTEX_POINT L34 -0.456947 0.540779 -0.896011 0.764403 0.451479
VERTEX_POINT L35 0.755637 0.444148 0.806200 0.016970 -0.908400
VERTEX_POINT L36 0.718004 0.169032 0.904739 -0.094924 -0.459263
VERTEX_POINT L37 -0.762118 -0.251670 0.706765 -0.378219 0.944168
VERTEX_POINT L38 0.926804 0.870681 -0.652010 -0.250964 0.114696
VERTEX_POINT L39 -0.813001 -0.746489 0.814070 0.802074 -0.242453
VERTEX_POINT L40 -0.005079 -0.618867 0.374382 -0.081333 0.645689
VERTEX_POINT L41 -0.641560 -0.261012 0.930677 0.790811 -0.286278
VERTEX_POINT L42 0.686202 0.282540 0.177436 0.312358 0.854351
VERTEX_POINT L43 0.639832 -0.420464 -0.772516 -0.307331 0.536250
VERTEX_POINT L44 0.338066 0.001479 0.374676 0.356644 -0.825752
VERTEX_POINT L45 0.068298 -0.405042 -0.115314 -0.447514 -0.251384
VERTEX_POINT L46 0.504148 -0.599467 0.449429 0.724512 0.913291
VERTEX_POINT L47 -0.190281 -0.652524 -0.803772 -0.798164 -0.618629
VERTEX_POINT L48 -0.267327 0.907292 0.766755 0.580112 0.227977
VERTEX_POINT L49 -0.570924 0.986712 0.757800 0.858764 -0.606129
VERTEX_POINT L50 -0.496040 0.868256 -0.225846 0.584911 0.076752
VERTEX_POINT L51 0.888831 -0.022778 -0.543962 0.412686 -0.866526
VERTEX_POINT L52 -0.229638 0.587338 -0.839646 0.159385 0.164184
VERTEX_POINT L53 -0.580189 0.649669 -0.068326 -0.945241 -0.712140
VERTEX_POINT L54 -0.325678 -0.362802 0.791571 0.643181 0.752224
VERTEX_POINT L55 0.535447 0.960154 0.937797 0.461398 0.958150
VERTEX_POINT L56 0.066682 -0.608603 0.183953 0.024378 -0.896953
VERTEX_POINT L57 0.251263 0.496364 0.872909 -0.665737 0.825911
VERTEX_POINT L58 0.936315 -0.454788 0.546421 -0.753267 0.867918
VERTEX_POINT L59 0.886150 0.448843 -0.279874 0.724448 -0.126320
VERTEX_POINT L60 0.078230 0.544059 0.323560 0.883643 -0.893430
VERTEX_POINT L61 0.096931 0.302948 -0.399568 0.654144 0.590768
VERTEX_POINT L62 -0.020832 -0.997855 -0.252623 0.959170 0.458880
VERTEX_POINT L63 -0.953791 -0.066229 0.524221 0.747509 0.231231
VERTEX_POINT L64 -0.208349 -0.930302 0.341066 -0.351102 -0.748306
VERTEX_POINT L65 0.522221 0.542925 -0.148634 0.723572 -0.089641
VERTEX_POINT L66 0.801846 -0.622081 0.330421 -0.235520 0.322831
VERTEX_POINT L67 -0.490345 0.238730 0.245805 0.553974 -0.207569
VERTEX_POINT L68 0.760103 -0.708745 -0.441869 -0.654647 -0.145472
VERTEX_POINT L69 0.728650 -0.751399 0.678411 0.513516 -0.562472
VERTEX_POINT L70 -0.303346 0.492241 0.059876 0.356047 0.549978
VERTEX_POINT L71 -0.244976 -0.327612 0.932513 0.264020 -0.499784
VERTEX_POINT L72 -0.912910 -0.012411 0.609089 0.304327 0.151249
VERTEX_POINT L73 -0.617143 -0.225219 -0.762688 -0.331594 0.404329
VERTEX_POINT L74 -0.605144 0.251924 -0.840003 0.956690 -0.963534
VERTEX_POINT L75 0.425156 0.989068 -0.016235 -0.339030 0.325498
VERTEX_POINT L76 0.451154 0.369739 0.121998 0.220891 -0.847055
VERTEX_POINT L77 0.899005 0.652456 0.609425 0.681201 0.949757
VERTEX_POINT L78 -0.765125 -0.663457 0.179992 -0.137194 0.706869
VERTEX_POINT L79 -0.816173 0.277031 -0.111247 -0.198996 0.380922
VERTEX_POINT L80 -0.671919 0.639169 0.367225 0.539965 -0.656372
VERTEX_POINT L81 -0.261165 -0.795201 0.954146 -0.552282 -0.216380
VERTEX_POINT L82 -0.927343 -0.745747 0.344791 -0.786311 0.514396
VERTEX_POINT L83 0.098442 0.226507 0.527579 -0.300649 0.507812
VERTEX_POINT L84 0.158645 0.854468 -0.114180 -0.497524 0.071480
VERTEX_POINT L85 -0.253020 -0.108549 0.136362 0.856870 0.266620
VERTEX_POINT L86 -0.366110 0.186662 0.465376 -0.839252 0.465962
VERTEX_POINT L87 -0.774673 -0.754135 -0.930227 0.526854 0.174527
VERTEX_POINT L88 0.998242 -0.612185 0.009271 -0.808867 0.092531
VERTEX_POINT L89 -0.429795 0.731874 0.011797 -0.592518 0.333880
VERTEX_POINT L90 -0.888523 0.694708 -0.210101 0.251302 -0.951793
VERTEX_POINT L91 0.076472 0.931874 -0.667169 -0.925224 0.199101
VERTEX_POINT L92 0.667136 0.034822 0.612229 -0.938374 -0.075352
VERTEX_POINT L93 0.090645 0.696854 0.537277 0.210472 0.507087
VERTEX_POINT L94 0.122681 -0.134355 0.857052 0.822285 -0.569667
VERTEX_POINT L95 -0.541213 0.104520 -0.046705 -0.289477 0.176342
VERTEX_POINT L96 -0.387134 0.239778 -0.611357 -0.065955 -0.582554
VERTEX_POINT L97 -0.075473 0.243564 0.187473 -0.413235 0.753164
VERTEX_POINT L98 -0.031558 -0.656750 -0.800899 -0.735503 0.968773
VERTEX_POINT L99 -0.627031 0.531033 -0.053226 0.279398 0.271973
VERTEX_POINT L100 -0.346824 0.492165 -0.134116 -0.899719 -0.809309
VERTEX_POINT L101 0.665096 0.835491 0.258976 0.620544 0.518751
VERTEX_POINT L102 0.127993 -0.796579 -0.120714 -0.456582 0.772190
VERTEX_POINT L103 -0.259734 -0.520247 -0.525027 0.404608 0.341940
VERTEX_POINT L104 -0.952047 -0.389728 0.496289 -0.711050 -0.076919
VERTEX_POINT L105 0.522849 0.455345 0.039283 -0.499892 0.808656
VERTEX_POINT L106 -0.834578 -0.531179 0.458738 -0.934422 -0.332562
VERTEX_POINT L107 0.499107 0.980011 -0.381713 0.509841 0.076026
VERTEX_POINT L108 0.421853 0.107801 -0.351292 -0.818691 0.758413
VERTEX_POINT L109 -0.599703 -0.194636 -0.361270 -0.071616 -0.625693
VERTEX_POINT L110 0.682934 0.257042 0.507040 -0.689155 -0.543052
VERTEX_POINT L111 0.749934 -0.253030 -0.984067 0.721275 -0.897959
VERTEX_POINT L112 0.139131 0.010163 -0.407123 0.376102 0.157927
VERTEX_POINT L113 0.755592 0.511295 -0.148169 -0.475466 0.971344
VERTEX_POINT L114 -0.151623 0.973477 0.543513 -0.579375 0.609853
VERTEX_POINT L115 -0.702223 -0.135369 0.478697 0.878578 -0.770593
VERTEX_POINT L116 -0.497429 -0.597255 0.988193 -0.618596 0.237964
VERTEX_POINT L117 0.482267 0.160139 0.008889 -0.418626 0.075815
VERTEX_POINT L118 -0.476896 0.110496 0.548470 0.405432 0.403934
VERTEX_POINT L119 -0.499186 -0.209440 -0.002537 -0.427463 -0.669505
VERTEX_POINT L120 -0.947528 -0.107987 -0.979314 -0.011145 -0.590305
VERTEX_POINT L121 -0.365418 -0.194796 -0.661630 -0.343266 0.452141
VERTEX_POINT L122 0.577286 -0.277566 0.330294 -0.352687 0.529596
VERTEX_POINT L123 0.719608 0.926835 0.632915 0.050481 0.334343
VERTEX_POINT L124 0.725227 -0.497942 0.875646 0.867207 -0.040773
VERTEX_POINT L125 -0.300033 0.588078 0.187346 -0.530402 0.959929
VERTEX_POINT L126 -0.821605 0.031355 -0.413789 0.761004 -0.489315
VERTEX_POINT L127 -0.661907 0.741836 -0.735711 -0.198749 0.376673
VERTEX_POINT L128 0.624494 -0.168358 -0.625181 0.056364 0.713092
VERTEX_POINT L129 0.146838 0.374605 -0.214689 -0.974499 -0.520542
VERTEX_POINT L130 -0.288939 0.272869 0.211062 -0.919351 -0.351354
VERTEX_POINT L131 -0.722330 -0.676193 0.240703 0.156644 0.903784
VERTEX_POINT L132 -0.188066 0.210096 -0.955712 0.646045 0.998210
VERTEX_POINT L133 0.839054 0.476290 -0.909651 -0.375932 -0.579164
VERTEX_POINT L134 0.017937 -0.196440 0.715676 -0.438748 0.245724
VERTEX_POINT L135 -0.140113 0.820368 0.540576 0.934994 -0.078710
VERTEX_POINT L136 0.361903 -0.068365 0.129632 0.124176 -0.770508
VERTEX_POINT L137 0.183359 0.272381 0.174414 -0.373170 0.913162
VERTEX_POINT L138 -0.641006 0.800379 -0.841137 0.444835 0.997316
VERTEX_POINT L139 -0.216244 -0.960564 0.778340 0.305485 0.987905
VERTEX_POINT L140 0.583655 -0.922255 0.813144 0.555214 -0.712531
VERTEX_POINT L141 -0.958072 0.057420 0.665903 0.755680 -0.545736
VERTEX_POINT L142 -0.466309 -0.213594 0.794273 0.026760 -0.910054
VERTEX_POINT L143 -0.277213 0.087909 -0.593979 -0.068685 0.445396
VERTEX_POINT L144 0.797520 -0.431285 -0.482266 -0.719786 -0.574392
VERTEX_POINT L145 0.382067 -0.240117 0.337786 0.447385 0.699799
VERTEX_POINT L146 0.020564 0.952540 0.884718 -0.190107 0.674803
VERTEX_POINT L147 -0.699909 -0.028540 -0.494073 -0.338381 0.663572
VERTEX_POINT L148 -0.135666 0.920022 -0.653325 -0.971241 -0.224386
VERTEX_POINT L149 0.543668 0.063036 0.433188 -0.784675 0.078737
VERTEX_POINT L150 -0.199095 0.762020 0.503390 0.234156 0.994067
VERTEX_POINT L151 -0.083194 -0.187965 -0.632639 0.017614 0.185309
VERTEX_POINT L152 -0.821750 0.868240 0.771557 -0.127940 -0.469122
VERTEX_POINT L153 -0.621809 -0.515546 -0.166316 0.881469 0.523663
VERTEX_POINT L154 -0.363586 -0.261131 -0.999724 -0.931905 -0.480349
VERTEX_POINT L155 0.903476 -0.629703 0.647203 -0.260734 0.490105
VERTEX_POINT L156 0.078158 -0.927468 -0.978970 -0.648933 0.483592
VERTEX_POINT L157 -0.185191 0.770224 -0.413513 0.829098 0.030336
VERTEX_POINT L158 -0.758431 -0.887867 0.911492 0.540517 -0.133222
VERTEX_POINT L159 -0.297348 -0.095825 -0.604151 0.407431 0.196684
VERTEX_POINT L160 0.961646 0.144829 0.371798 0.854599 0.509794
VERTEX_POINT L161 -0.047370 0.385003 0.122555 0.621167 0.515425
VERTEX_POINT L162 -0.019678 0.227982 0.636551 -0.435925 0.100468
VERTEX_POINT L163 -0.226420 -0.645075 0.416086 0.500643 0.508004
VERTEX_POINT L164 -0.208316 -0.138707 0.212903 -0.754766 0.936261
VERTEX_POINT L165 0.998259 -0.968458 0.352227 0.125327 -0.653808
VERTEX_POINT L166 0.633467 -0.824707 -0.043337 0.435638 -0.570706
VERTEX_POINT L167 -0.846413 0.792928 -0.657465 0.369410 -0.834247
VERTEX_POINT L168 0.181618 0.303923 -0.473359 0.752157 -0.740646
VERTEX_POINT L169 0.992462 0.975672 0.115526 -0.119527 -0.573390
VERTEX_POINT L170 -0.062656 0.832364 -0.879125 -0.325105 -0.846342
VERTEX_POINT L171 -0.234727 0.381669 -0.660215 0.307371 -0.453177
VERTEX_POINT L172 -0.965610 0.033093 -0.218571 -0.363847 -0.119126
VERTEX_POINT L173 0.471034 -0.381229 0.915149 0.701655 -0.756396
VERTEX_POINT L174 0.488060 -0.530423 -0.254195 -0.761313 0.992219
VERTEX_POINT L175 0.831910 0.601808 0.299163 -0.083632 0.306482
VERTEX_POINT L176 -0.146899 0.378654 0.252935 0.149040 0.943403
VERTEX_POINT L177 -0.491377 -0.577883 -0.369477 0.048580 0.667021
VERTEX_POINT L178 -0.867999 -0.426732 0.805090 0.577986 -0.029947
VERTEX_POINT L179 0.717435 0.298676 0.599610 0.177799 -0.280983
VERTEX_POINT L180 -0.947709 0.485153 -0.936290 0.263905 -0.254241
VERTEX_POINT L181 -0.067093 -0.664712 0.308480 -0.187858 -0.035880
VERTEX_POINT L182 -0.365759 -0.889289 0.966971 -0.804587 0.904326
VERTEX_POINT L183 -0.769459 0.353393 0.835268 -0.864035 0.276637
VERTEX_POINT L184 0.311098 -0.180258 -0.857836 -0.306389 -0.512217
VERTEX_POINT L185 0.270654 -0.150420 0.967247 -0.736493 -0.576022
VERTEX_POINT L186 -0.865983 0.723690 0.482471 -0.124769 -0.233258
VERTEX_POINT L187 -0.610744 -0.107726 -0.836806 0.044678 0.971374
VERTEX_POINT L188 -0.914537 -0.380195 -0.446266 -0.907394 0.454314
VERTEX_POINT L189 -0.624414 0.835823 0.393963 -0.584252 0.633520
VERTEX_POINT L190 0.091908 0.796449 -0.440957 -0.547891 0.168058
VERTEX_POINT L191 -0.952890 0.764634 0.925533 0.947204 -0.035892
VERTEX_POINT L192 0.328217 0.220826 -0.483482 -0.963085 0.148945
VERTEX_POINT L193 -0.927770 0.024431 -0.804406 0.016184 -0.731474
VERTEX_POINT L194 -0.179310 -0.880441 0.341619 0.447848 -0.527888
VERTEX_POINT L195 -0.880099 -0.917881 0.729421 -0.717851 0.085206
VERTEX_POINT L196 -0.929511 0.055973 0.547821 -0.858489 -0.385282
VERTEX_POINT L197 -0.545843 -0.705148 -0.701718 -0.116514 -0.098594
VERTEX_POINT L198 -0.726512 0.875047 -0.928044 0.651559 0.250959
VERTEX_POINT L199 0.252107 -0.640104 -0.925538 0.893669 -0.125928
VERTEX_POINT L200 -0.553381 -0.729476 0.413808 0.763959 0.328016
VERTEX_POINT L201 0.210832 0.707411 -0.807168 -0.673546 0.404616
VERTEX_POINT L202 -0.982620 0.741565 -0.585753 0.201040 0.420895
VERTEX_POINT L203 -0.518991 0.303617 -0.804763 -0.599888 -0.791110
VERTEX_POINT L204 -0.318134 -0.673818 -0.892020 -0.971891 0.648220
VERTEX_POINT L205 0.505440 -0.788858 0.160052 0.439727 0.413113
VERTEX_POINT L206 -0.687081 -0.094575 0.494400 0.316480 0.515372
VERTEX_POINT L207 0.534967 0.704836 0.360915 0.177149 0.591623
VERTEX_POINT L208 -0.985937 -0.366741 0.790574 -0.511693 0.080135
VERTEX_POINT L209 -0.555080 0.478693 0.299490 -0.105534 -0.514575
VERTEX_POINT L210 0.252402 0.003512 -0.039475 -0.645052 -0.689360
VERTEX_POINT L211 -0.933646 -0.881588 0.854285 0.752212 0.825893
VERTEX_POINT L212 0.377827 0.813981 -0.392030 0.706608 0.449545
VERTEX_POINT L213 0.886643 0.114223 -0.072505 -0.449639 -0.785034
VERTEX_POINT L214 -0.703105 0.471805 0.689553 0.888177 0.102530
VERTEX_POINT L215 -0.311075 -0.366277 -0.249866 -0.599781 0.937327
VERTEX_POINT L216 0.157298 0.963803 -0.105257 -0.186132 -0.361056
VERTEX_POINT L217 -0.569087 0.195495 0.172024 -0.236593 0.869272
VERTEX_POINT L218 0.078180 0.525997 -0.086671 0.444897 0.908701
VERTEX_POINT L219 0.242761 -0.416393 0.448477 -0.093526 -0.906743
VERTEX_POINT L220 -0.193501 0.031318 -0.434013 0.179155 0.502792
VERTEX_POINT L221 -0.829912 0.322446 0.472371 0.897006 0.076760
VERTEX_POINT L222 0.289870 -0.651759 0.374009 -0.146322 0.057365
VERTEX_POINT L223 -0.865285 -0.747856 0.082505 0.216070 -0.348263
VERTEX_POINT L224 -0.757682 -0.653123 0.667966 -0.086810 0.345285
VERTEX_POINT L225 -0.889439 -0.532200 -0.284372 -0.698474 0.529477
VERTEX_POINT L226 -0.745384 -0.665737 -0.188074 0.498219 0.736943
VERTEX_POINT L227 -0.687193 0.402849 0.215787 0.054702 0.960003
VERTEX_POINT L228 -0.435282 -0.237348 0.013910 0.185012 -0.569117
VERTEX_POINT L229 -0.471896 -0.790691 -0.116117 0.149779 -0.012099
VERTEX_POINT L230 0.564914 0.762745 0.290249 -0.051630 -0.165925
VERTEX_POINT L231 0.011337 0.033177 -0.572282 -0.051029 0.758899
VERTEX_POINT L232 0.738936 0.916721 0.076715 0.476233 -0.607483
VERTEX_POINT L233 0.582294 0.504310 0.704496 -0.850589 -0.745031
VERTEX_POINT L234 0.492346 -0.663206 -0.377045 0.349083 0.967789
VERTEX_POINT L235 -0.579198 -0.757098 0.184695 0.504342 -0.959263
VERTEX_POINT L236 0.087734 0.715452 -0.135453 0.589137 0.668082
VERTEX_POINT L237 0.805264 0.242219 -0.882645 -0.334437 0.483161
VERTEX_POINT L238 0.955769 0.947738 -0.454390 -0.318508 0.632360
VERTEX_POINT L239 0.101796 -0.651289 -0.344878 -0.922556 -0.251783
VERTEX_POINT L240 -0.749815 -0.279089 0.416845 0.560029 0.968586
VERTEX_POINT L241 0.208172 -0.048750 0.506135 0.036440 0.943000
VERTEX_POINT L242 0.168151 -0.532876 -0.490593 0.829656 -0.425890
VERTEX_POINT L243 0.628012 -0.465108 -0.975185 0.266637 0.418131
VERTEX_POINT L244 0.094815 -0.934528 -0.566370 0.586801 -0.842034
VERTEX_POINT L245 0.465046 0.938929 -0.801041 0.717833 0.676639
VERTEX_POINT L246 -0.683063 0.168616 -0.225051 0.666856 0.355458
VERTEX_POINT L247 -0.747887 -0.970725 0.328373 -0.599330 -0.203090
VERTEX_POINT L248 0.895958 0.134424 0.370983 -0.518760 0.545911
VERTEX_POINT L249 0.395117 -0.305387 0.688278 0.111753 0.264159
VERTEX_POINT L250 0.494873 -0.387118 -0.223151 0.307144 -0.109833
VERTEX_POINT L251 -0.297543 -0.834258 0.936970 0.660396 0.048703
VERTEX_POINT L252 0.565205 -0.982941 0.160649 0.008759 -0.659081
VERTEX_POINT L253 -0.215256 -0.038876 -0.849141 -0.839178 0.947532
VERTEX_POINT L254 -0.162827 -0.582114 0.019475 -0.123534 0.700440
VERTEX_POINT L255 0.807523 -0.636064 -0.171385 0.921950 0.686204
VERTEX_POINT L256 -0.104696 0.428924 -0.133513 -0.537652 0.477009
VERTEX_POINT L257 0.091789 -0.247851 0.831401 -0.625315 0.437383
VERTEX_POINT L258 -0.879670 0.766785 -0.955598 -0.023349 0.646207
VERTEX_POINT L259 0.460022 -0.808424 0.880397 0.647360 0.907892
VERTEX_POINT L260 0.619893 -0.038542 -0.284716 0.524464 -0.574716
VERTEX_POINT L261 0.685244 0.529530 0.334651 0.925022 -0.519718
VERTEX_POINT L262 -0.528641 0.224753 -0.691886 -0.403669 0.666791
VERTEX_POINT L263 0.358830 -0.121821 0.791999 0.000697 -0.182199
VERTEX_POINT L264 0.267539 0.033840 0.039146 -0.925568 -0.264749
VERTEX_POINT L265 0.963704 0.561547 -0.068931 0.945414 0.634581
VERTEX_POINT L266 0.779632 0.121081 -0.023306 -0.494961 -0.141461
VERTEX_POINT L267 -0.644728 -0.250708 0.903694 0.663570 -0.596667
VERTEX_POINT L268 0.768969 -0.196234 0.048423 -0.389023 0.117741
VERTEX_POINT L269 0.735401 0.068819 0.522304 0.186531 -0.509101
VERTEX_POINT L270 0.457069 0.098004 -0.441184 0.741014 0.151550
VERTEX_POINT L271 -0.980846 0.524677 -0.534732 -0.828994 0.086327
VERTEX_POINT L272 -0.056427 -0.979932 0.028438 -0.777029 -0.566101
VERTEX_POINT L273 -0.374781 0.565128 0.068222 0.570670 0.725660
VERTEX_POINT L274 0.647166 -0.940430 -0.509917 0.437643 -0.495542
VERTEX_POINT L275 -0.961612 -0.914459 0.462069 0.809772 -0.408135
VERTEX_POINT L276 -0.909735 0.504057 0.267182 0.288503 0.402299
VERTEX_POINT L277 0.964102 0.228185 0.265032 0.104500 0.859916
VERTEX_POINT L278 -0.709500 -0.885184 -0.209559 -0.789558 0.388775
VERTEX_POINT L279 0.986223 -0.361520 -0.361835 0.769743 -0.051790
VERTEX_POINT L280 0.359219 0.922798 -0.046690 -0.783747 0.124075
VERTEX_POINT L281 0.785374 -0.272302 0.567291 0.517585 -0.721058
VERTEX_POINT L282 -0.311319 -0.195778 -0.424865 0.430139 0.996913
VERTEX_POINT L283 -0.075576 0.939857 -0.886041 0.225013 0.464994
VERTEX_POINT L284 -0.429882 0.688822 0.718149 0.678408 -0.773525
VERTEX_POINT L285 0.525853 0.222108 0.594610 -0.693395 0.697353
VERTEX_POINT L286 -0.268053 -0.696207 -0.057426 0.146962 0.151198
VERTEX_POINT L287 0.465422 0.117746 -0.415364 -0.859244 0.703484
VERTEX_POINT L288 -0.382358 0.974257 0.426011 -0.318710 0.134735
VERTEX_POINT L289 -0.147723 -0.929422 -0.013024 -0.876386 -0.202594
VERTEX_POINT L290 -0.074556 0.309322 -0.534968 0.788116 0.611377
VERTEX_POINT L291 -0.762465 -0.064285 -0.858704 -0.794246 0.560019
VERTEX_POINT L292 -0.462478 0.600109 -0.678374 -0.951365 0.277687
VERTEX_POINT L293 0.396803 -0.465926 -0.226853 -0.615553 0.278168
VERTEX_POINT L294 0.596365 0.813893 0.933294 0.206451 -0.622180
VERTEX_POINT L295 0.805060 -0.366051 0.360773 -0.876932 -0.987062
VERTEX_POINT L296 0.360508 -0.904379 0.704215 -0.670139 -0.087252
VERTEX_POINT L297 0.375997 -0.065026 -0.090012 0.711490 0.236359
VERTEX_POINT L298 -0.839668 0.383241 0.264467 0.786637 -0.583728
VERTEX_POINT L299 0.129476 -0.100613 -0.247361 -0.059162 -0.969510
VERTEX_POINT L300 0.111397 -0.996207 -0.567708 -0.101979 0.727258
VERTEX_POINT L301 0.617401 -0.518755 0.823282 0.527652 0.567821
VERTEX_POINT L302 0.148630 -0.575936 0.217907 0.111844 0.116817
VERTEX_POINT L303 -0.945030 -0.976139 0.460730 0.120992 -0.838843
VERTEX_POINT L304 -0.757380 -0.953627 -0.108495 0.098322 0.293481
VERTEX_POINT L305 -0.204204 -0.516366 0.707989 -0.450512 0.621275
VERTEX_POINT L306 -0.906642 -0.890598 -0.077201 -0.069236 -0.246978
VERTEX_POINT L307 -0.667115 0.550430 -0.841313 -0.613175 -0.304220
VERTEX_POINT L308 -0.240102 0.711819 -0.026979 0.653988 0.481191
VERTEX_POINT L309 -0.616142 -0.775782 0.713240 0.141206 -0.858203
VERTEX_POINT L310 -0.680891 -0.811090 -0.203148 -0.843432 0.643990
VERTEX_POINT L311 -0.880882 0.634617 0.926331 0.870241 -0.394734
VERTEX_POINT L312 -0.830768 -0.048084 0.280531 -0.341209 -0.579260
VERTEX_POINT L313 0.007789 -0.006868 0.371987 0.586707 0.640903
VERTEX_POINT L314 0.043541 0.574474 -0.959710 0.095253 -0.929740
VERTEX_POINT L315 -0.260650 -0.359262 -0.001320 -0.662801 -0.352786
VERTEX_POINT L316 -0.466358 -0.784759 -0.033403 0.893312 0.338256
VERTEX_POINT L317 0.775488 0.878267 -0.017136 -0.757785 0.221459
VERTEX_POINT L318 -0.795228 0.758484 0.583316 -0.522045 -0.649301
VERTEX_POINT L319 0.151284 -0.810503 -0.607392 -0.425398 -0.527009
VERTEX_POINT L320 -0.372235 0.948845 0.969840 -0.634171 -0.981136
VERTEX_POINT L321 0.130216 0.067805 -0.951652 -0.733929 0.962075
VERTEX_POINT L322 0.388820 0.125212 -0.466096 -0.219644 -0.966990
VERTEX_POINT L323 0.165287 0.548954 -0.708534 -0.585536 0.296552
VERTEX_POINT L324 -0.472981 0.601880 -0.178505 -0.349482 0.240243
VERTEX_POINT L325 -0.014815 -0.060894 -0.532802 0.986807 -0.589170
VERTEX_POINT L326 -0.029653 -0.817098 0.652239 -0.462468 0.309490
VERTEX_POINT L327 0.887526 0.697501 -0.474290 -0.019621 -0.847008
VERTEX_POINT L328 -0.638819 0.874080 0.377186 0.698297 0.647189
VERTEX_POINT L329 0.130679 0.566144 -0.083294 -0.675831 0.725762
VERTEX_POINT L330 0.017003 -0.403112 0.278349 0.921218 -0.816519
VERTEX_POINT L331 0.472579 0.877873 0.809478 -0.403683 0.374447
VERTEX_POINT L332 -0.251920 -0.952611 -0.260012 0.851821 0.293583
VERTEX_POINT L333 -0.834367 0.020952 -0.503745 0.033062 0.300299
VERTEX_POINT L334 0.527549 0.901734 0.270208 0.717309 0.535604
VERTEX_POINT L335 -0.009300 -0.906238 0.631493 -0.049857 -0.412936
VERTEX_POINT L336 -0.038571 0.504586 -0.795755 0.582550 -0.078426
VERTEX_POINT L337 0.620907 -0.988864 -0.806993 -0.351927 -0.711373
VERTEX_POINT L338 0.323585 0.644192 0.790180 0.336968 0.282845
VERTEX_POINT L339 0.721328 0.216404 0.177266 0.236537 -0.597235
VERTEX_POINT L340 -0.995235 -0.764646 0.906247 0.789279 -0.569576
VERTEX_POINT L341 0.642693 0.833101 -0.412969 0.493536 -0.073165
VERTEX_POINT L342 0.840445 -0.148979 0.103597 0.106778 0.008031
VERTEX_POINT L343 -0.826003 0.187270 0.186777 -0.551930 -0.148836
VERTEX_POINT L344 -0.349518 -0.173766 0.959018 0.080243 -0.432262
VERTEX_POINT L345 -0.116013 -0.574505 0.143887 -0.797969 0.078291
VERTEX_POINT L346 -0.086653 0.828008 -0.814543 -0.214731 0.498378
VERTEX_POINT L347 0.184125 0.041474 -0.074386 -0.026445 0.905993
VERTEX_POINT L348 -0.340525 -0.696238 -0.873249 -0.555754 -0.700250
VERTEX_POINT L349 0.118119 0.586491 0.768773 0.263224 0.849077
VERTEX_POINT L350 -0.664591 0.230972 0.318222 0.548157 -0.621016
VERTEX_POINT L351 0.287240 -0.747393 -0.903410 -0.189925 -0.681386
VERTEX_POINT L352 -0.751665 -0.345703 0.817122 0.529295 0.811152
VERTEX_POINT L353 0.724229 -0.643816 0.852126 -0.671487 -0.588006
VERTEX_POINT L354 -0.547473 0.801560 -0.611944 0.224539 0.615166
VERTEX_POINT L355 -0.224646 -0.743824 -0.361383 -0.820187 0.051395
VERTEX_POINT L356 -0.290586 0.295290 -0.680676 -0.684680 -0.177176
VERTEX_POINT L357 0.422874 0.984463 -0.959705 0.762071 -0.075343
VERTEX_POINT L358 -0.337120 0.953677 0.164327 0.160192 0.204387
VERTEX_POINT L359 0.070595 0.169369 0.696510 -0.986383 -0.529986
VERTEX_POINT L360 -0.446447 0.550607 -0.042999 -0.913759 -0.349582
VERTEX_POINT L361 0.679883 -0.449435 -0.557325 0.081410 0.387868
VERTEX_POINT L362 -0.456827 0.047242 0.505988 -0.390066 0.844461
VERTEX_POINT L363 0.301633 0.597996 0.696989 0.938061 0.944002
VERTEX_POINT L364 0.845516 0.571517 -0.061069 -0.885528 -0.311833
VERTEX_POINT L365 -0.929278 -0.051024 -0.223804 -0.672757 0.380065
VERTEX_POINT L366 -0.707668 0.691758 0.328482 -0.111796 -0.468934
VERTEX_POINT L367 -0.193054 0.076103 0.143176 0.697022 0.609740
VERTEX_POINT L368 0.691629 -0.039888 -0.030798 -0.024683 0.668692
VERTEX_POINT L369 0.615917 0.335949 0.118661 -0.774828 0.813911
VERTEX_POINT L370 -0.471727 -0.707493 -0.679558 -0.066441 -0.987495
VERTEX_POINT L371 0.696394 0.195465 -0.124551 -0.235404 -0.900884
VERTEX_POINT L372 0.258610 0.169051 0.705692 0.718708 -0.259255
VERTEX_POINT L373 -0.631281 0.143528 0.424039 -0.959663 0.020536
VERTEX_POINT L374 0.870392 -0.617265 -0.937774 0.212666 -0.049720
VERTEX_POINT L375 0.909093 0.995284 0.664710 -0.201048 0.308483
VERTEX_POINT L376 0.252706 0.569023 -0.432074 -0.757632 -0.901173
VERTEX_POINT L377 -0.216261 -0.789257 -0.752316 0.997935 -0.551341
VERTEX_POINT L378 0.093217 0.036759 -0.409675 0.772507 0.214476
VERTEX_POINT L379 0.912181 0.872784 -0.305323 -0.313385 -0.601423
VERTEX_POINT L380 0.901858 0.797234 -0.983543 0.261159 -0.702264
VERTEX_POINT L381 0.428627 -0.732270 0.908547 0.320664 0.593460
VERTEX_POINT L382 0.199421 -0.874609 -0.208733 0.496690 -0.282809
VERTEX_POINT L383 -0.849807 -0.548469 0.833579 -0.209546 -0.891112
VERTEX_POINT L384 0.152856 -0.376086 0.760673 0.649178 -0.994546
VERTEX_POINT L385 0.651948 0.926952 0.179324 -0.278771 -0.667643
VERTEX_POINT L386 -0.074454 -0.292293 -0.527805 -0.029733 0.160283
VERTEX_POINT L387 0.862269 0.919204 -0.920003 0.964498 -0.171722
VERTEX_POINT L388 0.074822 0.911414 0.219619 -0.516699 0.257014
VERTEX_POINT L389 0.588426 -0.338615 0.636522 -0.869541 -0.635331
VERTEX_POINT L390 -0.067136 0.088573 0.776508 0.978114 0.298292
VERTEX_POINT L391 0.628376 0.462021 -0.823380 -0.430459 0.907432
VERTEX_POINT L392 0.268309 0.211950 -0.920803 0.211868 0.752537
VERTEX_POINT L393 0.476037 -0.864185 0.282496 -0.411951 0.142753
VERTEX_POINT L394 -0.069992 0.060017 0.873609 -0.492397 0.851434
VERTEX_POINT L395 0.113825 -0.216533 0.018128 0.326340 -0.559296
VERTEX_POINT L396 0.546759 0.084791 -0.941308 -0.084708 -0.477182
VERTEX_POINT L397 0.222341 -0.248226 0.202090 0.395807 -0.617500
VERTEX_POINT L398 0.920771 0.859570 -0.838696 0.023362 -0.949556
VERTEX_POINT L399 0.238388 -0.955097 0.027894 0.890609 -0.808490
VERTEX_POINT L400 -0.161742 -0.912277 -0.679248 0.620979 -0.803590
VERTEX_POINT L401 -0.550956 -0.847923 -0.518254 0.956921 -0.937051
VERTEX_POINT L402 -0.065217 0.240368 0.903343 -0.344796 -0.709374
VERTEX_POINT L403 -0.903132 0.256774 -0.973556 0.339687 -0.062844
VERTEX_POINT L404 -0.182237 0.295605 0.905784 0.997258 0.083485
VERTEX_POINT L405 -0.194825 0.623103 0.965569 0.867870 0.240907
VERTEX_POINT L406 -0.994039 0.252058 0.691154 -0.861362 -0.754361
VERTEX_POINT L407 -0.929531 -0.135372 -0.526290 -0.760374 0.182312
VERTEX_POINT L408 0.588914 0.833846 -0.786747 0.865806 0.689565
VERTEX_POINT L409 0.099178 -0.711183 -0.718521 0.911145 0.460115
VERTEX_POINT L410 0.982650 -0.262588 0.168387 -0.073760 0.580888
VERTEX_POINT L411 0.490772 0.631080 -0.770290 0.126965 0.987301
VERTEX_POINT L412 -0.472195 -0.443453 -0.809974 0.231809 0.053575
VERTEX_POINT L413 0.182071 -0.137197 0.959654 -0.577070 -0.701921
VERTEX_POINT L414 0.640965 -0.917389 -0.936711 0.917419 -0.903812
VERTEX_POINT L415 0.680660 0.180462 0.950699 -0.119013 0.059029
VERTEX_POINT L416 -0.165981 -0.210245 0.138978 0.144160 -0.369563
VERTEX_POINT L417 -0.433489 -0.209682 -0.464516 -0.112314 0.256471
VERTEX_POINT L418 0.542929 0.099666 -0.969303 -0.154515 0.887307
VERTEX_POINT L419 0.908842 -0.298830 -0.641403 0.627461 0.887451
VERTEX_POINT L420 -0.845063 0.451703 -0.827994 0.018145 0.621141
VERTEX_POINT L421 -0.524207 -0.811761 0.807204 -0.176401 0.185599
VERTEX_POINT L422 0.537217 -0.836809 -0.464783 -0.802998 0.794883
VERTEX_POINT L423 0.423246 -0.336347 -0.748797 -0.769986 0.373678
VERTEX_POINT L424 0.951830 -0.675946 0.089700 0.411648 -0.671648
VERTEX_POINT L425 -0.532774 0.223207 -0.591175 -0.295395 0.646317
VERTEX_POINT L426 -0.462928 0.447120 0.269332 0.556354 0.814382
VERTEX_POINT L427 0.498589 0.408846 0.148392 -0.673060 -0.148830
VERTEX_POINT L428 0.689566 0.974982 0.610916 -0.899589 -0.971183
VERTEX_POINT L429 -0.542157 0.306690 0.430636 -0.420285 0.864826
VERTEX_POINT L430 -0.263023 0.453748 -0.823714 -0.782452 0.042680
VERTEX_POINT L431 -0.472176 -0.937295 0.931668 0.721390 -0.774773
VERTEX_POINT L432 -0.093113 0.458767 0.912381 -0.463364 0.927775
VERTEX_POINT L433 0.671760 -0.305884 -0.920371 -0.127248 0.333306
VERTEX_POINT L434 -0.375308 0.319479 0.958112 0.061077 0.162383
VERTEX_POINT L435 0.724650 -0.245629 0.818166 -0.466107 0.011260
VERTEX_POINT L436 -0.523065 -0.682781 -0.954802 -0.259377 -0.425787
VERTEX_POINT L437 -0.369348 -0.428463 0.649266 0.199715 0.408021
VERTEX_POINT L438 0.795119 0.618999 -0.708124 -0.226481 -0.806428
VERTEX_POINT L439 -0.934152 -0.848935 -0.741549 -0.393571 -0.736222
VERTEX_POINT L440 0.729830 -0.139646 0.930745 0.110860 -0.131864
VERTEX_POINT L441 0.777769 -0.643589 0.460263 0.699760 0.774460
VERTEX_POINT L442 0.556620 0.782145 -0.511839 0.733394 -0.748921
VERTEX_POINT L443 -0.742365 0.416901 -0.879229 -0.657331 0.921711
VERTEX_POINT L444 -0.040160 0.219215 0.419917 -0.877310 -0.927461
VERTEX_POINT L445 0.197585 0.864756 -0.448550 0.650813 -0.652732
VERTEX_POINT L446 0.938295 -0.402637 -0.928530 0.223656 -0.019260
VERTEX_POINT L447 0.793859 -0.991030 -0.441105 0.266850 -0.297024
VERTEX_POINT L448 0.764096 -0.344926 0.086934 -0.461500 0.603739
VERTEX_POINT L449 0.481225 0.697029 -0.897833 -0.930859 -0.131953
VERTEX_POINT L450 0.702701 -0.289861 -0.082509 -0.105689 -0.409573
VERTEX_POINT L451 0.919033 -0.893223 0.258940 0.556645 0.224879
VERTEX_POINT L452 0.957018 0.885268 0.909371 -0.107260 -0.946354
VERTEX_POINT L453 0.239919 -0.126670 0.452708 0.091312 -0.614690
VERTEX_POINT L454 0.342279 -0.229570 0.510143 0.786658 -0.401443
VERTEX_POINT L455 0.908848 -0.790678 -0.000928 -0.695612 -0.618002
VERTEX_POINT L456 0.707144 -0.903462 0.861533 0.795917 -0.968373
VERTEX_POINT L457 0.879351 -0.782451 -0.220525 0.343012 -0.587061
VERTEX_POINT L458 0.407437 0.618168 -0.852537 -0.368673 0.233168
VERTEX_POINT L459 0.396711 -0.928481 0.472449 0.896328 -0.939557
VERTEX_POINT L460 -0.662806 0.524239 -0.789889 0.922727 -0.722235
VERTEX_POINT L461 -0.855586 0.071916 -0.676251 -0.151125 -0.724153
VERTEX_POINT L462 0.924535 -0.865776 0.404117 0.617718 -0.714329
VERTEX_POINT L463 0.244081 -0.016994 -0.877508 -0.540637 -0.794459
VERTEX_POINT L464 0.816174 0.766032 -0.596622 0.721628 0.609154
VERTEX_POINT L465 -0.450774 0.453703 0.362228 -0.321205 0.448053
VERTEX_POINT L466 -0.031269 0.737377 0.940657 -0.006744 0.216801
VERTEX_POINT L467 -0.706891 -0.916748 -0.551424 -0.537749 -0.816633
VERTEX_POINT L468 0.179879 -0.974760 0.011494 0.878510 -0.143925
VERTEX_POINT L469 -0.236150 0.356376 -0.767467 0.766775 0.410373
VERTEX_POINT L470 -0.641043 -0.765683 -0.292972 0.068679 -0.552855
VERTEX_POINT L471 -0.090291 -0.114406 -0.057761 -0.010630 0.724211
VERTEX_POINT L472 -0.458381 0.712788 0.692796 0.466535 0.184833
VERTEX_POINT L473 0.915577 -0.983538 0.195189 -0.197926 -0.301776
VERTEX_POINT L474 0.167344 -0.697505 0.063010 0.332039 0.645922
VERTEX_POINT L475 0.501459 -0.067998 0.112713 0.589225 0.257372
VERTEX_POINT L476 0.113162 0.881218 0.746639 -0.547113 0.045491
VERTEX_POINT L477 0.105639 -0.100142 0.134481 -0.444304 -0.373338
VERTEX_POINT L478 0.295319 -0.059028 0.671608 -0.143925 0.960348
VERTEX_POINT L479 -0.122743 -0.463707 -0.166427 -0.008613 -0.350770
VERTEX_POINT L480 -0.413136 -0.403113 0.236648 -0.375163 0.494709
VERTEX_POINT L481 -0.001980 0.651112 -0.410901 0.750386 -0.449225
