VERTEX_POSE A0 -0.191919 -0.270402 0.860343 0.808494 0.294521 0.507460 -0.905095 -0.531595 0.897242 0.755727 -0.236675 -0.402666 0.382433 -0.846872 0.480813 -0.053616 0.568131 0.314549 -0.123982 -0.419818
VERTEX_POSE A1 0.747714 -0.246759 -0.977763 0.786974 0.297108 0.554496 -0.011279 0.849022 -0.159567 -0.342249 0.492189 0.254422 0.223248 0.051346 0.516734 -0.884433 -0.356765 0.722413 0.487062 -0.305853
VERTEX_POSE A2 0.092910 -0.483951 0.060321 0.456388 -0.121375 0.054739 0.589907 0.199340 -0.633342 -0.304754 -0.257984 0.314050 -0.172507 -0.859831 0.713511 -0.415479 0.239807 0.196397 0.638099 -0.383806
VERTEX_POSE A3 0.364558 0.350370 -0.422341 0.688990 -0.008021 -0.823115 0.098181 -0.174562 0.432446 -0.572460 -0.709679 0.092766 0.036019 -0.785159 -0.777823 -0.515429 -0.249252 -0.080873 0.938279 -0.521503
VERTEX_POSE A4 0.981545 0.556293 0.830016 -0.384252 0.684786 -0.432418 0.544288 0.693163 0.152184 -0.714878 0.976389 0.861450 -0.274093 -0.033849 -0.525834 -0.807024 -0.402160 -0.608742 -0.256116 0.051194
VERTEX_POSE A5 0.837065 -0.337915 -0.416641 -0.746916 -0.546906 -0.512427 -0.641864 0.492322 -0.705358 -0.117665 0.270453 0.474683 -0.875166 -0.541104 0.343152 -0.521642 0.628747 -0.661000 -0.276134 -0.732440
VERTEX_POSE A6 -0.480327 -0.932395 -0.271607 0.242018 -0.929672 0.993097 0.118460 -0.116860 0.008633 0.427413 -0.738525 -0.454118 0.410939 -0.612199 -0.443627 0.241451 0.527817 0.172802 0.997657 0.454698
VERTEX_POSE A7 0.907970 -0.963562 -0.341929 0.914206 0.053886 0.158648 -1.138805 -0.461076 -0.958238 -0.565663 0.500704 0.277351 0.118765 0.192068 0.869256 -0.430954 0.787854 0.220738 -0.089251 -0.838895
VERTEX_POSE A8 -0.637625 0.839452 -0.555388 0.627793 0.246334 -1.021361 0.449479 -0.208125 0.264890 0.848319 0.577001 -0.359580 -0.294367 0.618371 -0.010439 -0.197019 -0.441439 0.249133 0.507616 -0.592725
VERTEX_POSE A9 0.725468 -0.738431 -0.510008 0.324673 0.070720 0.799598 -1.021257 0.174224 0.646771 0.376931 0.561053 0.433489 0.642023 0.272054 -0.364518 -0.058679 1.120164 -0.637148 -0.428642 0.332411
VERTEX_POSE A10 -0.121080 -0.758450 -0.847658 0.851670 -0.185181 0.284303 0.451598 0.402681 -0.528143 0.642303 -0.118088 -0.182225 -0.101055 -0.725654 0.097750 0.489535 -0.196905 0.710772 0.203398 -0.407775
VERTEX_POSE A11 0.565177 -0.887308 0.283019 0.214342 -0.920036 0.848471 0.055118 -0.785236 0.134627 -0.725906 0.050599 0.119616 -0.899709 0.099465 -0.289422 -0.054097 -0.030785 -0.737455 -0.193807 -0.865993
VERTEX_POSE A12 0.671946 -0.677255 -0.700402 0.696026 -0.860191 0.105624 -0.834473 0.666053 -0.266128 -0.687248 -0.546161 -0.590525 0.449088 -0.285179 1.019489 0.299159 -0.066603 0.359903 -0.373842 -0.878582
VERTEX_POSE A13 0.883954 0.359672 0.119255 0.341843 0.494594 -0.313366 -0.244774 -0.202929 0.763957 0.113321 -0.726836 0.161690 -1.057377 0.109489 -0.046291 0.268184 0.486330 0.743868 0.027029 0.667443
VERTEX_POSE A14 0.193700 0.191639 -0.622521 0.729723 0.714299 -0.021224 -0.078798 -0.443305 1.047013 0.157587 -0.379477 -0.159327 -0.770613 0.038440 0.489669 -0.283671 0.949059 -0.181315 0.830280 0.389883
VERTEX_POSE A15 0.602583 -0.640554 0.686367 -0.667209 -0.181701 -0.153524 0.513393 -0.191800 0.759940 0.642723 0.310306 -0.559208 0.788722 0.454083 0.618435 0.280062 -0.626344 0.433452 -0.327034 0.867501
VERTEX_POSE A16 0.936000 0.552376 -0.439037 -0.176785 0.271364 -0.310379 0.025056 0.488541 0.531453 -0.774769 0.306390 -0.401702 -0.764086 0.340912 0.595172 0.446789 0.844670 -0.730749 0.209813 0.515878
VERTEX_POSE A17 -0.780555 0.365775 -0.036929 -0.707058 0.210915 0.001095 -0.373613 0.420936 0.479457 -0.373031 0.037382 0.101327 0.398206 -0.488437 0.091858 0.595087 0.621162 0.745402 0.113025 -0.034814
VERTEX_POSE A18 -0.829573 0.544515 -0.579788 0.267752 0.111951 -0.560896 -0.037750 0.228893 0.386525 0.248259 0.364446 0.739282 -0.711139 0.018051 -0.260456 -0.415433 -0.849537 0.419433 0.716202 -0.589114
VERTEX_POSE A19 -0.498272 -0.630789 0.824471 0.974469 -0.334452 0.668466 -0.593218 0.294170 0.223095 -0.197965 -0.623504 0.505815 0.463033 0.217615 0.061364 -0.216319 -0.551868 0.416972 0.527074 -0.320766
VERTEX_POSE A20 0.019545 0.127907 0.007033 0.126183 0.460016 -0.249286 0.679417 -0.005409 -0.934068 0.411675 -0.718474 -0.822568 -0.213841 0.506095 -0.060570 -0.901567 -0.867253 0.516495 0.626135 -0.597650
VERTEX_POSE A21 0.284878 0.259348 -0.128215 -0.218774 0.539194 -0.411098 0.534972 -0.694821 0.568661 0.175057 -0.790550 -0.002685 0.928886 0.705572 0.973308 0.416699 0.030824 0.492731 -0.573749 0.275624
VERTEX_POSE A22 0.253588 -0.420670 -0.765981 -0.974726 0.239235 -0.811361 -0.047981 -0.506053 0.027802 0.707105 -0.289274 -0.232965 0.978890 0.083558 -0.324003 -0.233710 -0.781112 -0.842143 -0.111306 0.755412
VERTEX_POSE A23 0.285842 -0.362885 -0.599592 0.568302 -0.995537 0.569442 0.686179 0.425708 -0.181061 0.139631 -0.996475 -0.161708 -0.100644 0.398624 -0.308651 -0.792770 0.337232 -1.015416 0.616911 0.250430
VERTEX_POSE A24 0.322919 -0.539835 -0.380580 -0.640630 0.788220 0.008770 0.222337 -0.992987 -0.046949 -0.058326 0.376136 0.650658 0.797431 -0.004775 0.526635 0.182368 0.393090 -0.793197 0.781123 0.223828
VERTEX_POSE A25 0.583775 0.476561 0.661204 -0.211186 -0.325908 0.220167 0.365162 0.686025 0.502666 -0.177449 -0.267122 0.084102 1.008334 -0.217144 0.902014 -0.047430 -0.227163 0.276426 -0.120175 0.746673
VERTEX_POSE A26 -0.010742 0.453134 0.188881 -0.578455 -0.000664 -0.842026 -0.198636 0.241256 0.196859 -0.712968 -0.193874 -0.043105 -0.470465 0.635917 -0.410294 -0.239864 -0.719787 -0.327005 0.445243 0.081353
VERTEX_POSE A27 -0.572496 -0.339547 -0.869302 0.694908 0.603000 0.265530 0.546127 0.344186 0.273681 0.805072 0.020038 -0.906630 0.541807 0.183932 0.535707 0.010388 0.677123 -0.336698 -0.357315 0.869794
VERTEX_POSE A28 0.499209 -0.617473 -0.615469 0.286700 0.204646 0.240561 0.614420 -0.317665 -0.093952 -0.467761 -1.101448 -0.596354 0.049630 0.112364 0.596107 0.642022 -0.260951 0.820890 -0.663755 0.238154
VERTEX_POSE A29 -0.485361 0.313331 0.920675 -0.329828 0.456900 -0.588833 0.359523 -0.801667 -0.649746 -0.686894 0.368654 0.294080 -0.346019 -0.048638 -0.619296 -0.055534 0.098784 -0.222585 0.751368 0.705513
VERTEX_POSE A30 -0.582351 0.673867 0.001417 0.228652 0.385561 0.423761 -0.619751 -0.358712 -0.420793 -0.239208 -0.046699 -0.695447 -0.040580 0.213528 -0.072129 -0.733304 0.508991 0.415926 0.194398 0.763520
VERTEX_POSE A31 -0.692710 0.112124 -0.755126 0.095194 -0.500833 -0.670909 -0.518334 -0.567536 -0.226459 -0.634996 -0.704252 -1.215922 0.641777 0.257884 0.298276 0.973971 -0.782739 0.008980 -0.191128 0.756086
VERTEX_POSE A32 -0.737647 -0.933429 0.942912 -0.542854 -0.245992 -0.391472 -0.439005 0.304679 0.201654 0.260161 0.914586 0.513868 -0.784337 0.070729 -0.564838 -0.291861 0.164713 -0.429886 -0.032266 0.019693
VERTEX_POSE A33 0.510559 -0.810084 -0.938261 -0.314960 -0.735813 0.268997 -0.673765 0.204725 0.685507 0.715357 -0.116847 0.102596 -0.314998 -0.819505 -0.542980 0.249509 0.391558 -0.581853 0.242924 -0.552914
VERTEX_POSE A34 0.671848 -0.537506 -0.177467 -0.215816 0.491146 -0.369824 0.339856 -0.423273 0.608807 -0.487249 0.564383 -0.639103 -0.455723 0.738759 0.759184 -0.272972 -0.339910 0.342697 0.987197 0.671325
VERTEX_POSE A35 -0.756102 0.622864 0.772928 0.072894 -0.561206 0.012811 -0.581080 -0.810598 0.290142 -0.608975 -0.335226 0.606156 -0.621804 0.528582 0.399740 -0.120688 0.523270 -0.952525 -0.639655 0.442957
VERTEX_POSE A36 0.347624 -0.148000 -0.354902 -0.061876 -0.282719 -0.205016 -0.864723 -0.449286 0.820896 0.121486 -0.388963 0.213863 0.173515 -0.694911 -0.476495 0.075698 -0.516324 -0.445772 0.623745 -0.291132
VERTEX_POSE A37 -0.808480 -0.469901 0.550926 -0.973798 0.561474 0.420247 -0.561377 0.708379 -0.542549 -0.624156 -0.542065 -0.701112 0.085406 0.536510 -0.522888 -0.067190 0.401032 0.107016 -0.728605 -0.055530
VERTEX_POSE A38 -0.848133 0.659303 -0.569001 -0.012900 0.492680 -0.255891 0.409872 0.702771 0.776280 0.228575 0.674921 0.211420 0.375476 -0.530392 -0.779261 -0.160818 0.362828 0.276001 -1.004553 0.183979
VERTEX_POSE A39 0.709999 -0.308547 0.089711 -0.434083 0.963615 0.232113 0.718038 0.076230 -0.608773 0.468867 -0.569551 -0.781162 0.066361 0.318502 0.051651 -0.364517 -0.829019 -0.352446 -0.537485 0.206556
VERTEX_POSE A40 0.916989 -0.208333 -0.959082 0.350875 -0.367805 -0.778664 0.067209 0.355853 0.052129 -1.123277 -0.252069 0.382152 0.371319 -0.853446 -0.610749 0.202616 -0.426988 -0.585012 -0.158520 -0.607840
VERTEX_POSE A41 0.030788 0.900853 -0.416659 -0.161230 -0.692501 0.143291 0.923745 0.232907 -0.382724 -0.277505 0.082053 -0.227213 0.014741 0.709029 0.458274 0.072453 -0.497270 0.789188 -0.340130 0.490399
VERTEX_POSE A42 0.275176 -0.195855 -0.627270 0.780259 -0.956421 0.163876 -0.920460 0.907530 -0.247095 -1.086329 -0.756913 0.750422 -0.010863 -0.586576 1.119712 -0.079816 0.250180 0.363449 -0.055199 -0.483430
VERTEX_POSE A43 0.588935 0.114412 -0.659485 0.046901 -0.227996 -1.018583 0.258227 -0.651704 -0.334582 0.685272 0.690694 0.438080 0.862876 0.084866 0.383698 0.585421 -0.801575 -0.443629 0.248696 0.365925
VERTEX_POSE A44 -0.085258 0.260525 0.702596 -0.819387 0.802093 0.532610 0.673339 0.602071 0.590576 0.398136 -0.554304 0.234562 -0.537230 0.703717 -0.756616 0.634986 0.281389 -0.217249 -0.058447 -0.250992
VERTEX_POSE A45 -0.531124 0.995784 -0.249791 0.509982 0.757878 -0.912784 -0.052947 0.564724 0.256246 -0.132249 -0.091309 -0.084508 0.869392 -0.583077 0.656078 0.438507 0.855457 -0.330914 0.691011 0.216529
VERTEX_POSE A46 0.191518 0.473858 -0.973118 0.379693 0.590303 -0.681916 0.553287 -0.056623 0.426013 0.132660 0.856281 0.178990 -0.569208 -0.395277 0.079552 0.381370 -0.055676 0.670967 0.584716 -0.489174
VERTEX_POSE A47 -0.149259 -0.187098 -0.736441 0.003828 0.073457 -0.627165 -0.010691 -0.343024 -0.041563 0.491669 -0.496720 0.503023 0.194248 -0.765616 0.095025 0.920865 0.460097 -0.725483 0.236375 -0.145592
VERTEX_POSE A48 -0.311680 0.361558 0.713280 0.802924 -0.031207 -0.847052 0.468896 0.584145 0.770092 0.049229 0.815135 -0.422255 -0.845719 0.837652 -0.512694 -0.676593 -0.498459 0.458110 -0.752497 -0.075924
VERTEX_POSE A49 0.361946 0.018373 -0.552906 -0.352556 -0.297745 0.496703 -0.064877 0.560855 0.216824 0.407108 0.183240 0.244228 -0.444376 -0.483625 -0.659455 0.012246 0.248769 -0.092434 -0.655159 0.391004
VERTEX_POSE A50 0.352470 0.182113 -0.911970 -0.021702 0.739005 0.066031 0.696823 -0.279553 0.587149 -0.070044 0.595759 -0.346815 0.771324 0.558470 -0.524527 -0.009425 -0.441351 0.692436 0.372132 -0.533125
VERTEX_POSE A51 0.707865 -0.510535 -0.279688 -0.070894 -0.571192 -0.745565 0.770662 0.192293 -0.102379 0.333602 -0.775946 -0.530999 -0.589993 -0.022701 -0.304115 -0.146369 0.658318 -0.571561 -0.439033 -0.441032
VERTEX_POSE A52 -0.353176 -0.722279 0.318879 0.428670 -0.758551 0.587329 -0.205872 -0.011161 1.021376 -0.229657 -0.656564 -0.709388 -0.870039 -0.626606 0.016414 -0.388597 -0.530270 0.261048 -0.978116 0.924548
VERTEX_POSE A53 -0.393942 0.761442 -0.677951 0.003572 -0.021760 0.389994 -0.254832 -0.408022 0.619714 -0.340484 -0.637683 -0.653940 -0.096635 -1.043420 0.609163 1.092824 -0.325500 0.666375 -0.628046 0.105430
VERTEX_POSE A54 -0.006293 0.126580 0.120720 -0.502591 -0.566729 -1.036522 -0.181485 -0.671136 0.541618 -0.780531 -0.558292 0.222625 -0.662641 -0.450822 -0.691807 -0.609514 0.494354 -0.059119 0.668293 -0.830447
VERTEX_POSE A55 0.969743 -0.262115 0.938299 0.788040 -0.970331 0.626689 0.089757 0.243671 -0.540146 0.496512 0.402221 0.415079 0.366484 -0.937520 0.320033 0.967490 0.311692 0.701743 -0.355984 0.504379
VERTEX_POSE A56 -0.810168 0.238004 0.983253 0.792386 0.652332 0.914849 -0.012280 -0.415332 0.165579 0.419752 0.495455 0.218339 -0.372507 0.182227 -0.319855 0.300690 -0.758173 0.150071 0.794573 0.104191
VERTEX_POSE A57 0.982965 -0.420286 -0.690399 -0.081046 0.432607 -1.107378 -0.372942 0.227418 -0.337377 -0.631290 0.029827 -0.553729 0.749271 -0.846527 0.094898 -0.549803 -0.872514 0.276293 -0.575122 -0.448968
VERTEX_POSE A58 -0.602753 0.398338 -0.931003 0.482948 0.632669 -0.514127 0.214479 0.215580 0.192774 -0.655981 -0.661466 -0.882153 -0.516125 -0.309010 0.370396 0.315077 -0.737454 -0.443476 0.756026 -0.538710
VERTEX_POSE A59 0.689041 0.620530 -0.632216 0.079086 -0.143022 -0.622747 0.506642 -0.513327 -0.237141 0.574214 0.870228 0.711889 0.662710 -0.206035 0.445301 -0.021080 0.055169 0.030411 -0.352160 0.289413
VERTEX_POSE A60 -0.502396 0.893044 -0.769723 0.589126 -0.110493 0.733719 -0.656982 0.101135 -0.575175 0.388121 0.048349 -0.634559 -0.738044 0.178494 0.234827 0.249886 -0.886634 -0.349704 -0.509760 -0.786591
VERTEX_POSE A61 -0.185104 0.072205 0.070415 -0.288400 0.018230 -0.308100 -0.499943 0.873074 -0.701376 -0.430810 -0.625746 -0.509795 -0.289422 0.262314 0.619429 -0.939282 -0.276673 -0.416993 0.052566 -0.324265
VERTEX_POSE A62 0.996331 -0.267346 -0.387342 -0.825721 0.356146 0.182823 -0.516633 -0.600426 -0.568529 -0.732145 0.181152 0.615069 -0.300758 0.689444 -0.408303 -0.036496 0.410342 0.385071 -0.393973 -0.113615
VERTEX_POSE A63 -0.240044 0.959616 -0.826811 -0.953727 0.643515 -0.337708 0.650502 0.601195 0.152261 -0.464150 0.826034 0.986014 0.346771 -0.035279 0.222363 0.296790 0.353043 0.198347 -0.592721 0.169085
VERTEX_POSE A64 -0.674545 0.262121 0.132154 0.396640 0.282417 0.016508 0.431912 -0.641463 0.472991 0.738616 -0.298340 0.842661 -0.394532 -0.139470 0.224876 0.560018 0.859312 -0.541656 0.276867 -0.140290
VERTEX_POSE A65 0.668179 0.195148 0.435191 -0.041537 -0.152708 0.650746 0.434763 -0.081865 0.175378 -0.765559 -0.966955 -0.873669 0.361427 -0.413398 -0.364304 -0.779283 0.647230 -0.473000 0.246906 -0.206071
VERTEX_POSE A66 0.003854 0.582480 0.946117 0.119167 -0.917691 0.032159 -0.339617 0.758550 -0.366645 0.372537 0.461375 -0.279848 -0.359877 0.225452 0.615649 -0.475583 0.033314 -0.590088 -0.575493 -0.317494
VERTEX_POSE A67 0.673079 -0.885879 0.777252 -0.665236 0.999698 0.382533 0.193900 -0.556296 -0.491680 -0.604127 -0.670644 0.320209 -0.011578 0.201700 0.793828 -0.306389 -0.323907 0.154387 -0.805008 0.489679
VERTEX_POSE A68 0.859699 0.725247 -0.013883 -0.015334 -0.591234 -0.136498 0.432009 -0.453073 0.361253 0.459074 -0.569486 0.197092 0.691295 1.039769 -0.800539 0.804702 -0.199639 -0.936655 -0.428197 0.235801
VERTEX_POSE A69 0.155721 0.241783 -0.622884 -0.893734 0.574989 0.843212 0.630435 0.481364 0.155598 0.300946 -0.827641 -0.388317 -0.060867 0.717972 -0.607426 0.369010 0.007681 -0.421306 0.896985 -0.015081
VERTEX_POSE A70 0.383077 -0.194426 -0.133037 -0.099320 0.963313 -0.824966 0.696558 0.503405 0.443653 0.258928 0.718298 -0.154811 0.702845 -0.744136 0.656003 0.581066 0.254011 0.463980 0.403874 -0.399190
VERTEX_POSE A71 0.776688 -0.483085 0.027034 -0.664459 0.040961 -0.558948 -0.721572 -0.174558 0.103622 -0.112466 1.090256 -0.310032 -0.517294 -0.191236 0.725380 0.062856 -0.461774 0.729013 -0.819792 0.089339
VERTEX_POSE A72 -0.813491 0.142636 -0.039543 -0.054964 0.882488 0.867984 0.270000 -0.784778 0.597895 0.635769 0.708821 0.441883 0.746238 0.199354 -0.527719 0.760823 -0.902457 -0.746332 0.727193 0.411291
VERTEX_POSE A73 -0.341747 0.609719 0.239692 -0.319061 -0.993107 -0.588676 0.223891 -0.542360 -0.530295 -0.044353 0.750492 0.220224 0.935219 -0.043749 0.653978 -0.242607 0.007377 0.160618 0.379670 0.519977
VERTEX_POSE A74 0.365623 0.631327 0.367550 0.382442 0.812965 0.579340 -0.022631 0.656736 -0.455745 -0.531127 0.487537 0.302166 0.522997 0.307228 -0.090165 0.431063 -0.296886 -0.633416 0.549580 0.438706
VERTEX_POSE A75 0.101251 -0.596839 -0.336947 0.125649 0.684582 0.746460 -0.624945 -0.095033 0.040495 0.436751 0.888131 -0.633286 0.354682 -0.283726 -0.554892 -0.489489 -0.403321 0.521682 0.770224 -0.706381
VERTEX_POSE A76 0.127129 0.605503 0.989901 -0.809079 0.764771 -0.203063 -0.281937 -1.118399 -0.315048 0.820979 0.057343 0.416588 -0.871681 0.359503 -0.826198 -0.199379 0.596031 -0.874813 -0.457014 -0.152758
VERTEX_POSE A77 -0.442859 0.105185 0.394432 -0.237865 0.403268 -0.483228 0.609141 0.244890 0.160388 0.797395 0.292018 -1.000816 0.032665 -0.519946 -0.444534 -0.479943 0.993597 -0.030195 0.470196 0.237833
VERTEX_POSE A78 0.951992 0.216063 -0.073387 -0.870522 -0.241962 0.729219 -0.879090 -0.334433 -0.028305 0.269501 -0.357182 0.403942 0.100515 0.711045 -0.574911 -0.676996 0.655247 0.636930 0.343620 0.507517
VERTEX_POSE A79 0.815450 -0.032939 0.703181 0.993845 -0.266437 0.635607 -0.384403 -0.926628 0.639318 -0.494587 0.650270 0.400006 0.594460 0.196717 -0.667523 -0.315960 -0.202448 -0.145125 -0.770572 0.279648
VERTEX_POSE A80 0.919086 -0.876442 0.841526 0.409579 -0.894477 0.424563 0.035406 0.903076 0.754889 0.552691 -0.445888 0.370538 0.323414 0.046213 0.370483 -0.714861 -0.451945 -0.490514 0.585601 -0.210997
VERTEX_POSE A81 0.304461 -0.601824 0.014642 0.107775 -0.502957 0.587612 -0.014410 0.578610 0.270993 0.306562 -0.909223 0.614256 0.833420 0.117128 -0.518718 0.563507 0.439470 -0.561755 0.523789 -0.111096
VERTEX_POSE A82 0.523315 0.456526 -0.576506 -0.077049 0.162371 0.741079 -0.241553 -0.263326 -0.014331 0.060190 1.120950 0.770294 0.290662 0.220962 0.409919 -0.748928 0.165347 0.313878 0.837831 -0.085303
VERTEX_POSE A83 -0.434090 -0.598722 0.160405 -0.161751 -0.653028 -0.853404 0.162236 -0.253359 0.043415 0.597262 -0.544025 0.406713 -0.678568 -0.176543 0.478832 0.684300 0.520320 -0.452710 -0.134393 0.817173
VERTEX_POSE A84 0.910519 -0.840382 0.336691 -0.888653 0.475283 -0.728799 -0.147583 -0.131235 -0.226042 -0.830133 -0.508632 0.450360 0.361901 -0.753022 0.071983 -0.144489 0.647270 -0.696782 0.642653 -0.117573
VERTEX_POSE A85 -0.482979 -0.416894 0.544214 0.420360 0.595643 0.900346 -0.298464 0.127637 -0.482502 0.092113 -0.646952 0.029306 0.983400 0.607429 0.539937 0.617561 -0.812794 0.359027 -0.136752 -0.016757
VERTEX_POSE A86 -0.464347 0.139164 0.098704 -0.373711 -0.623359 -0.188437 0.283999 0.762998 -0.441954 -0.817404 -0.655061 0.517297 -0.540766 0.637514 0.768824 0.636323 -0.630173 0.851707 -0.607277 0.010541
VERTEX_POSE A87 -0.899649 0.397622 0.319944 0.903733 0.127615 0.431181 0.648346 0.555500 0.297683 0.311925 -0.677542 -0.006393 0.040255 0.254190 0.771307 -0.232457 -0.174506 -0.308325 0.625495 -0.319127
VERTEX_POSE A88 -0.500014 0.162820 0.853815 -0.660686 0.028250 -0.793410 0.076007 -0.728969 -0.489921 -0.784893 0.003194 0.370748 -0.585813 -0.413275 0.428796 -0.576251 -0.124036 0.450450 0.310917 -0.822289
VERTEX_POSE A89 -0.067101 -0.462498 0.167702 -0.890763 -0.990691 -0.829818 -0.391645 0.168465 0.021872 0.361059 0.485859 0.099929 -0.623895 -0.156802 0.324736 -0.394399 0.773103 0.393688 -0.361886 -0.269800
VERTEX_POSE A90 0.789392 0.018152 0.687728 -0.017181 0.984593 -0.297178 -0.539220 -0.757560 -0.851642 0.796264 -0.188078 -0.509521 0.339085 0.499678 -0.697426 -0.846362 0.674786 -0.488563 -0.205467 -0.695724
VERTEX_POSE A91 -0.002411 0.055865 -0.915908 0.928440 0.917757 -0.499455 0.689206 0.134847 -0.027246 -0.202053 -0.568287 0.308768 -0.166576 0.323076 -0.612623 -0.554336 0.399559 0.383886 0.131697 0.512885
VERTEX_POSE A92 0.747795 0.609708 -0.761884 -0.179163 0.027539 0.822447 0.283554 0.841836 -0.597893 1.053620 0.173354 -0.224815 -0.185116 -0.110461 -0.423854 -0.517706 0.488122 -0.540200 -0.251197 0.752795
VERTEX_POINT L0 0.785723 0.750806 -0.699614 0.157098 0.340739
VERTEX_POINT L1 0.757546 0.015481 -0.742720 0.974713 0.561272
VERTEX_POINT L2 -0.926750 -0.128171 0.370270 -0.782523 -0.690044
VERTEX_POINT L3 0.453902 -0.054045 0.735577 -0.884439 -0.811970
VERTEX_POINT L4 -0.238601 -0.402039 -0.796603 0.093879 0.643582
VERTEX_POINT L5 0.746329 -0.014050 0.147522 -0.447759 -0.690346
VERTEX_POINT L6 0.313601 -0.328798 -0.278306 0.100227 -0.403204
VERTEX_POINT L7 0.917121 0.839744 -0.419487 0.200146 0.218571
VERTEX_POINT L8 0.129407 0.791524 -0.985515 0.452921 -0.727032
VERTEX_POINT L9 0.090288 0.188117 0.748729 0.435768 0.637757
VERTEX_POINT L10 -0.896370 -0.017621 0.540970 -0.854818 0.101059
VERTEX_POINT L11 0.787660 0.401243 0.254177 -0.866140 -0.720140
VERTEX_POINT L12 -0.544089 -0.180556 0.116278 -0.181790 0.450722
VERTEX_POINT L13 0.204881 0.385541 -0.795977 0.270831 -0.214359
VERTEX_POINT L14 -0.085211 0.006746 0.244078 -0.675219 -0.955369
VERTEX_POINT L15 0.013052 0.924629 -0.489290 0.580345 -0.146010
VERTEX_POINT L16 0.156873 -0.398397 0.130635 0.400309 0.543679
VERTEX_POINT L17 -0.269761 0.973807 -0.052741 -0.681374 -0.221806
VERTEX_POINT L18 -0.067862 -0.951813 -0.647764 -0.010076 -0.040487
VERTEX_POINT L19 -0.538666 -0.000221 -0.854722 -0.491916 -0.959278
VERTEX_POINT L20 -0.746447 0.430333 0.370753 0.241577 0.940566
VERTEX_POINT L21 0.498048 -0.550535 0.512642 0.828173 0.306485
VERTEX_POINT L22 -0.628147 0.159397 0.481969 -0.380569 0.516005
VERTEX_POINT L23 -0.229426 -0.986561 -0.085034 -0.338063 0.536208
VERTEX_POINT L24 -0.966299 0.588629 -0.388654 -0.545538 0.683126
VERTEX_POINT L25 -0.527796 -0.442982 -0.198087 -0.476836 -0.356380
VERTEX_POINT L26 0.270560 0.176259 -0.231219 0.001251 -0.435542
VERTEX_POINT L27 -0.033400 -0.873869 0.779048 -0.436302 0.692435
VERTEX_POINT L28 -0.738403 0.575170 -0.510359 0.505983 -0.371787
VERTEX_POINT L29 -0.731850 -0.767876 -0.147127 -0.070309 -0.517785
VERTEX_POINT L30 -0.285605 0.735838 -0.982836 0.384535 -0.280025
VERTEX_POINT L31 -0.952680 0.325977 -0.209973 -0.336919 0.968952
VERTEX_POINT L32 -0.974305 0.247604 0.110153 -0.095596 -0.956513
VERTEX_POINT L33 -0.212354 -0.392333 0.387434 0.602012 0.029931
VERTEX_POINT L34 0.501221 -0.728069 -0.474396 -0.221358 -0.843018
VERTEX_POINT L35 -0.212905 0.845565 0.313550 0.998283 0.687069
VERTEX_POINT L36 -0.466025 0.593617 -0.465044 -0.845748 0.339585
VERTEX_POINT L37 -0.185178 -0.056867 0.247298 0.878869 -0.246221
VERTEX_POINT L38 -0.295784 0.685309 0.894063 0.198429 -0.094360
VERTEX_POINT L39 0.663381 0.385141 -0.450560 0.607173 0.612553
VERTEX_POINT L40 0.905110 -0.868750 -0.003973 0.314637 -0.608464
VERTEX_POINT L41 -0.192154 -0.332312 0.435032 0.343610 -0.993301
VERTEX_POINT L42 0.451041 -0.213616 0.803617 0.741034 0.892413
VERTEX_POINT L43 -0.638979 -0.049307 -0.887695 -0.867152 0.842258
VERTEX_POINT L44 -0.987274 -0.946771 0.639055 -0.385559 -0.207661
VERTEX_POINT L45 -0.634170 0.793130 0.047695 -0.934185 0.937044
VERTEX_POINT L46 0.374072 -0.124678 -0.376985 0.713192 -0.303752
VERTEX_POINT L47 0.169599 -0.345168 -0.230309 -0.985250 -0.663982
VERTEX_POINT L48 0.096069 0.766936 0.994955 -0.615559 -0.284762
VERTEX_POINT L49 -0.693790 -0.076492 -0.024748 -0.296884 0.655761
VERTEX_POINT L50 0.630933 0.654611 -0.085031 -0.477166 -0.623259
VERTEX_POINT L51 0.349622 0.197269 0.365708 0.626018 -0.344196
VERTEX_POINT L52 0.804258 0.372973 -0.512106 -0.468711 -0.037754
VERTEX_POINT L53 -0.997213 -0.185993 -0.603062 0.142265 0.892746
VERTEX_POINT L54 -0.879803 0.210708 -0.719326 -0.712045 -0.807988
VERTEX_POINT L55 0.837959 -0.038398 0.099240 -0.014249 -0.354628
VERTEX_POINT L56 -0.525009 0.371026 0.198851 0.665429 -0.463634
VERTEX_POINT L57 0.390757 -0.613033 0.049456 0.289206 -0.243530
VERTEX_POINT L58 -0.195441 0.087733 -0.121712 0.549449 -0.662193
VERTEX_POINT L59 -0.263412 -0.053804 0.688492 0.171411 0.164579
VERTEX_POINT L60 0.658907 -0.380910 0.902329 -0.781103 0.238684
VERTEX_POINT L61 0.518955 -0.176429 -0.104548 -0.066016 0.057782
VERTEX_POINT L62 -0.216092 -0.727828 -0.521481 0.834492 0.133531
VERTEX_POINT L63 0.684602 0.866695 0.012482 0.123300 0.282172
VERTEX_POINT L64 -0.693400 0.431238 -0.717115 -0.464004 -0.912287
VERTEX_POINT L65 -0.714871 -0.455896 0.004123 -0.386866 0.290514
VERTEX_POINT L66 -0.528303 0.712260 -0.673968 0.121583 -0.030760
VERTEX_POINT L67 -0.159425 0.024855 -0.182159 -0.309751 0.427298
VERTEX_POINT L68 0.099951 0.487237 -0.748579 -0.507996 -0.955708
VERTEX_POINT L69 0.175912 0.397568 -0.779906 -0.679988 0.874880
VERTEX_POINT L70 -0.496044 -0.590004 0.367281 -0.702578 0.039851
VERTEX_POINT L71 0.005061 0.618487 0.247448 0.806641 -0.564172
VERTEX_POINT L72 0.983758 -0.934744 0.655127 0.663622 0.881579
VERTEX_POINT L73 0.954997 0.196381 0.170899 -0.961544 -0.067736
VERTEX_POINT L74 0.366082 -0.430820 0.359753 0.939488 -0.721914
VERTEX_POINT L75 0.996484 -0.881515 0.294182 -0.721937 -0.326082
VERTEX_POINT L76 -0.679172 -0.010490 -0.781406 -0.895729 -0.130692
VERTEX_POINT L77 -0.259846 0.444502 0.982768 0.652681 -0.025666
VERTEX_POINT L78 0.166083 -0.226683 -0.936127 -0.707187 0.009937
VERTEX_POINT L79 0.416897 -0.243553 -0.786451 -0.511289 0.584546
VERTEX_POINT L80 0.046365 -0.631990 -0.041980 -0.644203 -0.369904
VERTEX_POINT L81 -0.202983 -0.572073 -0.021158 -0.184354 0.386677
VERTEX_POINT L82 -0.233481 0.953716 0.579257 -0.885271 -0.759651
VERTEX_POINT L83 -0.149377 0.740984 0.445913 -0.112913 0.592342
VERTEX_POINT L84 -0.200197 0.241935 0.375779 0.957911 0.279423
VERTEX_POINT L85 -0.113284 0.164424 0.859931 -0.597316 -0.567639
VERTEX_POINT L86 -0.311418 -0.297414 -0.454847 0.872837 -0.762286
VERTEX_POINT L87 0.274794 -0.387040 -0.425370 0.623339 0.815789
VERTEX_POINT L88 -0.722528 0.551390 -0.090613 0.691889 0.188831
VERTEX_POINT L89 0.493142 0.790319 0.423441 0.422287 -0.424478
VERTEX_POINT L90 -0.988618 0.559156 -0.736878 -0.205249 -0.019631
VERTEX_POINT L91 0.936379 -0.829519 -0.188284 0.910786 -0.572485
VERTEX_POINT L92 0.012096 -0.386110 -0.681108 -0.643729 0.633303
VERTEX_POINT L93 -0.204710 0.831328 -0.258359 -0.370757 -0.886100
VERTEX_POINT L94 0.620981 -0.962824 0.824198 0.034086 0.709687
VERTEX_POINT L95 0.318696 -0.954872 -0.398222 -0.107733 0.721016
VERTEX_POINT L96 0.080419 -0.624568 0.745763 0.242378 0.404414
VERTEX_POINT L97 -0.907323 0.749435 -0.849771 -0.844331 -0.321073
VERTEX_POINT L98 -0.840729 0.069983 0.419619 0.582516 0.148314
VERTEX_POINT L99 -0.819631 0.862669 0.997184 0.734381 0.448706
VERTEX_POINT L100 0.268589 0.147004 -0.629676 -0.524319 -0.446193
VERTEX_POINT L101 -0.336773 0.479980 -0.213100 0.879938 -0.811835
VERTEX_POINT L102 0.185431 0.481155 0.244632 0.541022 0.884534
VERTEX_POINT L103 0.252347 0.212260 -0.974549 -0.860697 -0.564614
VERTEX_POINT L104 -0.381775 -0.323640 0.957799 0.918394 0.120428
VERTEX_POINT L105 -0.448488 -0.949665 -0.395615 0.480510 -0.837380
VERTEX_POINT L106 0.248831 0.330745 0.319633 -0.582634 0.109304
VERTEX_POINT L107 -0.060948 0.665870 -0.823607 -0.977335 0.989736
VERTEX_POINT L108 0.291667 0.494837 -0.412847 0.133191 0.136954
VERTEX_POINT L109 -0.585086 -0.895939 0.383506 -0.289821 -0.880760
VERTEX_POINT L110 -0.644051 -0.577683 -0.610058 -0.488624 0.574282
VERTEX_POINT L111 -0.661969 0.862847 0.545173 0.488989 0.767050
VERTEX_POINT L112 0.211931 -0.468011 -0.637653 0.525825 0.505918
VERTEX_POINT L113 0.122468 -0.623967 0.969199 -0.373895 0.814631
VERTEX_POINT L114 0.188655 0.603830 -0.008914 -0.623925 0.359392
VERTEX_POINT L115 -0.988266 0.773923 0.738127 0.483736 -0.214659
VERTEX_POINT L116 -0.990817 0.540457 0.829130 0.028789 -0.753008
VERTEX_POINT L117 0.877237 -0.693584 0.536239 -0.751087 0.597106
VERTEX_POINT L118 0.286528 -0.613116 -0.687243 0.107075 -0.398870
VERTEX_POINT L119 -0.713344 0.091847 -0.261483 -0.279321 0.435823
VERTEX_POINT L120 0.370379 -0.903265 -0.040320 0.671199 -0.827372
VERTEX_POINT L121 0.297910 0.946040 -0.424121 0.901826 0.581499
VERTEX_POINT L122 -0.776965 0.262328 0.550233 -0.368535 0.863338
VERTEX_POINT L123 -0.617525 -0.289375 0.278572 -0.972529 0.805931
VERTEX_POINT L124 -0.906800 0.777368 0.317520 -0.468931 0.695399
VERTEX_POINT L125 0.844016 0.299504 0.374431 0.665551 0.573024
VERTEX_POINT L126 0.701171 -0.244247 0.880350 -0.080262 0.526947
VERTEX_POINT L127 0.173618 -0.847201 0.063283 0.773447 0.099813
VERTEX_POINT L128 0.936693 0.048939 0.524661 0.821220 -0.748049
VERTEX_POINT L129 0.860442 0.825736 0.299969 -0.497746 -0.324739
VERTEX_POINT L130 0.353988 -0.984532 0.060468 0.507828 -0.451481
VERTEX_POINT L131 0.205282 -0.804058 0.894984 -0.703099 -0.194242
VERTEX_POINT L132 -0.476331 0.305716 -0.913131 -0.617808 -0.136574
VERTEX_POINT L133 -0.460582 0.496623 -0.694900 0.048850 -0.566947
VERTEX_POINT L134 -0.542371 0.408202 0.920435 -0.563796 0.241144
VERTEX_POINT L135 0.141894 0.982076 -0.955333 -0.699414 0.983854
VERTEX_POINT L136 0.090931 0.546958 -0.090515 -0.470640 -0.404327
VERTEX_POINT L137 0.706460 -0.261053 0.240068 -0.146430 -0.649552
VERTEX_POINT L138 -0.919054 0.647946 -0.778940 -0.676749 0.973590
VERTEX_POINT L139 -0.617402 0.041794 0.496638 0.662552 0.732628
VERTEX_POINT L140 -0.878625 -0.156992 -0.376427 0.563749 -0.530312
VERTEX_POINT L141 -0.563105 -0.929736 -0.388998 -0.165373 0.547871
VERTEX_POINT L142 -0.279371 -0.095359 0.041811 0.151541 0.499677
VERTEX_POINT L143 0.333306 0.374997 -0.014079 0.089574 0.975606
VERTEX_POINT L144 0.559363 -0.553703 -0.419799 0.460733 0.362502
VERTEX_POINT L145 0.909284 -0.491528 -0.967102 0.527616 -0.140931
VERTEX_POINT L146 0.345039 0.148920 -0.275952 -0.426690 -0.239053
VERTEX_POINT L147 0.568546 0.986753 -0.590669 -0.510478 0.609494
VERTEX_POINT L148 0.786521 -0.185112 0.569137 0.776528 -0.543825
VERTEX_POINT L149 -0.368432 0.535804 0.036805 0.680385 0.362077
VERTEX_POINT L150 0.855202 0.078601 0.147849 0.210201 0.045317
VERTEX_POINT L151 0.156899 -0.088377 -0.471183 0.447728 -0.371197
VERTEX_POINT L152 0.929478 0.481844 0.612684 0.582211 -0.056424
VERTEX_POINT L153 -0.921763 -0.659071 -0.301918 0.841666 -0.091345
VERTEX_POINT L154 0.539374 0.622247 0.807389 0.475198 -0.565266
VERTEX_POINT L155 -0.977322 0.259211 -0.069796 -0.886720 -0.361025
VERTEX_POINT L156 0.922253 0.640432 -0.927487 0.507217 -0.518321
VERTEX_POINT L157 0.240545 -0.622000 0.687739 -0.605064 0.961681
VERTEX_POINT L158 0.196296 0.412011 0.993487 0.886727 0.738788
VERTEX_POINT L159 0.858946 -0.310629 0.597174 0.328437 -0.266370
VERTEX_POINT L160 0.100987 -0.796264 -0.012292 -0.102809 -0.363058
VERTEX_POINT L161 -0.449716 0.427479 0.053955 0.394555 -0.712693
VERTEX_POINT L162 0.064228 -0.114687 0.492158 0.625339 0.539389
VERTEX_POINT L163 0.624657 0.509452 0.074577 0.279383 0.500367
VERTEX_POINT L164 0.089703 -0.075898 0.359055 -0.556595 -0.279639
VERTEX_POINT L165 0.521858 -0.706485 0.412593 -0.938457 -0.219467
VERTEX_POINT L166 -0.233449 0.491528 0.119244 0.579969 0.484221
VERTEX_POINT L167 -0.819366 -0.528940 -0.731460 -0.027235 0.316034
VERTEX_POINT L168 0.228318 0.032462 -0.347339 -0.084886 0.130981
VERTEX_POINT L169 -0.152503 0.139474 0.340304 0.903221 0.457811
VERTEX_POINT L170 -0.436769 0.512854 0.765179 -0.364683 0.048661
VERTEX_POINT L171 0.349693 0.875470 0.276234 -0.521138 0.600669
VERTEX_POINT L172 0.284392 0.209738 0.951307 -0.262152 0.005682
VERTEX_POINT L173 0.283860 -0.582505 -0.193010 0.786858 -0.451661
VERTEX_POINT L174 -0.317002 0.250467 -0.737845 0.568436 0.576275
VERTEX_POINT L175 -0.156245 0.656035 -0.468493 -0.801419 -0.631816
VERTEX_POINT L176 0.193144 -0.074033 -0.160112 0.314473 0.407408
VERTEX_POINT L177 -0.971962 -0.600612 -0.013798 -0.858254 -0.662778
VERTEX_POINT L178 -0.587699 0.642788 -0.059162 -0.311897 0.977679
VERTEX_POINT L179 -0.020335 0.740855 -0.590975 0.091002 0.863583
VERTEX_POINT L180 -0.340395 0.935192 -0.976993 0.822130 0.699299
VERTEX_POINT L181 -0.732497 -0.278611 -0.911313 0.898304 0.022996
VERTEX_POINT L182 -0.863435 -0.347523 -0.062158 -0.461270 -0.507615
VERTEX_POINT L183 -0.410917 0.417036 0.635692 0.404341 -0.357125
VERTEX_POINT L184 -0.654259 0.062317 -0.213231 0.739970 0.931650
VERTEX_POINT L185 0.675939 -0.725275 -0.254768 -0.986072 -0.072881
VERTEX_POINT L186 -0.388239 -0.323753 -0.434104 0.517621 0.281850
VERTEX_POINT L187 -0.732007 -0.297250 -0.140718 0.247187 -0.586671
VERTEX_POINT L188 -0.083516 -0.347275 -0.567029 -0.591135 -0.111201
VERTEX_POINT L189 0.808058 -0.911742 -0.440617 0.404348 0.020638
VERTEX_POINT L190 -0.873061 0.392120 -0.543544 -0.424376 0.146959
VERTEX_POINT L191 -0.982529 -0.143539 0.420679 0.306055 0.525741
VERTEX_POINT L192 -0.641658 0.515737 0.613338 -0.201097 0.307945
VERTEX_POINT L193 0.191167 -0.722566 0.948614 -0.799037 -0.313652
VERTEX_POINT L194 0.642128 -0.634087 -0.504744 -0.414562 0.026108
VERTEX_POINT L195 0.448045 -0.560161 -0.027607 0.242308 -0.971694
VERTEX_POINT L196 -0.286975 -0.429051 0.361207 -0.737494 0.466881
VERTEX_POINT L197 -0.591322 0.857441 0.614500 -0.834592 -0.489671
VERTEX_POINT L198 0.628679 -0.089101 0.240934 -0.784927 0.344340
VERTEX_POINT L199 0.941343 0.603411 -0.986132 0.177620 -0.402138
VERTEX_POINT L200 0.256175 -0.003085 -0.045196 -0.931372 0.968139
VERTEX_POINT L201 -0.808090 -0.576247 0.006112 -0.149610 -0.606999
VERTEX_POINT L202 0.291035 0.478881 0.290102 0.656482 -0.801469
VERTEX_POINT L203 -0.459433 -0.793347 -0.093889 -0.193524 -0.026179
VERTEX_POINT L204 0.475770 -0.158752 0.813102 -0.362752 -0.058660
VERTEX_POINT L205 0.974033 -0.270651 0.552257 0.224918 0.774806
VERTEX_POINT L206 0.384322 0.862688 0.437618 0.005057 0.342005
VERTEX_POINT L207 -0.331085 0.767215 -0.347010 0.951721 -0.651253
VERTEX_POINT L208 -0.997929 0.128737 -0.461541 0.366664 -0.887972
VERTEX_POINT L209 0.796623 0.505476 -0.621543 0.693160 0.319684
VERTEX_POINT L210 0.648580 0.508070 0.062015 0.042723 -0.787670
VERTEX_POINT L211 -0.338323 0.063929 -0.438533 0.188795 0.811326
VERTEX_POINT L212 -0.935873 -0.773135 -0.532856 0.591465 -0.657320
VERTEX_POINT L213 0.785144 -0.839452 0.999857 0.581453 -0.295285
VERTEX_POINT L214 0.250760 -0.519036 -0.802842 -0.406864 -0.545799
VERTEX_POINT L215 -0.590133 0.289182 0.253913 0.331435 -0.725670
VERTEX_POINT L216 0.461083 -0.564728 -0.254911 0.595381 0.631834
VERTEX_POINT L217 0.862521 0.157211 -0.236946 -0.889243 0.736051
VERTEX_POINT L218 -0.322140 0.991932 -0.886805 -0.421379 -0.312341
VERTEX_POINT L219 -0.622433 0.087997 0.178060 -0.995755 -0.479366
VERTEX_POINT L220 0.670579 0.245470 0.322437 0.515106 -0.243311
VERTEX_POINT L221 -0.195201 0.384052 -0.430349 0.154246 0.834618
VERTEX_POINT L222 -0.604962 0.944458 -0.401262 0.310301 -0.953626
VERTEX_POINT L223 -0.971079 -0.238793 -0.064225 -0.685991 -0.935366
VERTEX_POINT L224 0.995966 0.661486 -0.481735 0.355209 -0.479033
VERTEX_POINT L225 -0.962834 -0.689629 0.093994 0.895739 0.072482
VERTEX_POINT L226 0.476966 0.201046 0.908168 0.556317 -0.907061
VERTEX_POINT L227 -0.291009 -0.767565 0.879472 0.617715 0.987847
VERTEX_POINT L228 -0.554155 -0.832188 -0.291506 -0.938854 0.582811
VERTEX_POINT L229 0.105644 -0.888056 0.149102 0.771390 0.437279
VERTEX_POINT L230 -0.349667 0.835845 0.893340 -0.204665 -0.414291
VERTEX_POINT L231 0.702020 0.164727 0.663298 -0.870225 0.550950
VERTEX_POINT L232 0.297554 -0.464303 -0.844786 -0.378219 0.830280
VERTEX_POINT L233 0.941369 0.314727 0.183442 -0.548183 -0.215761
VERTEX_POINT L234 -0.757413 0.371380 -0.430591 -0.063749 -0.475229
VERTEX_POINT L235 -0.226675 0.376946 0.968316 0.259028 -0.228380
VERTEX_POINT L236 0.915402 -0.955925 -0.264302 0.676735 -0.440955
VERTEX_POINT L237 0.626909 0.234068 -0.992973 0.941308 0.866777
VERTEX_POINT L238 0.442239 0.144161 -0.378694 0.210750 0.120367
VERTEX_POINT L239 0.917473 0.172812 0.274158 0.043399 -0.328927
VERTEX_POINT L240 0.423532 -0.260456 -0.614516 0.634469 0.186461
VERTEX_POINT L241 0.090819 -0.347768 0.683321 -0.746527 0.332697
VERTEX_POINT L242 -0.420850 -0.763259 0.835624 -0.767806 -0.517601
VERTEX_POINT L243 0.487658 -0.033591 -0.147373 0.225934 0.529140
VERTEX_POINT L244 -0.124037 -0.187221 0.683178 0.834926 -0.962588
VERTEX_POINT L245 0.829910 -0.282295 -0.967218 -0.174670 -0.063400
VERTEX_POINT L246 0.897525 -0.744409 -0.893460 -0.442632 0.803470
VERTEX_POINT L247 -0.662953 0.248052 -0.571733 0.430307 0.669247
VERTEX_POINT L248 0.692431 0.874916 -0.204164 -0.063912 -0.327349
VERTEX_POINT L249 -0.424614 -0.752478 -0.780265 0.135990 -0.508871
VERTEX_POINT L250 -0.285386 -0.663951 0.606326 0.434552 -0.810120
VERTEX_POINT L251 0.363010 0.120386 -0.881727 -0.548806 0.429340
VERTEX_POINT L252 0.380185 0.631574 -0.210614 -0.709765 -0.674252
VERTEX_POINT L253 0.109652 -0.719493 -0.794935 -0.255148 -0.763745
VERTEX_POINT L254 0.391931 0.881593 0.054048 -0.234797 0.493973
VERTEX_POINT L255 0.376152 0.293060 0.307651 0.645444 -0.153286
VERTEX_POINT L256 0.146818 -0.409122 0.299059 -0.359409 0.308737
VERTEX_POINT L257 -0.131104 0.082638 -0.037784 -0.678480 0.586912
VERTEX_POINT L258 -0.914858 0.525494 0.187123 0.263159 -0.165439
VERTEX_POINT L259 0.592663 -0.241310 -0.992447 -0.298262 -0.108452
VERTEX_POINT L260 0.974541 0.194583 -0.888682 -0.907090 0.024191
VERTEX_POINT L261 -0.264524 0.361340 0.080463 -0.941506 0.420270
VERTEX_POINT L262 0.294682 0.923417 0.670851 -0.168488 -0.557502
VERTEX_POINT L263 0.272095 0.730280 -0.733468 -0.285310 -0.145529
VERTEX_POINT L264 -0.323156 -0.323933 -0.736096 -0.489690 -0.795490
VERTEX_POINT L265 0.537269 0.294797 -0.759740 0.767763 -0.032730
VERTEX_POINT L266 -0.954581 0.107226 -0.765152 0.973719 0.626091
VERTEX_POINT L267 -0.407754 -0.279858 -0.000397 -0.812954 -0.236445
VERTEX_POINT L268 0.164178 -0.471135 -0.752713 0.709072 -0.165953
VERTEX_POINT L269 0.487659 -0.748613 -0.143846 0.184469 -0.253542
VERTEX_POINT L270 -0.490280 0.892954 -0.726239 0.230445 0.434628
VERTEX_POINT L271 -0.412290 0.268409 -0.367229 0.343541 -0.979492
VERTEX_POINT L272 -0.421522 -0.096382 -0.460525 0.437942 -0.920845
VERTEX_POINT L273 0.088869 -0.870305 -0.890615 0.462639 0.917027
VERTEX_POINT L274 -0.924632 -0.765183 0.485398 -0.430526 0.549648
VERTEX_POINT L275 0.454441 0.716398 -0.777347 0.272867 -0.883433
VERTEX_POINT L276 -0.081221 -0.152600 -0.857833 -0.712030 -0.146373
VERTEX_POINT L277 0.972894 -0.509592 0.591938 0.126842 0.353118
VERTEX_POINT L278 0.791488 -0.035550 -0.349080 -0.296826 0.785814
VERTEX_POINT L279 -0.388790 -0.277684 -0.061997 0.224057 0.526278
VERTEX_POINT L280 -0.451721 -0.262070 0.811673 -0.737168 0.844247
VERTEX_POINT L281 -0.493898 0.300499 -0.742754 -0.862274 0.975694
VERTEX_POINT L282 0.974220 0.842702 0.056276 0.675251 -0.044382
VERTEX_POINT L283 0.928465 -0.630496 -0.398941 -0.446933 -0.830005
VERTEX_POINT L284 0.615754 0.581006 -0.537690 -0.117422 -0.788051
VERTEX_POINT L285 0.366150 0.724295 -0.889677 -0.559547 -0.550409
VERTEX_POINT L286 0.304616 0.662564 0.908710 -0.801489 0.016709
VERTEX_POINT L287 -0.237428 -0.828116 0.761369 0.523169 0.520686
VERTEX_POINT L288 -0.764953 -0.193067 0.072539 -0.238027 -0.963496
VERTEX_POINT L289 0.389758 0.188058 0.095833 0.461670 0.851270
VERTEX_POINT L290 -0.644765 -0.069426 0.768921 -0.775093 -0.587766
VERTEX_POINT L291 -0.790413 -0.998484 0.183857 -0.145117 0.060695
VERTEX_POINT L292 -0.874766 -0.450602 -0.823705 0.520164 0.271541
VERTEX_POINT L293 0.649917 -0.146010 0.439772 0.056419 -0.145268
VERTEX_POINT L294 0.481682 0.731796 0.450388 0.569573 0.915166
VERTEX_POINT L295 -0.197921 0.225465 -0.559800 -0.969526 0.476050
VERTEX_POINT L296 0.187186 -0.851213 0.680032 -0.175817 0.822002
VERTEX_POINT L297 0.527102 -0.160979 0.685236 0.543292 0.541257
VERTEX_POINT L298 0.394325 0.945607 0.439803 -0.782480 -0.760395
VERTEX_POINT L299 -0.648636 -0.322348 0.927319 -0.466746 -0.343951
VERTEX_POINT L300 0.014760 0.090408 -0.458610 -0.272240 -0.712286
VERTEX_POINT L301 0.904045 0.838562 0.713563 0.447965 0.674233
VERTEX_POINT L302 -0.060926 0.946061 -0.439910 0.876795 -0.323443
VERTEX_POINT L303 0.593238 0.994027 0.080865 -0.834298 -0.633131
VERTEX_POINT L304 -0.007086 0.968256 0.822948 -0.089395 0.591260
VERTEX_POINT L305 0.014442 -0.819122 -0.954512 -0.553730 -0.773795
VERTEX_POINT L306 0.047679 0.710424 0.303518 0.438569 -0.516564
VERTEX_POINT L307 0.911693 -0.184344 0.965115 0.198574 -0.555113
VERTEX_POINT L308 -0.012664 -0.328715 0.637426 0.573112 0.579323
VERTEX_POINT L309 -0.160833 -0.325126 0.954438 -0.858257 -0.730750
VERTEX_POINT L310 -0.477097 0.537972 -0.096882 -0.577369 0.971165
VERTEX_POINT L311 0.535615 0.409215 0.449099 0.835944 0.423570
VERTEX_POINT L312 0.345268 0.975372 -0.788317 -0.720531 -0.755057
VERTEX_POINT L313 -0.502877 0.380674 0.959394 -0.902118 -0.073217
VERTEX_POINT L314 0.464080 0.778719 -0.949842 -0.610989 0.593565
VERTEX_POINT L315 -0.038978 0.556378 -0.326006 0.162047 -0.543108
VERTEX_POINT L316 0.863273 0.104969 -0.930283 -0.461665 0.376375
VERTEX_POINT L317 -0.231304 0.441283 0.958868 -0.412477 -0.389727
VERTEX_POINT L318 0.723594 0.728262 -0.564637 -0.314784 0.977578
VERTEX_POINT L319 -0.901680 0.911902 0.142256 0.300308 0.412879
VERTEX_POINT L320 -0.841546 -0.370658 0.054701 -0.950807 -0.538456
VERTEX_POINT L321 -0.921171 -0.341165 -0.795716 -0.089877 -0.610188
VERTEX_POINT L322 -0.692093 0.913418 -0.673887 -0.844809 -0.526426
VERTEX_POINT L323 -0.716311 0.178740 0.230996 0.569357 0.733084
VERTEX_POINT L324 0.728746 0.512825 0.644056 0.966542 0.244544
VERTEX_POINT L325 0.789589 0.645213 0.776501 0.724764 -0.611260
VERTEX_POINT L326 0.085767 -0.595795 0.671196 0.599831 0.209134
VERTEX_POINT L327 -0.084068 0.661613 0.324088 -0.209275 0.066546
VERTEX_POINT L328 0.316691 -0.515765 0.461737 0.268055 0.929996
VERTEX_POINT L329 -0.519908 -0.650187 0.110998 0.817352 0.448740
VERTEX_POINT L330 0.267297 -0.660735 0.251407 0.323979 0.722595
VERTEX_POINT L331 -0.668549 0.574643 -0.996873 0.995816 -0.782290
VERTEX_POINT L332 -0.615863 -0.811626 -0.175438 0.265317 0.122972
VERTEX_POINT L333 -0.793629 -0.714675 0.811497 0.200775 -0.600848
VERTEX_POINT L334 0.924689 0.568669 0.083993 -0.838482 -0.415421
VERTEX_POINT L335 0.377051 -0.843369 -0.352490 -0.824078 -0.285768
VERTEX_POINT L336 0.220813 -0.533797 0.856984 0.647044 -0.374643
VERTEX_POINT L337 -0.027632 0.279094 -0.612489 0.600087 0.068015
VERTEX_POINT L338 0.288744 -0.027713 -0.387375 0.374496 0.159119
VERTEX_POINT L339 -0.791851 0.137488 0.494410 0.220156 -0.795321
VERTEX_POINT L340 0.811534 0.953967 -0.658051 0.741830 0.337265
VERTEX_POINT L341 0.811647 -0.489741 0.515743 0.797127 0.130285
VERTEX_POINT L342 0.743764 -0.453297 -0.056490 0.056100 0.628249
VERTEX_POINT L343 0.156803 0.929340 -0.446368 -0.978702 0.582208
VERTEX_POINT L344 -0.691230 0.890933 0.475136 0.895009 -0.942932
VERTEX_POINT L345 0.207844 -0.674578 -0.006332 0.445111 0.221814
VERTEX_POINT L346 -0.882176 0.485718 0.227626 0.183345 -0.960900
VERTEX_POINT L347 -0.827957 -0.004098 0.544853 -0.566655 0.433443
VERTEX_POINT L348 0.976540 0.766705 -0.047464 -0.967366 0.832087
VERTEX_POINT L349 0.841418 0.213979 0.662988 0.868561 -0.983322
VERTEX_POINT L350 -0.729637 -0.092195 -0.312891 0.733653 -0.153679
VERTEX_POINT L351 -0.865006 -0.603953 -0.992763 -0.918173 -0.706369
VERTEX_POINT L352 0.920247 0.872814 0.867272 -0.221315 -0.593510
VERTEX_POINT L353 -0.421730 -0.178778 0.013222 0.888844 0.319895
VERTEX_POINT L354 -0.581317 0.574787 0.238233 0.651184 -0.973285
VERTEX_POINT L355 0.648993 0.385640 0.511329 -0.254773 0.651034
VERTEX_POINT L356 -0.632141 -0.533564 -0.210277 0.613608 0.708634
VERTEX_POINT L357 0.504450 0.978992 -0.090572 0.251015 0.235849
VERTEX_POINT L358 -0.435075 0.047252 -0.164583 0.535952 -0.282420
VERTEX_POINT L359 0.684550 -0.049330 -0.748540 -0.118337 0.638631
VERTEX_POINT L360 0.984543 -0.671195 -0.979574 0.068366 -0.315411
VERTEX_POINT L361 0.832222 0.386517 -0.913176 -0.140069 -0.559824
VERTEX_POINT L362 -0.983999 -0.474687 -0.745412 -0.122521 0.856341
VERTEX_POINT L363 -0.631320 -0.482821 -0.155012 -0.666317 0.807561
VERTEX_POINT L364 -0.961407 0.671842 0.898321 -0.939294 -0.160672
VERTEX_POINT L365 0.940689 -0.906018 0.338581 0.038996 -0.559080
VERTEX_POINT L366 0.745731 -0.326191 0.492498 -0.490395 -0.478206
VERTEX_POINT L367 0.259407 -0.861955 0.755305 0.707750 0.464684
VERTEX_POINT L368 -0.086943 0.373076 0.726092 -0.360917 0.508935
VERTEX_POINT L369 0.034475 0.646096 -0.894878 0.884101 0.680913
VERTEX_POINT L370 0.467556 0.275533 0.249715 -0.072094 0.669363
VERTEX_POINT L371 -0.275409 0.327043 -0.931959 -0.619088 -0.153800
VERTEX_POINT L372 -0.153878 -0.843645 0.620865 0.681228 -0.188802
VERTEX_POINT L373 0.211320 0.822236 -0.806775 0.984006 0.297613
VERTEX_POINT L374 0.881394 0.256383 -0.378327 -0.597789 -0.571592
VERTEX_POINT L375 0.154892 -0.952712 0.096001 0.576238 -0.131734
VERTEX_POINT L376 -0.580836 -0.852342 0.186893 0.429117 -0.480574
VERTEX_POINT L377 0.999218 -0.257899 0.849299 0.585556 -0.532492
VERTEX_POINT L378 0.326934 0.043191 -0.359145 -0.990418 -0.698292
VERTEX_POINT L379 -0.604296 0.914364 -0.860571 0.461751 -0.648486
VERTEX_POINT L380 0.840637 0.956080 0.512287 0.454117 -0.515814
VERTEX_POINT L381 0.597297 0.950995 0.327964 0.743236 0.148030
VERTEX_POINT L382 -0.469302 -0.689589 -0.853334 0.543577 -0.354855
VERTEX_POINT L383 0.760884 0.828894 0.379560 -0.767198 -0.109324
VERTEX_POINT L384 -0.824433 -0.227782 -0.658814 0.632079 -0.532076
VERTEX_POINT L385 -0.050619 0.885198 0.384899 0.194761 -0.328140
VERTEX_POINT L386 0.409877 0.214534 -0.109112 -0.021971 -0.458291
VERTEX_POINT L387 -0.456574 0.238653 0.130910 0.245687 -0.823441
VERTEX_POINT L388 -0.546169 0.864190 -0.705673 -0.554224 0.907709
VERTEX_POINT L389 0.974802 -0.738213 0.726305 -0.486019 0.259289
VERTEX_POINT L390 -0.772025 -0.810676 0.382370 -0.872650 0.815189
VERTEX_POINT L391 -0.561626 -0.807005 -0.685246 0.514142 -0.407702
VERTEX_POINT L392 0.807025 0.648304 0.813129 0.373912 0.699465
VERTEX_POINT L393 -0.756024 -0.285363 0.636958 0.004829 0.671530
VERTEX_POINT L394 -0.192946 -0.289826 0.159742 0.847826 -0.600140
VERTEX_POINT L395 0.845618 0.320146 0.711449 0.434618 -0.461208
VERTEX_POINT L396 -0.815335 -0.191381 -0.024462 -0.956175 -0.887550
VERTEX_POINT L397 -0.447216 0.383983 -0.347761 -0.642569 -0.078347
VERTEX_POINT L398 0.105025 0.458191 0.466754 0.142368 -0.996523
VERTEX_POINT L399 0.097722 -0.818305 -0.298370 -0.317092 0.621386
VERTEX_POINT L400 0.587259 0.030079 -0.242639 -0.758469 -0.397434
VERTEX_POINT L401 -0.427420 -0.266276 -0.283530 -0.929726 0.672840
VERTEX_POINT L402 0.822314 0.508738 -0.230329 0.063821 -0.532415
VERTEX_POINT L403 -0.566619 0.186434 -0.621774 0.922760 0.413764
VERTEX_POINT L404 0.783900 -0.444040 -0.090305 -0.945720 -0.029547
VERTEX_POINT L405 0.703707 -0.234879 0.391343 0.466031 -0.104007
VERTEX_POINT L406 0.588273 0.233723 0.474228 0.498997 -0.717971
VERTEX_POINT L407 -0.796936 -0.296382 -0.903412 0.483397 0.489879
VERTEX_POINT L408 0.702926 0.507222 0.240642 0.051587 0.363501
VERTEX_POINT L409 -0.084793 -0.723087 -0.884917 0.508580 -0.416262
VERTEX_POINT L410 -0.401232 -0.382018 -0.763982 -0.054852 0.841393
VERTEX_POINT L411 0.543563 0.463302 -0.247070 -0.494296 0.847686
VERTEX_POINT L412 -0.487496 -0.772092 0.443047 0.251815 0.731767
VERTEX_POINT L413 0.129466 -0.071608 -0.617316 -0.511275 -0.513463
VERTEX_POINT L414 0.304446 0.292196 -0.867511 -0.261494 -0.261638
VERTEX_POINT L415 -0.311929 0.000126 0.784233 -0.116105 -0.800309
VERTEX_POINT L416 -0.921153 -0.186410 0.767583 0.683486 0.158397
VERTEX_POINT L417 -0.285677 -0.493270 0.023378 0.716535 0.280071
VERTEX_POINT L418 0.231496 -0.761221 -0.084857 -0.870418 -0.623750
VERTEX_POINT L419 -0.467322 -0.322220 -0.938090 -0.870738 0.066106
VERTEX_POINT L420 -0.310874 -0.231484 -0.250317 -0.769484 -0.460639
VERTEX_POINT L421 0.459472 -0.571897 -0.702487 -0.743068 -0.808561
VERTEX_POINT L422 -0.028948 -0.129225 -0.623336 0.643404 0.658404
VERTEX_POINT L423 -0.503849 -0.583180 -0.437188 0.604428 -0.761174
VERTEX_POINT L424 0.703448 0.142740 0.934470 0.261760 0.862970
VERTEX_POINT L425 0.778106 0.580948 0.536405 0.491230 -0.941737
VERTEX_POINT L426 -0.658231 0.736966 -0.725739 0.039046 -0.222382
VERTEX_POINT L427 0.888113 0.951359 -0.089991 0.305585 0.975420
VERTEX_POINT L428 -0.669110 -0.035069 -0.811356 0.848661 -0.020083
VERTEX_POINT L429 0.446793 0.195157 0.741015 -0.818587 -0.218905
VERTEX_POINT L430 -0.014165 -0.866947 0.611639 0.988493 0.596806
VERTEX_POINT L431 0.918149 0.995011 -0.053994 -0.909808 0.582483
VERTEX_POINT L432 -0.980627 0.928881 -0.542515 -0.748313 -0.546065
VERTEX_POINT L433 -0.191851 0.641791 -0.618691 0.052314 -0.935609
VERTEX_POINT L434 -0.648470 0.181445 0.324232 -0.987048 -0.003753
VERTEX_POINT L435 0.803273 -0.515158 0.367180 -0.694033 0.424387
VERTEX_POINT L436 -0.488143 -0.593088 0.772653 -0.481655 -0.039616
VERTEX_POINT L437 0.939803 -0.584833 -0.201540 0.511949 0.278276
VERTEX_POINT L438 -0.993663 0.188460 0.463768 0.789364 -0.085734
VERTEX_POINT L439 -0.785218 0.914134 0.013295 0.569932 -0.676116
VERTEX_POINT L440 -0.144990 -0.307920 -0.086458 0.020529 0.862014
VERTEX_POINT L441 -0.394896 0.806442 0.699786 -0.265488 -0.244341
VERTEX_POINT L442 0.758345 0.377435 0.766225 -0.924364 -0.828429
VERTEX_POINT L443 0.367514 -0.080011 -0.643411 -0.727656 0.593781
VERTEX_POINT L444 0.734570 -0.265165 -0.917530 0.223237 0.242196
VERTEX_POINT L445 0.062791 -0.330369 0.898714 -0.185858 -0.090067
VERTEX_POINT L446 -0.944415 0.920115 -0.859178 0.156239 0.793472
VERTEX_POINT L447 0.813417 0.548425 0.850053 -0.093276 -0.599407
VERTEX_POINT L448 0.777115 0.176361 -0.077909 -0.469323 -0.809996
VERTEX_POINT L449 0.287081 -0.841106 0.055965 0.285820 -0.830278
VERTEX_POINT L450 -0.653904 -0.773796 0.911963 0.035986 0.466699
VERTEX_POINT L451 -0.533760 0.944877 0.671774 -0.238807 -0.270636
VERTEX_POINT L452 -0.253447 -0.413003 0.353478 0.542752 -0.638838
VERTEX_POINT L453 0.317148 0.096979 -0.711374 -0.320610 0.125103
VERTEX_POINT L454 -0.037609 -0.638302 -0.765415 -0.634380 -0.031810
VERTEX_POINT L455 -0.549999 0.729736 0.287948 -0.195488 -0.775869
VERTEX_POINT L456 0.095254 -0.322073 0.825031 -0.829380 0.183366
VERTEX_POINT L457 0.304159 -0.901336 -0.491154 0.404666 0.745808
VERTEX_POINT L458 -0.661886 0.681095 -0.802043 -0.889902 -0.800449
VERTEX_POINT L459 0.426145 0.642858 -0.986324 -0.980719 -0.836717
VERTEX_POINT L460 -0.249047 0.293821 -0.750138 0.586079 -0.473097
VERTEX_POINT L461 0.323949 0.814148 0.809596 -0.901409 0.796357
VERTEX_POINT L462 0.344294 0.637869 -0.040319 -0.890527 0.745765
VERTEX_POINT L463 -0.229674 0.222703 -0.292653 0.837767 -0.019162
VERTEX_POINT L464 -0.867901 0.455939 -0.809095 0.150905 0.860748
VERTEX_POINT L465 0.695824 -0.180686 -0.716086 -0.877575 -0.257988
VERTEX_POINT L466 -0.426401 0.707544 -0.925473 -0.856266 -0.594775
VERTEX_POINT L467 -0.356045 0.862852 0.963558 0.669250 -0.178869
VERTEX_POINT L468 0.635627 0.234481 0.082373 0.634374 -0.979712
VERTEX_POINT L469 -0.420064 -0.103996 0.538296 0.933098 0.319492
VERTEX_POINT L470 -0.141262 0.776986 -0.023147 0.239183 0.145016
VERTEX_POINT L471 -0.509363 0.926561 0.995916 -0.345098 0.882302
VERTEX_POINT L472 0.185040 -0.297554 0.238082 -0.332390 -0.924849
VERTEX_POINT L473 -0.382918 0.154421 -0.256923 0.314819 0.316586
VERTEX_POINT L474 0.858151 -0.153450 -0.647495 -0.072754 0.476083
VERTEX_POINT L475 -0.080390 0.437281 0.320552 0.890847 0.317347
VERTEX_POINT L476 0.679874 0.824052 -0.358209 -0.871039 -0.773481
VERTEX_POINT L477 0.913736 -0.233335 -0.506673 -0.916515 0.269555
VERTEX_POINT L478 -0.266972 -0.014294 0.170604 -0.202429 0.717940
VERTEX_POINT L479 0.456988 0.000413 0.563882 -0.340361 -0.583477
VERTEX_POINT L480 0.200818 -0.074441 0.549293 0.369305 0.439277
VERTEX_POINT L481 0.079124 0.211910 0.082567 0.833557 0.184639
