VERTEX_POSE A0 -0.514535 0.560028 -0.342526 0.253018 0.833705 -0.058572 0.845269 -0.588815 0.736938 0.726100 0.731365 0.808098 -0.551202 -0.443981 0.346353 0.323585 -0.788758 0.624612 -0.243721 0.093674
VERTEX_POSE A1 0.389258 0.045410 -0.262855 -0.617016 -0.173333 0.238492 0.533811 0.739521 -0.014549 0.097908 -0.395631 -0.301275 -0.603140 0.532536 -0.034493 0.487282 -0.088937 -0.920107 0.316038 0.026904
VERTEX_POSE A2 -0.065764 0.039825 -0.307341 -0.406890 0.392338 -0.558998 -0.251455 -0.577579 0.654266 -0.378914 -0.165365 -0.272257 -0.717251 0.487377 0.172084 -0.295548 -0.516751 -0.152645 0.242851 -0.045491
VERTEX_POSE A3 0.925487 -0.654437 0.627323 0.473545 -0.277111 -0.003789 -0.185744 -0.339169 -0.179244 0.666412 -0.597786 -0.526268 -0.247144 -0.679425 -0.738755 0.525729 0.504838 -0.598476 -0.630046 0.155466
VERTEX_POSE A4 0.940025 0.410468 -0.120779 0.755228 -0.329648 -0.718056 0.618188 -0.817936 -0.386251 0.632416 0.914596 0.484559 -0.350733 -0.400343 -0.865312 -0.971575 0.233784 -0.449689 -0.038693 -0.360750
VERTEX_POSE A5 0.887225 -0.868528 -0.503805 -0.106517 0.288494 -0.637605 -0.498188 -0.090447 -0.065136 0.745862 0.742860 0.644228 -0.151212 -0.135236 0.525386 -0.641022 0.676764 -0.496876 -0.332344 0.558936
VERTEX_POSE A6 0.881857 -0.496987 0.296691 0.760727 0.610472 -1.101775 0.598604 -0.628677 0.259865 0.552612 0.023981 0.714308 0.385287 -0.983086 0.422564 0.785558 0.226812 0.122369 -0.745623 -0.755975
VERTEX_POSE A7 0.180476 0.253230 0.037336 0.324673 0.164021 -0.552747 -0.445740 0.141668 0.763344 -0.334162 0.709739 -0.021956 0.373003 -0.043088 -0.224064 -0.843965 -0.065973 -0.562617 0.306093 0.851728
VERTEX_POSE A8 0.132226 0.903777 -0.382414 0.556689 -0.198695 0.968798 -0.262685 0.502905 0.588171 0.403647 -0.358851 0.035403 -0.862013 -0.437563 -0.037782 0.582215 0.187565 -0.290270 -0.239744 0.873569
VERTEX_POSE A9 -0.001834 0.292391 0.920448 -0.476961 -0.541115 0.399771 -0.399501 0.610949 -0.176463 0.419691 0.710535 -0.384828 0.785867 0.302413 0.295944 -0.270699 0.636780 0.992685 0.620846 -0.192337
VERTEX_POSE A10 -0.139211 0.681413 -0.456469 -0.284551 0.013204 0.756003 0.503203 -0.023442 0.717381 -0.096734 0.661098 -0.303458 0.435968 1.079561 0.583318 -0.915974 0.127415 0.509699 0.697616 -0.398784
VERTEX_POSE A11 0.168417 0.572275 0.421073 -0.095157 0.334804 -0.690903 -0.129537 -0.442475 0.470785 0.899439 -0.026039 0.074474 -0.128272 -1.024652 0.793068 -0.177529 -0.443013 -0.446595 0.811908 -0.300500
VERTEX_POSE A12 -0.095194 -0.070965 -0.822129 0.768598 -0.754510 0.880486 0.562104 0.534262 -0.801978 0.733428 0.530596 -0.188762 0.590106 -0.231990 -0.425193 -0.542762 0.361683 0.069094 -0.378054 0.942347
VERTEX_POSE A13 -0.194023 0.499134 0.062851 -0.877945 -0.261028 -0.362724 -0.310488 -0.316897 -0.619406 0.551271 0.261112 -0.480987 -0.653326 0.515136 0.078428 -0.410755 -0.395173 -0.504234 0.105482 -0.645642
VERTEX_POSE A14 0.818840 0.968596 -0.356644 -0.515506 0.148050 0.085451 -0.008396 -0.534174 -0.120189 0.717998 -0.280481 -0.178984 0.564342 0.757024 -0.447093 0.424754 -0.477935 0.957409 0.394738 -0.069199
VERTEX_POSE A15 0.071917 0.316555 -0.735710 -0.293000 -0.162179 -0.030141 0.471301 0.313596 -0.094991 -0.525386 -0.604294 0.367451 0.378242 -0.086160 0.915261 -0.306056 0.139039 -0.196959 -0.535308 0.728820
VERTEX_POSE A16 0.454111 0.700693 -0.808246 0.923538 -0.725660 0.634446 0.423349 -0.514393 -0.277618 -1.119230 -0.720621 -0.572686 0.596040 -0.846835 0.761913 -0.363672 0.137698 0.730898 0.053523 -0.634270
VERTEX_POSE A17 -0.939593 -0.011160 0.341091 -0.278581 -0.214629 -0.639192 0.629490 -0.270152 0.495684 0.679703 -0.036468 -0.126524 -0.415553 0.462751 0.079620 0.411172 0.925910 0.723973 -0.027443 -0.234504
VERTEX_POSE A18 0.462664 0.877496 0.002026 -0.223171 0.023773 0.580195 0.352524 0.655504 0.628864 0.283439 -0.862629 0.274717 0.360803 0.570617 -0.426516 -0.536005 0.170670 0.741740 -0.957898 0.105417
VERTEX_POSE A19 0.106127 0.461809 0.028933 -0.400718 0.307060 0.568968 -0.560103 -0.870241 -0.484505 0.902229 -1.084071 -0.819475 0.706276 0.501886 0.550270 0.236839 0.792191 1.132041 1.063801 -0.048351
VERTEX_POSE A20 0.509131 -0.406084 -0.885540 -0.616096 -0.875916 -0.468777 -1.028837 0.525080 -0.635617 0.673731 0.308079 0.751952 0.092909 0.336276 -0.074804 -0.312062 -1.075059 -0.685426 0.214854 -0.158563
VERTEX_POSE A21 -0.157727 0.229313 -0.431047 -0.103401 -0.028689 -0.660053 -0.341683 -0.626388 0.412734 0.293788 0.308447 0.390134 0.726334 -0.945995 0.836572 -0.394899 -0.011796 0.358339 -0.836612 -0.451592
VERTEX_POSE A22 0.542318 0.040436 0.866389 0.264701 -0.901721 -0.066346 -0.576348 -0.668446 -0.486010 0.633622 0.049010 0.382284 -0.543166 0.932742 -0.622188 0.256802 0.518028 0.904096 0.704716 -0.060603
VERTEX_POSE A23 -0.463088 0.458003 -0.987577 -0.944597 -0.359746 -0.671796 -0.264505 -0.311837 0.533981 -0.664464 -0.446494 -0.718050 0.182735 -0.856249 0.355688 -0.643682 -0.545299 0.605860 0.886807 -0.646922
VERTEX_POSE A24 0.890957 -0.155152 0.750408 -0.833252 0.411142 -0.410228 1.078632 0.181301 -0.108760 -0.320895 0.982139 -0.637612 -0.701967 -0.323546 -0.858215 -0.052653 0.525771 0.674324 -0.126328 0.631922
VERTEX_POSE A25 0.257023 0.451007 0.608834 -0.762399 0.864196 0.476134 -0.142406 0.199725 0.535088 1.008767 -0.514310 -0.907042 0.587042 0.240305 -0.465654 -0.004390 -0.585663 0.134737 0.433830 0.930367
VERTEX_POSE A26 0.529863 0.517307 -0.346879 0.443319 -0.615761 -0.094619 -0.229930 -0.877109 -0.629336 -0.277991 0.107428 -0.365806 -0.607434 0.348559 0.651205 -0.396834 0.268416 -0.262082 0.612360 0.239130
VERTEX_POSE A27 -0.561279 -0.223356 -0.385846 -0.509113 0.745645 -0.261713 0.230714 0.668014 -0.791860 -0.462576 -0.269173 -0.321029 0.028312 0.445392 -0.325591 0.613451 -0.065522 -0.179521 0.540837 -0.464186
VERTEX_POSE A28 0.776818 -0.202504 0.949163 -0.095485 0.081873 0.816514 -0.311634 0.496084 0.434066 -0.881212 -0.770184 -0.784807 -0.286878 -0.337588 -0.375021 -0.656834 0.239513 0.296244 0.558617 -0.829950
VERTEX_POSE A29 -0.288608 -0.290460 0.826306 0.453220 0.357267 0.416887 -0.292207 0.427306 0.450586 -0.654860 -0.782980 0.735099 -0.227220 0.159581 0.714820 0.895205 -0.121623 -0.182438 0.306916 -0.790909
VERTEX_POSE A30 -0.756183 0.381533 -0.779517 -0.482365 -0.189398 0.666958 0.665434 0.323220 0.701034 -0.441092 0.667399 -0.341942 -0.790428 0.526653 0.243439 0.035492 0.317676 -0.704139 0.587266 0.824685
VERTEX_POSE A31 -0.737717 -0.642476 -0.393363 -0.842467 -0.084422 0.489943 0.414613 0.555228 0.445020 0.850523 0.037434 -0.876577 0.652015 0.203075 0.458132 0.155057 -0.657103 0.229760 -0.353114 0.828520
VERTEX_POSE A32 -0.899350 0.754950 -0.436549 0.836205 -0.816066 0.532986 -0.582773 -0.763909 -0.747424 -1.003698 -0.145155 -0.355908 0.744044 -0.854293 -0.576336 0.150009 0.631174 0.796172 -0.110921 0.450128
VERTEX_POSE A33 0.178053 -0.578642 -0.086858 0.110745 -0.797059 0.947251 -0.185612 -0.228849 0.161268 0.881136 0.341544 -0.459664 -0.522422 0.476244 0.422951 -0.167787 0.983518 0.260871 -0.519224 -0.135583
VERTEX_POSE A34 -0.812230 -0.296913 -0.766039 0.631078 0.638466 -0.126130 0.703880 -0.304039 0.376171 -0.065411 -0.542942 -0.048499 -0.501212 0.506120 0.987183 0.118824 0.224128 0.046313 -0.609412 -0.665451
VERTEX_POSE A35 -0.959325 0.165418 0.442672 0.591433 -0.145714 -0.457849 0.107869 0.463210 0.583361 -0.303400 -0.276012 0.218326 -0.705420 0.293774 0.655991 0.592626 0.439723 -0.030280 0.276282 -0.677079
VERTEX_POSE A36 0.065278 -0.447170 0.409337 -0.995772 0.491435 0.003480 0.911565 -0.482800 -1.013276 0.297857 -0.315876 -0.093233 0.177777 0.278759 0.712771 0.275178 -0.611222 0.161650 0.736620 0.886247
VERTEX_POSE A37 -0.930373 0.206100 0.530652 0.391806 0.248939 0.642739 0.083547 0.520651 0.162518 0.929607 0.808603 -0.625008 0.781948 -0.305652 0.125481 -0.526592 0.585896 -1.016184 -0.344449 0.718973
VERTEX_POSE A38 0.221151 -0.581352 -0.519992 -0.083894 -0.981693 0.584860 -0.487534 -0.412508 0.594381 -0.159542 0.596256 0.477115 -0.817665 -0.246253 -0.537825 -0.273396 -0.866673 -0.727047 -0.856958 0.635132
VERTEX_POSE A39 -0.802496 -0.543393 -0.973077 0.560917 -0.707261 -0.133129 0.549777 0.332706 0.995956 0.259507 0.556903 -0.598673 0.537587 0.605670 -0.199626 -0.748071 0.766820 -0.029237 0.436528 -0.181885
VERTEX_POSE A40 0.067793 -0.501509 0.451099 0.914845 0.707824 -0.661523 0.179479 -0.160336 -0.401931 -0.583734 -0.881425 0.250173 -0.239122 0.370564 0.906728 0.017680 -0.638922 -0.070084 1.028769 -0.375045
VERTEX_POSE A41 -0.918060 -0.899940 0.023539 0.631554 0.031511 0.252614 -0.753955 -0.716267 -0.794370 0.300698 -0.595627 0.069866 0.154186 0.348034 -0.190799 -0.663076 0.436072 -0.737018 -0.396244 0.316578
VERTEX_POSE A42 0.365921 -0.971119 0.447997 -0.534240 0.627543 0.089776 -0.718799 -0.077058 0.133548 -0.583407 -0.449694 -0.278168 0.452195 0.014945 0.956199 0.374596 -0.386815 -0.469986 0.191406 -0.938330
VERTEX_POSE A43 0.972599 0.427526 0.628970 0.683442 0.953314 0.420759 -0.598213 0.280175 -0.722498 -0.192661 -0.874528 -0.670421 -0.860508 0.351061 0.004733 -0.354625 0.440406 0.722826 -0.640152 -0.714497
VERTEX_POSE A44 -0.112083 0.599195 -0.913610 0.753609 0.770483 -0.483364 -0.231213 0.486014 0.698637 0.049510 -0.217135 -0.629662 0.069580 -0.744898 0.157585 -0.754880 -0.484264 0.022925 0.716220 -0.266130
VERTEX_POSE A45 0.184761 0.997478 -0.908648 -0.049746 -0.224406 0.365946 0.328374 -0.115029 -0.717693 -0.372780 0.180944 0.471327 -1.075324 -0.532529 0.558813 0.474661 -0.531276 0.699066 -0.209030 1.029709
VERTEX_POSE A46 0.044517 -0.255919 0.893260 -0.609558 -0.208865 0.409875 -0.094797 -0.417935 -0.645098 0.322801 -0.514083 -0.475813 -0.067432 0.627311 0.366568 0.285214 0.349617 0.126549 0.872843 0.078952
VERTEX_POSE A47 -0.657972 0.299888 -0.721856 0.677147 -0.955176 0.684396 -0.306089 0.083673 0.368090 0.792305 0.419281 0.933193 0.318684 -0.007194 0.033843 -0.591800 1.133120 0.488610 -0.735798 -0.497808
VERTEX_POSE A48 0.245168 -0.013683 0.432443 0.671673 0.560965 0.643564 -0.397110 0.675241 0.074990 0.672671 0.151195 -0.680626 -0.125574 0.516203 0.402724 0.147406 -0.338333 -0.094561 -0.637572 -0.440947
VERTEX_POSE A49 -0.492820 -0.378423 -0.104714 0.167271 0.814908 -0.779687 -0.369322 0.293771 -0.058536 0.787023 0.373571 -0.005114 0.216422 0.319971 0.329839 -0.109018 -0.350376 -0.507318 0.403735 -0.725623
VERTEX_POSE A50 0.448154 -0.238303 0.307077 -0.723571 0.351884 0.671859 0.238894 -0.719433 -0.390714 0.716684 -0.414092 -0.999690 -0.359431 -0.391931 0.104192 -0.368437 0.655168 0.221395 -0.909759 -0.625613
VERTEX_POSE A51 -0.245701 0.580233 0.546902 -0.944423 0.685048 0.835222 -0.232538 -0.698587 0.005951 0.451644 -0.876120 0.686909 0.972479 0.447738 -0.666957 0.692166 -0.259835 0.267634 -0.055398 0.402917
VERTEX_POSE A52 0.349453 0.850890 0.464239 -0.936130 -0.213782 0.839838 -0.575167 -0.370581 -0.101011 0.137891 -0.915479 -0.095956 -0.714121 -0.035403 0.773882 0.632794 0.126925 -0.193057 0.317295 -0.606720
VERTEX_POSE A53 -0.009527 0.802133 0.173466 0.541131 0.450163 -0.378938 0.730146 -0.223556 0.189882 0.608338 0.659669 -0.674024 -0.011155 0.018109 -0.549257 -0.331484 0.591896 -0.294712 0.096437 -0.432071
VERTEX_POSE A54 0.291212 0.038237 0.559325 -0.889020 -0.674698 -0.662469 -0.515920 0.551033 -0.035704 0.350823 -0.572871 0.642328 0.241550 -0.663987 0.967277 0.263647 0.980866 0.582626 -1.269132 -0.304971
VERTEX_POSE A55 0.240410 -0.304263 0.214647 -0.769382 -0.802640 0.011657 -1.027319 0.275437 -0.713321 -0.066154 -0.350010 0.559532 0.144900 -0.709297 -0.102308 0.518652 0.750363 -0.724477 0.087273 -0.304718
VERTEX_POSE A56 -0.752504 0.253140 -0.217700 0.778732 0.314359 -0.481075 -0.293216 0.890364 0.601796 0.705084 0.506763 -0.397952 0.432204 0.194094 -0.292451 0.469767 -0.121989 0.586307 -0.436623 0.281301
VERTEX_POSE A57 -0.178925 -0.444456 -0.787554 0.554299 -0.290459 -0.283044 0.216851 -0.524776 -0.602638 0.095212 0.546308 0.693226 0.463444 -0.391389 -0.599863 -0.184977 -0.799997 0.302992 -1.034603 -0.092005
VERTEX_POSE A58 0.679131 0.472381 0.828800 -0.278495 0.943005 0.857515 -0.728333 -0.206161 -0.335082 -0.764489 0.241355 0.276834 0.421912 0.631993 -0.473178 -0.425466 0.691177 0.577387 0.087063 0.709667
VERTEX_POSE A59 -0.975686 -0.949365 -0.268537 -0.316753 -0.603768 0.661911 0.191989 0.525779 0.082930 -0.274537 -0.200467 0.380526 -0.482026 -0.529343 0.326852 0.685316 -0.550748 -0.463858 0.312349 -0.107894
VERTEX_POSE A60 0.532467 0.265083 -0.961248 0.007519 -0.933192 -0.116420 -0.626611 0.034790 -0.503187 0.224810 -0.485568 -0.485931 -0.145450 0.283926 0.290411 -0.008814 -0.225146 0.077853 -0.358978 -0.474328
VERTEX_POSE A61 0.922948 -0.146086 -0.950717 0.239140 -0.246393 0.141256 0.175436 0.775003 0.711376 -0.589207 -0.249172 -0.224566 -0.617658 0.369903 -0.065698 0.300958 -0.434172 0.664236 0.414662 0.184159
VERTEX_POSE A62 -0.713403 -0.591841 0.338100 -0.159220 0.311810 0.326268 0.806523 -0.555272 0.332660 -0.181020 0.463071 -0.904561 0.374640 0.005332 0.229386 -0.383459 -0.717339 -0.415712 -0.538642 -0.472666
VERTEX_POSE A63 0.633117 0.020034 -0.397797 -0.156276 -0.749258 -0.794518 -0.310082 0.568437 0.172537 0.718388 0.068269 -0.459571 0.539349 -0.444812 -0.595321 0.364022 -0.113812 0.196691 0.479254 0.852488
VERTEX_POSE A64 0.101001 0.275273 -0.037575 -0.650115 -0.043452 -0.317073 -1.120660 -0.207152 -0.309257 0.195620 -0.836205 -0.777512 0.203494 0.277064 -0.549565 0.264576 -0.434190 0.550535 0.015960 -0.631169
VERTEX_POSE A65 -0.525632 0.111246 0.572060 -0.528141 -0.049724 0.041033 0.766353 -0.141844 0.107479 0.432578 0.446390 -0.322259 -0.117811 -0.574236 -0.075222 0.345145 -0.528045 0.891548 -0.100883 -0.299401
VERTEX_POSE A66 0.673792 -0.814549 -0.955124 -0.564844 0.105028 0.534199 0.399397 0.714019 -0.906799 0.280707 -0.337245 -0.575584 0.791400 0.401237 -0.564751 -0.897240 0.771428 0.033497 -0.298911 -0.615927
VERTEX_POSE A67 -0.833721 0.828102 -0.628238 -0.645887 -0.552017 0.405534 -0.549128 -0.062570 0.732873 0.013805 1.008704 -0.700441 0.578738 0.124863 0.212626 -0.615237 -0.702855 0.803652 0.931697 -0.593507
VERTEX_POSE A68 -0.456005 -0.682654 0.102712 0.863664 -0.800785 0.528908 -0.620012 0.440680 0.618345 0.482171 0.453715 0.394678 0.552376 -0.528162 0.552256 -0.153744 -0.303149 -0.217969 0.474027 0.632022
VERTEX_POSE A69 -0.105057 -0.395901 -0.475116 0.351262 0.123335 -0.560806 0.742362 -0.533973 -0.033189 -0.754080 -0.665912 -0.657061 -0.352521 -0.047966 -0.079390 0.009746 -0.521509 -0.733681 -0.218677 0.537667
VERTEX_POSE A70 -0.636216 -0.715291 -0.601314 0.915030 -0.259278 -0.213818 -0.669101 -0.398054 0.570424 0.049872 0.449245 -0.811305 0.091925 0.569095 0.088523 -0.761597 0.331342 -0.174014 0.169620 -0.522982
VERTEX_POSE A71 0.611788 -0.184163 -0.446188 0.778509 0.907039 0.404668 0.499298 -0.534781 -0.339617 -0.914953 0.732154 -0.871940 0.919108 0.275432 1.106919 0.210388 0.541305 -0.101845 -0.547316 -1.041202
VERTEX_POSE A72 -0.023117 -0.295840 0.548423 -0.017183 -0.845154 0.557882 0.089741 -0.631566 -0.774787 0.234654 -0.400254 0.164190 0.984560 0.208281 -0.168803 -0.020755 0.559468 -0.282666 0.118218 -0.362513
VERTEX_POSE A73 0.729705 -0.686409 0.846682 -0.619209 -0.631735 0.799884 0.464051 -0.538373 0.641725 -0.572616 -0.587128 -0.637228 -0.562678 -0.553288 -0.078066 0.742417 0.149527 0.528285 -0.576058 0.883071
VERTEX_POSE A74 0.584387 -0.756637 -0.817218 0.461952 0.860353 0.839832 -0.350773 -0.017266 -0.245029 0.232697 0.362854 -0.612374 -0.084679 -1.122849 0.573969 -0.684490 -0.495554 0.628999 1.101160 -0.476565
VERTEX_POSE A75 0.864800 -0.696646 0.634813 -0.263574 0.925330 -0.791073 0.454979 -0.558391 -0.189216 -0.338972 -0.422945 -0.689978 0.208963 0.352428 -0.463546 -0.388746 0.820143 0.272304 0.953937 0.373056
VERTEX_POSE A76 -0.085534 -0.688931 0.938034 0.331044 0.143859 -0.074283 -0.133986 -0.492885 0.989090 -0.069343 0.062729 -0.217408 0.843978 -0.086791 -0.223205 -0.545606 -0.566869 -0.314079 -0.383150 0.777050
VERTEX_POSE A77 -0.371096 -0.012556 -0.923958 0.852394 -0.348512 -0.685858 -0.788673 -0.055690 -0.039500 -0.293283 -0.623912 -0.489346 0.596186 -0.062888 -0.691555 0.420337 -0.196687 -0.253736 -0.117939 0.905010
VERTEX_POSE A78 -0.793172 0.603242 0.912958 -0.586427 0.970153 0.702411 -0.778450 -0.347611 -0.483867 -0.603049 0.677502 0.314270 -0.219820 0.708715 -0.334757 0.130518 -0.029707 0.647510 0.567977 0.524028
VERTEX_POSE A79 -0.840366 0.297386 0.370477 0.002717 -0.295177 0.386107 -0.109654 -0.299453 -0.882295 0.015866 0.923086 -0.793713 -0.144532 -0.574581 0.406966 -1.062680 0.574595 0.432598 0.864762 0.555162
VERTEX_POSE A80 0.136085 0.609021 -0.028671 0.019665 -0.533604 0.531355 0.524393 -0.015284 0.456895 -0.538483 -0.539252 0.299451 0.510195 -0.448270 -0.608053 0.162750 -0.696260 0.223966 -0.385891 -0.154598
VERTEX_POSE A81 0.654982 -0.635061 0.220035 -0.309998 0.322037 0.980345 0.325639 -0.512978 0.288094 -0.606141 -0.133662 -0.232485 0.613652 -0.484209 0.547823 -0.033213 0.760671 0.021956 0.739998 0.551929
VERTEX_POSE A82 -0.086067 -0.122381 -0.082621 0.058294 -0.610129 -0.796053 -0.017644 0.623152 -0.022852 -0.313800 -0.546695 -0.713808 -0.410760 -0.540880 -0.287004 0.955883 -0.464193 0.153260 -0.261509 -0.233202
VERTEX_POSE A83 -0.514462 0.459911 -0.564432 0.083535 0.252615 -0.602757 -0.325991 0.686851 0.480016 -0.520308 -0.067867 0.455870 0.347638 -0.164774 -0.526495 -0.429407 -0.858626 0.433393 -0.764423 0.160673
VERTEX_POSE A84 -0.354545 -0.832929 -0.606499 -0.768867 -0.227799 -0.296802 -0.238421 0.884419 -0.808611 0.258532 -0.972078 -0.766396 0.755527 0.362081 0.254990 -0.635507 -0.511761 0.862413 1.019661 -0.133979
VERTEX_POSE A85 -0.794855 0.915856 -0.523296 0.169274 -0.284826 0.139967 0.145915 0.200216 0.518775 0.533740 -0.576276 -0.485455 -0.534825 -0.632861 0.557517 -0.403646 -0.448721 -0.542474 0.611842 -0.394263
VERTEX_POSE A86 0.725948 -0.844352 0.650215 0.314154 0.449975 0.230511 -0.874429 0.652068 -0.421865 0.647981 0.673146 0.637241 -0.025664 -0.721288 0.720893 0.758743 0.205830 0.780435 -0.071360 0.570093
VERTEX_POSE A87 -0.107049 0.420211 0.175801 -0.990135 -0.913441 0.683663 -0.356680 -0.625736 0.616282 -0.647046 -0.418929 -0.728318 0.255095 -1.130195 0.393357 0.656780 0.038931 0.612744 0.930327 -0.248854
VERTEX_POSE A88 0.026219 -0.528601 -0.310849 -0.276428 0.424715 -0.456889 -0.686392 -0.512472 -0.933446 0.150376 -0.593368 0.100857 -0.280756 -0.173219 0.711276 -0.671282 -0.616194 0.390444 0.851711 -0.850993
VERTEX_POSE A89 0.405079 0.628029 0.479015 -0.964341 0.392980 0.618886 0.332056 0.179929 0.716688 0.477522 0.141457 -0.309014 -0.146169 0.508566 -0.463120 0.850782 -0.576587 -0.382926 0.519404 0.842489
VERTEX_POSE A90 -0.082735 0.470846 0.907263 -0.306889 -0.517209 -0.768868 -0.204039 0.349972 0.406071 -0.204857 0.675797 0.021927 0.744781 -0.063026 -0.337856 0.415760 0.261790 -0.169728 -0.297207 -0.497794
VERTEX_POSE A91 -0.441314 0.736483 -0.272097 0.731091 0.491522 0.524903 -0.348230 -0.418906 -0.232928 -0.672171 0.465272 0.709897 -0.582690 -0.133635 -0.435007 -0.095264 -0.981882 0.592446 0.672514 -0.006749
VERTEX_POSE A92 0.328027 -0.518056 0.528299 0.274799 -0.853413 -0.316159 -0.089558 0.587527 0.076871 0.554096 -0.524870 -0.760736 0.287511 0.163689 -0.404059 -0.725261 -0.546776 0.433635 -0.334929 0.299085
VERTEX_POINT L0 0.203862 0.879006 0.245363 0.533891 0.794601
VERTEX_POINT L1 -0.808197 -0.243484 0.330107 -0.425185 0.742264
VERTEX_POINT L2 -0.570972 0.757216 -0.509276 0.624684 0.103135
VERTEX_POINT L3 0.678230 -0.009748 -0.182577 -0.994250 -0.255123
VERTEX_POINT L4 0.865595 -0.058032 0.374982 0.009971 -0.152708
VERTEX_POINT L5 -0.404693 0.585319 -0.137514 0.978797 0.551117
VERTEX_POINT L6 -0.777775 0.307598 0.920136 0.869414 -0.055908
VERTEX_POINT L7 -0.239462 0.546067 0.899866 -0.638766 0.970627
VERTEX_POINT L8 -0.040909 0.870028 0.261171 0.893827 -0.708161
VERTEX_POINT L9 0.834013 -0.876565 -0.526053 0.647924 -0.148869
VERTEX_POINT L10 0.737421 -0.749774 0.448290 0.344050 -0.874526
VERTEX_POINT L11 -0.311204 -0.816381 0.107853 -0.725382 -0.339896
VERTEX_POINT L12 0.418400 -0.633201 -0.343271 0.109875 -0.288516
VERTEX_POINT L13 0.602221 -0.446419 0.083103 -0.919524 -0.949196
VERTEX_POINT L14 0.603261 -0.505313 0.045888 0.605662 0.803963
VERTEX_POINT L15 -0.952695 0.354243 -0.267229 -0.037731 0.362972
VERTEX_POINT L16 0.809049 -0.843177 -0.003939 -0.505951 -0.979043
VERTEX_POINT L17 0.762895 0.792073 -0.583636 -0.391621 -0.491214
VERTEX_POINT L18 0.183389 -0.036736 0.704100 0.981934 0.829369
VERTEX_POINT L19 0.464031 -0.478238 -0.783904 0.184051 0.342994
VERTEX_POINT L20 -0.323172 -0.330308 0.333743 0.666673 -0.101343
VERTEX_POINT L21 0.668927 -0.576825 -0.860332 0.065469 0.081983
VERTEX_POINT L22 -0.890514 -0.311167 -0.390403 0.415184 -0.884805
VERTEX_POINT L23 -0.118027 -0.414452 0.810448 -0.164053 0.613831
VERTEX_POINT L24 0.394875 -0.421177 0.789883 -0.620377 -0.468042
VERTEX_POINT L25 0.002437 -0.890956 0.785398 0.425048 -0.798246
VERTEX_POINT L26 0.908192 0.056948 -0.500402 0.559519 0.038546
VERTEX_POINT L27 -0.200046 -0.793147 0.268898 -0.584718 0.924938
VERTEX_POINT L28 0.919702 0.579890 0.692661 -0.881840 -0.315454
VERTEX_POINT L29 -0.533122 -0.206570 0.227502 0.290610 -0.469932
VERTEX_POINT L30 -0.872019 -0.311203 -0.202803 0.690081 -0.928476
VERTEX_POINT L31 0.123564 0.458896 -0.061976 0.652051 -0.520853
VERTEX_POINT L32 -0.341320 0.549947 -0.442392 0.865426 -0.727667
VERTEX_POINT L33 -0.442991 -0.553987 0.287920 0.314765 0.174659
VERTEX_POINT L34 -0.198205 -0.550852 0.755448 0.657801 0.224024
VERTEX_POINT L35 -0.475725 -0.508085 0.932590 -0.124603 0.119625
VERTEX_POINT L36 0.152316 -0.968668 -0.849594 0.293561 -0.274224
VERTEX_POINT L37 0.024020 0.756746 0.675583 0.527215 -0.831885
VERTEX_POINT L38 0.284813 -0.962019 0.832457 0.236631 0.090252
VERTEX_POINT L39 -0.888593 0.901360 0.411578 0.187389 0.017615
VERTEX_POINT L40 -0.141967 0.880182 -0.850470 0.175139 0.019246
VERTEX_POINT L41 0.022235 -0.711792 0.280746 -0.419319 0.215726
VERTEX_POINT L42 -0.199798 -0.915022 -0.480569 0.462007 0.677720
VERTEX_POINT L43 -0.723567 -0.753020 -0.193741 -0.714986 0.730730
VERTEX_POINT L44 -0.375544 -0.158212 -0.636151 -0.338843 0.266530
VERTEX_POINT L45 -0.596536 -0.420334 0.565319 0.067669 0.481682
VERTEX_POINT L46 -0.676262 0.601223 0.539030 0.247283 0.093702
VERTEX_POINT L47 -0.566495 -0.001389 0.359910 0.155206 0.287487
VERTEX_POINT L48 -0.833642 -0.628261 0.981683 0.676048 0.990468
VERTEX_POINT L49 0.507127 -0.435513 0.243129 0.229217 -0.076929
VERTEX_POINT L50 0.897536 0.520373 0.576006 -0.660743 -0.369519
VERTEX_POINT L51 -0.156814 0.041431 0.315426 0.342721 -0.110874
VERTEX_POINT L52 0.176054 -0.012338 0.382797 -0.705313 -0.994946
VERTEX_POINT L53 -0.992978 -0.790794 -0.814397 0.754441 -0.254324
VERTEX_POINT L54 0.725159 0.626979 0.125874 -0.821332 -0.497043
VERTEX_POINT L55 -0.429071 0.566485 0.172680 -0.325690 -0.462988
VERTEX_POINT L56 0.009459 -0.681750 0.971001 0.179489 -0.052570
VERTEX_POINT L57 0.633351 -0.316073 0.625472 0.738187 0.541503
VERTEX_POINT L58 0.370882 0.773338 -0.558422 0.089592 -0.538050
VERTEX_POINT L59 -0.070839 0.898140 0.663662 0.297649 0.631976
VERTEX_POINT L60 -0.899771 0.477358 -0.147026 0.028798 -0.928429
VERTEX_POINT L61 0.498863 -0.537865 0.238774 -0.220328 -0.466526
VERTEX_POINT L62 -0.947274 0.357036 -0.398314 -0.050300 -0.888877
VERTEX_POINT L63 -0.241091 0.027304 0.410582 -0.105777 -0.656096
VERTEX_POINT L64 -0.944129 -0.091852 -0.473305 -0.905563 0.708133
VERTEX_POINT L65 -0.145480 0.806184 -0.642866 -0.392500 0.335146
VERTEX_POINT L66 0.283184 0.519219 0.343172 0.769620 0.463529
VERTEX_POINT L67 0.208187 -0.060521 -0.322899 0.387998 -0.566090
VERTEX_POINT L68 0.878540 0.562931 -0.967283 -0.865284 0.503262
VERTEX_POINT L69 -0.432002 0.557200 0.175629 0.006251 -0.446219
VERTEX_POINT L70 0.319594 -0.159161 -0.911322 -0.424613 0.451525
VERTEX_POINT L71 -0.263427 0.443112 -0.817753 0.309855 -0.477493
VERTEX_POINT L72 0.590232 0.845408 -0.543624 0.586932 0.769508
VERTEX_POINT L73 -0.880203 -0.074183 -0.391891 -0.962606 0.129245
VERTEX_POINT L74 0.013006 0.690092 -0.011494 0.594869 -0.746763
VERTEX_POINT L75 -0.785312 -0.312804 -0.179775 -0.751911 0.036037
VERTEX_POINT L76 -0.476740 0.505483 -0.826572 0.105063 -0.389073
VERTEX_POINT L77 0.336744 0.291315 -0.472464 -0.157848 0.346940
VERTEX_POINT L78 -0.351807 0.685808 -0.819865 0.403295 -0.676476
VERTEX_POINT L79 -0.310381 0.877221 -0.844889 -0.218889 -0.398605
VERTEX_POINT L80 -0.156129 0.855802 0.770666 -0.928631 -0.729990
VERTEX_POINT L81 -0.454271 0.206180 0.756141 0.742552 -0.045995
VERTEX_POINT L82 0.532805 -0.081348 0.470537 -0.876168 0.490521
VERTEX_POINT L83 -0.980075 -0.156537 0.153463 -0.633944 -0.724936
VERTEX_POINT L84 -0.447250 0.415386 0.941744 0.496992 0.699681
VERTEX_POINT L85 0.257964 -0.454368 -0.403589 -0.697500 0.993479
VERTEX_POINT L86 -0.409147 -0.590051 -0.673858 0.040366 -0.187924
VERTEX_POINT L87 0.562209 0.733636 0.912745 -0.323519 -0.352889
VERTEX_POINT L88 -0.108685 0.229559 -0.778116 -0.959313 0.534982
VERTEX_POINT L89 0.961736 -0.816713 -0.232280 -0.870042 0.274026
VERTEX_POINT L90 -0.508630 0.631776 0.576407 0.974130 -0.720912
VERTEX_POINT L91 -0.008456 -0.293084 0.074858 0.069485 0.606553
VERTEX_POINT L92 0.460599 -0.354579 -0.993506 -0.090370 0.807500
VERTEX_POINT L93 -0.455904 -0.011188 -0.821907 -0.076170 -0.609790
VERTEX_POINT L94 0.750453 0.734221 -0.514560 0.963708 0.950457
VERTEX_POINT L95 0.516470 0.553569 -0.466811 0.004067 0.515633
VERTEX_POINT L96 0.398616 -0.205004 -0.464773 0.531330 0.725357
VERTEX_POINT L97 0.033638 0.253440 0.828612 0.733328 0.413986
VERTEX_POINT L98 -0.275342 -0.506952 0.210289 -0.607934 0.949543
VERTEX_POINT L99 0.277156 -0.642073 -0.432056 0.666045 0.228618
VERTEX_POINT L100 0.601635 -0.189360 0.004241 -0.260421 0.967767
VERTEX_POINT L101 -0.955748 0.333887 0.298968 -0.032547 0.401068
VERTEX_POINT L102 -0.986271 0.801039 -0.249809 -0.024100 0.751126
VERTEX_POINT L103 0.191868 -0.343952 0.460617 -0.673490 0.737275
VERTEX_POINT L104 -0.835952 -0.740296 0.907077 0.004847 -0.469688
VERTEX_POINT L105 0.026734 0.491132 0.738697 -0.429231 -0.995637
VERTEX_POINT L106 0.406556 0.343245 -0.719158 -0.425401 -0.226687
VERTEX_POINT L107 -0.312692 0.765186 -0.919495 -0.890091 0.141239
VERTEX_POINT L108 -0.636522 -0.217553 -0.733767 0.412921 0.351303
VERTEX_POINT L109 -0.945251 0.029052 -0.539023 0.977893 0.096837
VERTEX_POINT L110 0.376927 0.642408 -0.764384 -0.108980 0.742635
VERTEX_POINT L111 0.207349 -0.361751 -0.963101 0.484290 0.621313
VERTEX_POINT L112 -0.399523 -0.764767 -0.782882 0.720445 -0.949158
VERTEX_POINT L113 -0.090268 -0.438940 0.706153 0.014851 0.233156
VERTEX_POINT L114 0.227273 0.481712 0.190362 0.850346 0.896377
VERTEX_POINT L115 0.153228 0.650619 -0.841138 0.217437 0.750523
VERTEX_POINT L116 -0.832304 0.106692 -0.697436 0.317351 0.226635
VERTEX_POINT L117 0.818127 0.891661 0.516504 -0.109288 -0.291546
VERTEX_POINT L118 -0.284563 0.384255 -0.928393 0.893919 -0.602366
VERTEX_POINT L119 0.059012 -0.663749 -0.475552 0.358038 -0.238384
VERTEX_POINT L120 0.779862 -0.925053 -0.715776 0.020670 0.982480
VERTEX_POINT L121 0.206808 0.016030 0.648014 0.868049 -0.323279
VERTEX_POINT L122 -0.949444 0.043167 0.599305 -0.572477 -0.631831
VERTEX_POINT L123 0.240461 -0.279631 -0.709282 0.930301 0.789979
VERTEX_POINT L124 0.750904 -0.995158 0.826107 -0.208122 0.066932
VERTEX_POINT L125 0.801009 -0.222612 -0.915255 -0.608769 -0.681374
VERTEX_POINT L126 -0.243069 -0.726062 -0.176094 -0.065632 0.305613
VERTEX_POINT L127 0.149520 -0.200161 -0.638666 -0.676792 -0.207711
VERTEX_POINT L128 -0.165354 -0.969173 0.913357 -0.875442 0.732612
VERTEX_POINT L129 0.481589 -0.233014 -0.965805 0.326434 0.255155
VERTEX_POINT L130 -0.573324 0.157766 -0.070722 0.989254 -0.979093
VERTEX_POINT L131 -0.563718 -0.158532 -0.082401 -0.135863 0.700380
VERTEX_POINT L132 0.525840 -0.899127 0.333163 -0.706113 -0.343777
VERTEX_POINT L133 -0.559595 -0.041195 0.679469 -0.034846 0.772033
VERTEX_POINT L134 0.628149 0.497516 -0.621784 0.190647 0.437655
VERTEX_POINT L135 0.689889 -0.639423 0.240240 0.298733 0.186535
VERTEX_POINT L136 0.467139 -0.550063 0.418166 0.535922 0.776396
VERTEX_POINT L137 0.034705 -0.159240 -0.340943 0.765246 -0.789033
VERTEX_POINT L138 -0.622803 -0.874237 0.320745 0.408642 -0.672226
VERTEX_POINT L139 0.830617 0.232383 0.684400 -0.051157 0.127699
VERTEX_POINT L140 0.089454 0.869813 0.120035 0.743140 0.307804
VERTEX_POINT L141 0.754124 0.768171 0.556360 -0.700338 -0.929591
VERTEX_POINT L142 0.037965 0.870632 0.721299 -0.566867 -0.250988
VERTEX_POINT L143 0.689932 -0.894955 0.337153 0.463585 0.358646
VERTEX_POINT L144 -0.336144 -0.670769 0.262513 0.314513 0.303565
VERTEX_POINT L145 -0.734762 0.352344 -0.088340 -0.716521 -0.354611
VERTEX_POINT L146 -0.156841 0.755664 0.496015 -0.318978 0.109168
VERTEX_POINT L147 -0.168447 0.435923 0.565077 -0.368135 -0.469800
VERTEX_POINT L148 -0.916635 0.244005 -0.571836 0.174192 0.353843
VERTEX_POINT L149 0.558597 0.139919 0.567622 -0.425059 0.506802
VERTEX_POINT L150 0.890564 0.772173 -0.910475 0.989903 0.291816
VERTEX_POINT L151 0.863227 0.318952 -0.287612 -0.805138 0.336323
VERTEX_POINT L152 -0.234595 -0.844051 0.215636 -0.557010 -0.816476
VERTEX_POINT L153 0.941120 -0.184660 0.688830 -0.582575 0.659985
VERTEX_POINT L154 0.103688 -0.960679 0.003105 -0.874837 0.126302
VERTEX_POINT L155 -0.483692 -0.839209 0.041743 0.234869 0.250456
VERTEX_POINT L156 0.742129 0.592728 0.773576 -0.191344 0.978611
VERTEX_POINT L157 0.860620 -0.686741 0.827011 0.059531 -0.568085
VERTEX_POINT L158 0.665828 -0.039370 0.403077 0.558077 -0.957256
VERTEX_POINT L159 -0.423225 0.623556 0.686933 -0.066786 0.711224
VERTEX_POINT L160 0.342208 0.080245 0.861207 -0.614035 0.687070
VERTEX_POINT L161 -0.907496 -0.881605 -0.667645 0.547331 -0.936348
VERTEX_POINT L162 0.013057 -0.534977 -0.395469 0.797352 0.411603
VERTEX_POINT L163 -0.131951 0.181118 0.194370 -0.320148 -0.656707
VERTEX_POINT L164 -0.467091 0.077200 -0.988176 -0.487516 0.835685
VERTEX_POINT L165 -0.358794 0.962539 -0.017253 -0.012001 -0.150742
VERTEX_POINT L166 -0.442063 0.541694 -0.565391 0.978585 0.529828
VERTEX_POINT L167 -0.999952 0.527137 0.429990 -0.951593 0.612081
VERTEX_POINT L168 0.675911 -0.196701 0.641804 -0.246755 0.060226
VERTEX_POINT L169 -0.064865 0.667458 0.755354 0.387227 0.857602
VERTEX_POINT L170 0.830664 -0.240480 0.114390 -0.002750 -0.260220
VERTEX_POINT L171 -0.234635 -0.326888 -0.238161 -0.503615 -0.631970
VERTEX_POINT L172 -0.310741 0.435628 0.311714 0.686889 0.928011
VERTEX_POINT L173 -0.131371 -0.369848 -0.164312 0.430383 0.488792
VERTEX_POINT L174 -0.544703 -0.221843 -0.901008 0.959970 0.726676
VERTEX_POINT L175 0.353115 0.764859 -0.425772 0.001402 0.231577
VERTEX_POINT L176 0.133868 0.982496 0.747349 0.713862 -0.865818
VERTEX_POINT L177 0.298456 -0.466179 0.595007 -0.359008 -0.164156
VERTEX_POINT L178 -0.815332 0.200782 -0.860695 0.633267 0.761777
VERTEX_POINT L179 0.217233 0.226500 -0.824487 -0.111946 0.488025
VERTEX_POINT L180 -0.142947 0.673740 0.162630 0.215934 -0.657354
VERTEX_POINT L181 -0.924767 -0.027045 -0.771170 0.623170 0.053593
VERTEX_POINT L182 0.080460 -0.454548 -0.112099 0.082916 -0.175653
VERTEX_POINT L183 0.622458 0.829689 -0.621734 0.658924 -0.473830
VERTEX_POINT L184 -0.983647 0.788295 0.917660 -0.959405 -0.286422
VERTEX_POINT L185 -0.815852 -0.415227 0.891006 0.208079 0.950650
VERTEX_POINT L186 -0.861234 0.990480 0.420009 -0.106208 0.776626
VERTEX_POINT L187 0.758481 0.381023 0.691236 -0.150749 -0.307810
VERTEX_POINT L188 -0.955232 -0.101968 0.718017 -0.732389 -0.617436
VERTEX_POINT L189 0.804594 -0.048890 -0.176913 -0.548131 0.819370
VERTEX_POINT L190 -0.664744 0.004579 0.378169 0.782465 -0.596587
VERTEX_POINT L191 0.386976 0.978277 0.579224 -0.346424 -0.930366
VERTEX_POINT L192 0.897098 0.069505 0.155441 0.999200 0.883021
VERTEX_POINT L193 0.348313 0.469602 0.982700 0.579817 0.815017
VERTEX_POINT L194 -0.744975 0.159394 -0.226406 0.333427 -0.587073
VERTEX_POINT L195 -0.569993 -0.853295 0.167265 -0.488316 0.718706
VERTEX_POINT L196 0.989519 0.432141 -0.034553 -0.432184 -0.335725
VERTEX_POINT L197 -0.187037 -0.298911 0.208203 0.312012 0.942755
VERTEX_POINT L198 -0.569945 0.673842 -0.402745 -0.439909 0.330787
VERTEX_POINT L199 0.665430 -0.764560 -0.392748 0.321061 0.724501
VERTEX_POINT L200 0.748097 -0.631454 -0.036443 -0.300761 0.800357
VERTEX_POINT L201 -0.739281 -0.566638 0.711645 0.557341 -0.929433
VERTEX_POINT L202 -0.569205 -0.091448 0.369091 0.817447 -0.907469
VERTEX_POINT L203 -0.562644 0.804175 -0.724729 -0.613872 0.728369
VERTEX_POINT L204 0.129348 0.063514 -0.452667 -0.012276 0.559359
VERTEX_POINT L205 -0.113908 0.686708 0.468083 0.777417 0.819206
VERTEX_POINT L206 0.790472 0.569034 -0.150501 0.387531 -0.040055
VERTEX_POINT L207 -0.736784 0.046010 -0.705318 -0.298414 0.693541
VERTEX_POINT L208 -0.815452 -0.779471 0.063090 -0.581591 -0.344950
VERTEX_POINT L209 0.975140 -0.230184 -0.011196 0.020798 -0.278278
VERTEX_POINT L210 0.480448 -0.727490 -0.529805 0.589640 0.181565
VERTEX_POINT L211 0.041602 0.894269 -0.774280 0.634343 -0.002303
VERTEX_POINT L212 -0.949627 0.742771 0.217634 -0.356033 0.775315
VERTEX_POINT L213 -0.439092 -0.182037 0.358096 -0.327444 -0.994087
VERTEX_POINT L214 -0.335941 0.723958 -0.396014 0.293266 0.523867
VERTEX_POINT L215 -0.933275 0.531066 0.135294 -0.315437 -0.511107
VERTEX_POINT L216 -0.254943 0.402736 0.249102 0.880636 0.956563
VERTEX_POINT L217 -0.197175 0.714438 -0.976005 -0.812941 0.300492
VERTEX_POINT L218 0.825206 -0.087910 -0.173470 0.533814 0.181083
VERTEX_POINT L219 -0.210175 -0.699232 -0.032880 -0.851753 -0.660873
VERTEX_POINT L220 -0.392581 -0.334452 -0.152918 -0.361072 0.119862
VERTEX_POINT L221 -0.839538 0.916669 -0.795301 0.316279 0.584496
VERTEX_POINT L222 -0.823199 -0.720956 -0.453656 -0.198178 -0.591239
VERTEX_POINT L223 -0.495482 0.735053 -0.997477 -0.361872 0.002884
VERTEX_POINT L224 0.508775 0.386271 -0.812600 -0.103904 0.399513
VERTEX_POINT L225 -0.568174 0.438439 0.319937 -0.864751 -0.178312
VERTEX_POINT L226 -0.065475 0.881758 0.169788 0.149812 -0.278410
VERTEX_POINT L227 0.498293 -0.181589 0.152847 0.463912 -0.936211
VERTEX_POINT L228 0.244789 -0.860472 -0.471860 0.447261 -0.235557
VERTEX_POINT L229 0.364579 0.555600 0.767043 0.709903 -0.947623
VERTEX_POINT L230 0.163723 0.053851 0.760099 -0.215027 0.788290
VERTEX_POINT L231 -0.007114 -0.491926 0.491697 -0.853500 -0.435200
VERTEX_POINT L232 0.625298 0.988962 0.478688 0.267243 -0.877056
VERTEX_POINT L233 0.594518 0.962403 0.129190 -0.397580 0.880820
VERTEX_POINT L234 0.430243 -0.687751 0.766969 -0.467371 -0.706831
VERTEX_POINT L235 -0.245354 0.052476 -0.973979 -0.745033 0.682303
VERTEX_POINT L236 -0.519389 0.649111 -0.402728 -0.620163 0.700027
VERTEX_POINT L237 0.220714 0.881283 -0.383532 0.920159 0.253114
VERTEX_POINT L238 0.017862 -0.901514 -0.679297 -0.043447 0.375844
VERTEX_POINT L239 -0.334841 0.869641 0.660362 -0.201754 -0.644923
VERTEX_POINT L240 0.195854 -0.348902 0.605272 -0.059043 0.974836
VERTEX_POINT L241 -0.501690 -0.629004 -0.209101 -0.453807 -0.442591
VERTEX_POINT L242 0.706761 0.763910 0.886082 -0.567412 0.352774
VERTEX_POINT L243 0.246227 -0.606131 -0.177095 0.584925 0.750152
VERTEX_POINT L244 0.059219 0.188959 -0.851006 0.218749 -0.436678
VERTEX_POINT L245 -0.629180 0.487868 -0.509932 0.725855 -0.123360
VERTEX_POINT L246 0.312952 0.924935 0.958200 -0.730513 -0.760955
VERTEX_POINT L247 0.804275 -0.408305 0.398096 0.099385 -0.480115
VERTEX_POINT L248 0.173645 0.202306 -0.485937 0.912914 -0.822868
VERTEX_POINT L249 0.138158 -0.162976 -0.215270 0.803301 0.420128
VERTEX_POINT L250 -0.405900 -0.107538 -0.634784 0.247632 -0.140988
VERTEX_POINT L251 0.781064 0.867853 0.361145 -0.448158 0.296995
VERTEX_POINT L252 0.298620 -0.246307 -0.010571 0.119580 0.004624
VERTEX_POINT L253 -0.229099 0.171507 -0.088440 -0.950546 0.267773
VERTEX_POINT L254 -0.714418 0.602906 0.363668 0.189969 -0.700122
VERTEX_POINT L255 -0.192605 -0.860036 0.176829 -0.984324 -0.595863
VERTEX_POINT L256 0.202728 -0.390054 -0.768503 -0.815297 -0.910538
VERTEX_POINT L257 0.220106 0.484664 -0.466544 -0.660219 0.021468
VERTEX_POINT L258 -0.694312 -0.041625 -0.670324 0.479588 -0.532074
VERTEX_POINT L259 -0.552483 -0.250527 -0.240363 0.631964 -0.146095
VERTEX_POINT L260 -0.415314 0.040263 -0.699500 -0.950316 0.073845
VERTEX_POINT L261 0.469412 -0.987773 -0.910225 -0.735439 -0.743784
VERTEX_POINT L262 0.440403 0.257547 -0.748665 0.778465 0.418705
VERTEX_POINT L263 -0.790016 0.029225 0.779188 0.316928 0.196788
VERTEX_POINT L264 0.063930 0.974629 0.218964 -0.133019 -0.862964
VERTEX_POINT L265 -0.129355 0.569796 -0.981696 -0.688907 0.711874
VERTEX_POINT L266 -0.035370 -0.918299 0.805209 0.571895 -0.120909
VERTEX_POINT L267 0.544541 0.623741 0.816237 0.246818 0.837063
VERTEX_POINT L268 -0.908640 0.451079 -0.365229 -0.768747 -0.035011
VERTEX_POINT L269 0.982492 -0.819813 -0.874087 -0.471552 -0.745065
VERTEX_POINT L270 -0.790300 0.493382 0.476599 -0.954937 -0.807860
VERTEX_POINT L271 0.287214 -0.897823 -0.759957 0.172210 -0.060175
VERTEX_POINT L272 -0.519197 -0.448817 -0.083189 0.074641 -0.187656
VERTEX_POINT L273 0.916460 0.257291 0.362681 -0.522348 0.544913
VERTEX_POINT L274 -0.466559 -0.503954 0.062949 -0.242866 -0.310023
VERTEX_POINT L275 0.540021 0.740142 0.065806 -0.706610 0.375666
VERTEX_POINT L276 -0.712720 -0.254841 0.852749 -0.796494 -0.578446
VERTEX_POINT L277 0.846393 -0.579019 0.021148 0.026621 -0.070979
VERTEX_POINT L278 0.344297 -0.668164 -0.536098 0.392775 0.895550
VERTEX_POINT L279 0.460925 0.947465 -0.633187 -0.883580 -0.401314
VERTEX_POINT L280 -0.015449 0.258005 0.805879 -0.170078 -0.650851
VERTEX_POINT L281 0.938397 0.224299 -0.170882 -0.359593 -0.245438
VERTEX_POINT L282 0.241989 0.815318 0.727958 -0.331739 0.895681
VERTEX_POINT L283 -0.716829 -0.988302 -0.204692 0.949502 0.353773
VERTEX_POINT L284 -0.290702 -0.604194 0.740678 -0.310139 -0.977665
VERTEX_POINT L285 0.527570 0.418224 0.091626 0.858231 -0.804441
VERTEX_POINT L286 0.090566 -0.848338 0.972137 0.965178 0.757911
VERTEX_POINT L287 0.912026 0.005751 0.972175 -0.125436 -0.888203
VERTEX_POINT L288 -0.252323 -0.097113 0.625082 -0.801988 0.217027
VERTEX_POINT L289 0.396254 0.110037 -0.698187 0.444765 -0.774163
VERTEX_POINT L290 -0.640458 0.755224 -0.268188 -0.493472 -0.034298
VERTEX_POINT L291 0.332363 0.943151 0.925582 -0.752304 -0.709129
VERTEX_POINT L292 -0.134334 0.122263 -0.608412 0.709327 -0.517948
VERTEX_POINT L293 0.799945 0.012772 -0.016853 -0.715007 -0.615593
VERTEX_POINT L294 0.542347 -0.027624 0.704770 0.564624 0.487660
VERTEX_POINT L295 0.929596 0.096893 0.610552 -0.423692 -0.380912
VERTEX_POINT L296 -0.329410 -0.417432 0.001451 -0.403914 -0.903719
VERTEX_POINT L297 -0.493023 0.054078 0.509980 0.136519 -0.633249
VERTEX_POINT L298 0.474136 -0.279367 0.426789 0.823126 -0.543849
VERTEX_POINT L299 -0.238050 -0.966353 0.636222 -0.172662 0.061270
VERTEX_POINT L300 -0.510530 0.234265 0.635893 0.664966 -0.378314
VERTEX_POINT L301 0.683836 -0.785985 -0.096612 0.868189 -0.351709
VERTEX_POINT L302 -0.950836 -0.864177 0.876265 0.999548 -0.998905
VERTEX_POINT L303 -0.029728 0.785448 -0.447296 -0.260393 0.434030
VERTEX_POINT L304 0.600296 0.471306 -0.733931 -0.654159 -0.806796
VERTEX_POINT L305 -0.417396 -0.368131 -0.060786 -0.243318 -0.308929
VERTEX_POINT L306 -0.489706 0.525590 0.618510 0.032997 -0.190304
VERTEX_POINT L307 0.887576 -0.783534 -0.881181 -0.450653 -0.385242
VERTEX_POINT L308 -0.571003 0.052850 0.960362 0.783304 0.620093
VERTEX_POINT L309 0.854591 0.857426 -0.917588 -0.574228 -0.294754
VERTEX_POINT L310 0.348501 -0.836069 -0.514369 -0.334233 0.213444
VERTEX_POINT L311 0.413548 -0.689145 0.766241 -0.386774 0.969242
VERTEX_POINT L312 0.792988 0.081725 -0.088469 0.066179 0.459808
VERTEX_POINT L313 -0.409510 0.979249 -0.786411 0.334028 0.109124
VERTEX_POINT L314 0.696719 -0.677447 -0.438451 -0.437272 0.323015
VERTEX_POINT L315 -0.497714 0.477531 -0.347791 0.756040 0.482143
VERTEX_POINT L316 -0.881940 0.397473 0.305215 0.192259 0.304683
VERTEX_POINT L317 -0.212715 -0.525786 -0.466314 -0.472094 0.080926
VERTEX_POINT L318 -0.585688 -0.516718 -0.375616 -0.369396 0.593940
VERTEX_POINT L319 -0.134263 -0.699640 -0.069703 0.390271 -0.478290
VERTEX_POINT L320 -0.816461 0.584251 -0.164501 0.972671 0.306762
VERTEX_POINT L321 -0.226146 -0.761494 0.356196 0.137132 -0.440358
VERTEX_POINT L322 -0.801901 -0.756489 -0.144120 0.637968 -0.187419
VERTEX_POINT L323 0.049205 -0.293485 0.227087 0.681998 0.788815
VERTEX_POINT L324 -0.426201 0.251278 -0.660656 0.422124 -0.055951
VERTEX_POINT L325 0.740446 0.215887 -0.439350 0.202592 -0.699759
VERTEX_POINT L326 -0.021199 0.803407 -0.162362 -0.741694 -0.592097
VERTEX_POINT L327 0.244389 0.833846 0.340795 -0.981790 0.040330
VERTEX_POINT L328 -0.752577 -0.730035 -0.929370 -0.660889 -0.333008
VERTEX_POINT L329 -0.547062 -0.475959 -0.735573 -0.918569 -0.135947
VERTEX_POINT L330 -0.993661 0.867492 -0.022983 -0.154452 -0.898400
VERTEX_POINT L331 -0.263107 0.504230 0.706522 -0.995923 0.288678
VERTEX_POINT L332 -0.863226 -0.261944 0.167815 0.949620 0.512344
VERTEX_POINT L333 -0.944497 -0.996684 -0.146718 -0.154904 -0.897305
VERTEX_POINT L334 0.707165 0.289678 -0.740774 -0.256316 -0.277292
VERTEX_POINT L335 0.737070 -0.790638 0.433884 -0.704539 0.705548
VERTEX_POINT L336 -0.361893 -0.364815 0.792496 0.601779 -0.206234
VERTEX_POINT L337 -0.782541 -0.184732 0.877736 0.776681 0.532404
VERTEX_POINT L338 0.624646 -0.574172 0.552703 -0.155192 -0.679695
VERTEX_POINT L339 0.067104 0.688034 0.752859 0.385083 -0.586141
VERTEX_POINT L340 -0.927950 -0.327306 0.960149 -0.797546 -0.762350
VERTEX_POINT L341 -0.026853 -0.410241 -0.961666 0.510575 0.533749
VERTEX_POINT L342 -0.519348 0.998889 0.519099 0.998309 -0.616900
VERTEX_POINT L343 0.865037 0.754419 -0.128321 0.268633 0.697458
VERTEX_POINT L344 0.563637 -0.430992 -0.748077 -0.155397 -0.357127
VERTEX_POINT L345 -0.822629 -0.678558 -0.919352 -0.438963 0.706115
VERTEX_POINT L346 -0.632677 0.231950 0.523888 0.024673 0.179601
VERTEX_POINT L347 0.681697 0.966480 0.557138 -0.963138 0.947557
VERTEX_POINT L348 -0.035344 -0.204344 -0.385666 0.088942 -0.212959
VERTEX_POINT L349 -0.218365 0.715231 -0.851728 0.655276 -0.226458
VERTEX_POINT L350 -0.452566 -0.733160 -0.512564 0.427134 -0.530733
VERTEX_POINT L351 0.148195 -0.620092 0.449833 0.061613 -0.906197
VERTEX_POINT L352 0.555488 0.953737 0.504469 -0.207592 0.333184
VERTEX_POINT L353 -0.254467 -0.489649 0.343315 0.065102 0.281848
VERTEX_POINT L354 -0.802599 0.086422 -0.323081 -0.256389 0.882617
VERTEX_POINT L355 -0.870713 0.205015 0.843812 -0.785467 -0.722767
VERTEX_POINT L356 -0.514021 0.726239 0.903965 -0.732306 0.582089
VERTEX_POINT L357 0.176202 -0.110170 0.514558 0.001916 -0.709480
VERTEX_POINT L358 0.373677 0.038861 0.184607 -0.767257 0.317563
VERTEX_POINT L359 -0.266598 0.996203 0.974595 -0.393195 -0.750918
VERTEX_POINT L360 0.629140 0.413870 0.778985 0.083348 0.154573
VERTEX_POINT L361 0.380016 -0.093646 -0.838376 0.078291 0.419163
VERTEX_POINT L362 0.470295 0.500433 0.681117 -0.389118 0.537760
VERTEX_POINT L363 0.765913 -0.848074 -0.053200 0.032968 -0.333083
VERTEX_POINT L364 0.435519 -0.090331 0.014906 0.923388 0.521858
VERTEX_POINT L365 0.177460 -0.209889 0.940344 0.354567 -0.739532
VERTEX_POINT L366 0.502983 -0.638712 -0.619316 0.328429 -0.627535
VERTEX_POINT L367 -0.926374 0.544854 -0.192598 0.525166 -0.684376
VERTEX_POINT L368 0.394919 0.605378 0.818080 0.131248 0.792871
VERTEX_POINT L369 0.127630 -0.212884 0.933386 -0.826763 -0.307229
VERTEX_POINT L370 0.140731 0.232889 -0.439739 -0.089751 -0.270517
VERTEX_POINT L371 0.466969 -0.721928 0.778229 0.333701 -0.969479
VERTEX_POINT L372 -0.899223 0.376875 0.971720 0.683811 -0.773480
VERTEX_POINT L373 0.621383 0.231778 -0.920639 -0.091443 0.112583
VERTEX_POINT L374 0.332006 -0.967509 -0.350092 -0.397666 0.727979
VERTEX_POINT L375 0.664414 0.945883 -0.776356 -0.471586 -0.130607
VERTEX_POINT L376 0.798754 0.553220 -0.839991 0.469594 -0.181302
VERTEX_POINT L377 0.699329 0.264441 -0.826204 0.627007 -0.092420
VERTEX_POINT L378 0.346112 0.912363 0.780782 -0.434724 -0.183050
VERTEX_POINT L379 -0.236590 -0.651124 -0.225657 -0.441464 0.605739
VERTEX_POINT L380 -0.519036 -0.020328 -0.677931 0.282283 0.681122
VERTEX_POINT L381 0.893546 -0.820797 -0.731783 0.992410 0.286217
VERTEX_POINT L382 0.911605 -0.271216 -0.775824 0.620149 0.699541
VERTEX_POINT L383 -0.963548 -0.066591 0.826537 -0.925308 0.014306
VERTEX_POINT L384 -0.360921 -0.310446 0.611533 0.057511 -0.431935
VERTEX_POINT L385 -0.890994 0.815206 -0.098905 -0.636240 0.582159
VERTEX_POINT L386 -0.834261 -0.861575 0.670350 -0.710776 0.291539
VERTEX_POINT L387 0.125058 -0.584207 0.515498 0.325205 -0.849846
VERTEX_POINT L388 0.285208 -0.294964 -0.584347 0.365676 0.872679
VERTEX_POINT L389 0.539416 0.177286 -0.145044 -0.478033 -0.390898
VERTEX_POINT L390 0.858460 -0.588004 0.490093 0.932010 -0.600764
VERTEX_POINT L391 -0.085653 -0.881094 -0.805362 -0.550976 0.027252
VERTEX_POINT L392 -0.080568 -0.916360 0.016580 0.600258 -0.971735
VERTEX_POINT L393 0.328755 0.912430 0.171210 -0.457108 0.936995
VERTEX_POINT L394 -0.319739 -0.729168 0.141438 0.481992 0.694170
VERTEX_POINT L395 -0.645049 -0.006691 -0.968514 0.523646 0.550123
VERTEX_POINT L396 -0.493785 -0.297460 0.111554 0.897458 -0.802537
VERTEX_POINT L397 -0.816756 -0.367879 0.522122 -0.189580 -0.933365
VERTEX_POINT L398 -0.571423 -0.461837 -0.161111 0.048812 0.865747
VERTEX_POINT L399 0.901134 -0.692081 -0.070366 0.028706 0.990335
VERTEX_POINT L400 0.310874 0.419237 0.455508 -0.016343 -0.240594
VERTEX_POINT L401 0.569307 0.771052 0.399150 0.959061 -0.404770
VERTEX_POINT L402 0.368103 -0.414009 -0.292138 -0.637592 -0.979144
VERTEX_POINT L403 0.411651 -0.203888 0.427229 -0.332532 -0.014075
VERTEX_POINT L404 0.190690 0.002830 0.478511 -0.132382 0.707813
VERTEX_POINT L405 -0.299891 -0.381518 0.357771 -0.035258 0.748835
VERTEX_POINT L406 0.076066 -0.258005 0.650872 0.195882 0.855319
VERTEX_POINT L407 -0.010556 -0.443950 0.638519 -0.662788 -0.473489
VERTEX_POINT L408 -0.600562 0.882923 0.531567 -0.408251 -0.343585
VERTEX_POINT L409 -0.577823 -0.345642 0.431654 0.761158 -0.327731
VERTEX_POINT L410 0.752854 -0.095074 -0.587138 -0.104252 -0.867751
VERTEX_POINT L411 -0.119598 -0.137405 0.853636 0.874032 -0.662463
VERTEX_POINT L412 -0.684277 -0.166439 0.699871 0.753568 0.958485
VERTEX_POINT L413 0.664459 0.633710 -0.362962 -0.484103 0.831791
VERTEX_POINT L414 -0.083146 0.796004 0.680173 0.948723 0.351843
VERTEX_POINT L415 -0.045198 0.523115 0.311404 -0.188921 -0.473450
VERTEX_POINT L416 0.773465 0.448917 0.538134 -0.120343 0.413949
VERTEX_POINT L417 0.082593 0.934429 0.350523 -0.762052 -0.356618
VERTEX_POINT L418 -0.920140 0.938908 -0.173099 -0.863716 -0.323296
VERTEX_POINT L419 0.058672 -0.846047 0.953787 -0.754667 0.286628
VERTEX_POINT L420 -0.377991 0.111715 -0.794521 -0.240085 0.252484
VERTEX_POINT L421 0.938320 -0.649096 -0.683006 -0.931706 0.075939
VERTEX_POINT L422 0.973020 -0.727141 -0.851575 -0.305643 -0.686120
VERTEX_POINT L423 0.541441 0.195354 0.222060 -0.639827 0.280749
VERTEX_POINT L424 0.267075 -0.736666 0.488204 -0.388815 0.012935
VERTEX_POINT L425 -0.346720 -0.456309 0.289863 -0.823652 -0.991950
VERTEX_POINT L426 0.896392 -0.811337 0.253546 0.883819 -0.169128
VERTEX_POINT L427 0.773291 -0.034126 -0.400242 -0.491356 0.210398
VERTEX_POINT L428 -0.163476 0.175812 -0.188015 -0.013231 -0.925315
VERTEX_POINT L429 -0.675031 -0.273174 -0.907565 -0.067369 -0.303381
VERTEX_POINT L430 0.674425 0.273793 0.529391 0.537350 0.200732
VERTEX_POINT L431 -0.852602 -0.404951 -0.732507 0.970426 -0.165909
VERTEX_POINT L432 0.894276 -0.502122 0.491585 -0.108309 0.291849
VERTEX_POINT L433 0.042528 0.859784 -0.762746 0.899757 0.221588
VERTEX_POINT L434 0.559049 0.391161 0.694722 -0.362106 0.820016
VERTEX_POINT L435 0.084966 0.500708 -0.029904 0.759310 -0.000338
VERTEX_POINT L436 0.742638 -0.521734 0.595024 -0.135501 -0.029577
VERTEX_POINT L437 -0.364885 -0.866844 0.345594 0.833776 0.675335
VERTEX_POINT L438 -0.925589 -0.943243 -0.391385 -0.903478 0.526172
VERTEX_POINT L439 -0.857924 -0.638812 0.126592 0.456248 0.626838
VERTEX_POINT L440 0.057293 -0.212486 -0.222752 0.594934 -0.652397
VERTEX_POINT L441 0.827265 -0.038317 0.021478 -0.007730 0.658421
VERTEX_POINT L442 0.022477 0.223783 -0.019773 0.330280 0.964375
VERTEX_POINT L443 0.373016 0.621074 -0.522881 0.348502 -0.693912
VERTEX_POINT L444 0.491724 -0.404607 0.658516 0.508167 0.490212
VERTEX_POINT L445 0.939331 0.019787 -0.339599 0.279003 0.316218
VERTEX_POINT L446 -0.672182 0.144190 0.788523 -0.840419 -0.167362
VERTEX_POINT L447 0.265189 -0.955690 0.196650 -0.612176 -0.095839
VERTEX_POINT L448 0.021925 -0.045784 -0.989077 0.516950 0.959600
VERTEX_POINT L449 -0.592323 0.083098 -0.384576 -0.704134 0.509342
VERTEX_POINT L450 -0.676139 -0.801738 0.150437 -0.366844 -0.809211
VERTEX_POINT L451 0.643934 -0.934069 -0.783598 -0.723135 0.212084
VERTEX_POINT L452 -0.654002 0.434002 -0.067582 -0.635840 -0.414719
VERTEX_POINT L453 -0.703120 -0.528879 0.298862 0.327513 -0.495330
VERTEX_POINT L454 0.185375 0.261285 0.438462 -0.362962 -0.507167
VERTEX_POINT L455 0.613073 0.697336 -0.579377 -0.024655 0.598215
VERTEX_POINT L456 -0.049839 0.014813 -0.411275 0.503861 -0.487280
VERTEX_POINT L457 0.081767 0.449948 -0.307992 -0.479143 0.323705
VERTEX_POINT L458 0.386364 -0.336790 0.020380 0.483989 -0.191387
VERTEX_POINT L459 0.786685 -0.809376 0.400710 -0.509370 -0.412595
VERTEX_POINT L460 0.406736 -0.823225 -0.215557 0.453487 -0.979676
VERTEX_POINT L461 0.060789 0.937003 -0.450228 0.021338 -0.990654
VERTEX_POINT L462 0.934083 -0.214326 0.668204 -0.538945 0.421495
VERTEX_POINT L463 0.301012 -0.325347 -0.723972 -0.654822 0.312173
VERTEX_POINT L464 -0.896683 0.796787 -0.212975 -0.078904 0.230934
VERTEX_POINT L465 0.493132 -0.823165 0.362926 0.098949 0.241511
VERTEX_POINT L466 -0.614022 -0.824639 0.246124 -0.895512 -0.688166
VERTEX_POINT L467 0.845955 -0.724947 -0.617950 0.785595 -0.798643
VERTEX_POINT L468 -0.871752 -0.690009 -0.291480 -0.067275 -0.083154
VERTEX_POINT L469 -0.539611 -0.767882 0.854739 -0.798990 0.838007
VERTEX_POINT L470 0.988031 -0.363759 0.508641 0.241843 0.828195
VERTEX_POINT L471 0.185540 0.097505 0.485768 -0.472341 0.264449
VERTEX_POINT L472 -0.712346 0.193801 -0.123783 0.193279 0.496428
VERTEX_POINT L473 0.010508 0.860024 -0.511131 -0.427878 0.792570
VERTEX_POINT L474 -0.441444 -0.281421 0.962887 0.876161 0.570537
VERTEX_POINT L475 0.779377 0.789195 -0.465268 -0.298554 -0.013360
VERTEX_POINT L476 -0.050161 -0.120189 0.149269 0.851125 0.108788
VERTEX_POINT L477 -0.113626 0.862769 0.751410 -0.964257 -0.596825
VERTEX_POINT L478 0.044566 0.833505 0.731382 0.089270 0.890801
VERTEX_POINT L479 0.971764 0.834026 0.160192 0.368075 0.068388
VERTEX_POINT L480 0.294051 -0.054134 -0.633166 -0.668392 0.912517
VERTEX_POINT L481 0.368427 -0.968233 -0.118181 0.722426 -0.918409
