VERTEX_POSE A0 0.834212 -0.919813 0.202199 0.979344 -0.979344 0.202199
VERTEX_POSE A1 -0.820562 0.237594 0.135221 -0.990816 0.990816 0.135221
VERTEX_POSE A2 -0.348618 -0.420932 -0.918148 0.396236 0.396236 0.918148
VERTEX_POSE A3 -0.928758 0.291248 0.860493 0.509463 -0.509463 0.860493
VERTEX_POSE A4 -0.569643 0.466471 -0.123959 -0.992287 -0.992287 0.123959
VERTEX_POSE A5 0.191006 0.058431 -0.830396 0.557174 -0.557174 -0.830396
VERTEX_POSE A6 -0.844528 0.852333 0.408616 0.912706 0.912706 -0.408616
VERTEX_POSE A7 0.706433 -0.834782 0.164954 -0.986301 0.986301 0.164954
VERTEX_POSE A8 -0.977650 -0.364235 0.289347 -0.957224 0.957224 0.289347
VERTEX_POSE A9 -0.415759 -0.985044 0.215703 0.976459 -0.976459 0.215703
VERTEX_POSE A10 0.575879 -0.354765 0.898218 0.439551 -0.439551 0.898218
VERTEX_POSE A11 0.985287 0.814780 -0.995889 -0.090584 -0.090584 0.995889
VERTEX_POSE A12 0.944527 -0.320766 -0.618152 0.786058 -0.786058 -0.618152
VERTEX_POSE A13 -0.334713 -0.914690 0.104181 0.994558 0.994558 -0.104181
VERTEX_POSE A14 0.585872 -0.278774 0.987668 0.156566 -0.156566 0.987668
VERTEX_POSE A15 -0.992937 -0.175121 -0.957520 0.288367 0.288367 0.957520
VERTEX_POSE A16 -0.956277 -0.268473 -0.416110 0.909314 -0.909314 -0.416110
VERTEX_POSE A17 -0.574098 -0.858472 0.900680 0.434482 0.434482 -0.900680
VERTEX_POSE A18 0.856970 -0.862835 -0.999113 0.042105 -0.042105 -0.999113
VERTEX_POSE A19 0.245537 0.857125 0.850889 -0.525345 0.525345 0.850889
VERTEX_POSE A20 -0.058023 -0.809630 0.670819 -0.741621 -0.741621 -0.670819
VERTEX_POSE A21 -0.503361 -0.242757 -0.992060 0.125769 0.125769 0.992060
VERTEX_POSE A22 0.710434 0.150753 -0.943674 0.330878 0.330878 0.943674
VERTEX_POSE A23 0.328187 -0.098783 -0.763405 0.645920 -0.645920 -0.763405
VERTEX_POSE A24 -0.167874 0.087397 0.007405 -0.999973 -0.999973 -0.007405
VERTEX_POSE A25 0.651573 -0.286758 0.623658 -0.781697 0.781697 0.623658
VERTEX_POSE A26 0.612313 0.800173 0.942362 0.334596 0.334596 -0.942362
VERTEX_POSE A27 -0.595898 0.734855 0.269392 0.963031 -0.963031 0.269392
VERTEX_POSE A28 -0.338544 0.456653 0.835969 -0.548777 0.548777 0.835969
VERTEX_POSE A29 -0.302318 -0.516203 0.956676 0.291156 -0.291156 0.956676
VERTEX_POSE A30 -0.541670 0.223794 0.645520 -0.763743 0.763743 0.645520
VERTEX_POSE A31 -0.504332 0.536840 0.945460 0.325738 0.325738 -0.945460
VERTEX_POSE A32 -0.122880 0.721391 -0.932554 0.361032 -0.361032 -0.932554
VERTEX_POSE A33 0.109711 0.802862 -0.861246 -0.508188 -0.508188 0.861246
VERTEX_POSE A34 -0.433091 -0.171912 -0.821820 -0.569747 -0.569747 0.821820
VERTEX_POSE A35 0.307477 0.187863 -0.741126 0.671366 0.671366 0.741126
VERTEX_POSE A36 -0.699283 -0.138708 -0.239216 -0.970966 -0.970966 0.239216
VERTEX_POSE A37 -0.277618 -0.319579 -0.997812 -0.066112 -0.066112 0.997812
VERTEX_POSE A38 0.013910 0.353081 0.902495 -0.430700 0.430700 0.902495
VERTEX_POSE A39 -0.676933 0.497057 -0.900163 -0.435552 0.435552 -0.900163
VERTEX_POSE A40 0.306623 -0.304623 0.657491 0.753463 0.753463 -0.657491
VERTEX_POSE A41 -0.410211 0.998316 0.865094 0.501609 0.501609 -0.865094
VERTEX_POSE A42 -0.691646 0.311838 0.991232 -0.132134 0.132134 0.991232
VERTEX_POSE A43 0.251150 0.374610 0.972248 -0.233954 -0.233954 -0.972248
VERTEX_POSE A44 0.255077 -0.916374 0.912000 -0.410189 0.410189 0.912000
VERTEX_POSE A45 0.894227 -0.966936 0.505327 0.862928 -0.862928 0.505327
VERTEX_POSE A46 0.258212 -0.800511 0.756588 -0.653891 0.653891 0.756588
VERTEX_POSE A47 0.298799 -0.184847 -0.997889 0.064941 -0.064941 -0.997889
VERTEX_POSE A48 -0.679871 -0.825407 -0.809791 -0.586718 -0.586718 0.809791
VERTEX_POSE A49 0.115183 -0.663346 -0.885887 0.463902 -0.463902 -0.885887
VERTEX_POSE A50 -0.455664 -0.327722 0.614844 -0.788648 0.788648 0.614844
VERTEX_POSE A51 0.262106 -0.635037 -0.455856 -0.890054 -0.890054 0.455856
VERTEX_POSE A52 0.611822 0.093897 -0.547600 0.836740 -0.836740 -0.547600
VERTEX_POSE A53 -0.745230 0.823030 -0.525536 -0.850771 0.850771 -0.525536
VERTEX_POSE A54 -0.409707 0.266180 -0.921166 0.389169 -0.389169 -0.921166
VERTEX_POSE A55 -0.556053 -0.818706 0.567358 -0.823471 -0.823471 -0.567358
VERTEX_POSE A56 0.906343 -0.463728 0.839185 0.543846 0.543846 -0.839185
VERTEX_POSE A57 -0.797394 0.066352 0.642450 -0.766327 -0.766327 -0.642450
VERTEX_POSE A58 -0.151950 0.916149 0.927858 -0.372934 0.372934 0.927858
VERTEX_POSE A59 -0.432201 0.992925 -0.609698 0.792634 0.792634 0.609698
VERTEX_POSE A60 -0.099712 0.550150 -0.202342 -0.979315 0.979315 -0.202342
VERTEX_POSE A61 0.306379 0.139942 -0.166478 0.986045 -0.986045 -0.166478
VERTEX_POSE A62 0.063467 0.529764 0.884097 0.467304 -0.467304 0.884097
VERTEX_POSE A63 0.777408 0.271541 -0.367706 0.929942 0.929942 0.367706
VERTEX_POSE A64 -0.583909 -0.057196 -0.991661 -0.128876 -0.128876 0.991661
VERTEX_POSE A65 0.630376 -0.642148 -0.515845 -0.856682 0.856682 -0.515845
VERTEX_POSE A66 0.084885 -0.540597 -0.886262 0.463184 0.463184 0.886262
VERTEX_POSE A67 -0.283192 0.804096 -0.968325 -0.249691 -0.249691 0.968325
VERTEX_POSE A68 -0.647242 0.038273 -0.999875 -0.015804 -0.015804 0.999875
VERTEX_POSE A69 -0.901206 0.812484 0.976624 0.214956 -0.214956 0.976624
VERTEX_POSE A70 0.039875 0.301154 -0.401131 -0.916021 -0.916021 0.401131
VERTEX_POSE A71 0.659380 0.733650 0.381175 0.924503 -0.924503 0.381175
VERTEX_POSE A72 -0.311417 0.810801 0.681731 -0.731603 0.731603 0.681731
VERTEX_POSE A73 0.348229 -0.387008 -0.695490 0.718536 -0.718536 -0.695490
VERTEX_POSE A74 -0.089470 0.108261 0.994730 -0.102528 0.102528 0.994730
VERTEX_POSE A75 0.943660 0.894427 0.130923 0.991393 -0.991393 0.130923
VERTEX_POSE A76 0.242456 -0.353944 0.024882 -0.999690 0.999690 0.024882
VERTEX_POSE A77 -0.831257 0.307750 -0.519094 -0.854717 0.854717 -0.519094
VERTEX_POSE A78 0.242459 -0.290420 0.960992 0.276575 -0.276575 0.960992
VERTEX_POSE A79 0.562585 -0.179352 0.912623 -0.408802 -0.408802 -0.912623
VERTEX_POSE A80 0.283925 0.644404 0.481913 -0.876219 0.876219 0.481913
VERTEX_POSE A81 0.786795 0.381857 -0.990717 -0.135943 0.135943 -0.990717
VERTEX_POSE A82 -0.175310 0.185611 0.275791 -0.961218 -0.961218 -0.275791
VERTEX_POSE A83 -0.104253 -0.261700 0.782984 0.622042 -0.622042 0.782984
VERTEX_POSE A84 -0.958435 0.204888 0.197625 0.980278 -0.980278 0.197625
VERTEX_POSE A85 0.414983 -0.548209 -0.215155 0.976580 0.976580 0.215155
VERTEX_POSE A86 0.339694 -0.080406 0.876367 -0.481643 0.481643 0.876367
VERTEX_POSE A87 0.947908 0.741160 0.286928 0.957952 -0.957952 0.286928
VERTEX_POSE A88 0.617590 0.518144 0.092979 0.995668 -0.995668 0.092979
VERTEX_POSE A89 -0.812256 -0.164258 0.675828 -0.737060 0.737060 0.675828
VERTEX_POSE A90 -0.484293 0.734084 -0.999867 -0.016293 0.016293 -0.999867
VERTEX_POSE A91 -0.482122 0.068293 0.998268 0.058839 0.058839 -0.998268
VERTEX_POSE A92 0.494123 0.975684 -0.513853 -0.857878 0.857878 -0.513853
VERTEX_POSE A93 0.579174 0.263849 0.803493 -0.595314 -0.595314 -0.803493
VERTEX_POSE A94 -0.704714 -0.660166 0.702440 0.711743 -0.711743 0.702440
VERTEX_POSE A95 0.910214 -0.081512 -0.800039 -0.599948 -0.599948 0.800039
VERTEX_POSE A96 0.209549 0.621701 0.594353 -0.804204 -0.804204 -0.594353
VERTEX_POSE A97 0.380170 -0.200763 0.100904 -0.994896 -0.994896 -0.100904
VERTEX_POSE A98 -0.372978 -0.277415 -0.015604 0.999878 0.999878 0.015604
VERTEX_POSE A99 0.562307 -0.340026 -0.877151 0.480214 0.480214 0.877151
VERTEX_POSE A100 0.478964 -0.388278 -0.660348 -0.750960 0.750960 -0.660348
VERTEX_POSE A101 0.666896 -0.976262 0.363946 -0.931420 -0.931420 -0.363946
VERTEX_POSE A102 0.221687 -0.606375 0.102530 0.994730 -0.994730 0.102530
VERTEX_POSE A103 -0.832452 -0.577478 -0.707426 -0.706788 -0.706788 0.707426
VERTEX_POSE A104 0.015126 -0.363270 0.530761 0.847522 0.847522 -0.530761
VERTEX_POSE A105 -0.867783 0.501885 -0.991736 -0.128296 0.128296 -0.991736
VERTEX_POSE A106 -0.888793 -0.683051 -0.777325 -0.629100 -0.629100 0.777325
VERTEX_POSE A107 -0.742419 0.282786 -0.980789 -0.195073 -0.195073 0.980789
VERTEX_POSE A108 -0.699040 -0.190365 -0.502670 -0.864478 -0.864478 0.502670
VERTEX_POSE A109 0.353666 0.026529 0.009233 -0.999957 0.999957 0.009233
VERTEX_POSE A110 0.820166 -0.896566 0.864177 0.503189 -0.503189 0.864177
VERTEX_POSE A111 0.584885 -0.545962 -0.550662 -0.834728 -0.834728 0.550662
VERTEX_POSE A112 0.140461 -0.591613 -0.949922 0.312488 -0.312488 -0.949922
VERTEX_POSE A113 -0.355144 0.289045 0.909783 -0.415085 0.415085 0.909783
VERTEX_POSE A114 -0.519368 0.192338 -0.895606 0.444849 -0.444849 -0.895606
VERTEX_POSE A115 0.182026 0.613274 -0.605248 -0.796037 0.796037 -0.605248
VERTEX_POSE A116 -0.940160 0.740837 -0.955887 -0.293735 0.293735 -0.955887
VERTEX_POSE A117 0.820326 -0.888068 -0.525381 0.850867 0.850867 0.525381
VERTEX_POSE A118 0.129934 0.354434 0.981242 -0.192778 0.192778 0.981242
VERTEX_POSE A119 0.677429 0.258980 0.704845 -0.709361 -0.709361 -0.704845
VERTEX_POSE A120 -0.991930 -0.052326 -0.709308 -0.704899 0.704899 -0.709308
VERTEX_POSE A121 0.645641 0.088518 0.999891 -0.014791 -0.014791 -0.999891
VERTEX_POSE A122 -0.804693 -0.672727 0.233188 -0.972432 -0.972432 -0.233188
VERTEX_POSE A123 0.502193 -0.076642 0.682618 0.730776 0.730776 -0.682618
VERTEX_POSE A124 0.224814 -0.647633 -0.524725 -0.851272 0.851272 -0.524725
VERTEX_POSE A125 -0.509407 -0.332893 0.176058 -0.984380 0.984380 0.176058
VERTEX_POSE A126 0.412407 0.841847 -0.656578 -0.754258 -0.754258 0.656578
VERTEX_POSE A127 -0.565636 0.974068 0.385576 -0.922676 -0.922676 -0.385576
VERTEX_POSE A128 0.870763 0.466345 0.693171 -0.720773 0.720773 0.693171
VERTEX_POSE A129 -0.960572 -0.435569 -0.247993 0.968762 -0.968762 -0.247993
VERTEX_POSE A130 0.996671 -0.365958 0.989701 0.143147 0.143147 -0.989701
VERTEX_POSE A131 0.349727 -0.921934 0.665289 0.746585 -0.746585 0.665289
VERTEX_POSE A132 0.706325 -0.411830 -0.998724 0.050495 -0.050495 -0.998724
VERTEX_POSE A133 0.218358 0.027667 -0.352960 -0.935639 -0.935639 0.352960
VERTEX_POSE A134 0.517275 -0.499411 0.882720 0.469899 -0.469899 0.882720
VERTEX_POSE A135 -0.278550 0.224900 -0.709593 0.704612 -0.704612 -0.709593
VERTEX_POSE A136 0.350575 -0.470448 -0.377010 -0.926209 0.926209 -0.377010
VERTEX_POSE A137 0.628483 -0.182462 -0.939134 0.343551 0.343551 0.939134
VERTEX_POSE A138 -0.020968 -0.492315 -0.757097 0.653303 -0.653303 -0.757097
VERTEX_POSE A139 0.651535 0.339186 0.882765 -0.469814 -0.469814 -0.882765
VERTEX_POSE A140 -0.017851 0.844068 -0.979475 -0.201567 -0.201567 0.979475
VERTEX_POSE A141 -0.200802 -0.388881 0.995866 -0.090835 0.090835 0.995866
VERTEX_POSE A142 0.236420 0.793225 0.732520 -0.680745 0.680745 0.732520
VERTEX_POSE A143 -0.877390 -0.747546 0.173129 -0.984899 0.984899 0.173129
VERTEX_POSE A144 0.444054 0.900165 -0.853029 -0.521864 0.521864 -0.853029
VERTEX_POSE A145 0.717052 -0.014437 0.959299 -0.282391 -0.282391 -0.959299
VERTEX_POSE A146 0.304636 0.865729 0.523492 0.852030 -0.852030 0.523492
VERTEX_POSE A147 0.503894 0.641001 -0.889010 0.457888 0.457888 0.889010
VERTEX_POSE A148 0.537378 0.097495 -0.999512 -0.031245 -0.031245 0.999512
VERTEX_POSE A149 -0.565430 0.220163 0.017263 0.999851 -0.999851 0.017263
VERTEX_POSE A150 0.181323 -0.100018 -0.671950 0.740597 0.740597 0.671950
VERTEX_POSE A151 0.545447 -0.954831 0.578415 0.815743 0.815743 -0.578415
VERTEX_POSE A152 -0.919789 -0.691319 -0.708162 0.706050 0.706050 0.708162
VERTEX_POSE A153 0.376630 0.227255 0.887446 -0.460912 -0.460912 -0.887446
VERTEX_POSE A154 0.047640 -0.031472 0.576392 0.817173 0.817173 -0.576392
VERTEX_POSE A155 0.305025 -0.338953 0.586844 -0.809700 -0.809700 -0.586844
VERTEX_POSE A156 0.867222 0.894362 0.952600 0.304224 -0.304224 0.952600
VERTEX_POSE A157 -0.539953 -0.189626 0.456067 0.889945 -0.889945 0.456067
VERTEX_POSE A158 0.739389 -0.364885 -0.762896 -0.646521 0.646521 -0.762896
VERTEX_POSE A159 0.737985 0.360707 0.579687 0.814839 -0.814839 0.579687
VERTEX_POSE A160 -0.500525 0.374805 0.493907 0.869515 -0.869515 0.493907
VERTEX_POSE A161 0.736060 0.269157 0.679624 -0.733561 0.733561 0.679624
VERTEX_POSE A162 0.087713 0.438773 0.729076 0.684433 0.684433 -0.729076
VERTEX_POSE A163 -0.794200 0.962975 0.509433 0.860510 -0.860510 0.509433
VERTEX_POSE A164 -0.045582 -0.703176 0.402279 -0.915517 -0.915517 -0.402279
VERTEX_POSE A165 -0.395012 0.939362 0.065361 -0.997862 -0.997862 -0.065361
VERTEX_POSE A166 -0.072750 0.187875 -0.993638 0.112625 0.112625 0.993638
VERTEX_POSE A167 -0.695007 -0.173625 0.869969 -0.493106 -0.493106 -0.869969
VERTEX_POSE A168 -0.766530 -0.243100 -0.110688 0.993855 0.993855 0.110688
VERTEX_POSE A169 0.906282 0.695560 0.650891 -0.759171 -0.759171 -0.650891
VERTEX_POSE A170 0.956528 -0.834438 -0.765141 -0.643862 -0.643862 0.765141
VERTEX_POSE A171 0.215619 -0.399033 -0.421876 -0.906654 0.906654 -0.421876
VERTEX_POSE A172 -0.294521 -0.693321 -0.906515 0.422173 0.422173 0.906515
VERTEX_POSE A173 0.192948 0.958787 0.810688 -0.585479 -0.585479 -0.810688
VERTEX_POSE A174 0.338229 -0.146578 -0.913465 -0.406918 0.406918 -0.913465
VERTEX_POSE A175 -0.850467 -0.793156 -0.058048 0.998314 0.998314 0.058048
VERTEX_POSE A176 -0.090001 -0.055650 -0.162578 -0.986696 0.986696 -0.162578
VERTEX_POSE A177 -0.357135 -0.280850 -0.811200 -0.584769 0.584769 -0.811200
VERTEX_POSE A178 0.653427 0.847846 0.912191 0.409766 -0.409766 0.912191
VERTEX_POSE A179 -0.552623 -0.958155 -0.172600 0.984992 -0.984992 -0.172600
VERTEX_POSE A180 0.077435 0.939313 -0.929963 -0.367653 0.367653 -0.929963
VERTEX_POSE A181 -0.165250 -0.252173 0.995409 0.095711 -0.095711 0.995409
VERTEX_POSE A182 0.992824 -0.912986 0.914847 -0.403800 0.403800 0.914847
VERTEX_POSE A183 0.157646 -0.752006 0.526114 -0.850414 0.850414 0.526114
VERTEX_POSE A184 -0.788621 0.975082 -0.027729 -0.999615 -0.999615 0.027729
VERTEX_POSE A185 0.040464 0.055542 0.456295 0.889829 0.889829 -0.456295
VERTEX_POSE A186 -0.537329 -0.090958 0.996117 0.088041 -0.088041 0.996117
VERTEX_POSE A187 -0.921398 0.869444 0.255839 0.966719 0.966719 -0.255839
VERTEX_POSE A188 0.500511 0.865916 -0.857687 0.514173 0.514173 0.857687
VERTEX_POSE A189 -0.797940 0.544157 0.398471 -0.917181 0.917181 0.398471
VERTEX_POSE A190 0.816587 0.230151 0.174739 0.984615 -0.984615 0.174739
VERTEX_POSE A191 0.999987 0.240721 0.034933 0.999390 -0.999390 0.034933
VERTEX_POSE A192 0.938120 -0.186686 0.557456 -0.830207 0.830207 0.557456
VERTEX_POSE A193 -0.095700 -0.331076 -0.352078 0.935971 -0.935971 -0.352078
VERTEX_POSE A194 -0.794213 0.203696 -0.999446 0.033273 -0.033273 -0.999446
VERTEX_POSE A195 -0.107462 0.110137 -0.666224 -0.745752 -0.745752 0.666224
VERTEX_POSE A196 0.509288 -0.391714 0.756795 -0.653653 -0.653653 -0.756795
VERTEX_POSE A197 0.133037 -0.608429 0.720321 0.693641 0.693641 -0.720321
VERTEX_POSE A198 0.197531 0.936513 0.862090 0.506755 -0.506755 0.862090
VERTEX_POSE A199 0.742758 0.365185 -0.288440 -0.957498 0.957498 -0.288440
VERTEX_POSE A200 0.039319 -0.912869 -0.718167 -0.695871 -0.695871 0.718167
VERTEX_POSE A201 0.154058 -0.897925 -0.291697 -0.956511 -0.956511 0.291697
VERTEX_POSE A202 -0.041623 0.966153 -0.715840 0.698265 0.698265 0.715840
VERTEX_POSE A203 0.744798 -0.606190 -0.532711 -0.846297 0.846297 -0.532711
VERTEX_POSE A204 -0.652994 -0.939139 0.868580 -0.495550 0.495550 0.868580
VERTEX_POSE A205 -0.703394 -0.180425 -0.501277 -0.865287 -0.865287 0.501277
VERTEX_POSE A206 0.894332 -0.399346 -0.910068 0.414459 -0.414459 -0.910068
VERTEX_POSE A207 0.257005 0.005211 -0.602988 0.797750 0.797750 0.602988
VERTEX_POSE A208 -0.060529 0.538725 -0.823495 -0.567324 -0.567324 0.823495
VERTEX_POSE A209 0.547759 -0.551500 0.001998 -0.999998 -0.999998 -0.001998
VERTEX_POSE A210 0.704382 0.047056 -0.999967 -0.008109 0.008109 -0.999967
VERTEX_POSE A211 -0.983094 0.478038 0.154739 0.987955 0.987955 -0.154739
VERTEX_POSE A212 -0.617492 0.196327 -0.916190 -0.400744 0.400744 -0.916190
VERTEX_POSE A213 0.697206 0.134070 -0.531558 -0.847022 -0.847022 0.531558
VERTEX_POSE A214 0.174552 0.726032 -0.963515 -0.267655 -0.267655 0.963515
VERTEX_POSE A215 -0.406112 0.171410 0.908123 -0.418703 -0.418703 -0.908123
VERTEX_POSE A216 -0.262330 -0.810389 -0.041836 0.999125 0.999125 0.041836
VERTEX_POSE A217 0.637223 -0.364926 -0.625037 0.780595 0.780595 0.625037
VERTEX_POSE A218 -0.327510 0.040854 0.658080 -0.752948 0.752948 0.658080
VERTEX_POSE A219 -0.761818 -0.944473 -0.711124 -0.703067 -0.703067 0.711124
VERTEX_POSE A220 0.839284 -0.820770 0.790362 0.612640 -0.612640 0.790362
VERTEX_POSE A221 -0.510923 -0.728995 -0.638292 -0.769794 0.769794 -0.638292
VERTEX_POSE A222 -0.761832 0.296248 0.624602 0.780943 0.780943 -0.624602
VERTEX_POSE A223 0.777404 -0.007456 -0.811536 0.584303 0.584303 0.811536
VERTEX_POSE A224 0.393376 -0.060071 -0.997675 -0.068152 -0.068152 0.997675
VERTEX_POSE A225 -0.556045 -0.500055 -0.698331 -0.715775 0.715775 -0.698331
VERTEX_POSE A226 -0.330058 -0.897318 0.106949 0.994264 -0.994264 0.106949
VERTEX_POSE A227 -0.097336 0.548215 0.614034 -0.789279 0.789279 0.614034
VERTEX_POSE A228 0.576993 -0.108484 -0.944031 -0.329857 0.329857 -0.944031
VERTEX_POSE A229 0.867472 -0.960806 0.997003 0.077368 -0.077368 0.997003
VERTEX_POSE A230 -0.354578 -0.086600 -0.947120 0.320878 -0.320878 -0.947120
VERTEX_POSE A231 -0.383688 -0.021354 0.942547 -0.334074 0.334074 0.942547
VERTEX_POSE A232 0.021531 -0.858731 -0.510494 -0.859882 0.859882 -0.510494
VERTEX_POSE A233 0.603799 -0.120447 0.351279 0.936271 0.936271 -0.351279
VERTEX_POSE A234 -0.638890 0.372456 0.415299 0.909685 -0.909685 0.415299
VERTEX_POSE A235 0.368537 -0.797870 -0.630851 -0.775904 -0.775904 0.630851
VERTEX_POSE A236 0.900405 0.699128 0.705431 0.708778 -0.708778 0.705431
VERTEX_POSE A237 -0.744558 0.973110 -0.525097 -0.851042 0.851042 -0.525097
VERTEX_POSE A238 -0.374458 0.207341 -0.443613 0.896218 0.896218 0.443613
VERTEX_POSE A239 -0.160123 0.237853 -0.965335 0.261013 -0.261013 -0.965335
VERTEX_POSE A240 0.803201 -0.578390 -0.907070 -0.420981 -0.420981 0.907070
VERTEX_POSE A241 -0.670076 -0.745603 -0.072782 -0.997348 -0.997348 0.072782
VERTEX_POSE A242 -0.143217 -0.284109 -0.471207 -0.882023 0.882023 -0.471207
VERTEX_POSE A243 -0.814291 0.617937 0.029247 0.999572 -0.999572 0.029247
VERTEX_POSE A244 -0.972870 0.388467 0.635250 -0.772306 0.772306 0.635250
VERTEX_POSE A245 -0.968665 -0.558077 -0.662269 0.749267 -0.749267 -0.662269
VERTEX_POSE A246 -0.220403 -0.210653 0.089983 0.995943 0.995943 -0.089983
VERTEX_POSE A247 -0.235200 0.578078 -0.179604 -0.983739 -0.983739 0.179604
VERTEX_POSE A248 0.668559 0.076997 -0.997091 -0.076224 -0.076224 0.997091
VERTEX_POSE A249 0.452087 0.830201 -0.818717 0.574197 0.574197 0.818717
VERTEX_POSE A250 0.002982 0.633605 0.976583 0.215141 0.215141 -0.976583
VERTEX_POSE A251 0.507843 0.256227 0.931882 0.362761 0.362761 -0.931882
VERTEX_POSE A252 0.941163 -0.898794 -0.928011 -0.372553 0.372553 -0.928011
VERTEX_POSE A253 0.241150 -0.070146 -0.972294 -0.233763 -0.233763 0.972294
VERTEX_POSE A254 0.285247 -0.751229 -0.389342 -0.921093 0.921093 -0.389342
VERTEX_POSE A255 0.334540 0.041136 0.347916 -0.937526 0.937526 0.347916
VERTEX_POSE A256 0.685106 0.429798 0.709267 -0.704940 -0.704940 -0.709267
VERTEX_POSE A257 0.955188 -0.648547 0.189680 0.981846 0.981846 -0.189680
VERTEX_POSE A258 -0.762796 -0.410649 -0.651239 0.758873 0.758873 0.651239
VERTEX_POSE A259 0.262098 -0.678686 -0.547362 -0.836896 0.836896 -0.547362
VERTEX_POSE A260 0.822661 -0.609352 -0.999833 -0.018286 0.018286 -0.999833
VERTEX_POSE A261 -0.117374 0.502751 0.969463 -0.245238 -0.245238 -0.969463
VERTEX_POSE A262 0.878410 0.299960 0.931896 -0.362725 0.362725 0.931896
VERTEX_POSE A263 -0.155808 -0.468083 0.627215 0.778846 0.778846 -0.627215
VERTEX_POSE A264 -0.513575 -0.617696 -0.408429 0.912790 0.912790 0.408429
VERTEX_POSE A265 -0.760480 -0.327584 -0.879238 -0.476383 -0.476383 0.879238
VERTEX_POSE A266 -0.787272 -0.265953 -0.998413 0.056315 0.056315 0.998413
VERTEX_POSE A267 -0.613170 -0.918568 -0.562643 -0.826700 0.826700 -0.562643
VERTEX_POSE A268 -0.505038 -0.354474 0.350306 -0.936635 -0.936635 -0.350306
VERTEX_POSE A269 -0.161730 0.941388 0.089031 0.996029 -0.996029 0.089031
VERTEX_POSE A270 0.226707 0.319285 -0.698215 -0.715888 -0.715888 0.698215
VERTEX_POSE A271 -0.701838 0.067136 -0.578343 0.815794 0.815794 0.578343
VERTEX_POSE A272 0.168194 -0.804215 -0.127162 0.991882 0.991882 0.127162
VERTEX_POSE A273 -0.916510 -0.964824 0.363917 -0.931431 0.931431 0.363917
VERTEX_POSE A274 -0.516129 -0.314926 0.673642 -0.739058 0.739058 0.673642
VERTEX_POSE B0 0.195324 0.584251 -0.976067 -0.217468 0.217468 -0.976067
VERTEX_POSE B1 -0.885175 -0.522901 0.580787 -0.814055 -0.814055 -0.580787
VERTEX_POSE B2 0.263468 0.474421 0.948387 -0.317114 0.317114 0.948387
VERTEX_POSE B3 0.960124 0.162329 -0.555507 0.831512 -0.831512 -0.555507
VERTEX_POSE B4 0.783384 0.554096 0.987302 -0.158852 0.158852 0.987302
VERTEX_POSE B5 -0.284445 0.304622 0.141829 -0.989891 -0.989891 -0.141829
VERTEX_POSE B6 -0.036894 -0.204066 -0.889722 0.456503 0.456503 0.889722
VERTEX_POSE B7 0.291227 -0.189677 -0.480113 -0.877206 -0.877206 0.480113
VERTEX_POSE B8 -0.343282 0.405829 0.886497 -0.462735 0.462735 0.886497
VERTEX_POSE B9 -0.795743 0.725788 -0.244570 0.969632 -0.969632 -0.244570
VERTEX_POSE B10 -0.423527 0.059094 -0.206508 0.978445 -0.978445 -0.206508
VERTEX_POSE B11 0.991258 -0.553036 -0.999733 -0.023117 -0.023117 0.999733
VERTEX_POSE B12 0.889362 0.155586 0.773555 0.633729 0.633729 -0.773555
VERTEX_POSE B13 -0.468338 0.410547 -0.946452 -0.322844 -0.322844 0.946452
VERTEX_POSE B14 -0.771539 0.036315 0.763924 0.645306 0.645306 -0.763924
VERTEX_POSE B15 0.151460 0.476900 0.107873 0.994165 -0.994165 0.107873
VERTEX_POSE B16 -0.645678 0.801195 -0.593978 -0.804481 -0.804481 0.593978
VERTEX_POSE B17 0.111087 -0.460934 0.665932 -0.746013 0.746013 0.665932
VERTEX_POSE B18 0.029870 -0.223140 0.028497 -0.999594 -0.999594 -0.028497
VERTEX_POSE B19 0.198514 -0.666888 0.688594 0.725147 0.725147 -0.688594
VERTEX_POSE B20 0.597511 -0.078630 -0.868784 -0.495191 -0.495191 0.868784
VERTEX_POSE B21 0.269390 0.449276 0.986421 -0.164239 -0.164239 -0.986421
VERTEX_POSE B22 0.411242 0.067158 0.655363 -0.755314 0.755314 0.655363
VERTEX_POSE B23 0.984341 0.002803 0.727845 0.685742 0.685742 -0.727845
VERTEX_POSE B24 0.764352 -0.905198 -0.832572 -0.553916 -0.553916 0.832572
VERTEX_POSE B25 -0.750487 0.008546 -0.361761 0.932271 0.932271 0.361761
VERTEX_POSE B26 0.211048 -0.677913 0.796975 -0.604012 0.604012 0.796975
VERTEX_POSE B27 -0.937486 0.161939 0.967512 -0.252826 0.252826 0.967512
VERTEX_POSE B28 0.417707 0.204331 -0.997414 -0.071868 -0.071868 0.997414
VERTEX_POSE B29 0.294538 -0.642737 0.790439 0.612541 -0.612541 0.790439
VERTEX_POSE B30 -0.453614 0.847013 0.461206 -0.887293 0.887293 0.461206
VERTEX_POSE B31 -0.386969 -0.211418 0.968188 0.250224 0.250224 -0.968188
VERTEX_POSE B32 0.409363 -0.165638 0.953100 0.302657 -0.302657 0.953100
VERTEX_POSE B33 0.809854 0.321434 0.656883 -0.753992 0.753992 0.656883
VERTEX_POSE B34 -0.426845 0.950912 0.920513 -0.390712 0.390712 0.920513
VERTEX_POSE B35 0.192747 -0.611543 0.809988 0.586446 0.586446 -0.809988
VERTEX_POSE B36 -0.474591 -0.373944 -0.842314 0.538987 -0.538987 -0.842314
VERTEX_POSE B37 0.536262 -0.253154 0.138067 -0.990423 -0.990423 -0.138067
VERTEX_POSE B38 -0.516026 0.198780 -0.162407 0.986724 -0.986724 -0.162407
VERTEX_POSE B39 0.182127 -0.968116 0.619430 0.785052 -0.785052 0.619430
VERTEX_POSE B40 0.740518 -0.527366 -0.877505 -0.479568 0.479568 -0.877505
VERTEX_POSE B41 0.060447 -0.742125 0.713429 0.700728 -0.700728 0.713429
VERTEX_POSE B42 0.173385 -0.521151 0.604629 -0.796507 0.796507 0.604629
VERTEX_POSE B43 0.629881 0.628220 -0.859785 0.510656 -0.510656 -0.859785
VERTEX_POSE B44 0.592108 0.668422 -0.762492 0.646997 0.646997 0.762492
VERTEX_POSE B45 0.401846 0.515164 0.412275 0.911059 0.911059 -0.412275
VERTEX_POSE B46 -0.218659 0.105120 -0.991432 -0.130624 0.130624 -0.991432
VERTEX_POSE B47 0.946431 0.469617 0.542775 -0.839878 0.839878 0.542775
VERTEX_POSE B48 -0.487067 -0.945770 0.883852 -0.467768 -0.467768 -0.883852
VERTEX_POSE B49 0.811211 0.881980 0.459187 0.888340 -0.888340 0.459187
VERTEX_POSE B50 0.144945 0.802729 0.831456 -0.555591 0.555591 0.831456
VERTEX_POSE B51 -0.889555 -0.024400 -0.104344 -0.994541 0.994541 -0.104344
VERTEX_POSE B52 0.080601 0.331256 -0.671738 0.740789 -0.740789 -0.671738
VERTEX_POSE B53 -0.443813 -0.130113 -0.794768 0.606914 -0.606914 -0.794768
VERTEX_POSE B54 -0.905214 0.978403 0.989854 0.142089 -0.142089 0.989854
VERTEX_POSE B55 -0.155047 0.426058 0.777463 0.628929 0.628929 -0.777463
VERTEX_POSE B56 -0.194301 0.878433 -0.275547 0.961288 0.961288 0.275547
VERTEX_POSE B57 0.305834 -0.699510 0.837294 -0.546753 0.546753 0.837294
VERTEX_POSE B58 -0.092532 -0.412003 -0.808172 0.588946 -0.588946 -0.808172
VERTEX_POSE B59 -0.776594 0.082764 0.446871 -0.894598 0.894598 0.446871
VERTEX_POSE B60 -0.399628 -0.342247 -0.091317 -0.995822 -0.995822 0.091317
VERTEX_POSE B61 0.453854 -0.564991 -0.507527 -0.861636 -0.861636 0.507527
VERTEX_POSE B62 -0.163563 0.871346 0.614527 0.788896 -0.788896 0.614527
VERTEX_POSE B63 -0.990266 0.492115 -0.848040 0.529932 -0.529932 -0.848040
VERTEX_POSE B64 0.263708 0.756443 -0.726930 0.686712 -0.686712 -0.726930
VERTEX_POSE B65 0.409592 0.822258 -0.982298 0.187327 0.187327 0.982298
VERTEX_POSE B66 0.202481 0.880572 0.979016 0.203781 0.203781 -0.979016
VERTEX_POSE B67 0.789117 -0.617501 -0.497439 0.867499 -0.867499 -0.497439
VERTEX_POSE B68 -0.054146 -0.430896 0.948821 0.315816 -0.315816 0.948821
VERTEX_POSE B69 0.686455 0.079352 0.970051 0.242902 -0.242902 0.970051
VERTEX_POSE B70 -0.028756 -0.585617 0.888188 0.459481 0.459481 -0.888188
VERTEX_POSE B71 -0.313628 0.041738 0.930264 -0.366891 0.366891 0.930264
VERTEX_POSE B72 -0.253099 0.337227 -0.283367 -0.959012 -0.959012 0.283367
VERTEX_POSE B73 -0.855371 -0.106768 0.975615 -0.219488 -0.219488 -0.975615
VERTEX_POSE B74 -0.683747 -0.330043 -0.693612 -0.720349 0.720349 -0.693612
VERTEX_POSE B75 -0.660990 0.005649 0.815997 -0.578056 0.578056 0.815997
VERTEX_POSE B76 0.546475 -0.591604 0.400576 0.916263 -0.916263 0.400576
VERTEX_POSE B77 0.097594 0.775077 -0.445746 -0.895159 -0.895159 0.445746
VERTEX_POSE B78 -0.714560 -0.524734 -0.063632 -0.997973 0.997973 -0.063632
VERTEX_POSE B79 -0.940592 -0.537374 -0.089262 0.996008 0.996008 0.089262
VERTEX_POSE B80 -0.091195 0.657057 0.720949 0.692988 0.692988 -0.720949
VERTEX_POSE B81 0.430385 -0.722005 0.661683 0.749783 0.749783 -0.661683
VERTEX_POSE B82 -0.830147 0.438227 0.758642 0.651507 -0.651507 0.758642
VERTEX_POSE B83 0.989406 -0.011687 0.700412 -0.713738 0.713738 0.700412
VERTEX_POSE B84 0.986572 0.147882 -0.999853 -0.017136 0.017136 -0.999853
VERTEX_POSE B85 -0.735361 0.416630 0.789126 -0.614231 -0.614231 -0.789126
VERTEX_POSE B86 -0.165640 -0.585630 -0.973173 0.230073 0.230073 0.973173
VERTEX_POSE B87 -0.207729 0.026315 0.542080 -0.840327 0.840327 0.542080
VERTEX_POSE B88 0.570473 0.717120 -0.986924 0.161184 -0.161184 -0.986924
VERTEX_POSE B89 0.741827 0.002367 0.726314 -0.687363 -0.687363 -0.726314
VERTEX_POSE B90 0.015677 -0.890921 0.877975 0.478707 0.478707 -0.877975
VERTEX_POSE B91 -0.829156 -0.625127 -0.797203 -0.603712 -0.603712 0.797203
VERTEX_POSE B92 0.195681 0.437376 0.314797 -0.949159 -0.949159 -0.314797
VERTEX_POSE B93 0.852114 0.980425 0.525821 0.850595 -0.850595 0.525821
VERTEX_POSE B94 -0.819422 0.866988 -0.287930 -0.957651 0.957651 -0.287930
VERTEX_POSE B95 -0.540611 0.193819 -0.591698 -0.806159 -0.806159 0.591698
VERTEX_POSE B96 0.261706 0.802683 0.792740 0.609560 -0.609560 0.792740
VERTEX_POSE B97 0.383060 0.747560 -0.756326 0.654195 0.654195 0.756326
VERTEX_POSE B98 -0.751494 0.576318 -0.011222 0.999937 0.999937 0.011222
VERTEX_POSE B99 -0.792440 -0.628213 0.993012 0.118014 0.118014 -0.993012
VERTEX_POSE B100 0.069514 -0.173087 -0.459130 0.888369 0.888369 0.459130
VERTEX_POSE B101 0.219750 0.990702 0.831156 -0.556039 -0.556039 -0.831156
VERTEX_POSE B102 -0.106068 0.413524 -0.815019 -0.579434 0.579434 -0.815019
VERTEX_POSE B103 0.816415 -0.835860 0.879737 -0.475461 -0.475461 -0.879737
VERTEX_POSE B104 0.364379 -0.116066 0.982077 0.188482 0.188482 -0.982077
VERTEX_POSE B105 0.210185 -0.916518 0.987603 0.156972 0.156972 -0.987603
VERTEX_POSE B106 -0.844575 0.169789 -0.443923 -0.896065 0.896065 -0.443923
VERTEX_POSE B107 -0.089146 0.292330 -0.637570 0.770392 0.770392 0.637570
VERTEX_POSE B108 -0.692222 0.858559 0.334796 0.942291 0.942291 -0.334796
VERTEX_POSE B109 -0.559134 0.645055 0.093278 -0.995640 0.995640 0.093278
VERTEX_POSE B110 -0.029738 0.754956 -0.972464 -0.233055 0.233055 -0.972464
VERTEX_POSE B111 0.216583 0.515616 0.312145 -0.950035 0.950035 0.312145
VERTEX_POSE B112 0.871251 0.923050 -0.712079 0.702099 0.702099 0.712079
VERTEX_POSE B113 0.140115 0.193183 0.516815 0.856097 -0.856097 0.516815
VERTEX_POSE B114 0.205989 -0.496071 0.999764 0.021716 -0.021716 0.999764
VERTEX_POSE B115 0.857822 0.070932 0.292649 0.956220 0.956220 -0.292649
VERTEX_POSE B116 0.404754 -0.390188 -0.976816 -0.214079 0.214079 -0.976816
VERTEX_POSE B117 -0.959651 -0.081701 -0.998775 0.049480 -0.049480 -0.998775
VERTEX_POSE B118 -0.349907 -0.902754 -0.297280 -0.954790 -0.954790 0.297280
VERTEX_POSE B119 -0.024773 -0.673068 -0.519484 -0.854480 -0.854480 0.519484
VERTEX_POSE B120 0.782177 0.920666 -0.526642 -0.850087 0.850087 -0.526642
VERTEX_POSE B121 0.665771 -0.793675 -0.966069 -0.258284 -0.258284 0.966069
VERTEX_POSE B122 0.146071 -0.298195 -0.711529 0.702657 0.702657 0.711529
VERTEX_POSE B123 -0.022142 0.358043 -0.995820 -0.091336 0.091336 -0.995820
VERTEX_POSE B124 0.517885 -0.813249 0.586290 0.810101 0.810101 -0.586290
VERTEX_POSE B125 0.326649 -0.431207 0.753966 0.656913 0.656913 -0.753966
VERTEX_POSE B126 0.437246 -0.448138 -0.659269 -0.751907 -0.751907 0.659269
VERTEX_POSE B127 -0.220409 0.989434 0.976298 0.216432 0.216432 -0.976298
VERTEX_POSE B128 -0.290291 -0.683647 0.991629 0.129116 0.129116 -0.991629
VERTEX_POSE B129 0.685752 -0.871820 -0.915155 -0.403103 0.403103 -0.915155
VERTEX_POSE B130 -0.012849 -0.638779 -0.647042 0.762454 0.762454 0.647042
VERTEX_POSE B131 0.779223 0.143266 -0.342502 -0.939517 -0.939517 0.342502
VERTEX_POSE B132 -0.094498 -0.881118 0.976494 0.215542 0.215542 -0.976494
VERTEX_POSE B133 0.881083 0.774745 -0.997248 -0.074143 -0.074143 0.997248
VERTEX_POSE B134 0.595638 0.307405 0.572295 -0.820048 0.820048 0.572295
VERTEX_POSE B135 -0.730119 0.002816 0.842166 0.539219 -0.539219 0.842166
VERTEX_POSE B136 0.091267 0.858227 0.318511 -0.947919 0.947919 0.318511
VERTEX_POSE B137 0.751064 -0.522806 -0.992392 -0.123116 -0.123116 0.992392
VERTEX_POSE B138 0.180735 -0.704854 0.925184 -0.379518 -0.379518 -0.925184
VERTEX_POSE B139 0.399045 0.716786 0.894749 -0.446569 0.446569 0.894749
VERTEX_POSE B140 -0.808071 -0.877751 -0.903362 -0.428878 -0.428878 0.903362
VERTEX_POSE B141 -0.849003 -0.949898 -0.249990 -0.968248 -0.968248 0.249990
VERTEX_POSE B142 -0.384372 0.232402 0.981454 -0.191700 0.191700 0.981454
VERTEX_POSE B143 -0.936820 -0.954701 0.980000 -0.198999 0.198999 0.980000
VERTEX_POSE B144 0.291112 0.243285 0.229480 0.973313 -0.973313 0.229480
VERTEX_POSE B145 0.821618 0.736331 0.815538 0.578704 0.578704 -0.815538
VERTEX_POSE B146 0.921002 0.116230 -0.450690 -0.892681 0.892681 -0.450690
VERTEX_POSE B147 -0.304134 0.853097 -0.917014 -0.398855 -0.398855 0.917014
VERTEX_POSE B148 0.861967 -0.345370 0.984789 -0.173752 0.173752 0.984789
VERTEX_POSE B149 -0.428904 0.213476 0.992833 -0.119512 -0.119512 -0.992833
VERTEX_POSE B150 0.671092 -0.819971 0.350255 0.936654 -0.936654 0.350255
VERTEX_POSE B151 0.644143 -0.424703 0.032442 0.999474 0.999474 -0.032442
VERTEX_POSE B152 -0.763134 0.419802 -0.941638 0.336626 -0.336626 -0.941638
VERTEX_POSE B153 -0.182837 -0.118166 -0.370302 -0.928911 -0.928911 0.370302
VERTEX_POSE B154 -0.377999 0.933339 0.984658 -0.174496 -0.174496 -0.984658
VERTEX_POSE B155 0.754751 0.606553 0.618513 -0.785774 0.785774 0.618513
VERTEX_POSE B156 -0.856188 0.450627 0.333401 0.942785 0.942785 -0.333401
VERTEX_POSE B157 -0.940753 -0.514799 0.776543 0.630065 -0.630065 0.776543
VERTEX_POSE B158 -0.465658 0.595986 -0.936934 -0.349506 -0.349506 0.936934
VERTEX_POSE B159 -0.146479 0.766981 -0.567382 0.823455 0.823455 0.567382
VERTEX_POSE B160 0.744999 -0.386618 0.349277 -0.937020 -0.937020 -0.349277
VERTEX_POSE B161 0.521492 0.957207 0.975990 0.217814 0.217814 -0.975990
VERTEX_POSE B162 -0.367256 -0.089754 0.152071 0.988370 0.988370 -0.152071
VERTEX_POSE C0 -0.349499 -0.267736 -0.150101 -0.988671 0.988671 -0.150101
VERTEX_POSE C1 0.402575 0.731952 0.903671 -0.428227 -0.428227 -0.903671
VERTEX_POSE C2 -0.771618 -0.782349 0.471101 -0.882079 -0.882079 -0.471101
VERTEX_POSE C3 -0.079618 0.735080 -0.344618 -0.938743 0.938743 -0.344618
VERTEX_POSE C4 -0.506158 0.590179 -0.893920 -0.448227 0.448227 -0.893920
VERTEX_POSE C5 0.979445 -0.305155 -0.505015 0.863110 0.863110 0.505015
VERTEX_POSE C6 -0.898884 -0.969774 0.703996 0.710204 0.710204 -0.703996
VERTEX_POSE C7 0.892888 0.306966 -0.511232 -0.859443 0.859443 -0.511232
VERTEX_POSE C8 -0.828625 -0.182906 0.369615 -0.929185 0.929185 0.369615
VERTEX_POSE C9 -0.747887 -0.919671 -0.999374 0.035375 -0.035375 -0.999374
VERTEX_POSE C10 -0.491484 -0.460632 0.963058 -0.269295 0.269295 0.963058
VERTEX_POSE C11 -0.765445 -0.137608 0.066955 0.997756 0.997756 -0.066955
VERTEX_POSE C12 0.543225 0.323614 -0.988258 -0.152796 0.152796 -0.988258
VERTEX_POSE C13 -0.669866 -0.724301 0.584177 -0.811627 -0.811627 -0.584177
VERTEX_POSE C14 -0.844443 0.978622 0.836853 -0.547428 -0.547428 -0.836853
VERTEX_POSE C15 -0.760909 0.176711 0.996740 -0.080676 -0.080676 -0.996740
VERTEX_POSE C16 -0.807899 -0.069670 -0.671424 0.741073 -0.741073 -0.671424
VERTEX_POSE C17 -0.273347 0.192099 -0.553230 0.833029 -0.833029 -0.553230
VERTEX_POSE C18 0.910183 0.356740 -0.887539 0.460733 0.460733 0.887539
VERTEX_POSE C19 0.836244 0.505626 0.769703 -0.638402 0.638402 0.769703
VERTEX_POSE C20 -0.036481 -0.388099 -0.671830 -0.740706 -0.740706 0.671830
VERTEX_POSE C21 -0.272654 -0.761425 -0.960281 0.279034 -0.279034 -0.960281
VERTEX_POSE C22 -0.541756 0.438965 0.642079 -0.766638 0.766638 0.642079
VERTEX_POSE C23 -0.281730 -0.781547 -0.754673 0.656101 0.656101 0.754673
VERTEX_POSE C24 -0.128842 0.689202 -0.921793 -0.387682 -0.387682 0.921793
VERTEX_POSE C25 -0.482508 0.924167 -0.752097 0.659052 0.659052 0.752097
VERTEX_POSE C26 0.252611 0.814440 0.910880 -0.412671 0.412671 0.910880
VERTEX_POSE C27 0.724679 0.456183 0.432243 -0.901757 -0.901757 -0.432243
VERTEX_POSE C28 -0.737509 -0.462452 0.872442 0.488717 0.488717 -0.872442
VERTEX_POSE C29 -0.225896 0.771647 -0.907127 0.420858 -0.420858 -0.907127
VERTEX_POSE C30 -0.642578 -0.633571 0.707150 -0.707063 -0.707063 -0.707150
VERTEX_POSE C31 -0.087008 0.269812 -0.371746 0.928334 -0.928334 -0.371746
VERTEX_POSE C32 -0.823321 0.503599 0.973623 -0.228163 0.228163 0.973623
VERTEX_POSE C33 -0.414196 -0.415920 -0.135728 0.990746 -0.990746 -0.135728
VERTEX_POSE C34 0.833374 0.004892 0.926189 -0.377059 0.377059 0.926189
VERTEX_POSE C35 -0.329479 0.093779 -0.661523 -0.749925 -0.749925 0.661523
VERTEX_POSE C36 -0.434750 0.278925 0.889304 -0.457316 0.457316 0.889304
VERTEX_POSE C37 0.934491 0.035119 0.826514 0.562917 0.562917 -0.826514
VERTEX_POSE C38 -0.436591 -0.599256 -0.280990 -0.959711 -0.959711 0.280990
VERTEX_POSE C39 -0.263376 -0.903981 -0.335346 0.942095 0.942095 0.335346
VERTEX_POSE C40 -0.813396 0.115447 0.851899 -0.523707 0.523707 0.851899
VERTEX_POSE C41 0.071925 -0.059888 -0.148132 0.988968 -0.988968 -0.148132
VERTEX_POSE C42 -0.028821 -0.041588 0.704490 -0.709714 -0.709714 -0.704490
VERTEX_POSE C43 0.729829 -0.560939 -0.587965 0.808886 0.808886 0.587965
VERTEX_POSE C44 0.402059 0.215812 -0.288072 -0.957609 0.957609 -0.288072
VERTEX_POSE C45 0.126736 -0.062966 -0.533656 -0.845702 0.845702 -0.533656
VERTEX_POSE C46 0.968919 0.615772 -0.659522 0.751685 -0.751685 -0.659522
VERTEX_POSE C47 0.594159 -0.853859 0.858773 -0.512357 0.512357 0.858773
VERTEX_POSE C48 0.853388 -0.870867 -0.990225 0.139480 0.139480 0.990225
VERTEX_POSE C49 0.879102 -0.027488 -0.599417 -0.800437 -0.800437 0.599417
VERTEX_POSE C50 0.430403 0.651767 0.101487 -0.994837 0.994837 0.101487
VERTEX_POSE C51 -0.183093 -0.258966 0.040454 -0.999181 -0.999181 -0.040454
VERTEX_POSE C52 -0.393552 0.211087 0.623775 -0.781604 -0.781604 -0.623775
VERTEX_POSE C53 0.888648 0.090733 0.705769 0.708442 -0.708442 0.705769
VERTEX_POSE C54 0.535177 -0.040513 -0.128595 0.991697 0.991697 0.128595
VERTEX_POSE C55 0.477606 -0.099711 0.408960 -0.912552 -0.912552 -0.408960
VERTEX_POSE C56 -0.593861 0.014899 -0.254859 -0.966978 -0.966978 0.254859
VERTEX_POSE C57 -0.212212 -0.226073 0.686311 -0.727308 0.727308 0.686311
VERTEX_POSE C58 0.202285 -0.643529 -0.438928 0.898522 0.898522 0.438928
VERTEX_POSE C59 -0.331370 0.552448 0.656954 0.753930 -0.753930 0.656954
VERTEX_POSE C60 0.561892 -0.454426 -0.937650 0.347582 0.347582 0.937650
VERTEX_POSE C61 0.559707 -0.277100 0.695489 0.718537 0.718537 -0.695489
VERTEX_POSE C62 0.581622 -0.177740 -0.776093 0.630618 -0.630618 -0.776093
VERTEX_POSE C63 0.738571 -0.950827 -0.903560 -0.428462 -0.428462 0.903560
VERTEX_POSE C64 -0.854489 0.306980 0.343496 -0.939154 -0.939154 -0.343496
VERTEX_POSE C65 0.414997 0.827153 -0.775103 -0.631835 -0.631835 0.775103
VERTEX_POSE C66 -0.590908 0.142952 -0.341261 0.939969 -0.939969 -0.341261
VERTEX_POSE C67 -0.289239 -0.414095 0.003224 0.999995 -0.999995 0.003224
VERTEX_POSE C68 0.349487 -0.137729 0.861378 -0.507965 0.507965 0.861378
VERTEX_POSE C69 -0.027499 0.543696 0.507169 -0.861847 -0.861847 -0.507169
VERTEX_POSE C70 0.447385 -0.318076 -0.030334 -0.999540 -0.999540 0.030334
VERTEX_POSE C71 0.536091 0.977719 0.597518 0.801856 0.801856 -0.597518
VERTEX_POSE C72 -0.955574 -0.516192 -0.502867 -0.864364 0.864364 -0.502867
VERTEX_POSE C73 -0.581436 0.640336 0.551580 0.834122 -0.834122 0.551580
VERTEX_POSE C74 0.265920 -0.583220 -0.670098 -0.742273 0.742273 -0.670098
VERTEX_POSE C75 0.446485 0.699620 -0.879669 -0.475587 -0.475587 0.879669
VERTEX_POSE C76 0.545299 -0.422630 0.859718 -0.510770 0.510770 0.859718
VERTEX_POSE C77 0.234839 -0.967448 -0.246599 0.969118 -0.969118 -0.246599
VERTEX_POSE C78 0.040644 0.845761 0.291815 -0.956475 -0.956475 -0.291815
VERTEX_POSE C79 0.398688 -0.293497 -0.995811 0.091434 -0.091434 -0.995811
VERTEX_POSE C80 0.113941 0.005064 0.198874 0.980025 -0.980025 0.198874
VERTEX_POSE C81 -0.528953 0.497529 0.923519 -0.383553 -0.383553 -0.923519
VERTEX_POSE C82 -0.784405 0.447536 0.898928 -0.438096 -0.438096 -0.898928
VERTEX_POSE C83 0.720390 -0.783849 -0.999982 0.005983 0.005983 0.999982
VERTEX_POSE C84 -0.640305 -0.411738 0.315834 0.948814 0.948814 -0.315834
VERTEX_POSE C85 0.750772 -0.592976 0.310052 -0.950720 -0.950720 -0.310052
VERTEX_POSE C86 0.197996 0.116439 -0.907283 0.420521 0.420521 0.907283
VERTEX_POSE C87 -0.234166 0.603161 0.666616 -0.745402 0.745402 0.666616
VERTEX_POSE C88 -0.461440 0.180951 0.812214 -0.583360 -0.583360 -0.812214
VERTEX_POSE C89 -0.599720 0.472911 -0.785701 0.618606 -0.618606 -0.785701
VERTEX_POSE C90 0.434464 0.155609 0.908967 -0.416867 -0.416867 -0.908967
VERTEX_POSE C91 -0.899548 0.726525 -0.841137 -0.540822 -0.540822 0.841137
VERTEX_POSE C92 0.959987 -0.804190 -0.764464 0.644666 -0.644666 -0.764464
VERTEX_POSE C93 0.016087 0.977869 -0.036324 0.999340 -0.999340 -0.036324
VERTEX_POSE C94 0.839022 0.775698 -0.866654 0.498910 0.498910 0.866654
VERTEX_POSE C95 -0.894502 0.502790 0.409772 -0.912188 0.912188 0.409772
VERTEX_POSE C96 -0.568917 0.805022 0.685260 -0.728299 0.728299 0.685260
VERTEX_POSE C97 -0.751886 -0.081351 -0.992387 -0.123162 -0.123162 0.992387
VERTEX_POSE C98 -0.183742 -0.911305 0.983285 0.182071 0.182071 -0.983285
VERTEX_POSE C99 0.780570 -0.332707 0.512656 0.858594 0.858594 -0.512656
VERTEX_POSE C100 0.220615 -0.537655 -0.860780 -0.508978 0.508978 -0.860780
VERTEX_POSE C101 -0.736357 -0.229380 0.754986 0.655740 -0.655740 0.754986
VERTEX_POSE C102 0.316661 -0.354988 0.932657 0.360765 0.360765 -0.932657
VERTEX_POSE C103 0.265041 -0.053846 -0.999185 0.040370 -0.040370 -0.999185
VERTEX_POSE C104 -0.317793 -0.589045 -0.079221 -0.996857 -0.996857 0.079221
VERTEX_POSE C105 -0.417419 0.061792 0.368630 0.929576 -0.929576 0.368630
VERTEX_POSE C106 -0.288475 -0.354226 -0.250382 0.968147 -0.968147 -0.250382
VERTEX_POSE C107 -0.772494 -0.011675 -0.712119 0.702059 0.702059 0.712119
VERTEX_POSE C108 0.817420 0.094344 0.788959 0.614445 0.614445 -0.788959
VERTEX_POSE C109 0.752169 -0.508464 0.724085 -0.689711 -0.689711 -0.724085
VERTEX_POSE C110 0.626194 0.694828 0.395855 -0.918313 0.918313 0.395855
VERTEX_POSE C111 -0.068638 -0.900592 0.398203 -0.917297 0.917297 0.398203
VERTEX_POSE C112 -0.776784 0.989064 0.506507 0.862236 -0.862236 0.506507
VERTEX_POSE C113 0.841789 0.142364 -0.999989 -0.004778 0.004778 -0.999989
VERTEX_POSE C114 -0.348249 -0.684442 -0.539285 0.842123 -0.842123 -0.539285
VERTEX_POSE C115 -0.417089 -0.422674 -0.996040 0.088901 0.088901 0.996040
VERTEX_POSE C116 0.592560 0.549388 -0.136009 0.990708 -0.990708 -0.136009
VERTEX_POSE C117 0.849747 0.431998 -0.861681 -0.507451 0.507451 -0.861681
VERTEX_POSE C118 0.348745 -0.819513 -0.832662 -0.553781 0.553781 -0.832662
VERTEX_POSE C119 -0.868880 -0.269662 0.558095 0.829777 -0.829777 0.558095
VERTEX_POSE C120 -0.749973 -0.095092 -0.323356 -0.946277 -0.946277 0.323356
VERTEX_POSE C121 -0.216791 0.336096 0.025622 0.999672 -0.999672 0.025622
VERTEX_POSE C122 -0.768428 -0.543137 -0.746591 0.665283 0.665283 0.746591
VERTEX_POSE C123 -0.789986 0.100719 0.487784 0.872964 -0.872964 0.487784
VERTEX_POSE C124 0.799295 0.313965 0.732536 0.680729 0.680729 -0.732536
VERTEX_POSE C125 -0.929406 -0.767439 -0.999434 -0.033643 -0.033643 0.999434
VERTEX_POSE C126 -0.684488 -0.396491 -0.197091 0.980385 0.980385 0.197091
VERTEX_POSE C127 -0.769621 0.118986 -0.998592 -0.053049 0.053049 -0.998592
VERTEX_POSE C128 -0.681291 0.151210 0.995584 -0.093877 0.093877 0.995584
VERTEX_POSE C129 0.131770 -0.307796 0.019743 -0.999805 -0.999805 -0.019743
VERTEX_POSE C130 -0.989051 0.786279 -0.636340 0.771409 0.771409 0.636340
VERTEX_POSE C131 0.539324 0.613555 0.839471 0.543405 0.543405 -0.839471
VERTEX_POSE C132 0.395414 0.462824 -0.639617 0.768694 -0.768694 -0.639617
VERTEX_POSE C133 0.327610 -0.568709 -0.962527 -0.271187 -0.271187 0.962527
VERTEX_POSE C134 -0.195636 -0.440291 0.743044 0.669243 0.669243 -0.743044
VERTEX_POSE C135 -0.922380 0.873779 0.701710 -0.712463 0.712463 0.701710
VERTEX_POSE C136 0.910191 0.493083 0.190155 -0.981754 0.981754 0.190155
VERTEX_POSE C137 0.515890 0.205483 -0.762977 -0.646425 -0.646425 0.762977
VERTEX_POSE C138 -0.694873 -0.137896 -0.999772 0.021357 -0.021357 -0.999772
VERTEX_POSE C139 0.727611 -0.412573 0.986922 0.161198 -0.161198 0.986922
VERTEX_POSE C140 0.268059 0.697019 -0.455450 0.890262 -0.890262 -0.455450
VERTEX_POSE C141 0.931320 -0.443068 0.838059 -0.545580 -0.545580 -0.838059
VERTEX_POSE C142 -0.341027 -0.313166 0.553065 0.833138 -0.833138 0.553065
VERTEX_POSE C143 0.491275 0.686083 -0.889471 -0.456992 -0.456992 0.889471
VERTEX_POSE C144 0.773109 0.699296 0.286620 0.958044 -0.958044 0.286620
VERTEX_POSE C145 0.310724 0.002393 -0.293410 0.955987 -0.955987 -0.293410
VERTEX_POSE C146 -0.925814 -0.736591 0.824063 -0.566498 0.566498 0.824063
VERTEX_POSE C147 0.365669 0.248683 0.703996 0.710204 -0.710204 0.703996
VERTEX_POSE C148 0.160470 -0.565610 0.417625 0.908619 -0.908619 0.417625
VERTEX_POSE C149 0.422931 -0.556104 -0.155088 0.987901 0.987901 0.155088
VERTEX_POSE C150 0.496789 0.979022 0.345140 -0.938551 0.938551 0.345140
VERTEX_POSE C151 0.410497 0.339299 -0.806638 -0.591046 -0.591046 0.806638
VERTEX_POSE C152 -0.793860 0.779992 0.168759 -0.985657 -0.985657 -0.168759
VERTEX_POSE C153 0.728361 -0.564115 -0.956140 -0.292911 0.292911 -0.956140
VERTEX_POSE C154 0.620511 -0.559983 -0.902612 -0.430455 0.430455 -0.902612
VERTEX_POSE C155 -0.994565 0.093957 -0.918355 0.395759 0.395759 0.918355
VERTEX_POSE C156 0.798955 -0.331554 -0.897231 0.441561 -0.441561 -0.897231
VERTEX_POSE C157 0.936023 0.043526 -0.412569 0.910926 0.910926 0.412569
VERTEX_POSE C158 -0.764186 -0.787057 0.997541 -0.070083 -0.070083 -0.997541
VERTEX_POSE C159 -0.882336 0.819655 -0.913095 -0.407747 -0.407747 0.913095
VERTEX_POSE C160 0.067793 0.735731 0.996185 0.087270 -0.087270 0.996185
VERTEX_POSE C161 -0.753237 0.999223 -0.603107 -0.797660 0.797660 -0.603107
VERTEX_POSE C162 0.656988 0.433211 0.267310 -0.963611 0.963611 0.267310
VERTEX_POSE C163 -0.536793 0.198555 -0.962764 -0.270343 -0.270343 0.962764
VERTEX_POSE C164 0.574373 -0.569486 -0.762588 0.646884 0.646884 0.762588
VERTEX_POSE C165 -0.538648 0.992920 -0.112048 0.993703 0.993703 0.112048
VERTEX_POSE C166 -0.459173 0.072334 -0.811635 0.584165 -0.584165 -0.811635
VERTEX_POSE C167 0.484564 0.923597 0.984643 0.174582 0.174582 -0.984643
VERTEX_POSE C168 0.977241 0.198403 0.987971 -0.154639 -0.154639 -0.987971
VERTEX_POSE C169 -0.154046 0.934438 -0.794859 0.606795 -0.606795 -0.794859
VERTEX_POSE C170 0.212175 -0.488976 0.750895 -0.660421 -0.660421 -0.750895
VERTEX_POSE C171 0.245300 -0.104579 -0.746069 0.665869 0.665869 0.746069
VERTEX_POSE C172 -0.222726 -0.508631 -0.670362 0.742034 0.742034 0.670362
VERTEX_POSE C173 0.871147 0.197858 0.330830 -0.943690 0.943690 0.330830
VERTEX_POSE C174 -0.263424 -0.418496 0.792865 0.609397 0.609397 -0.792865
VERTEX_POSE C175 -0.449617 -0.809335 -0.691504 -0.722372 0.722372 -0.691504
VERTEX_POSE C176 0.181871 -0.799749 -0.277017 0.960865 -0.960865 -0.277017
VERTEX_POSE C177 -0.189238 -0.155087 0.662542 -0.749025 0.749025 0.662542
VERTEX_POSE C178 0.916052 0.439348 -0.012172 0.999926 0.999926 0.012172
VERTEX_POSE C179 -0.657659 -0.365359 -0.743544 0.668687 0.668687 0.743544
VERTEX_POSE C180 -0.766307 0.288809 0.669827 0.742517 -0.742517 0.669827
VERTEX_POSE C181 0.412842 0.418370 0.100267 0.994961 -0.994961 0.100267
VERTEX_POSE C182 0.752839 0.973940 -0.937880 0.346960 0.346960 0.937880
VERTEX_POSE C183 -0.560167 0.068801 -0.461693 -0.887040 0.887040 -0.461693
VERTEX_POSE C184 0.141203 0.854255 0.798276 0.602292 0.602292 -0.798276
VERTEX_POSE C185 0.373349 -0.586042 -0.964278 0.264894 -0.264894 -0.964278
VERTEX_POSE C186 -0.554732 -0.837243 -0.986381 -0.164474 0.164474 -0.986381
VERTEX_POSE C187 -0.059842 -0.477299 -0.941366 0.337388 -0.337388 -0.941366
VERTEX_POSE C188 0.309372 0.457484 -0.899719 0.436470 0.436470 0.899719
VERTEX_POSE C189 -0.318918 -0.624299 -0.268513 0.963276 -0.963276 -0.268513
VERTEX_POSE C190 0.057822 -0.657644 -0.806327 0.591470 0.591470 0.806327
VERTEX_POSE C191 -0.622835 0.193215 -0.869049 0.494727 0.494727 0.869049
VERTEX_POSE C192 -0.072155 -0.625077 -0.355411 0.934710 -0.934710 -0.355411
VERTEX_POSE C193 -0.285190 0.775567 0.944442 0.328678 -0.328678 0.944442
VERTEX_POSE C194 -0.159628 -0.608230 -0.300496 0.953783 -0.953783 -0.300496
VERTEX_POSE C195 -0.497782 -0.194563 0.265700 0.964056 -0.964056 0.265700
VERTEX_POSE C196 0.176162 0.768486 -0.279443 -0.960162 -0.960162 0.279443
VERTEX_POSE C197 0.381199 0.464103 0.788060 0.615598 -0.615598 0.788060
VERTEX_POSE C198 0.986782 -0.270966 0.618614 -0.785695 -0.785695 -0.618614
VERTEX_POSE D0 0.153403 -0.033111 0.835524 -0.549454 0.549454 0.835524
VERTEX_POSE D1 -0.772848 0.398541 0.999626 -0.027357 -0.027357 -0.999626
VERTEX_POSE D2 0.198956 0.240058 0.665115 0.746741 -0.746741 0.665115
VERTEX_POSE D3 -0.601296 0.862310 -0.702322 0.711860 -0.711860 -0.702322
VERTEX_POSE D4 0.004426 0.889910 -0.717176 -0.696892 -0.696892 0.717176
VERTEX_POSE D5 0.070104 -0.562084 -0.866558 -0.499076 0.499076 -0.866558
VERTEX_POSE D6 0.135279 -0.556186 -0.841043 -0.540968 -0.540968 0.841043
VERTEX_POSE D7 0.554809 -0.919425 -0.828256 -0.560349 0.560349 -0.828256
VERTEX_POSE D8 -0.748025 -0.361833 0.993337 -0.115242 0.115242 0.993337
VERTEX_POSE D9 0.946041 0.288727 0.955420 -0.295249 0.295249 0.955420
VERTEX_POSE D10 0.470862 0.519924 -0.949713 -0.313122 0.313122 -0.949713
VERTEX_POSE D11 -0.405684 0.272808 -0.986597 0.163174 -0.163174 -0.986597
VERTEX_POSE D12 -0.820266 -0.422464 -0.190787 0.981631 0.981631 0.190787
VERTEX_POSE D13 -0.116297 -0.061706 0.924788 -0.380483 -0.380483 -0.924788
VERTEX_POSE D14 -0.652845 0.246748 -0.687962 -0.725747 -0.725747 0.687962
VERTEX_POSE D15 -0.380433 0.646337 0.366962 0.930236 -0.930236 0.366962
VERTEX_POSE D16 -0.975094 -0.207451 -0.012701 -0.999919 0.999919 -0.012701
VERTEX_POSE D17 0.720504 0.660706 -0.856704 0.515809 0.515809 0.856704
VERTEX_POSE D18 0.064836 0.809094 -0.915439 -0.402456 -0.402456 0.915439
VERTEX_POSE D19 -0.034936 0.315250 -0.268871 -0.963176 0.963176 -0.268871
VERTEX_POSE D20 0.029876 0.118190 -0.029905 0.999553 0.999553 0.029905
VERTEX_POSE D21 0.745918 -0.815205 0.876880 0.480709 0.480709 -0.876880
VERTEX_POSE D22 -0.977113 0.657606 -0.183830 -0.982958 -0.982958 0.183830
VERTEX_POSE D23 0.407042 -0.688595 -0.613440 -0.789742 -0.789742 0.613440
VERTEX_POSE D24 -0.326237 -0.440282 0.150496 -0.988611 -0.988611 -0.150496
VERTEX_POSE D25 -0.262304 0.433173 0.979137 -0.203202 0.203202 0.979137
VERTEX_POSE D26 -0.752587 -0.296826 0.642991 0.765874 -0.765874 0.642991
VERTEX_POSE D27 0.175981 0.365155 0.693304 0.720645 0.720645 -0.693304
VERTEX_POSE D28 0.913858 0.201659 0.533916 0.845538 -0.845538 0.533916
VERTEX_POSE D29 0.628612 -0.832722 -0.652310 0.757953 -0.757953 -0.652310
VERTEX_POSE D30 0.162762 -0.905811 0.885658 -0.464339 -0.464339 -0.885658
VERTEX_POSE D31 0.067261 -0.831452 -0.975484 -0.220070 0.220070 -0.975484
VERTEX_POSE D32 0.855764 0.565819 0.820295 0.571940 0.571940 -0.820295
VERTEX_POSE D33 -0.638281 0.334246 0.648665 0.761074 0.761074 -0.648665
VERTEX_POSE D34 0.465965 -0.969142 0.982382 -0.186885 0.186885 0.982382
VERTEX_POSE D35 -0.139809 0.455729 -0.999640 0.026819 -0.026819 -0.999640
VERTEX_POSE D36 0.431823 0.772162 0.944136 -0.329555 -0.329555 -0.944136
VERTEX_POSE D37 -0.398756 -0.525328 -0.401011 -0.916073 -0.916073 0.401011
VERTEX_POSE D38 -0.585000 0.536305 -0.944957 -0.327195 0.327195 -0.944957
VERTEX_POSE D39 0.683797 -0.589671 -0.930392 -0.366565 -0.366565 0.930392
VERTEX_POSE D40 -0.452715 0.763399 0.526707 -0.850047 0.850047 0.526707
VERTEX_POSE D41 0.885861 0.056229 -0.883590 -0.468261 0.468261 -0.883590
VERTEX_POSE D42 -0.721886 0.683137 -0.435382 -0.900246 0.900246 -0.435382
VERTEX_POSE D43 -0.272980 -0.659065 -0.863092 0.505046 -0.505046 -0.863092
VERTEX_POSE D44 -0.230435 0.994523 0.309670 -0.950844 -0.950844 -0.309670
VERTEX_POSE D45 -0.374732 -0.070115 -0.611872 -0.790957 0.790957 -0.611872
VERTEX_POSE D46 0.346587 0.987272 0.948520 0.316717 0.316717 -0.948520
VERTEX_POSE D47 -0.205529 -0.212928 0.881985 -0.471278 -0.471278 -0.881985
VERTEX_POSE D48 -0.654228 -0.409409 -0.970061 -0.242863 0.242863 -0.970061
VERTEX_POSE D49 -0.588577 0.796366 -0.772259 0.635308 0.635308 0.772259
VERTEX_POSE D50 0.759535 -0.897678 -0.925399 -0.378994 -0.378994 0.925399
VERTEX_POSE D51 0.375649 0.708781 0.528218 -0.849109 0.849109 0.528218
VERTEX_POSE D52 -0.842659 0.981160 0.639472 0.768815 -0.768815 0.639472
VERTEX_POSE D53 0.782421 0.759929 -0.202145 -0.979356 -0.979356 0.202145
VERTEX_POSE D54 -0.217310 -0.979814 -0.141601 0.989924 -0.989924 -0.141601
VERTEX_POSE D55 -0.168896 -0.459122 0.843977 -0.536379 0.536379 0.843977
VERTEX_POSE D56 -0.479882 0.193102 0.994808 0.101768 0.101768 -0.994808
VERTEX_POSE D57 0.030104 -0.276640 -0.638217 -0.769856 -0.769856 0.638217
VERTEX_POSE D58 -0.992915 0.906033 0.985961 0.166975 0.166975 -0.985961
VERTEX_POSE D59 -0.566024 -0.605239 0.895695 0.444670 -0.444670 0.895695
VERTEX_POSE D60 -0.341284 -0.109362 -0.532778 0.846255 0.846255 0.532778
VERTEX_POSE D61 0.169847 -0.999779 0.755072 -0.655642 -0.655642 -0.755072
VERTEX_POSE D62 0.501237 -0.436691 -0.598524 -0.801105 -0.801105 0.598524
VERTEX_POSE D63 -0.485520 -0.543543 0.670082 0.742288 0.742288 -0.670082
VERTEX_POSE D64 0.531566 0.334468 0.986538 0.163534 0.163534 -0.986538
VERTEX_POSE D65 -0.032798 -0.405832 -0.162424 -0.986721 -0.986721 0.162424
VERTEX_POSE D66 0.374671 0.912187 -0.495359 0.868688 0.868688 0.495359
VERTEX_POSE D67 -0.036611 0.106630 0.604063 -0.796937 -0.796937 -0.604063
VERTEX_POSE D68 0.568447 0.068840 0.624787 -0.780795 0.780795 0.624787
VERTEX_POSE D69 0.789671 0.448491 -0.982017 -0.188794 -0.188794 0.982017
VERTEX_POSE D70 -0.352814 0.516959 0.720107 -0.693863 -0.693863 -0.720107
VERTEX_POSE D71 -0.884268 -0.167761 -0.367537 0.930009 0.930009 0.367537
VERTEX_POSE D72 0.675532 -0.495280 0.996644 0.081858 -0.081858 0.996644
VERTEX_POSE D73 -0.074700 0.200096 0.982283 0.187402 0.187402 -0.982283
VERTEX_POSE D74 -0.157248 0.173174 0.566044 0.824375 -0.824375 0.566044
VERTEX_POSE D75 -0.554903 -0.500758 -0.635020 -0.772496 -0.772496 0.635020
VERTEX_POSE D76 0.550568 -0.870019 0.481180 0.876622 0.876622 -0.481180
VERTEX_POSE D77 -0.810661 0.160446 -0.035951 0.999354 0.999354 0.035951
VERTEX_POSE D78 0.239567 0.286315 -0.440430 -0.897787 -0.897787 0.440430
VERTEX_POSE D79 0.896340 -0.279428 -0.139471 0.990226 0.990226 0.139471
VERTEX_POSE D80 -0.399239 -0.043189 0.789883 0.613257 0.613257 -0.789883
VERTEX_POSE D81 -0.000898 0.388637 0.533000 -0.846115 -0.846115 -0.533000
VERTEX_POSE D82 0.271989 -0.570647 0.695886 -0.718153 0.718153 0.695886
VERTEX_POSE D83 -0.241898 -0.062028 -0.724496 0.689279 0.689279 0.724496
VERTEX_POSE D84 -0.218476 0.148566 -0.743610 0.668614 -0.668614 -0.743610
VERTEX_POSE D85 -0.945321 -0.550461 0.963567 -0.267465 -0.267465 -0.963567
VERTEX_POSE D86 0.589206 0.478850 0.257976 -0.966151 -0.966151 -0.257976
VERTEX_POSE D87 0.301642 -0.658332 0.133572 -0.991039 0.991039 0.133572
VERTEX_POSE D88 0.084783 0.172900 0.120527 -0.992710 -0.992710 -0.120527
VERTEX_POSE D89 0.596291 0.384883 -0.710495 -0.703702 0.703702 -0.710495
VERTEX_POSE D90 0.735618 -0.263571 0.999976 -0.006874 0.006874 0.999976
VERTEX_POSE D91 0.743499 -0.936462 0.333963 0.942586 -0.942586 0.333963
VERTEX_POSE D92 -0.233862 0.385104 0.791535 -0.611124 -0.611124 -0.791535
VERTEX_POSE D93 0.236855 0.299738 0.082697 -0.996575 -0.996575 -0.082697
VERTEX_POSE D94 -0.742021 -0.480005 -0.837431 -0.546543 0.546543 -0.837431
VERTEX_POSE D95 -0.702296 -0.280428 -0.717339 0.696725 -0.696725 -0.717339
VERTEX_POSE D96 -0.795942 0.893906 -0.382491 -0.923959 -0.923959 0.382491
VERTEX_POSE D97 0.632650 -0.567818 0.794212 0.607641 0.607641 -0.794212
VERTEX_POSE D98 0.261092 0.826202 -0.346719 -0.937969 0.937969 -0.346719
VERTEX_POSE D99 0.772504 -0.037254 0.742025 0.670373 0.670373 -0.742025
VERTEX_POSE D100 0.422321 0.880673 0.956701 0.291074 0.291074 -0.956701
VERTEX_POSE D101 0.908279 0.343161 -0.860933 -0.508718 -0.508718 0.860933
VERTEX_POSE D102 0.888236 0.794985 0.896666 0.442707 0.442707 -0.896666
VERTEX_POSE D103 0.097853 -0.614607 0.435329 -0.900271 0.900271 0.435329
VERTEX_POSE D104 -0.166422 -0.456743 0.753515 -0.657431 0.657431 0.753515
VERTEX_POSE D105 -0.269012 -0.031842 -0.528418 0.848984 -0.848984 -0.528418
VERTEX_POSE D106 0.542949 -0.115365 0.560452 -0.828187 -0.828187 -0.560452
VERTEX_POSE D107 -0.615853 -0.326762 -0.739549 0.673102 0.673102 0.739549
VERTEX_POSE D108 -0.079674 -0.871396 -0.719225 -0.694778 -0.694778 0.719225
VERTEX_POSE D109 -0.217483 -0.829050 -0.109318 -0.994007 -0.994007 0.109318
VERTEX_POSE D110 -0.719513 0.393810 -0.299551 0.954080 0.954080 0.299551
VERTEX_POSE D111 0.521088 0.085415 0.110748 -0.993848 0.993848 0.110748
VERTEX_POSE D112 0.781619 0.559587 0.884684 0.466191 -0.466191 0.884684
VERTEX_POSE D113 0.552476 0.823164 0.793662 -0.608359 -0.608359 -0.793662
VERTEX_POSE D114 -0.720810 -0.976613 -0.815192 0.579190 0.579190 0.815192
VERTEX_POSE D115 -0.436857 -0.291848 -0.865038 0.501706 -0.501706 -0.865038
VERTEX_POSE D116 0.607156 -0.727297 -0.868672 -0.495388 -0.495388 0.868672
VERTEX_POSE D117 0.868396 0.502237 0.377735 -0.925914 -0.925914 -0.377735
VERTEX_POSE D118 0.864785 0.049820 -0.946232 -0.323489 0.323489 -0.946232
VERTEX_POSE D119 -0.308061 0.445603 -0.150753 -0.988571 -0.988571 0.150753
VERTEX_POSE D120 0.464687 -0.112880 0.323192 0.946333 0.946333 -0.323192
VERTEX_POSE D121 0.600402 0.786249 -0.976817 -0.214074 0.214074 -0.976817
VERTEX_POSE D122 -0.564562 0.509141 0.957937 0.286979 0.286979 -0.957937
VERTEX_POSE D123 -0.769176 -0.727776 -0.213770 0.976884 0.976884 0.213770
VERTEX_POSE E0 -0.162742 0.085987 0.723653 0.690164 0.690164 -0.723653
VERTEX_POSE E1 -0.306583 -0.970864 0.980701 -0.195516 0.195516 0.980701
VERTEX_POSE E2 -0.471472 -0.008205 -0.799824 0.600235 0.600235 0.799824
VERTEX_POSE E3 0.041315 -0.020107 0.600319 -0.799761 -0.799761 -0.600319
VERTEX_POSE E4 -0.673933 -0.538682 0.999139 0.041493 0.041493 -0.999139
VERTEX_POSE E5 0.789621 -0.182003 -0.443264 0.896391 -0.896391 -0.443264
VERTEX_POSE E6 -0.186180 0.942639 -0.988985 -0.148014 -0.148014 0.988985
VERTEX_POSE E7 0.748387 -0.658009 0.534391 0.845238 0.845238 -0.534391
VERTEX_POSE E8 0.697899 -0.838842 -0.567553 -0.823337 0.823337 -0.567553
VERTEX_POSE E9 -0.297944 0.737624 0.711004 0.703188 0.703188 -0.711004
VERTEX_POSE E10 -0.153760 -0.272616 -0.609685 0.792644 -0.792644 -0.609685
VERTEX_POSE E11 -0.468522 -0.295585 -0.377047 -0.926194 0.926194 -0.377047
VERTEX_POSE E12 0.433043 -0.294218 0.910756 0.412944 0.412944 -0.910756
VERTEX_POSE E13 -0.610811 0.612019 -0.921850 0.387547 -0.387547 -0.921850
VERTEX_POSE E14 -0.084376 0.377652 -0.225329 -0.974283 -0.974283 0.225329
VERTEX_POSE E15 -0.646630 -0.165614 -0.783140 0.621846 -0.621846 -0.783140
VERTEX_POSE E16 0.171706 0.782969 0.923540 -0.383503 -0.383503 -0.923540
VERTEX_POSE E17 0.196111 -0.228537 -0.507864 0.861437 0.861437 0.507864
VERTEX_POSE E18 0.874458 0.919802 -0.767373 0.641201 0.641201 0.767373
VERTEX_POSE E19 -0.046675 0.342556 -0.701961 -0.712216 0.712216 -0.701961
VERTEX_POSE E20 -0.251413 -0.405374 -0.513084 0.858339 -0.858339 -0.513084
VERTEX_POSE E21 -0.846352 0.943189 0.834888 0.550420 0.550420 -0.834888
VERTEX_POSE E22 0.516468 -0.949292 0.116535 -0.993187 -0.993187 -0.116535
VERTEX_POSE E23 -0.644257 -0.132671 -0.996058 -0.088702 0.088702 -0.996058
VERTEX_POSE E24 -0.977956 0.445426 0.402372 -0.915476 -0.915476 -0.402372
VERTEX_POSE E25 0.381253 0.100528 -0.908224 -0.418483 -0.418483 0.908224
VERTEX_POSE E26 0.047681 -0.687068 -0.978442 0.206519 -0.206519 -0.978442
VERTEX_POSE E27 0.486731 -0.667454 -0.694310 0.719676 -0.719676 -0.694310
VERTEX_POSE E28 -0.018345 -0.113223 -0.779074 0.626932 -0.626932 -0.779074
VERTEX_POSE E29 0.483119 0.822073 -0.990295 -0.138981 -0.138981 0.990295
VERTEX_POSE E30 0.717555 -0.395231 0.946344 -0.323161 0.323161 0.946344
VERTEX_POSE E31 0.818913 0.972765 -0.910693 -0.413084 0.413084 -0.910693
VERTEX_POSE E32 -0.823464 0.851209 0.894604 -0.446859 0.446859 0.894604
VERTEX_POSE E33 -0.753917 0.596565 -0.180174 -0.983635 0.983635 -0.180174
VERTEX_POSE E34 -0.139772 -0.047342 -0.903878 0.427791 0.427791 0.903878
VERTEX_POSE E35 -0.497397 -0.687473 -0.889905 0.456145 0.456145 0.889905
VERTEX_POSE E36 -0.964296 -0.585438 0.079641 -0.996824 -0.996824 -0.079641
VERTEX_POSE E37 0.674048 -0.104703 0.886964 -0.461839 -0.461839 -0.886964
VERTEX_POSE E38 -0.749010 -0.345482 0.496621 -0.867968 -0.867968 -0.496621
VERTEX_POSE E39 0.733603 -0.424280 -0.906307 0.422620 0.422620 0.906307
VERTEX_POSE E40 -0.623896 -0.367079 -0.841814 -0.539768 -0.539768 0.841814
VERTEX_POSE E41 0.097230 0.381902 -0.994477 -0.104955 -0.104955 0.994477
VERTEX_POSE E42 -0.734919 0.280134 0.998955 0.045697 -0.045697 0.998955
VERTEX_POSE E43 0.809147 0.338703 0.291418 -0.956596 -0.956596 -0.291418
VERTEX_POSE E44 0.486419 -0.006079 0.429822 -0.902913 -0.902913 -0.429822
VERTEX_POSE E45 0.180705 -0.342213 0.823597 0.567175 -0.567175 0.823597
VERTEX_POSE E46 -0.837483 -0.826911 0.999524 0.030839 0.030839 -0.999524
VERTEX_POSE E47 -0.341875 -0.223110 -0.865858 0.500290 -0.500290 -0.865858
VERTEX_POSE E48 -0.623184 0.429249 -0.941470 -0.337098 0.337098 -0.941470
VERTEX_POSE E49 -0.963025 -0.907109 0.999353 0.035967 -0.035967 0.999353
VERTEX_POSE E50 0.611450 -0.880554 -0.998108 0.061493 -0.061493 -0.998108
VERTEX_POSE E51 0.125404 -0.976124 -0.782896 -0.622153 -0.622153 0.782896
VERTEX_POSE E52 -0.809377 -0.963920 0.595813 0.803123 -0.803123 0.595813
VERTEX_POSE E53 0.127918 -0.829846 0.284759 -0.958599 -0.958599 -0.284759
VERTEX_POSE E54 0.481146 -0.108795 -0.716098 0.697999 0.697999 0.716098
VERTEX_POSE E55 -0.787333 0.481506 -0.939348 0.342966 -0.342966 -0.939348
VERTEX_POSE E56 -0.490829 0.270682 0.866939 -0.498414 0.498414 0.866939
VERTEX_POSE E57 -0.471172 0.204136 -0.424784 -0.905295 -0.905295 0.424784
VERTEX_POSE E58 0.699398 0.814051 -0.880443 -0.474152 0.474152 -0.880443
VERTEX_POSE E59 0.490826 -0.842541 -0.645540 -0.763726 -0.763726 0.645540
VERTEX_POSE E60 -0.988053 0.026209 0.308508 -0.951222 0.951222 0.308508
VERTEX_POSE E61 0.416953 -0.581180 -0.886194 -0.463314 0.463314 -0.886194
VERTEX_POSE E62 0.309738 -0.869776 0.675619 -0.737251 0.737251 0.675619
VERTEX_POSE E63 -0.811517 -0.122582 0.482158 0.876084 -0.876084 0.482158
VERTEX_POSE E64 0.663037 -0.984615 0.803483 -0.595328 0.595328 0.803483
VERTEX_POSE E65 -0.830033 0.082882 0.043921 0.999035 -0.999035 0.043921
VERTEX_POSE E66 -0.308915 0.189945 -0.311906 0.950113 0.950113 0.311906
VERTEX_POSE E67 0.698741 -0.570053 0.965107 -0.261857 0.261857 0.965107
VERTEX_POSE E68 0.844015 0.978179 0.609381 -0.792878 -0.792878 -0.609381
VERTEX_POSE E69 -0.057925 0.844463 -0.312194 0.950018 -0.950018 -0.312194
VERTEX_POSE E70 0.432344 0.005666 0.922163 -0.386802 -0.386802 -0.922163
VERTEX_POSE E71 -0.779882 -0.388901 -0.999880 0.015513 -0.015513 -0.999880
VERTEX_POSE E72 -0.960695 0.226366 0.916258 -0.400589 0.400589 0.916258
VERTEX_POSE E73 0.697425 -0.714199 0.647271 -0.762260 -0.762260 -0.647271
VERTEX_POSE E74 -0.970735 0.949802 -0.620260 -0.784396 -0.784396 0.620260
VERTEX_POSE E75 0.525724 -0.779713 0.825969 0.563716 -0.563716 0.825969
VERTEX_POSE E76 -0.121870 -0.056412 0.657651 0.753323 -0.753323 0.657651
VERTEX_POSE E77 -0.808218 -0.877109 0.880513 -0.474022 -0.474022 -0.880513
VERTEX_POSE E78 -0.816151 -0.002823 0.738303 0.674469 0.674469 -0.738303
VERTEX_POSE E79 0.254947 -0.627163 -0.981315 -0.192410 0.192410 -0.981315
VERTEX_POSE E80 -0.771243 -0.784219 -0.377985 0.925812 0.925812 0.377985
VERTEX_POSE E81 0.795299 0.116623 -0.154404 0.988008 -0.988008 -0.154404
VERTEX_POSE E82 -0.619649 -0.603287 0.028078 -0.999606 -0.999606 -0.028078
VERTEX_POSE E83 -0.580620 -0.748139 -0.825740 -0.564051 -0.564051 0.825740
VERTEX_POSE E84 -0.076783 0.286777 -0.158128 0.987419 0.987419 0.158128
VERTEX_POSE E85 0.861497 0.287917 -0.816318 -0.577602 0.577602 -0.816318
VERTEX_POSE E86 -0.367953 0.733366 -0.767749 -0.640751 0.640751 -0.767749
VERTEX_POSE E87 0.432388 -0.442540 0.581432 -0.813595 0.813595 0.581432
VERTEX_POSE E88 -0.609675 -0.507946 0.728378 0.685176 -0.685176 0.728378
VERTEX_POSE E89 -0.668555 0.547418 0.377174 -0.926142 -0.926142 -0.377174
VERTEX_POSE E90 -0.076787 -0.285081 -0.365886 -0.930660 -0.930660 0.365886
VERTEX_POSE E91 -0.597728 0.518263 0.369485 0.929237 -0.929237 0.369485
VERTEX_POSE E92 0.748398 0.966238 0.998165 -0.060555 -0.060555 -0.998165
VERTEX_POSE E93 -0.767048 -0.154857 0.905181 0.425027 -0.425027 0.905181
VERTEX_POSE E94 -0.409246 -0.604319 0.928745 -0.370718 -0.370718 -0.928745
VERTEX_POSE E95 0.411435 0.981623 -0.188324 0.982107 -0.982107 -0.188324
VERTEX_POSE E96 -0.597082 0.928025 0.919594 0.392870 0.392870 -0.919594
VERTEX_POSE E97 0.281840 0.585626 0.925491 0.378770 -0.378770 0.925491
VERTEX_POSE E98 0.110176 -0.588430 -0.053063 0.998591 0.998591 0.053063
VERTEX_POSE E99 -0.753067 0.906204 0.833894 0.551924 -0.551924 0.833894
VERTEX_POSE E100 -0.776085 0.430089 -0.361098 0.932528 -0.932528 -0.361098
VERTEX_POSE E101 -0.457480 0.417236 -0.699312 0.714816 0.714816 0.699312
VERTEX_POSE E102 -0.532949 -0.482697 -0.555857 0.831278 0.831278 0.555857
VERTEX_POSE E103 -0.736780 -0.343545 0.531091 0.847315 -0.847315 0.531091
VERTEX_POSE E104 -0.760055 0.703037 0.329851 -0.944033 -0.944033 -0.329851
VERTEX_POSE E105 -0.503684 -0.532895 -0.880461 -0.474118 0.474118 -0.880461
VERTEX_POSE E106 0.788944 -0.123259 -0.857164 0.515043 0.515043 0.857164
VERTEX_POSE E107 0.118075 -0.353375 -0.998666 0.051635 0.051635 0.998666
VERTEX_POSE E108 -0.311901 -0.410004 0.488276 -0.872689 -0.872689 -0.488276
VERTEX_POSE E109 0.972793 0.873919 -0.920374 -0.391038 -0.391038 0.920374
VERTEX_POSE E110 -0.626978 0.019462 -0.897029 0.441971 -0.441971 -0.897029
VERTEX_POSE E111 -0.083144 -0.194222 -0.839260 -0.543730 -0.543730 0.839260
VERTEX_POSE E112 0.768092 -0.009458 -0.796726 0.604341 -0.604341 -0.796726
VERTEX_POSE E113 -0.246627 0.416174 0.728527 0.685017 0.685017 -0.728527
VERTEX_POSE E114 0.336236 0.057639 0.520116 -0.854095 -0.854095 -0.520116
VERTEX_POSE E115 -0.308690 -0.722681 -0.384296 0.923210 -0.923210 -0.384296
VERTEX_POSE E116 -0.385131 -0.295909 -0.990237 0.139396 -0.139396 -0.990237
VERTEX_POSE E117 0.968283 -0.208995 -0.406047 -0.913852 0.913852 -0.406047
VERTEX_POSE E118 -0.876303 -0.165221 0.835674 -0.549225 0.549225 0.835674
VERTEX_POSE E119 0.005194 0.196145 -0.221096 0.975252 -0.975252 -0.221096
VERTEX_POSE E120 -0.700272 -0.661577 -0.671818 -0.740716 -0.740716 0.671818
VERTEX_POSE E121 0.046911 0.549698 -0.306776 0.951782 0.951782 0.306776
VERTEX_POSE E122 0.407466 -0.285593 -0.696137 0.717909 0.717909 0.696137
VERTEX_POSE E123 -0.951874 -0.695339 -0.973258 0.229716 -0.229716 -0.973258
VERTEX_POSE E124 0.279863 -0.605159 0.999985 0.005399 0.005399 -0.999985
VERTEX_POSE E125 0.998220 0.110088 -0.050811 0.998708 0.998708 0.050811
VERTEX_POSE E126 0.459561 -0.713716 0.975326 -0.220768 -0.220768 -0.975326
VERTEX_POSE E127 0.682781 -0.677134 -0.743595 0.668631 0.668631 0.743595
VERTEX_POSE E128 0.280060 -0.304286 0.540350 0.841441 0.841441 -0.540350
VERTEX_POSE E129 -0.430263 -0.302147 -0.359422 0.933175 0.933175 0.359422
VERTEX_POSE E130 0.929714 -0.770930 -0.925064 -0.379811 0.379811 -0.925064
VERTEX_POSE E131 0.503975 -0.874197 0.737079 -0.675807 -0.675807 -0.737079
VERTEX_POSE E132 0.112257 -0.884910 0.974439 0.224654 -0.224654 0.974439
VERTEX_POSE E133 -0.603235 -0.253626 -0.541619 -0.840624 -0.840624 0.541619
VERTEX_POSE E134 0.767195 -0.217743 0.362261 0.932077 0.932077 -0.362261
VERTEX_POSE E135 0.352201 0.818127 -0.736596 0.676333 -0.676333 -0.736596
VERTEX_POSE E136 -0.106918 0.213479 0.999909 -0.013469 -0.013469 -0.999909
VERTEX_POSE E137 0.556139 0.658999 0.671125 0.741344 0.741344 -0.671125
VERTEX_POSE E138 -0.529724 -0.535249 0.114438 0.993430 0.993430 -0.114438
VERTEX_POSE E139 0.581180 0.803475 -0.202880 0.979204 -0.979204 -0.202880
VERTEX_POSE E140 0.528933 0.532918 -0.993228 -0.116179 0.116179 -0.993228
VERTEX_POSE E141 -0.156702 0.484213 0.386728 -0.922194 -0.922194 -0.386728
VERTEX_POSE E142 -0.501964 -0.390747 -0.999225 0.039374 0.039374 0.999225
VERTEX_POSE E143 0.297025 -0.476540 -0.898788 -0.438383 0.438383 -0.898788
VERTEX_POSE E144 0.596671 -0.099613 -0.577832 0.816156 0.816156 0.577832
VERTEX_POSE E145 0.834272 0.666892 -0.306307 -0.951933 0.951933 -0.306307
VERTEX_POSE E146 0.988334 -0.199221 0.819653 -0.572861 0.572861 0.819653
VERTEX_POSE E147 -0.788460 0.604479 0.985317 0.170735 -0.170735 0.985317
VERTEX_POSE E148 0.802555 -0.542103 0.420103 -0.907477 0.907477 0.420103
VERTEX_POSE E149 -0.887968 0.635558 0.595016 -0.803714 0.803714 0.595016
VERTEX_POSE E150 0.216734 -0.199377 0.541557 0.840664 -0.840664 0.541557
VERTEX_POSE E151 -0.897717 -0.203680 -0.956572 -0.291497 0.291497 -0.956572
VERTEX_POSE E152 0.158943 0.185256 0.201712 0.979445 -0.979445 0.201712
VERTEX_POSE E153 -0.375800 0.515031 -0.577428 -0.816442 -0.816442 0.577428
VERTEX_POSE E154 -0.849590 0.100981 0.303526 0.952823 0.952823 -0.303526
VERTEX_POSE E155 -0.561195 0.580097 0.835106 -0.550089 -0.550089 -0.835106
VERTEX_POSE E156 -0.377580 -0.374881 -0.927177 -0.374624 0.374624 -0.927177
VERTEX_POSE E157 0.609971 0.387264 0.711133 -0.703058 -0.703058 -0.711133
VERTEX_POSE E158 -0.878414 0.902964 -0.062298 0.998058 0.998058 0.062298
VERTEX_POSE E159 0.902479 0.320833 0.691413 0.722460 -0.722460 0.691413
VERTEX_POSE E160 -0.820292 -0.914882 -0.984929 0.172958 -0.172958 -0.984929
VERTEX_POSE E161 -0.948700 -0.867966 0.082918 0.996556 -0.996556 0.082918
VERTEX_POSE E162 0.406454 0.446635 0.154712 0.987960 0.987960 -0.154712
VERTEX_POSE E163 0.291965 -0.799792 0.307179 -0.951652 0.951652 0.307179
VERTEX_POSE E164 -0.551935 -0.121592 0.300374 -0.953821 -0.953821 -0.300374
VERTEX_POSE E165 0.173649 -0.771107 -0.986383 0.164467 -0.164467 -0.986383
VERTEX_POSE E166 -0.355834 -0.981666 -0.999872 0.015993 -0.015993 -0.999872
VERTEX_POSE E167 0.341147 -0.908113 0.833671 0.552262 -0.552262 0.833671
VERTEX_POSE E168 -0.270211 0.887892 0.924683 -0.380738 0.380738 0.924683
VERTEX_POSE E169 0.114443 -0.516914 0.991143 -0.132795 -0.132795 -0.991143
VERTEX_POSE E170 -0.077673 0.895363 -0.592088 0.805874 0.805874 0.592088
VERTEX_POSE E171 -0.741279 0.420809 0.464496 0.885575 -0.885575 0.464496
VERTEX_POSE E172 0.957741 0.967299 0.163882 -0.986480 0.986480 0.163882
VERTEX_POSE E173 0.420363 -0.495384 0.960272 0.279067 -0.279067 0.960272
VERTEX_POSE E174 0.555746 0.944269 0.762792 0.646644 -0.646644 0.762792
VERTEX_POSE E175 0.554412 -0.132314 -0.572467 -0.819928 0.819928 -0.572467
VERTEX_POSE E176 0.254635 -0.828492 0.354112 0.935203 0.935203 -0.354112
VERTEX_POSE E177 0.544080 -0.254952 0.947511 0.319724 -0.319724 0.947511
VERTEX_POSE E178 0.765952 -0.527836 -0.865379 0.501118 -0.501118 -0.865379
VERTEX_POSE E179 0.057190 -0.370595 0.841607 -0.540090 -0.540090 -0.841607
VERTEX_POSE E180 0.656112 -0.619394 0.763735 -0.645530 0.645530 0.763735
VERTEX_POSE E181 -0.017313 0.272788 0.842445 0.538782 0.538782 -0.842445
VERTEX_POSE E182 0.159474 0.425725 0.755139 0.655565 -0.655565 0.755139
VERTEX_POSE E183 -0.184945 0.565862 0.329852 -0.944033 0.944033 0.329852
VERTEX_POSE E184 0.606887 -0.212181 0.818705 0.574214 0.574214 -0.818705
VERTEX_POSE E185 0.309883 -0.473294 0.076349 -0.997081 0.997081 0.076349
VERTEX_POSE E186 0.253860 0.145959 -0.663381 -0.748281 0.748281 -0.663381
VERTEX_POSE E187 -0.770694 0.412937 -0.100745 0.994912 0.994912 0.100745
VERTEX_POSE E188 -0.080145 0.913970 -0.003366 0.999994 0.999994 0.003366
VERTEX_POSE E189 0.375446 0.048923 0.730893 -0.682492 0.682492 0.730893
VERTEX_POSE E190 -0.868214 -0.266230 -0.960782 -0.277306 0.277306 -0.960782
VERTEX_POSE E191 0.099563 0.999088 0.166925 0.985970 0.985970 -0.166925
VERTEX_POSE E192 0.426746 0.180957 0.997570 -0.069666 -0.069666 -0.997570
VERTEX_POSE E193 0.538240 -0.819595 0.071472 -0.997443 0.997443 0.071472
VERTEX_POSE E194 -0.608472 -0.800704 0.301673 0.953411 -0.953411 0.301673
VERTEX_POSE E195 0.874811 -0.940635 -0.658162 -0.752877 -0.752877 0.658162
VERTEX_POSE E196 -0.288111 -0.590702 -0.799653 0.600462 0.600462 0.799653
VERTEX_POSE E197 0.035694 -0.782370 -0.464207 0.885727 0.885727 0.464207
VERTEX_POSE E198 0.215958 -0.848747 -0.834540 0.550947 0.550947 0.834540
VERTEX_POSE E199 0.441678 -0.702810 0.760062 -0.649850 -0.649850 -0.760062
VERTEX_POSE E200 -0.849864 -0.299284 0.570106 0.821571 -0.821571 0.570106
VERTEX_POSE E201 -0.861715 -0.953385 0.624147 0.781307 0.781307 -0.624147
VERTEX_POSE E202 0.700399 0.717999 0.595226 -0.803559 0.803559 0.595226
VERTEX_POSE E203 -0.892123 -0.331986 0.036326 -0.999340 -0.999340 -0.036326
VERTEX_POSE E204 0.558649 -0.448769 0.339412 -0.940638 -0.940638 -0.339412
VERTEX_POSE E205 0.256145 0.662268 -0.025119 0.999684 -0.999684 -0.025119
VERTEX_POSE E206 0.662289 0.535700 -0.098086 0.995178 0.995178 0.098086
VERTEX_POSE E207 -0.186716 -0.277261 0.811136 0.584858 0.584858 -0.811136
VERTEX_POSE E208 -0.199774 -0.592684 -0.380718 -0.924691 -0.924691 0.380718
VERTEX_POSE E209 0.428241 -0.992135 0.446763 0.894652 -0.894652 0.446763
VERTEX_POSE E210 0.870474 0.352144 -0.672010 -0.740542 0.740542 -0.672010
VERTEX_POSE E211 -0.543662 -0.212079 -0.267445 -0.963573 -0.963573 0.267445
VERTEX_POSE E212 -0.589072 0.280653 0.983247 0.182280 0.182280 -0.983247
VERTEX_POSE E213 0.029948 -0.222131 0.800552 -0.599263 -0.599263 -0.800552
VERTEX_POSE E214 0.271393 -0.646217 0.288976 0.957336 0.957336 -0.288976
VERTEX_POSE E215 -0.982185 -0.931529 0.984642 0.174583 0.174583 -0.984642
VERTEX_POSE E216 -0.660169 0.304574 0.492678 -0.870212 0.870212 0.492678
VERTEX_POSE E217 -0.474748 0.499742 -0.532300 -0.846556 -0.846556 0.532300
VERTEX_POSE E218 -0.752879 0.481408 -0.718418 -0.695612 0.695612 -0.718418
VERTEX_POSE E219 0.259686 0.218544 0.945418 -0.325859 0.325859 0.945418
VERTEX_POSE E220 0.900698 -0.451335 -0.877785 0.479055 0.479055 0.877785
VERTEX_POSE E221 -0.621093 -0.784822 -0.278991 0.960294 0.960294 0.278991
VERTEX_POSE E222 -0.640751 0.217632 0.094032 -0.995569 -0.995569 -0.094032
VERTEX_POSE E223 0.327444 0.729622 0.191565 0.981480 0.981480 -0.191565
VERTEX_POSE E224 0.917147 -0.604416 -0.929720 0.368268 0.368268 0.929720
VERTEX_POSE E225 -0.249224 0.416928 0.485824 -0.874056 0.874056 0.485824
VERTEX_POSE E226 0.202256 0.788987 -0.301442 0.953484 -0.953484 -0.301442
VERTEX_POSE E227 -0.370964 -0.195118 0.571615 0.820522 -0.820522 0.571615
VERTEX_POSE E228 0.786470 0.634558 -0.829877 0.557946 -0.557946 -0.829877
VERTEX_POSE E229 -0.581786 0.940240 -0.982849 -0.184412 0.184412 -0.982849
VERTEX_POSE E230 -0.929286 0.102072 -0.840689 0.541518 -0.541518 -0.840689
VERTEX_POSE E231 0.936606 -0.664726 -0.285692 0.958321 -0.958321 -0.285692
VERTEX_POSE E232 -0.443501 0.986855 0.544381 -0.838838 -0.838838 -0.544381
VERTEX_POSE E233 0.771113 -0.179929 -0.696421 -0.717633 -0.717633 0.696421
VERTEX_POSE E234 -0.955516 0.003288 -0.600298 0.799776 0.799776 0.600298
VERTEX_POSE E235 -0.884852 -0.461914 -0.064994 0.997886 -0.997886 -0.064994
VERTEX_POSE E236 0.027258 -0.517660 -0.714120 0.700023 -0.700023 -0.714120
VERTEX_POSE E237 0.706773 -0.461011 -0.422976 0.906141 0.906141 0.422976
VERTEX_POSE E238 -0.071568 0.260825 -0.645722 0.763572 -0.763572 -0.645722
VERTEX_POSE E239 0.827484 -0.110345 -0.631818 -0.775117 0.775117 -0.631818
VERTEX_POSE E240 0.135014 -0.453146 -0.830699 0.556722 0.556722 0.830699
VERTEX_POSE E241 -0.201094 -0.387031 0.295251 0.955420 0.955420 -0.295251
VERTEX_POSE E242 -0.716178 0.677577 0.927088 0.374844 0.374844 -0.927088
VERTEX_POSE E243 0.545942 0.827506 0.618942 -0.785437 -0.785437 -0.618942
VERTEX_POSE E244 0.828854 0.390838 0.997878 -0.065112 -0.065112 -0.997878
VERTEX_POSE E245 0.555214 -0.968641 0.215078 -0.976597 -0.976597 -0.215078
VERTEX_POSE E246 0.563757 0.895977 -0.999330 -0.036586 0.036586 -0.999330
VERTEX_POSE E247 -0.831315 -0.304587 0.422340 -0.906437 -0.906437 -0.422340
VERTEX_POSE E248 -0.919533 0.531101 -0.546410 -0.837518 0.837518 -0.546410
VERTEX_POSE E249 0.810878 0.377386 -0.638707 0.769450 -0.769450 -0.638707
VERTEX_POSE E250 0.428370 0.913957 -0.547080 -0.837080 0.837080 -0.547080
VERTEX_POSE E251 0.981165 -0.920234 -0.966251 -0.257601 0.257601 -0.966251
VERTEX_POSE E252 -0.810216 0.592564 0.998929 0.046279 0.046279 -0.998929
VERTEX_POSE E253 0.787619 0.131589 0.148655 -0.988889 0.988889 0.148655
VERTEX_POSE E254 0.308609 0.809388 -0.653589 0.756849 0.756849 0.653589
VERTEX_POSE E255 -0.893069 0.988148 -0.259897 0.965636 -0.965636 -0.259897
VERTEX_POSE E256 -0.461605 -0.451482 0.785506 -0.618854 0.618854 0.785506
VERTEX_POSE E257 -0.489135 0.598376 0.357330 -0.933978 0.933978 0.357330
VERTEX_POSE E258 -0.264033 -0.206970 0.461862 -0.886952 -0.886952 -0.461862
VERTEX_POSE E259 -0.675135 -0.816924 -0.177429 -0.984134 0.984134 -0.177429
VERTEX_POSE E260 -0.070921 0.538615 0.934149 -0.356884 -0.356884 -0.934149
VERTEX_POSE E261 -0.193318 0.895102 -0.194555 -0.980892 -0.980892 0.194555
VERTEX_POSE E262 -0.738528 -0.481650 0.942538 -0.334100 -0.334100 -0.942538
VERTEX_POSE E263 0.485579 0.525471 -0.999355 -0.035920 0.035920 -0.999355
VERTEX_POSE E264 -0.422205 -0.284826 -0.704824 0.709382 -0.709382 -0.704824
VERTEX_POSE E265 -0.694045 0.521638 0.972887 -0.231281 -0.231281 -0.972887
VERTEX_POSE E266 0.600727 -0.936443 0.516412 -0.856340 0.856340 0.516412
VERTEX_POSE E267 0.605053 0.197513 0.999232 0.039174 0.039174 -0.999232
VERTEX_POSE E268 -0.987272 -0.939373 0.487223 -0.873278 -0.873278 -0.487223
VERTEX_POSE E269 -0.470842 0.324382 -0.299724 0.954026 -0.954026 -0.299724
VERTEX_POSE E270 0.432537 -0.912831 0.618039 -0.786147 -0.786147 -0.618039
VERTEX_POSE E271 0.147742 -0.392520 0.962387 -0.271683 0.271683 0.962387
VERTEX_POSE E272 0.328064 0.937351 0.139371 -0.990240 -0.990240 -0.139371
VERTEX_POSE E273 0.716359 0.764745 0.722994 -0.690854 -0.690854 -0.722994
VERTEX_POSE E274 -0.306316 -0.565014 -0.978923 -0.204231 0.204231 -0.978923
VERTEX_POSE E275 0.156918 0.328190 -0.659263 0.751913 0.751913 0.659263
VERTEX_POSE E276 0.271574 0.796105 0.371583 0.928400 -0.928400 0.371583
VERTEX_POSE E277 -0.742559 -0.669036 0.986962 0.160955 -0.160955 0.986962
VERTEX_POSE E278 0.325603 -0.976398 -0.291961 -0.956430 0.956430 -0.291961
VERTEX_POSE E279 0.352041 0.327206 0.873131 0.487485 0.487485 -0.873131
VERTEX_POSE E280 -0.931681 0.708349 0.721599 -0.692311 0.692311 0.721599
VERTEX_POSE E281 -0.246027 0.937559 -0.610340 -0.792140 -0.792140 0.610340
VERTEX_POSE E282 0.333206 0.406972 0.294666 -0.955600 0.955600 0.294666
VERTEX_POSE E283 -0.741897 0.300913 0.572144 -0.820153 -0.820153 -0.572144
VERTEX_POSE E284 -0.458408 0.069148 -0.509536 -0.860449 0.860449 -0.509536
VERTEX_POSE E285 -0.358185 0.216360 0.868362 -0.495932 -0.495932 -0.868362
VERTEX_POSE E286 -0.634966 0.289061 0.602761 0.797922 -0.797922 0.602761
VERTEX_POSE E287 0.079987 0.617666 0.329991 0.943984 0.943984 -0.329991
VERTEX_POSE E288 0.152680 -0.185264 0.842964 0.537970 0.537970 -0.842964
VERTEX_POSE E289 0.101002 -0.917909 0.823402 0.567458 0.567458 -0.823402
VERTEX_POSE E290 0.404853 0.800742 0.959343 0.282242 -0.282242 0.959343
VERTEX_POSE E291 -0.918240 -0.646649 0.891496 -0.453028 -0.453028 -0.891496
VERTEX_POSE E292 0.907683 0.977193 -0.749371 0.662151 0.662151 0.749371
VERTEX_POSE E293 0.666324 -0.680909 -0.916446 -0.400158 0.400158 -0.916446
VERTEX_POSE E294 0.567338 0.878822 0.604820 0.796362 -0.796362 0.604820
VERTEX_POSE E295 -0.514522 -0.307633 -0.880785 0.473516 -0.473516 -0.880785
VERTEX_POSE E296 0.972280 0.840729 -0.987631 0.156797 -0.156797 -0.987631
VERTEX_POSE E297 0.168065 0.942379 0.752089 0.659062 0.659062 -0.752089
VERTEX_POSE E298 -0.909468 0.889881 0.895878 0.444299 -0.444299 0.895878
VERTEX_POSE E299 0.985008 0.901356 0.663355 -0.748305 -0.748305 -0.663355
VERTEX_POSE E300 0.697223 0.266761 0.372851 0.927891 -0.927891 0.372851
VERTEX_POSE E301 0.523069 0.977049 0.010834 -0.999941 -0.999941 -0.010834
VERTEX_POSE E302 0.132750 -0.491164 -0.643451 -0.765487 -0.765487 0.643451
VERTEX_POSE E303 0.025288 0.204112 -0.991647 -0.128981 0.128981 -0.991647
VERTEX_POSE E304 0.239428 0.741794 -0.139401 -0.990236 0.990236 -0.139401
VERTEX_POSE E305 0.826434 -0.056177 0.903484 -0.428621 -0.428621 -0.903484
VERTEX_POSE E306 -0.817794 -0.467698 -0.353335 -0.935497 -0.935497 0.353335
VERTEX_POSE E307 -0.488998 0.537899 0.824114 0.566424 -0.566424 0.824114
VERTEX_POSE E308 -0.916125 0.274786 -0.697476 0.716608 -0.716608 -0.697476
VERTEX_POSE E309 0.507808 -0.444096 -0.274801 -0.961501 -0.961501 0.274801
VERTEX_POSE E310 0.863043 -0.134895 0.924656 -0.380803 -0.380803 -0.924656
VERTEX_POSE E311 -0.847806 -0.016864 0.994793 0.101913 -0.101913 0.994793
VERTEX_POSE E312 -0.738219 -0.506537 0.930740 0.365681 0.365681 -0.930740
VERTEX_POSE E313 0.196249 -0.727923 -0.822234 -0.569150 -0.569150 0.822234
VERTEX_POSE E314 -0.589703 -0.715951 0.976209 0.216831 0.216831 -0.976209
VERTEX_POSE E315 -0.196627 0.562611 0.422962 0.906147 0.906147 -0.422962
VERTEX_POSE E316 0.838064 0.488437 -0.634415 -0.772993 0.772993 -0.634415
VERTEX_POSE E317 -0.224668 0.573110 0.956788 -0.290787 0.290787 0.956788
VERTEX_POSE E318 0.883361 0.180277 -0.219559 -0.975599 0.975599 -0.219559
VERTEX_POINT L6 -0.009256 -0.696827
VERTEX_POINT L7 0.876333 0.655201
VERTEX_POINT L8 0.288214 -0.018981
VERTEX_POINT L9 0.072504 -0.343475
VERTEX_POINT L10 0.784017 0.632395
VERTEX_POINT L11 -0.045462 0.300110
VERTEX_POINT L12 -0.360158 -0.464653
VERTEX_POINT L13 -0.730505 -0.675238
VERTEX_POINT L14 -0.073182 0.140839
VERTEX_POINT L15 0.807907 -0.522274
VERTEX_POINT L16 -0.639974 -0.785357
VERTEX_POINT L17 -0.088175 0.042195
VERTEX_POINT L18 0.505130 0.744486
VERTEX_POINT L19 0.883095 -0.808308
VERTEX_POINT L20 -0.955425 0.551032
VERTEX_BEARING C4 B3 -0.462943 0.886388
VERTEX_BEARING C5 B4 0.665098 0.746756
VERTEX_BEARING C6 B5 -0.236748 -0.971571
VERTEX_BEARING C7 B6 0.889871 -0.456213
VERTEX_BEARING C8 B7 -0.899282 0.437370
VERTEX_BEARING C10 B8 0.972634 -0.232343
VERTEX_BEARING C11 B10 -0.290574 0.956852
VERTEX_BEARING C12 B11 0.552864 -0.833272
VERTEX_BEARING C13 B12 0.565448 -0.824784
VERTEX_BEARING C15 B13 0.413321 -0.910586
VERTEX_BEARING C19 B14 0.381974 -0.924173
VERTEX_BEARING C21 B15 0.863160 -0.504930
VERTEX_BEARING C23 B16 0.999999 -0.001226
VERTEX_BEARING C25 B17 -0.951351 0.308109
VERTEX_BEARING C26 B18 -0.999282 0.037882
VERTEX_BEARING C27 B19 0.447531 -0.894269
VERTEX_BEARING C28 B20 0.995486 -0.094907
VERTEX_BEARING C30 B21 -0.784737 -0.619829
VERTEX_BEARING C32 B22 -0.995720 -0.092418
VERTEX_BEARING C33 B23 0.995404 0.095766
VERTEX_BEARING C34 B24 0.174409 0.984673
VERTEX_BEARING C35 B25 -0.731561 0.681776
VERTEX_BEARING C36 B26 0.597583 0.801807
VERTEX_BEARING C37 B27 -0.651007 0.759072
VERTEX_BEARING C38 B28 0.785814 -0.618463
VERTEX_BEARING C39 B29 -0.855947 0.517063
VERTEX_BEARING C40 B30 -0.454381 0.890808
VERTEX_BEARING C41 B31 0.612929 -0.790138
VERTEX_BEARING C42 B32 0.994168 0.107843
VERTEX_BEARING C43 B33 0.138241 0.990399
VERTEX_BEARING C44 B34 -0.919062 0.394113
VERTEX_BEARING C45 B35 -0.968683 -0.248301
VERTEX_BEARING C46 B36 -0.947092 -0.320962
VERTEX_BEARING C47 B37 -0.078517 0.996913
VERTEX_BEARING C48 B38 0.944482 0.328562
VERTEX_BEARING C49 B39 -0.606215 -0.795301
VERTEX_BEARING C50 B40 -0.242898 -0.970052
VERTEX_BEARING C52 B41 -0.887947 0.459946
VERTEX_BEARING C54 B42 -0.807219 -0.590251
VERTEX_BEARING C55 B43 -0.962700 -0.270569
VERTEX_BEARING C56 B44 -0.939857 0.341568
VERTEX_BEARING C57 B45 0.692616 -0.721306
VERTEX_BEARING C58 B46 0.931611 0.363458
VERTEX_BEARING C59 B47 0.821330 -0.570453
VERTEX_BEARING C60 B48 0.734788 0.678297
VERTEX_BEARING C61 B49 -0.719280 -0.694720
VERTEX_BEARING C62 B50 0.596794 -0.802395
VERTEX_BEARING C63 B51 0.803355 -0.595501
VERTEX_BEARING C64 B52 -0.849217 -0.528044
VERTEX_BEARING C65 B53 0.931402 0.363993
VERTEX_BEARING C66 B54 0.440380 0.897811
VERTEX_BEARING C75 B55 0.761572 -0.648080
VERTEX_BEARING C76 B56 -0.998611 -0.052689
VERTEX_BEARING C77 B57 -0.061351 0.998116
VERTEX_BEARING C78 B58 -0.710727 -0.703468
VERTEX_BEARING C79 B59 -0.938271 0.345901
VERTEX_BEARING C80 B60 0.975933 -0.218073
VERTEX_BEARING C81 B61 -0.314168 0.949367
VERTEX_BEARING C82 B62 0.916403 0.400256
VERTEX_BEARING C83 B63 -0.087083 0.996201
VERTEX_BEARING C84 B64 0.996232 0.086727
VERTEX_BEARING C85 B65 -0.959395 -0.282065
VERTEX_BEARING C86 B66 0.262406 -0.964957
VERTEX_BEARING C87 B67 -0.630597 0.776111
VERTEX_BEARING C88 B68 -0.030426 -0.999537
VERTEX_BEARING C89 B69 0.074033 -0.997256
VERTEX_BEARING B110 C101 -0.299870 -0.953980
VERTEX_BEARING B111 C102 0.790806 -0.612067
VERTEX_BEARING B112 C103 0.965617 0.259969
VERTEX_BEARING B113 C104 -0.306193 -0.951970
VERTEX_BEARING B114 C105 0.986837 0.161720
VERTEX_BEARING B115 C106 0.902096 -0.431536
VERTEX_BEARING B116 C107 -0.992836 0.119488
VERTEX_BEARING B117 C108 0.838469 -0.544950
VERTEX_BEARING B118 C109 0.988473 -0.151397
VERTEX_BEARING B119 C110 -0.983500 -0.180907
VERTEX_BEARING B120 C111 -0.984720 -0.174143
VERTEX_BEARING B121 C112 0.827880 0.560905
VERTEX_BEARING B122 C113 0.701010 0.713151
VERTEX_BEARING B123 C114 -0.652507 0.757782
VERTEX_BEARING B124 C116 0.635843 -0.771819
VERTEX_BEARING D29 E112 -0.307264 0.951624
VERTEX_BEARING D32 E113 -0.643523 0.765427
VERTEX_BEARING D33 E114 0.707984 0.706229
VERTEX_BEARING D34 E115 0.989217 -0.146459
VERTEX_BEARING D35 E116 -0.636063 -0.771637
VERTEX_BEARING D36 E117 0.994621 -0.103576
VERTEX_BEARING D37 E118 0.303535 0.952820
VERTEX_BEARING D38 E119 0.010050 0.999949
VERTEX_BEARING D39 E120 0.550496 -0.834838
VERTEX_BEARING D40 E121 -0.740482 0.672076
VERTEX_BEARING D41 E122 -0.826796 -0.562502
VERTEX_BEARING D42 E123 0.999997 0.002582
VERTEX_BEARING D43 E124 0.429518 -0.903058
VERTEX_BEARING D44 E125 0.379134 -0.925342
VERTEX_BEARING D45 E126 -0.963448 0.267894
VERTEX_BEARING D46 E127 -0.875810 -0.482656
VERTEX_BEARING D47 E128 0.998887 -0.047158
VERTEX_BEARING D48 E129 -0.814302 0.580441
VERTEX_BEARING D49 E130 -0.720299 0.693664
VERTEX_BEARING D50 E131 -0.521783 0.853078
VERTEX_BEARING D51 E132 -0.941026 -0.338334
VERTEX_BEARING D52 E133 -0.824605 -0.565709
VERTEX_BEARING D53 E134 -0.043239 -0.999065
VERTEX_BEARING D54 E135 0.981289 0.192542
VERTEX_BEARING D55 E136 -0.971968 0.235112
VERTEX_BEARING D56 E137 0.188806 0.982014
VERTEX_BEARING D57 E138 -0.692938 -0.720997
VERTEX_BEARING D58 E139 0.647576 -0.762001
VERTEX_BEARING D59 E140 -0.990725 -0.135883
VERTEX_BEARING D61 E141 -0.564356 0.825532
VERTEX_BEARING D62 E142 -0.910283 0.413987
VERTEX_BEARING D63 E143 0.554080 -0.832463
VERTEX_BEARING D64 E144 -0.354243 0.935153
VERTEX_BEARING D65 E145 -0.915507 -0.402301
VERTEX_BEARING D66 E146 0.945364 0.326016
VERTEX_BEARING D67 E147 0.077284 0.997009
VERTEX_BEARING D68 E148 0.835749 0.549112
VERTEX_BEARING D69 E149 -0.974536 -0.224233
VERTEX_BEARING D70 E150 -0.914675 0.404190
VERTEX_BEARING D71 E151 0.424490 0.905433
VERTEX_BEARING D72 E152 -0.555473 -0.831535
VERTEX_BEARING D73 E153 -0.175498 -0.984480
VERTEX_BEARING D74 E154 -0.787643 -0.616132
VERTEX_BEARING D75 E155 -0.983825 0.179135
VERTEX_BEARING D76 E156 0.998067 0.062147
VERTEX_BEARING D77 E157 0.366544 -0.930401
VERTEX_BEARING D78 E158 -0.656203 0.754585
VERTEX_BEARING D79 E159 0.638339 -0.769755
VERTEX_BEARING D80 E160 0.686807 0.726840
VERTEX_BEARING A11 C14 -0.663573 0.748112
VERTEX_BEARING A13 C18 -0.688087 0.725628
VERTEX_BEARING A14 C20 0.746226 -0.665693
VERTEX_BEARING A17 C24 -0.426556 -0.904461
VERTEX_BEARING A19 C26 0.479537 -0.877521
VERTEX_BEARING A20 C27 0.806861 0.590741
VERTEX_BEARING A22 C29 -0.871172 0.490978
VERTEX_BEARING A23 C31 -0.633690 0.773587
VERTEX_BEARING A137 C90 0.816615 0.577183
VERTEX_BEARING A141 C91 -0.804869 0.593453
VERTEX_BEARING A142 C92 0.298946 -0.954270
VERTEX_BEARING A143 C93 -0.992179 0.124822
VERTEX_BEARING A144 C94 -0.871360 -0.490643
VERTEX_BEARING A145 C95 -0.773626 -0.633642
VERTEX_BEARING A146 C96 0.459168 -0.888350
VERTEX_BEARING A173 C97 0.119710 0.992809
VERTEX_BEARING A174 C98 -0.753964 0.656916
VERTEX_BEARING A175 C99 -0.687288 -0.726385
VERTEX_BEARING A176 C100 0.184140 0.982900
VERTEX_BEARING C132 A205 -0.832896 -0.553430
VERTEX_BEARING A212 C151 -0.739295 0.673381
VERTEX_BEARING A213 C153 -0.973348 0.229332
VERTEX_BEARING A214 C156 0.697721 0.716370
VERTEX_BEARING A215 C158 0.195144 0.980775
VERTEX_BEARING A216 C159 0.376035 -0.926605
VERTEX_BEARING E0 C0 0.737918 -0.674890
VERTEX_BEARING E1 C1 0.994157 -0.107941
VERTEX_BEARING E2 C2 -0.284298 -0.958736
VERTEX_BEARING E3 C3 0.776998 -0.629503
VERTEX_BEARING E8 C7 -0.993418 0.114542
VERTEX_BEARING E9 C9 -0.651940 0.758270
VERTEX_BEARING E10 C10 -0.647936 -0.761695
VERTEX_BEARING E11 C11 0.704534 -0.709671
VERTEX_BEARING E13 C13 -0.707860 -0.706353
VERTEX_BEARING E14 C14 -0.289490 -0.957181
VERTEX_BEARING E15 C16 -0.106130 -0.994352
VERTEX_BEARING E20 C22 0.793811 0.608164
VERTEX_BEARING E229 C134 0.707958 0.706255
VERTEX_BEARING E263 C160 0.531855 -0.846835
VERTEX_BEARING E295 C172 0.965445 0.260608
VERTEX_BEARING E300 C178 0.997915 0.064547
VERTEX_BEARING E305 C184 -0.632329 -0.774700
VERTEX_BEARING E310 C190 0.781642 -0.623728
VERTEX_BEARING A2 D0 -0.744451 0.667677
VERTEX_BEARING A3 D1 0.714571 0.699562
VERTEX_BEARING A4 D2 0.712418 -0.701755
VERTEX_BEARING A6 D3 0.213329 0.976980
VERTEX_BEARING A7 D4 0.887043 0.461687
VERTEX_BEARING A8 D5 0.995979 0.089584
VERTEX_BEARING A9 D6 -0.918590 -0.395212
VERTEX_BEARING A11 D7 -0.713405 0.700752
VERTEX_BEARING A17 D8 0.911993 -0.410205
VERTEX_BEARING A20 D9 -0.467793 0.883838
VERTEX_BEARING A26 D10 0.749867 0.661589
VERTEX_BEARING A131 D11 -0.185516 -0.982641
VERTEX_BEARING A136 D12 0.774648 0.632393
VERTEX_BEARING A138 D13 -0.131176 0.991359
VERTEX_BEARING A139 D15 -0.849451 0.527668
VERTEX_BEARING A140 D17 -0.274148 0.961688
VERTEX_BEARING D28 A152 -0.548406 -0.836212
VERTEX_BEARING D29 A154 0.098674 -0.995120
VERTEX_BEARING D30 A155 0.098494 0.995138
VERTEX_BEARING D31 A156 -0.356123 -0.934439
VERTEX_BEARING A259 D121 -0.978566 0.205933
VERTEX_BEARING A260 D122 0.199094 0.979980
VERTEX_BEARING A265 D123 0.685046 -0.728500
VERTEX_BEARING E252 B128 0.543506 0.839406
VERTEX_BEARING E253 B129 -0.099426 0.995045
VERTEX_BEARING E254 B130 -0.282020 0.959408
VERTEX_BEARING E255 B131 0.004821 0.999988
VERTEX_BEARING E256 B132 -0.742244 -0.670130
VERTEX_BEARING E257 B133 -0.972550 -0.232692
VERTEX_BEARING E258 B134 0.822734 -0.568426
VERTEX_BEARING E259 B135 -0.927671 -0.373398
VERTEX_BEARING E260 B136 -0.932912 -0.360104
VERTEX_BEARING E261 B137 0.067154 0.997743
VERTEX_BEARING E262 B138 0.730907 0.682477
VERTEX_BEARING E263 B139 0.195780 -0.980648
VERTEX_BEARING E264 B140 -0.992793 0.119839
VERTEX_BEARING E265 B141 0.271559 -0.962422
VERTEX_BEARING E266 B142 0.729888 -0.683567
VERTEX_BEARING E268 B143 -0.998713 0.050716
VERTEX_BEARING E269 B144 -0.449544 0.893258
VERTEX_BEARING E271 B145 0.860062 -0.510190
VERTEX_BEARING E272 B146 0.840088 -0.542450
VERTEX_BEARING E273 B147 0.636133 0.771580
VERTEX_BEARING E274 B148 0.774167 -0.632982
VERTEX_BEARING E275 B149 -0.359613 -0.933102
VERTEX_BEARING E279 B150 0.860924 0.508734
VERTEX_BEARING E280 B151 -0.417582 -0.908639
VERTEX_BEARING E281 B152 0.895274 -0.445515
VERTEX_BEARING E282 B153 -0.132700 -0.991156
VERTEX_BEARING E283 B154 0.609570 0.792732
VERTEX_BEARING E284 B155 -0.960094 0.279677
VERTEX_BEARING E288 B157 0.914133 0.405414
VERTEX_BEARING E289 B158 -0.177746 0.984076
VERTEX_BEARING E292 B159 0.674917 0.737893
VERTEX_BEARING E293 B160 -0.821471 -0.570250
VERTEX_BEARING E294 B161 0.985876 0.167477
VERTEX_BEARING E295 B162 -0.765224 0.643764
VERTEX_BEARING A12 E16 0.973235 -0.229814
VERTEX_BEARING A13 E17 -0.676330 0.736599
VERTEX_BEARING E18 A14 -0.557517 -0.830165
VERTEX_BEARING A15 E19 0.876942 0.480596
VERTEX_BEARING E20 A16 -0.307060 -0.951690
VERTEX_BEARING A17 E21 -0.971981 -0.235060
VERTEX_BEARING E22 A18 -0.901946 0.431849
VERTEX_BEARING A20 E23 -0.491909 -0.870646
VERTEX_BEARING E24 A21 0.999654 -0.026314
VERTEX_BEARING E26 A24 0.091227 -0.995830
VERTEX_BEARING A25 E27 0.942412 -0.334455
VERTEX_BEARING A26 E30 0.123269 0.992373
VERTEX_BEARING E31 A27 0.890350 0.455277
VERTEX_BEARING A28 E32 -0.536888 -0.843654
VERTEX_BEARING A29 E34 0.002782 -0.999996
VERTEX_BEARING A32 E37 0.538157 0.842845
VERTEX_BEARING A33 E38 -0.640401 -0.768041
VERTEX_BEARING A34 E40 -0.155265 -0.987873
VERTEX_BEARING A38 E44 -0.658536 -0.752549
VERTEX_BEARING A39 E46 -0.879487 0.475922
VERTEX_BEARING A40 E48 0.809052 -0.587737
VERTEX_BEARING A48 E56 0.989164 -0.146813
VERTEX_BEARING A61 E68 -0.159963 0.987123
VERTEX_BEARING A64 E71 0.458899 -0.888488
VERTEX_BEARING A70 E76 0.666941 -0.745110
VERTEX_BEARING A74 E77 -0.950691 -0.310141
VERTEX_BEARING A75 E78 -0.762356 -0.647158
VERTEX_BEARING A76 E79 0.426874 0.904311
VERTEX_BEARING A77 E80 0.226368 0.974042
VERTEX_BEARING A78 E81 0.924278 0.381720
VERTEX_BEARING A79 E82 0.924226 0.381847
VERTEX_BEARING A80 E83 0.047403 -0.998876
VERTEX_BEARING A81 E84 -0.990568 0.137019
VERTEX_BEARING A82 E85 -0.736763 0.676151
VERTEX_BEARING A83 E86 -0.461683 0.887045
VERTEX_BEARING A84 E87 0.213659 0.976908
VERTEX_BEARING A85 E88 -0.136141 -0.990690
VERTEX_BEARING A86 E89 0.983909 -0.178668
VERTEX_BEARING A87 E90 0.659175 0.751989
VERTEX_BEARING A88 E91 -0.526050 0.850454
VERTEX_BEARING A89 E92 -0.960444 0.278475
VERTEX_BEARING A90 E93 0.441852 -0.897088
VERTEX_BEARING A91 E94 0.978329 0.207056
VERTEX_BEARING A94 E95 0.845216 -0.534426
VERTEX_BEARING A95 E96 0.876415 -0.481556
VERTEX_BEARING A96 E97 -0.564034 0.825751
VERTEX_BEARING A98 E98 0.301501 -0.953466
VERTEX_BEARING A103 E99 0.932146 -0.362082
VERTEX_BEARING A104 E100 0.699899 0.714242
VERTEX_BEARING A105 E101 0.545796 -0.837918
VERTEX_BEARING A106 E102 0.741745 -0.670682
VERTEX_BEARING A107 E103 0.327324 -0.944912
VERTEX_BEARING A108 E104 0.355186 0.934796
VERTEX_BEARING E207 A186 -0.245546 0.969385
VERTEX_BEARING E208 A187 -0.956187 -0.292756
VERTEX_BEARING E209 A188 -0.462486 0.886627
VERTEX_BEARING E210 A189 0.206365 -0.978475
VERTEX_BEARING E211 A190 -0.975874 0.218335
VERTEX_BEARING E212 A191 -0.963803 0.266617
VERTEX_BEARING E213 A192 -0.696781 -0.717284
VERTEX_BEARING E214 A193 -0.662422 -0.749131
VERTEX_BEARING E215 A194 -0.901774 -0.432208
VERTEX_BEARING E216 A195 0.675629 -0.737242
VERTEX_BEARING E217 A196 -0.280408 0.959881
VERTEX_BEARING E218 A197 -0.563534 -0.826093
VERTEX_BEARING E219 A198 0.858226 -0.513272
VERTEX_BEARING E220 A199 0.983155 0.182774
VERTEX_BEARING E221 A200 0.731607 -0.681727
VERTEX_BEARING E223 A201 0.199098 0.979979
VERTEX_BEARING E224 A202 0.988084 -0.153916
VERTEX_BEARING E225 A203 -0.739110 -0.673585
VERTEX_BEARING E226 A204 0.730499 -0.682913
VERTEX_BEARING E227 A206 -0.355713 0.934595
VERTEX_BEARING E228 A207 0.938643 0.344891
VERTEX_BEARING E230 A208 0.849010 0.528376
VERTEX_BEARING E232 A209 -0.453460 -0.891277
VERTEX_BEARING E233 A210 -0.688152 -0.725566
VERTEX_BEARING E234 A211 -0.876685 0.481065
VERTEX_BEARING E266 A226 -0.904642 -0.426173
VERTEX_BEARING E311 A266 -0.704276 -0.709927
VERTEX_BEARING A0 B0 0.858375 0.513023
VERTEX_BEARING A1 B1 -0.990185 -0.139763
VERTEX_BEARING A2 B2 0.851289 -0.524698
VERTEX_BEARING A3 B3 0.038487 -0.999259
VERTEX_BEARING A8 B9 0.260515 -0.965470
VERTEX_BEARING A245 B156 -0.888315 0.459234
