VERTEX_POSE A0 0.887955 0.503763 -0.565698 0.824613 -0.824613 -0.565698
VERTEX_POSE A1 0.858242 -0.833772 -0.289309 -0.957236 0.957236 -0.289309
VERTEX_POSE A2 -0.295426 -0.906907 0.367578 -0.929993 0.929993 0.367578
VERTEX_POSE A3 -0.928193 0.369341 -0.322143 0.946691 0.946691 0.322143
VERTEX_POSE A4 -0.077121 -0.118341 0.550046 0.835134 0.835134 -0.550046
VERTEX_POSE A5 0.168851 0.890889 -0.052850 0.998602 0.998602 0.052850
VERTEX_POSE A6 -0.477102 0.797387 -0.768562 0.639775 0.639775 0.768562
VERTEX_POSE A7 0.886992 -0.711276 -0.065629 -0.997844 -0.997844 0.065629
VERTEX_POSE A8 0.865112 0.166259 -0.236434 0.971647 -0.971647 -0.236434
VERTEX_POSE A9 -0.092117 -0.363447 -0.704538 -0.709667 -0.709667 0.704538
VERTEX_POSE A10 0.223237 0.005472 0.792155 -0.610320 -0.610320 -0.792155
VERTEX_POSE A11 -0.638869 -0.113294 0.879505 0.475890 0.475890 -0.879505
VERTEX_POSE A12 0.791464 -0.875082 -0.947450 0.319903 -0.319903 -0.947450
VERTEX_POSE A13 -0.058847 -0.555182 0.737153 0.675726 -0.675726 0.737153
VERTEX_POSE A14 -0.465707 0.875007 -0.710034 -0.704167 0.704167 -0.710034
VERTEX_POSE A15 0.007863 0.869734 -0.879666 0.475592 0.475592 0.879666
VERTEX_POSE A16 0.180168 -0.746534 -0.921732 0.387828 -0.387828 -0.921732
VERTEX_POSE A17 -0.253459 0.441476 0.999964 0.008479 0.008479 -0.999964
VERTEX_POSE A18 0.489480 0.888039 0.333419 -0.942779 -0.942779 -0.333419
VERTEX_POSE A19 -0.855438 -0.388163 -0.919975 0.391976 0.391976 0.919975
VERTEX_POSE A20 -0.199630 0.397455 0.178524 0.983935 0.983935 -0.178524
VERTEX_POSE A21 0.151142 -0.739258 0.462226 0.886762 -0.886762 0.462226
VERTEX_POSE A22 0.340903 -0.656907 0.309029 0.951052 -0.951052 0.309029
VERTEX_POSE A23 -0.916708 -0.842371 0.626353 -0.779539 -0.779539 -0.626353
VERTEX_POSE A24 0.406267 -0.476595 0.180221 -0.983626 0.983626 0.180221
VERTEX_POSE A25 0.050141 0.550194 -0.549239 -0.835665 -0.835665 0.549239
VERTEX_POSE A26 -0.118816 -0.455812 0.726257 -0.687424 0.687424 0.726257
VERTEX_POSE A27 0.136741 -0.382851 -0.623255 -0.782019 0.782019 -0.623255
VERTEX_POSE A28 0.718709 0.683108 0.733281 0.679925 0.679925 -0.733281
VERTEX_POSE A29 0.434673 0.024125 0.461718 -0.887027 0.887027 0.461718
VERTEX_POSE A30 0.028895 0.017960 -0.484980 0.874525 -0.874525 -0.484980
VERTEX_POSE A31 0.606664 0.186871 -0.954337 -0.298732 -0.298732 0.954337
VERTEX_POSE A32 0.292916 0.190353 -0.491198 0.871048 -0.871048 -0.491198
VERTEX_POSE A33 0.733469 0.111053 0.083750 -0.996487 0.996487 0.083750
VERTEX_POSE A34 0.678471 -0.443788 0.655302 -0.755367 0.755367 0.655302
VERTEX_POSE A35 -0.784205 -0.927988 0.637658 0.770319 -0.770319 0.637658
VERTEX_POSE A36 -0.097680 0.001942 0.998248 0.059169 -0.059169 0.998248
VERTEX_POSE A37 -0.798631 -0.646401 0.488503 -0.872562 -0.872562 -0.488503
VERTEX_POSE A38 -0.897214 -0.639264 0.998517 0.054434 0.054434 -0.998517
VERTEX_POSE A39 -0.232567 -0.831798 0.693264 0.720684 0.720684 -0.693264
VERTEX_POSE A40 0.109252 -0.009847 0.760575 -0.649250 0.649250 0.760575
VERTEX_POSE A41 0.326023 0.366208 -0.820040 -0.572306 0.572306 -0.820040
VERTEX_POSE A42 0.128563 0.054908 -0.919866 -0.392234 -0.392234 0.919866
VERTEX_POSE A43 -0.099284 0.115071 0.545120 -0.838358 -0.838358 -0.545120
VERTEX_POSE A44 -0.732824 0.811026 -0.455826 -0.890069 -0.890069 0.455826
VERTEX_POSE A45 0.662857 -0.070085 0.246663 -0.969101 -0.969101 -0.246663
VERTEX_POSE A46 0.908579 -0.015196 -0.559687 0.828704 0.828704 0.559687
VERTEX_POSE A47 0.447344 -0.935508 -0.692723 0.721204 -0.721204 -0.692723
VERTEX_POSE A48 -0.590603 -0.628610 -0.498351 0.866975 0.866975 0.498351
VERTEX_POSE A49 0.398058 -0.127156 0.884206 -0.467097 -0.467097 -0.884206
VERTEX_POSE A50 0.591906 -0.323671 -0.992689 0.120698 0.120698 0.992689
VERTEX_POSE A51 0.209767 0.768845 0.489576 -0.871960 0.871960 0.489576
VERTEX_POSE A52 -0.450799 0.133586 0.995062 0.099253 0.099253 -0.995062
VERTEX_POSE A53 -0.067191 0.019422 0.452394 0.891818 -0.891818 0.452394
VERTEX_POSE A54 0.293059 0.926474 -0.951424 -0.307884 -0.307884 0.951424
VERTEX_POSE A55 0.955468 0.656990 -0.115639 0.993291 -0.993291 -0.115639
VERTEX_POSE A56 0.982950 -0.430385 -0.909025 -0.416742 0.416742 -0.909025
VERTEX_POSE A57 -0.825757 -0.529338 0.315220 0.949019 0.949019 -0.315220
VERTEX_POSE A58 0.092210 -0.725861 -0.127693 -0.991814 0.991814 -0.127693
VERTEX_POSE A59 0.701659 -0.747277 0.833835 0.552014 0.552014 -0.833835
VERTEX_POSE A60 0.608916 0.494787 -0.997662 0.068348 0.068348 0.997662
VERTEX_POSE A61 -0.878895 0.292099 0.970823 0.239797 0.239797 -0.970823
VERTEX_POSE A62 0.308323 0.439594 -0.631824 -0.775112 0.775112 -0.631824
VERTEX_POSE A63 -0.098168 -0.314860 -0.533688 0.845681 -0.845681 -0.533688
VERTEX_POSE A64 0.854574 -0.596847 -0.976591 -0.215106 -0.215106 0.976591
VERTEX_POSE A65 -0.013205 0.995806 0.793312 -0.608816 0.608816 0.793312
VERTEX_POSE A66 0.117627 -0.242848 -0.708076 0.706136 0.706136 0.708076
VERTEX_POSE A67 -0.243106 0.405095 0.324379 -0.945927 -0.945927 -0.324379
VERTEX_POSE A68 0.188163 -0.650595 0.226407 0.974033 0.974033 -0.226407
VERTEX_POSE A69 0.220413 0.117888 0.692923 0.721012 -0.721012 0.692923
VERTEX_POSE A70 0.524327 0.573297 0.909888 -0.414854 -0.414854 -0.909888
VERTEX_POSE A71 -0.702584 0.339558 0.562739 -0.826635 0.826635 0.562739
VERTEX_POSE A72 -0.453564 -0.515905 -0.428508 0.903538 -0.903538 -0.428508
VERTEX_POSE A73 -0.347110 -0.371795 0.978913 0.204279 0.204279 -0.978913
VERTEX_POSE A74 0.198132 -0.545371 -0.988241 0.152903 -0.152903 -0.988241
VERTEX_POSE A75 -0.186388 -0.704879 0.850317 -0.526271 -0.526271 -0.850317
VERTEX_POSE A76 -0.684253 0.558119 -0.306738 0.951794 0.951794 0.306738
VERTEX_POSE A77 0.106710 0.439433 -0.872926 0.487853 0.487853 0.872926
VERTEX_POSE A78 -0.739044 -0.640387 0.966926 -0.255056 -0.255056 -0.966926
VERTEX_POSE A79 -0.274856 0.929509 -0.311731 -0.950171 0.950171 -0.311731
VERTEX_POSE A80 -0.495231 -0.687724 -0.196429 -0.980518 0.980518 -0.196429
VERTEX_POSE A81 0.852862 0.035941 -0.449378 -0.893342 -0.893342 0.449378
VERTEX_POSE A82 0.934911 0.698354 -0.906531 0.422139 -0.422139 -0.906531
VERTEX_POSE A83 0.053970 0.445862 0.972014 0.234925 0.234925 -0.972014
VERTEX_POSE A84 -0.214329 -0.944637 -0.832629 0.553831 0.553831 0.832629
VERTEX_POSE A85 0.227970 0.624828 -0.996082 0.088434 0.088434 0.996082
VERTEX_POSE A86 0.009438 0.102853 0.974652 -0.223726 0.223726 0.974652
VERTEX_POSE A87 -0.231379 -0.375022 -0.521358 0.853338 0.853338 0.521358
VERTEX_POSE A88 0.402213 -0.904510 0.760934 -0.648830 -0.648830 -0.760934
VERTEX_POSE A89 -0.898352 0.376992 0.953639 -0.300952 -0.300952 -0.953639
VERTEX_POSE A90 -0.529720 -0.122298 -0.918625 0.395132 -0.395132 -0.918625
VERTEX_POSE A91 0.011130 0.590277 -0.881747 0.471722 -0.471722 -0.881747
VERTEX_POSE A92 -0.777247 -0.330909 -0.945409 0.325886 0.325886 0.945409
VERTEX_POSE A93 0.778604 -0.682704 -0.774279 0.632844 0.632844 0.774279
VERTEX_POSE A94 0.912962 -0.724583 -0.959088 0.283108 0.283108 0.959088
VERTEX_POSE A95 -0.922673 0.072244 0.936246 -0.351344 0.351344 0.936246
VERTEX_POSE A96 -0.234602 -0.686898 0.066346 -0.997797 -0.997797 -0.066346
VERTEX_POSE A97 0.030589 0.032569 0.375943 0.926643 -0.926643 0.375943
VERTEX_POSE A98 -0.165779 -0.522661 0.522382 -0.852712 0.852712 0.522382
VERTEX_POSE A99 0.953562 -0.337493 -0.251698 -0.967806 0.967806 -0.251698
VERTEX_POSE A100 -0.748998 -0.849544 -0.023495 -0.999724 -0.999724 0.023495
VERTEX_POSE A101 -0.641452 -0.949365 -0.972231 0.234025 -0.234025 -0.972231
VERTEX_POSE A102 -0.749022 -0.997935 0.220924 0.975291 -0.975291 0.220924
VERTEX_POSE A103 -0.202562 -0.365449 -0.152414 -0.988317 -0.988317 0.152414
VERTEX_POSE A104 0.011438 -0.321160 -0.994065 -0.108788 0.108788 -0.994065
VERTEX_POSE A105 0.449109 -0.543306 -0.998630 0.052330 0.052330 0.998630
VERTEX_POSE A106 0.611050 -0.070327 0.917486 -0.397769 0.397769 0.917486
VERTEX_POSE A107 0.327185 -0.763041 0.487229 0.873274 0.873274 -0.487229
VERTEX_POSE A108 -0.444180 0.896126 0.100144 -0.994973 0.994973 0.100144
VERTEX_POSE A109 0.872007 0.289285 0.963330 -0.268318 -0.268318 -0.963330
VERTEX_POSE A110 -0.947671 -0.833531 0.356190 0.934413 -0.934413 0.356190
VERTEX_POSE A111 0.060588 -0.791597 0.184419 -0.982848 0.982848 0.184419
VERTEX_POSE A112 0.724869 -0.674773 -0.982725 -0.185070 0.185070 -0.982725
VERTEX_POSE A113 0.987240 0.864823 0.153579 0.988136 -0.988136 0.153579
VERTEX_POSE A114 -0.885442 0.654265 -0.627377 0.778716 0.778716 0.627377
VERTEX_POSE A115 -0.489460 -0.619410 -0.567054 0.823681 -0.823681 -0.567054
VERTEX_POSE A116 0.215210 0.489651 -0.885823 0.464023 0.464023 0.885823
VERTEX_POSE A117 0.123996 -0.242882 0.665192 0.746672 -0.746672 0.665192
VERTEX_POSE A118 0.279161 0.005568 -0.143923 -0.989589 0.989589 -0.143923
VERTEX_POSE A119 -0.382577 0.585141 0.035198 0.999380 0.999380 -0.035198
VERTEX_POSE A120 0.225643 -0.865891 0.949044 -0.315143 -0.315143 -0.949044
VERTEX_POSE A121 0.749442 0.883269 -0.899939 0.436016 -0.436016 -0.899939
VERTEX_POSE A122 0.628553 0.175418 0.488932 0.872322 -0.872322 0.488932
VERTEX_POSE A123 0.448396 -0.196800 0.349968 0.936762 -0.936762 0.349968
VERTEX_POSE A124 0.528046 -0.799435 0.992757 -0.120136 0.120136 0.992757
VERTEX_POSE A125 0.541514 0.450835 -0.551120 -0.834426 -0.834426 0.551120
VERTEX_POSE A126 0.525723 0.875444 -0.765747 -0.643142 0.643142 -0.765747
VERTEX_POSE A127 -0.706556 -0.486333 0.891335 0.453345 -0.453345 0.891335
VERTEX_POSE A128 -0.427897 -0.516596 -0.085217 -0.996362 -0.996362 0.085217
VERTEX_POSE A129 -0.640057 -0.647218 -0.771234 0.636552 -0.636552 -0.771234
VERTEX_POSE A130 -0.752994 0.176174 -0.881157 0.472824 -0.472824 -0.881157
VERTEX_POSE A131 -0.176896 -0.366140 0.999404 0.034532 -0.034532 0.999404
VERTEX_POSE A132 -0.281509 -0.596582 -0.300959 -0.953637 0.953637 -0.300959
VERTEX_POSE A133 -0.502017 0.178239 -0.629015 0.777393 0.777393 0.629015
VERTEX_POSE A134 0.620543 0.268412 -0.136826 0.990595 0.990595 0.136826
VERTEX_POSE A135 0.729929 0.082258 -0.029910 -0.999553 -0.999553 0.029910
VERTEX_POSE A136 0.947093 0.634933 0.866742 0.498757 0.498757 -0.866742
VERTEX_POSE A137 0.231593 -0.801916 0.999844 0.017662 0.017662 -0.999844
VERTEX_POSE A138 0.057114 0.319217 0.419619 0.907700 -0.907700 0.419619
VERTEX_POSE A139 -0.497088 0.531059 -0.188870 0.982002 0.982002 0.188870
VERTEX_POSE A140 0.103600 0.487370 -0.700421 0.713730 0.713730 0.700421
VERTEX_POSE A141 0.109442 0.485686 0.999994 -0.003562 -0.003562 -0.999994
VERTEX_POSE A142 0.563501 0.739462 0.769246 0.638953 -0.638953 0.769246
VERTEX_POSE A143 -0.171531 0.812596 -0.966320 0.257343 -0.257343 -0.966320
VERTEX_POSE A144 0.096682 0.350509 0.360717 0.932675 0.932675 -0.360717
VERTEX_POSE A145 0.678059 0.393727 -0.757314 0.653051 -0.653051 -0.757314
VERTEX_POSE A146 0.339009 -0.806814 -0.458782 0.888549 0.888549 0.458782
VERTEX_POSE A147 -0.688108 -0.159840 -0.924697 -0.380705 -0.380705 0.924697
VERTEX_POSE A148 -0.197945 -0.849156 -0.941675 0.336525 -0.336525 -0.941675
VERTEX_POSE A149 -0.381829 0.198754 -0.991676 -0.128760 0.128760 -0.991676
VERTEX_POSE A150 -0.070685 -0.574699 -0.813117 0.582100 0.582100 0.813117
VERTEX_POSE A151 -0.972302 -0.715046 0.433138 -0.901327 0.901327 0.433138
VERTEX_POSE A152 -0.632387 0.082023 -0.551962 -0.833869 0.833869 -0.551962
VERTEX_POSE A153 -0.442133 0.600719 -0.590214 0.807247 0.807247 0.590214
VERTEX_POSE A154 0.476094 0.088154 -0.243233 0.969968 -0.969968 -0.243233
VERTEX_POSE A155 0.895658 0.282588 -0.998399 0.056555 0.056555 0.998399
VERTEX_POSE A156 -0.900619 0.051555 0.888984 -0.457938 0.457938 0.888984
VERTEX_POSE A157 0.001817 -0.036402 -0.075822 0.997121 -0.997121 -0.075822
VERTEX_POSE A158 -0.810898 0.796255 0.899401 -0.437124 -0.437124 -0.899401
VERTEX_POSE A159 -0.328516 0.534959 -0.831430 -0.555629 0.555629 -0.831430
VERTEX_POSE A160 0.361760 0.316380 -0.677746 -0.735296 0.735296 -0.677746
VERTEX_POSE A161 -0.563892 -0.027571 -0.952397 -0.304860 -0.304860 0.952397
VERTEX_POSE A162 0.494589 -0.831181 -0.720479 0.693477 0.693477 0.720479
VERTEX_POSE A163 -0.919749 0.719798 0.928666 -0.370917 -0.370917 -0.928666
VERTEX_POSE A164 -0.065909 -0.849332 -0.641254 -0.767328 0.767328 -0.641254
VERTEX_POSE A165 0.115131 0.437231 0.007090 -0.999975 -0.999975 -0.007090
VERTEX_POSE A166 0.810180 -0.197944 0.939755 0.341850 0.341850 -0.939755
VERTEX_POSE A167 -0.118816 0.785600 -0.801568 -0.597903 -0.597903 0.801568
VERTEX_POSE A168 -0.653276 0.635316 -0.610076 0.792343 -0.792343 -0.610076
VERTEX_POSE A169 -0.132706 -0.878727 -0.662928 0.748683 0.748683 0.662928
VERTEX_POSE A170 0.384097 0.316659 0.984624 0.174685 0.174685 -0.984624
VERTEX_POSE A171 0.450324 0.122685 -0.753932 0.656952 -0.656952 -0.753932
VERTEX_POSE A172 0.976737 0.606958 0.475485 -0.879724 -0.879724 -0.475485
VERTEX_POSE A173 -0.052402 0.056121 -0.202775 -0.979225 0.979225 -0.202775
VERTEX_POSE A174 -0.721207 -0.064719 -0.908871 0.417078 0.417078 0.908871
VERTEX_POSE A175 0.073419 -0.042533 0.789073 -0.614300 -0.614300 -0.789073
VERTEX_POSE A176 -0.374343 -0.550152 -0.902705 -0.430259 -0.430259 0.902705
VERTEX_POSE A177 0.617803 0.128467 0.568587 -0.822623 -0.822623 -0.568587
VERTEX_POSE A178 0.385310 0.797626 -0.945068 0.326874 0.326874 0.945068
VERTEX_POSE A179 0.427711 -0.399308 -0.646591 -0.762837 -0.762837 0.646591
VERTEX_POSE A180 -0.764027 -0.672779 0.571390 0.820679 -0.820679 0.571390
VERTEX_POSE A181 -0.685375 -0.777073 -0.571448 0.820638 -0.820638 -0.571448
VERTEX_POSE A182 0.455410 -0.114354 -0.501092 0.865394 0.865394 0.501092
VERTEX_POSE A183 -0.396414 0.409244 -0.956935 -0.290303 0.290303 -0.956935
VERTEX_POSE A184 -0.127508 0.823647 0.584953 -0.811067 0.811067 0.584953
VERTEX_POSE A185 -0.068496 0.973800 -0.980717 -0.195435 0.195435 -0.980717
VERTEX_POSE A186 -0.500756 -0.308168 -0.702596 -0.711589 -0.711589 0.702596
VERTEX_POSE A187 -0.028126 -0.124799 -0.740749 -0.671781 0.671781 -0.740749
VERTEX_POSE A188 0.933321 -0.062603 0.800025 0.599967 -0.599967 0.800025
VERTEX_POSE A189 -0.311653 -0.511913 -0.630828 -0.775923 -0.775923 0.630828
VERTEX_POSE A190 0.643358 -0.589840 0.738246 -0.674532 0.674532 0.738246
VERTEX_POSE A191 0.295081 -0.746223 -0.979883 -0.199572 -0.199572 0.979883
VERTEX_POSE A192 0.124455 0.460516 0.134276 0.990944 0.990944 -0.134276
VERTEX_POSE A193 0.137947 -0.421020 0.283273 0.959039 0.959039 -0.283273
VERTEX_POSE A194 0.375332 0.973575 -0.357782 0.933805 -0.933805 -0.357782
VERTEX_POSE A195 -0.941454 0.611184 0.930810 0.365503 0.365503 -0.930810
VERTEX_POSE A196 -0.746922 -0.983789 0.750647 -0.660703 -0.660703 -0.750647
VERTEX_POSE A197 0.185513 -0.224370 -0.999633 0.027090 0.027090 0.999633
VERTEX_POSE A198 -0.060270 0.396784 -0.767297 -0.641292 0.641292 -0.767297
VERTEX_POSE A199 -0.400198 0.651526 -0.576912 -0.816807 0.816807 -0.576912
VERTEX_POSE A200 -0.947193 -0.103097 -0.337416 0.941356 0.941356 0.337416
VERTEX_POSE A201 -0.676173 -0.286556 0.986651 0.162850 0.162850 -0.986651
VERTEX_POSE A202 -0.949873 -0.225788 -0.880990 0.473135 -0.473135 -0.880990
VERTEX_POSE A203 -0.970457 -0.496139 0.155505 -0.987835 -0.987835 -0.155505
VERTEX_POSE A204 0.271425 0.769565 -0.101699 -0.994815 0.994815 -0.101699
VERTEX_POSE A205 -0.671080 0.709493 -0.661542 0.749908 -0.749908 -0.661542
VERTEX_POSE A206 0.102962 0.461327 -0.767031 -0.641610 -0.641610 0.767031
VERTEX_POSE A207 0.897081 -0.780587 -0.544619 0.838683 -0.838683 -0.544619
VERTEX_POSE A208 0.946722 -0.162040 -0.177796 -0.984067 -0.984067 0.177796
VERTEX_POSE A209 -0.511727 0.258954 0.797031 0.603938 -0.603938 0.797031
VERTEX_POSE A210 0.324793 -0.179895 0.891177 0.453657 0.453657 -0.891177
VERTEX_POSE A211 -0.817304 0.165181 -0.447604 -0.894232 0.894232 -0.447604
VERTEX_POSE A212 -0.197102 0.481881 -0.969715 -0.244240 0.244240 -0.969715
VERTEX_POSE A213 -0.219798 0.705751 0.997740 0.067196 -0.067196 0.997740
VERTEX_POSE A214 -0.213718 -0.425576 -0.709766 -0.704438 0.704438 -0.709766
VERTEX_POSE A215 0.675390 0.305528 0.039183 0.999232 -0.999232 0.039183
VERTEX_POSE A216 0.711706 0.679550 0.414099 -0.910232 0.910232 0.414099
VERTEX_POSE A217 0.285526 0.266256 -0.874900 0.484303 -0.484303 -0.874900
VERTEX_POSE A218 -0.352737 -0.819270 0.220064 0.975485 0.975485 -0.220064
VERTEX_POSE A219 0.645026 -0.383053 0.845873 -0.533384 -0.533384 -0.845873
VERTEX_POSE A220 0.973873 0.754343 0.041392 -0.999143 -0.999143 -0.041392
VERTEX_POSE A221 -0.709379 -0.409110 -0.527595 -0.849496 0.849496 -0.527595
VERTEX_POSE A222 -0.059893 -0.129276 -0.987230 -0.159304 0.159304 -0.987230
VERTEX_POSE A223 0.098328 0.214859 -0.986538 0.163530 0.163530 0.986538
VERTEX_POSE A224 0.428568 0.169869 0.894453 0.447162 0.447162 -0.894453
VERTEX_POSE A225 -0.684560 -0.155701 -0.981363 -0.192163 0.192163 -0.981363
VERTEX_POSE A226 0.156874 -0.173958 -0.718088 -0.695952 0.695952 -0.718088
VERTEX_POSE A227 0.681646 0.186080 0.875223 -0.483720 0.483720 0.875223
VERTEX_POSE A228 0.500952 0.619930 -0.967639 -0.252339 0.252339 -0.967639
VERTEX_POSE A229 -0.903396 -0.777174 0.726490 0.687177 0.687177 -0.726490
VERTEX_POSE A230 -0.718552 -0.162393 0.999757 0.022026 -0.022026 0.999757
VERTEX_POSE A231 0.553759 -0.483168 0.840775 0.541384 0.541384 -0.840775
VERTEX_POSE A232 -0.579569 -0.063730 -0.586724 0.809787 -0.809787 -0.586724
VERTEX_POSE A233 -0.668425 0.611818 -0.558556 -0.829467 -0.829467 0.558556
VERTEX_POSE A234 0.583302 0.020693 0.774842 -0.632155 0.632155 0.774842
VERTEX_POSE A235 0.691856 -0.294165 -0.998368 0.057115 0.057115 0.998368
VERTEX_POSE A236 -0.339505 0.321311 0.993555 -0.113347 -0.113347 -0.993555
VERTEX_POSE A237 -0.313735 -0.517979 0.912058 0.410062 0.410062 -0.912058
VERTEX_POSE A238 0.588937 -0.074753 0.904022 0.427486 0.427486 -0.904022
VERTEX_POSE A239 -0.392782 -0.840729 -0.775125 0.631808 0.631808 0.775125
VERTEX_POSE A240 0.174537 0.740975 0.189274 0.981924 -0.981924 0.189274
VERTEX_POSE A241 -0.086270 0.745352 0.451608 0.892216 -0.892216 0.451608
VERTEX_POSE A242 -0.210087 0.324452 0.737541 -0.675303 0.675303 0.737541
VERTEX_POSE A243 0.977435 0.222856 -0.432850 -0.901466 0.901466 -0.432850
VERTEX_POSE A244 0.693932 0.451103 0.516318 -0.856397 0.856397 0.516318
VERTEX_POSE A245 0.576195 0.898877 -0.996316 0.085753 -0.085753 -0.996316
VERTEX_POSE A246 0.652824 -0.471616 0.987703 -0.156342 -0.156342 -0.987703
VERTEX_POSE A247 0.405638 0.130653 -0.638067 -0.769981 -0.769981 0.638067
VERTEX_POSE A248 -0.138279 0.165133 -0.238175 0.971222 -0.971222 -0.238175
VERTEX_POSE A249 -0.699912 -0.290886 -0.723281 -0.690554 0.690554 -0.723281
VERTEX_POSE A250 0.050664 0.747600 -0.988391 -0.151935 -0.151935 0.988391
VERTEX_POSE A251 -0.164406 -0.080524 0.546065 0.837743 -0.837743 0.546065
VERTEX_POSE A252 -0.409291 0.300003 -0.700275 0.713873 -0.713873 -0.700275
VERTEX_POSE A253 0.990771 -0.381676 0.571496 -0.820605 0.820605 0.571496
VERTEX_POSE A254 0.933922 -0.865665 0.537097 -0.843520 0.843520 0.537097
VERTEX_POSE A255 -0.980723 -0.530127 0.562633 -0.826707 0.826707 0.562633
VERTEX_POSE A256 -0.693789 0.462624 -0.232335 -0.972636 -0.972636 0.232335
VERTEX_POSE A257 0.090796 -0.039623 -0.986285 -0.165052 -0.165052 0.986285
VERTEX_POSE A258 0.700923 0.655953 0.999124 0.041853 0.041853 -0.999124
VERTEX_POSE A259 0.807163 0.082553 0.960337 -0.278840 -0.278840 -0.960337
VERTEX_POSE A260 0.187400 0.183203 0.981918 0.189308 -0.189308 0.981918
VERTEX_POSE A261 0.982372 -0.506441 -0.998721 0.050556 0.050556 0.998721
VERTEX_POSE A262 0.360922 0.599386 -0.669415 -0.742888 -0.742888 0.669415
VERTEX_POSE A263 0.607831 -0.880527 0.713009 0.701155 0.701155 -0.713009
VERTEX_POSE A264 -0.686053 -0.894622 -0.979737 -0.200287 0.200287 -0.979737
VERTEX_POSE A265 -0.055775 -0.379921 0.711618 -0.702566 0.702566 0.711618
VERTEX_POSE A266 0.299687 -0.174692 0.689158 0.724611 -0.724611 0.689158
VERTEX_POSE A267 -0.025558 0.426689 -0.207112 -0.978317 -0.978317 0.207112
VERTEX_POSE A268 0.630489 0.102100 -0.990789 0.135414 0.135414 0.990789
VERTEX_POSE A269 -0.111376 0.750555 0.019541 0.999809 -0.999809 0.019541
VERTEX_POSE A270 0.581659 0.585960 0.984747 0.173995 -0.173995 0.984747
VERTEX_POSE A271 -0.194974 -0.156925 0.998115 -0.061378 0.061378 0.998115
VERTEX_POSE A272 0.802354 0.495907 -0.904293 -0.426913 0.426913 -0.904293
VERTEX_POSE A273 -0.628427 -0.089587 0.992288 0.123952 -0.123952 0.992288
VERTEX_POSE A274 -0.217539 -0.934069 0.911861 -0.410499 -0.410499 -0.911861
VERTEX_POSE B0 0.496286 -0.052990 0.447459 0.894304 -0.894304 0.447459
VERTEX_POSE B1 0.947768 -0.190711 -0.558621 0.829423 0.829423 0.558621
VERTEX_POSE B2 -0.564715 -0.405685 -0.999603 0.028164 -0.028164 -0.999603
VERTEX_POSE B3 -0.098077 -0.922337 -0.907406 0.420255 -0.420255 -0.907406
VERTEX_POSE B4 -0.190511 0.974422 -0.815423 -0.578866 -0.578866 0.815423
VERTEX_POSE B5 -0.264627 0.303428 -0.972007 0.234950 -0.234950 -0.972007
VERTEX_POSE B6 0.952587 0.825263 -0.518562 0.855040 -0.855040 -0.518562
VERTEX_POSE B7 0.645084 -0.106102 0.834315 -0.551288 -0.551288 -0.834315
VERTEX_POSE B8 0.326082 -0.396568 0.897187 -0.441651 -0.441651 -0.897187
VERTEX_POSE B9 0.943359 -0.556413 -0.193297 -0.981140 -0.981140 0.193297
VERTEX_POSE B10 0.579006 0.028233 -0.824478 -0.565893 -0.565893 0.824478
VERTEX_POSE B11 0.345360 0.073305 0.291159 -0.956675 -0.956675 -0.291159
VERTEX_POSE B12 -0.750430 0.906211 0.661877 -0.749613 0.749613 0.661877
VERTEX_POSE B13 -0.330199 0.988610 -0.584453 0.811427 0.811427 0.584453
VERTEX_POSE B14 0.046283 -0.270742 -0.770440 0.637512 0.637512 0.770440
VERTEX_POSE B15 -0.943267 -0.011236 -0.954980 -0.296670 0.296670 -0.954980
VERTEX_POSE B16 0.857201 0.171813 0.948926 -0.315499 0.315499 0.948926
VERTEX_POSE B17 0.028654 0.222817 -0.999777 0.021104 -0.021104 -0.999777
VERTEX_POSE B18 0.417655 -0.411850 -0.667670 -0.744457 0.744457 -0.667670
VERTEX_POSE B19 0.465032 0.291287 0.946484 -0.322750 -0.322750 -0.946484
VERTEX_POSE B20 0.342601 0.328195 -0.404339 0.914609 -0.914609 -0.404339
VERTEX_POSE B21 -0.638120 0.208229 0.889359 0.457209 0.457209 -0.889359
VERTEX_POSE B22 -0.235282 -0.883405 0.074692 0.997207 0.997207 -0.074692
VERTEX_POSE B23 -0.682957 -0.245116 -0.996773 -0.080269 0.080269 -0.996773
VERTEX_POSE B24 0.992369 -0.689671 -0.826273 0.563270 0.563270 0.826273
VERTEX_POSE B25 0.653342 0.867150 0.886286 -0.463138 -0.463138 -0.886286
VERTEX_POSE B26 0.898703 -0.659156 0.962347 -0.271824 0.271824 0.962347
VERTEX_POSE B27 -0.202605 0.153404 -0.686361 0.727261 0.727261 0.686361
VERTEX_POSE B28 0.455696 0.363058 0.828347 -0.560215 0.560215 0.828347
VERTEX_POSE B29 -0.729725 0.251257 -0.341487 0.939886 -0.939886 -0.341487
VERTEX_POSE B30 0.579856 0.219334 -0.964915 0.262561 0.262561 0.964915
VERTEX_POSE B31 -0.048018 -0.689932 -0.802125 0.597156 -0.597156 -0.802125
VERTEX_POSE B32 -0.781957 -0.939454 -0.942932 -0.332986 0.332986 -0.942932
VERTEX_POSE B33 -0.984859 0.813649 0.850932 -0.525275 -0.525275 -0.850932
VERTEX_POSE B34 0.853905 -0.612269 -0.661829 -0.749655 -0.749655 0.661829
VERTEX_POSE B35 0.027533 -0.965032 0.844713 0.535220 0.535220 -0.844713
VERTEX_POSE B36 -0.249486 0.117077 -0.671255 0.741227 -0.741227 -0.671255
VERTEX_POSE B37 0.806492 -0.787006 -0.480039 0.877247 0.877247 0.480039
VERTEX_POSE B38 -0.327384 -0.071133 0.520013 0.854159 0.854159 -0.520013
VERTEX_POSE B39 -0.923404 0.720509 -0.643277 0.765633 0.765633 0.643277
VERTEX_POSE B40 0.749851 -0.343419 0.209600 -0.977787 -0.977787 -0.209600
VERTEX_POSE B41 -0.748378 0.957100 0.999970 -0.007738 -0.007738 -0.999970
VERTEX_POSE B42 0.421956 -0.206186 0.190429 -0.981701 0.981701 0.190429
VERTEX_POSE B43 0.999421 -0.437208 0.828333 -0.560237 0.560237 0.828333
VERTEX_POSE B44 -0.078577 0.945709 -0.496387 -0.868102 -0.868102 0.496387
VERTEX_POSE B45 -0.531761 0.523071 -0.356851 0.934161 0.934161 0.356851
VERTEX_POSE B46 -0.943846 0.551556 -0.842549 -0.538619 0.538619 -0.842549
VERTEX_POSE B47 -0.221376 0.117523 0.961005 -0.276533 -0.276533 -0.961005
VERTEX_POSE B48 0.496893 -0.254112 0.999452 0.033103 -0.033103 0.999452
VERTEX_POSE B49 0.473810 -0.860294 0.820358 -0.571850 0.571850 0.820358
VERTEX_POSE B50 -0.756345 -0.591190 0.947835 0.318761 0.318761 -0.947835
VERTEX_POSE B51 -0.160506 -0.925917 0.342753 -0.939426 -0.939426 -0.342753
VERTEX_POSE B52 0.835689 0.347935 0.805240 -0.592949 -0.592949 -0.805240
VERTEX_POSE B53 0.008374 -0.474596 0.736749 -0.676166 -0.676166 -0.736749
VERTEX_POSE B54 0.156538 -0.171033 0.881229 -0.472690 0.472690 0.881229
VERTEX_POSE B55 0.828058 0.658264 -0.949372 0.314155 0.314155 0.949372
VERTEX_POSE B56 -0.338284 -0.607446 -0.629096 -0.777328 -0.777328 0.629096
VERTEX_POSE B57 0.055240 0.169811 0.529334 0.848414 0.848414 -0.529334
VERTEX_POSE B58 -0.374547 -0.188333 -0.855093 -0.518474 -0.518474 0.855093
VERTEX_POSE B59 -0.882588 0.755612 -0.999213 -0.039676 0.039676 -0.999213
VERTEX_POSE B60 0.325516 -0.578933 0.813141 -0.582067 0.582067 0.813141
VERTEX_POSE B61 -0.794691 -0.968999 0.434375 0.900732 0.900732 -0.434375
VERTEX_POSE B62 0.069394 -0.934320 0.507521 -0.861639 -0.861639 -0.507521
VERTEX_POSE B63 0.543559 -0.518387 -0.755916 -0.654668 0.654668 -0.755916
VERTEX_POSE B64 -0.779550 0.844650 0.999823 -0.018791 -0.018791 -0.999823
VERTEX_POSE B65 -0.076701 -0.546590 0.285793 0.958292 -0.958292 0.285793
VERTEX_POSE B66 -0.428908 -0.483418 -0.712364 -0.701810 -0.701810 0.712364
VERTEX_POSE B67 -0.029036 -0.038273 0.954879 -0.296996 0.296996 0.954879
VERTEX_POSE B68 -0.270209 -0.333596 -0.121088 0.992642 0.992642 0.121088
VERTEX_POSE B69 0.243708 0.445448 -0.364856 -0.931064 -0.931064 0.364856
VERTEX_POSE B70 0.047561 -0.317764 0.999969 0.007914 0.007914 -0.999969
VERTEX_POSE B71 -0.520358 0.322985 0.857153 0.515062 -0.515062 0.857153
VERTEX_POSE B72 0.495330 0.402548 -0.611115 -0.791542 0.791542 -0.611115
VERTEX_POSE B73 -0.530483 0.476050 -0.781073 0.624440 0.624440 0.781073
VERTEX_POSE B74 -0.520937 0.885777 0.667843 -0.744302 0.744302 0.667843
VERTEX_POSE B75 -0.583247 0.348257 -0.574185 0.818726 -0.818726 -0.574185
VERTEX_POSE B76 -0.062245 -0.000879 0.756370 0.654144 -0.654144 0.756370
VERTEX_POSE B77 -0.464782 0.437334 -0.494299 -0.869292 0.869292 -0.494299
VERTEX_POSE B78 0.195377 -0.534220 -0.693644 0.720318 -0.720318 -0.693644
VERTEX_POSE B79 -0.565352 0.745009 -0.034924 -0.999390 0.999390 -0.034924
VERTEX_POSE B80 -0.990973 0.577040 -0.541731 -0.840552 0.840552 -0.541731
VERTEX_POSE B81 0.439032 -0.125411 -0.724095 0.689700 -0.689700 -0.724095
VERTEX_POSE B82 0.274143 0.819093 -0.326498 0.945198 -0.945198 -0.326498
VERTEX_POSE B83 0.844717 -0.075025 0.770696 0.637203 0.637203 -0.770696
VERTEX_POSE B84 -0.552594 0.399994 0.636388 -0.771369 0.771369 0.636388
VERTEX_POSE B85 -0.569319 -0.351941 -0.183188 -0.983078 0.983078 -0.183188
VERTEX_POSE B86 0.672775 -0.416762 0.632223 -0.774787 0.774787 0.632223
VERTEX_POSE B87 0.109122 0.792548 0.948338 -0.317261 0.317261 0.948338
VERTEX_POSE B88 0.485921 0.817870 0.355321 -0.934744 -0.934744 -0.355321
VERTEX_POSE B89 -0.701771 0.394906 0.992662 -0.120920 -0.120920 -0.992662
VERTEX_POSE B90 0.226534 0.548160 -0.169400 0.985547 0.985547 0.169400
VERTEX_POSE B91 -0.188563 -0.761063 0.991025 0.133675 0.133675 -0.991025
VERTEX_POSE B92 -0.496462 0.425907 0.370506 -0.928830 0.928830 0.370506
VERTEX_POSE B93 -0.704072 0.613840 0.855126 0.518421 0.518421 -0.855126
VERTEX_POSE B94 -0.645004 -0.279449 0.908823 0.417183 0.417183 -0.908823
VERTEX_POSE B95 -0.276012 0.270558 -0.570563 -0.821254 -0.821254 0.570563
VERTEX_POSE B96 0.219226 -0.932750 -0.588159 -0.808745 0.808745 -0.588159
VERTEX_POSE B97 -0.073913 0.237132 -0.910806 0.412836 0.412836 0.910806
VERTEX_POSE B98 0.694953 -0.767715 -0.320007 -0.947415 0.947415 -0.320007
VERTEX_POSE B99 0.949017 -0.266346 -0.331418 0.943484 0.943484 0.331418
VERTEX_POSE B100 -0.830204 -0.317420 -0.423345 0.905969 -0.905969 -0.423345
VERTEX_POSE B101 -0.257487 -0.085479 -0.863569 -0.504231 0.504231 -0.863569
VERTEX_POSE B102 -0.571341 -0.943361 -0.751858 -0.659325 -0.659325 0.751858
VERTEX_POSE B103 0.665126 -0.914872 -0.595155 -0.803611 -0.803611 0.595155
VERTEX_POSE B104 0.212030 -0.609429 0.083815 0.996481 -0.996481 0.083815
VERTEX_POSE B105 -0.092277 0.942416 0.743501 -0.668735 0.668735 0.743501
VERTEX_POSE B106 -0.918121 0.433385 0.891220 0.453572 0.453572 -0.891220
VERTEX_POSE B107 -0.850215 0.389693 -0.125910 0.992042 -0.992042 -0.125910
VERTEX_POSE B108 0.442941 0.379750 0.648425 -0.761278 0.761278 0.648425
VERTEX_POSE B109 0.277256 0.899165 0.697684 0.716406 -0.716406 0.697684
VERTEX_POSE B110 -0.415566 0.134702 -0.281357 0.959603 0.959603 0.281357
VERTEX_POSE B111 0.451968 -0.043211 0.619079 -0.785328 -0.785328 -0.619079
VERTEX_POSE B112 -0.283712 -0.226246 -0.671530 -0.740977 -0.740977 0.671530
VERTEX_POSE B113 0.858577 -0.046205 0.778461 -0.627693 -0.627693 -0.778461
VERTEX_POSE B114 0.296685 0.881764 -0.837227 -0.546855 -0.546855 0.837227
VERTEX_POSE B115 0.163694 -0.826252 -0.123154 -0.992388 0.992388 -0.123154
VERTEX_POSE B116 -0.710743 0.601854 -0.768422 0.639943 -0.639943 -0.768422
VERTEX_POSE B117 -0.030540 -0.534998 -0.039680 -0.999212 0.999212 -0.039680
VERTEX_POSE B118 -0.727184 0.966296 0.616756 0.787154 -0.787154 0.616756
VERTEX_POSE B119 0.775178 0.419724 -0.137220 0.990541 -0.990541 -0.137220
VERTEX_POSE B120 0.267689 0.859908 0.973534 -0.228543 0.228543 0.973534
VERTEX_POSE B121 0.499350 0.514456 -0.834828 -0.550511 0.550511 -0.834828
VERTEX_POSE B122 -0.413385 0.658661 -0.841034 0.540982 -0.540982 -0.841034
VERTEX_POSE B123 0.771227 0.285815 -0.988660 -0.150174 -0.150174 0.988660
VERTEX_POSE B124 0.795278 0.128296 0.888183 0.459490 0.459490 -0.888183
VERTEX_POSE B125 -0.058389 -0.620788 0.970363 0.241651 0.241651 -0.970363
VERTEX_POSE B126 -0.504785 -0.443627 -0.454998 0.890492 0.890492 0.454998
VERTEX_POSE B127 0.014504 0.195545 0.478045 0.878336 0.878336 -0.478045
VERTEX_POSE B128 0.867698 0.616344 0.810059 -0.586349 0.586349 0.810059
VERTEX_POSE B129 -0.809832 -0.211342 -0.974587 0.224011 0.224011 0.974587
VERTEX_POSE B130 -0.036479 0.929199 0.978812 0.204763 0.204763 -0.978812
VERTEX_POSE B131 -0.962506 -0.701076 -0.867929 0.496688 0.496688 0.867929
VERTEX_POSE B132 -0.067319 0.703179 0.901118 0.433575 0.433575 -0.901118
VERTEX_POSE B133 0.392180 0.985838 -0.729979 0.683470 -0.683470 -0.729979
VERTEX_POSE B134 0.702619 -0.615948 -0.354512 0.935052 -0.935052 -0.354512
VERTEX_POSE B135 -0.855289 -0.906249 -0.772751 -0.634710 0.634710 -0.772751
VERTEX_POSE B136 -0.700097 0.928254 -0.143762 0.989612 0.989612 0.143762
VERTEX_POSE B137 0.784498 0.817437 0.996271 0.086285 0.086285 -0.996271
VERTEX_POSE B138 -0.705503 0.483443 -0.954700 0.297571 -0.297571 -0.954700
VERTEX_POSE B139 0.742843 0.308004 0.160498 0.987036 -0.987036 0.160498
VERTEX_POSE B140 0.061754 0.716602 0.460173 0.887829 -0.887829 0.460173
VERTEX_POSE B141 -0.121070 -0.381855 -0.594050 -0.804428 0.804428 -0.594050
VERTEX_POSE B142 0.194811 -0.735207 0.119394 0.992847 0.992847 -0.119394
VERTEX_POSE B143 0.778042 -0.509644 0.949833 -0.312758 -0.312758 -0.949833
VERTEX_POSE B144 -0.262493 0.571940 -0.939274 0.343167 0.343167 0.939274
VERTEX_POSE B145 -0.508504 -0.853443 -0.871924 0.489641 -0.489641 -0.871924
VERTEX_POSE B146 -0.058264 -0.335896 -0.606590 0.795015 0.795015 0.606590
VERTEX_POSE B147 0.026764 0.173794 -0.435022 -0.900420 0.900420 -0.435022
VERTEX_POSE B148 0.460956 -0.388440 -0.765788 -0.643093 -0.643093 0.765788
VERTEX_POSE B149 0.214553 -0.369600 0.436232 0.899834 0.899834 -0.436232
VERTEX_POSE B150 -0.198058 -0.406482 -0.447221 -0.894424 -0.894424 0.447221
VERTEX_POSE B151 -0.271355 -0.528532 -0.861511 0.507739 -0.507739 -0.861511
VERTEX_POSE B152 -0.286097 -0.855145 0.658894 0.752236 -0.752236 0.658894
VERTEX_POSE B153 0.388557 -0.747821 -0.274637 -0.961548 -0.961548 0.274637
VERTEX_POSE B154 -0.500128 0.757283 0.895054 0.445958 0.445958 -0.895054
VERTEX_POSE B155 -0.490819 0.273151 -0.874975 -0.484168 0.484168 -0.874975
VERTEX_POSE B156 -0.669832 -0.368609 -0.844603 0.535393 0.535393 0.844603
VERTEX_POSE B157 -0.004913 -0.686344 0.347496 0.937682 -0.937682 0.347496
VERTEX_POSE B158 0.523684 -0.531303 -0.812316 -0.583217 -0.583217 0.812316
VERTEX_POSE B159 -0.802134 -0.752265 -0.091327 -0.995821 0.995821 -0.091327
VERTEX_POSE B160 0.185255 0.102313 -0.960522 0.278204 -0.278204 -0.960522
VERTEX_POSE B161 -0.512795 -0.602104 0.937929 0.346828 0.346828 -0.937929
VERTEX_POSE B162 -0.764640 -0.453340 -0.456075 -0.889941 0.889941 -0.456075
VERTEX_POSE C0 -0.882064 -0.194507 0.997932 -0.064272 0.064272 0.997932
VERTEX_POSE C1 0.879386 -0.616266 0.798374 0.602162 -0.602162 0.798374
VERTEX_POSE C2 0.937979 -0.069288 0.445648 0.895208 -0.895208 0.445648
VERTEX_POSE C3 -0.737352 -0.100757 -1.000000 0.000964 0.000964 1.000000
VERTEX_POSE C4 -0.820712 -0.688011 0.037888 -0.999282 0.999282 0.037888
VERTEX_POSE C5 0.722477 -0.251851 0.999920 0.012681 0.012681 -0.999920
VERTEX_POSE C6 -0.442856 -0.617314 -0.507746 0.861507 0.861507 0.507746
VERTEX_POSE C7 0.922132 0.619993 0.912017 -0.410152 0.410152 0.912017
VERTEX_POSE C8 -0.215769 -0.535249 -0.329173 0.944270 0.944270 0.329173
VERTEX_POSE C9 0.436075 0.000831 -0.633733 0.773552 0.773552 0.633733
VERTEX_POSE C10 0.116943 0.884786 0.690070 0.723742 -0.723742 0.690070
VERTEX_POSE C11 -0.437727 -0.044893 -0.751853 0.659330 0.659330 0.751853
VERTEX_POSE C12 -0.826418 -0.427229 0.998679 0.051377 0.051377 -0.998679
VERTEX_POSE C13 0.608440 -0.968656 -0.106349 0.994329 -0.994329 -0.106349
VERTEX_POSE C14 0.504009 0.619211 0.837790 0.545993 -0.545993 0.837790
VERTEX_POSE C15 0.200346 0.746565 -0.993831 -0.110905 0.110905 -0.993831
VERTEX_POSE C16 0.069396 -0.357097 0.387563 0.921843 0.921843 -0.387563
VERTEX_POSE C17 -0.281438 -0.750390 -0.686068 -0.727537 0.727537 -0.686068
VERTEX_POSE C18 -0.997712 -0.659917 0.717759 -0.696292 0.696292 0.717759
VERTEX_POSE C19 0.798041 0.114371 0.871581 -0.490251 0.490251 0.871581
VERTEX_POSE C20 0.432465 -0.605534 -0.098736 0.995114 0.995114 0.098736
VERTEX_POSE C21 0.390846 -0.407738 0.938142 -0.346250 0.346250 0.938142
VERTEX_POSE C22 -0.702087 -0.128346 -0.049276 0.998785 -0.998785 -0.049276
VERTEX_POSE C23 0.941645 0.667617 0.992240 -0.124337 0.124337 0.992240
VERTEX_POSE C24 0.721014 0.223653 0.133030 -0.991112 0.991112 0.133030
VERTEX_POSE C25 0.293000 0.185310 0.760426 -0.649424 0.649424 0.760426
VERTEX_POSE C26 0.465330 -0.863687 -0.818132 0.575030 -0.575030 -0.818132
VERTEX_POSE C27 0.918880 0.471388 -0.657772 -0.753217 0.753217 -0.657772
VERTEX_POSE C28 -0.521745 -0.712377 -0.928546 0.371218 0.371218 0.928546
VERTEX_POSE C29 0.952535 -0.465791 0.914633 -0.404285 0.404285 0.914633
VERTEX_POSE C30 -0.845760 -0.981952 0.583834 0.811873 0.811873 -0.583834
VERTEX_POSE C31 -0.403808 0.093116 0.422143 -0.906529 0.906529 0.422143
VERTEX_POSE C32 0.831921 -0.082057 0.773185 -0.634181 -0.634181 -0.773185
VERTEX_POSE C33 -0.907781 -0.051240 -0.931262 -0.364351 0.364351 -0.931262
VERTEX_POSE C34 -0.141161 0.992359 0.303842 -0.952722 -0.952722 -0.303842
VERTEX_POSE C35 -0.988791 0.229932 0.824675 -0.565607 -0.565607 -0.824675
VERTEX_POSE C36 0.814696 0.696909 0.973296 -0.229556 -0.229556 -0.973296
VERTEX_POSE C37 0.415984 -0.624955 0.817710 -0.575630 -0.575630 -0.817710
VERTEX_POSE C38 0.933341 -0.150076 -0.782969 0.622060 0.622060 0.782969
VERTEX_POSE C39 -0.401073 -0.838340 -0.227604 0.973754 -0.973754 -0.227604
VERTEX_POSE C40 -0.147941 0.375876 -0.925927 0.377704 0.377704 0.925927
VERTEX_POSE C41 0.050284 -0.265289 -0.846797 -0.531916 -0.531916 0.846797
VERTEX_POSE C42 0.161200 0.116767 0.826587 -0.562808 -0.562808 -0.826587
VERTEX_POSE C43 0.025640 0.948648 -0.249682 0.968328 0.968328 0.249682
VERTEX_POSE C44 -0.341276 -0.233946 0.058380 -0.998294 -0.998294 -0.058380
VERTEX_POSE C45 -0.334790 -0.264023 -0.562509 -0.826791 -0.826791 0.562509
VERTEX_POSE C46 -0.774014 0.695212 -0.862458 -0.506129 -0.506129 0.862458
VERTEX_POSE C47 0.728120 0.408957 -0.757744 0.652551 -0.652551 -0.757744
VERTEX_POSE C48 0.383772 -0.014412 -0.578281 -0.815838 -0.815838 0.578281
VERTEX_POSE C49 -0.771725 -0.964705 -0.765813 0.643063 -0.643063 -0.765813
VERTEX_POSE C50 0.526161 -0.476672 -0.213721 -0.976895 -0.976895 0.213721
VERTEX_POSE C51 -0.183763 0.380053 -0.995710 0.092530 -0.092530 -0.995710
VERTEX_POSE C52 0.619121 -0.372444 0.219908 -0.975521 0.975521 0.219908
VERTEX_POSE C53 0.824075 0.394982 0.614663 -0.788790 -0.788790 -0.614663
VERTEX_POSE C54 -0.242118 0.047670 0.660218 -0.751074 -0.751074 -0.660218
VERTEX_POSE C55 0.340135 0.851209 -0.251456 0.967869 -0.967869 -0.251456
VERTEX_POSE C56 0.117075 -0.419708 -0.649862 -0.760052 -0.760052 0.649862
VERTEX_POSE C57 -0.776788 0.183983 -0.877952 0.478748 -0.478748 -0.877952
VERTEX_POSE C58 0.259015 0.322597 0.937102 0.349055 0.349055 -0.937102
VERTEX_POSE C59 0.595330 -0.132085 0.671696 -0.740827 0.740827 0.671696
VERTEX_POSE C60 -0.824253 0.718192 -0.485190 0.874409 0.874409 0.485190
VERTEX_POSE C61 0.413255 0.340645 -0.795981 0.605321 -0.605321 -0.795981
VERTEX_POSE C62 -0.808478 0.961031 0.700157 -0.713989 0.713989 0.700157
VERTEX_POSE C63 -0.992333 -0.363865 0.723776 -0.690035 -0.690035 -0.723776
VERTEX_POSE C64 0.505474 -0.710595 0.720176 0.693791 -0.693791 0.720176
VERTEX_POSE C65 0.050361 0.953390 -0.997616 -0.069015 0.069015 -0.997616
VERTEX_POSE C66 -0.981124 0.866067 0.837679 -0.546163 0.546163 0.837679
VERTEX_POSE C67 0.320170 0.986314 0.699018 -0.715104 -0.715104 -0.699018
VERTEX_POSE C68 -0.533655 -0.671565 0.033829 0.999428 -0.999428 0.033829
VERTEX_POSE C69 0.952217 -0.284008 -0.036889 -0.999319 0.999319 -0.036889
VERTEX_POSE C70 0.919097 -0.852026 0.940414 -0.340032 -0.340032 -0.940414
VERTEX_POSE C71 0.318404 0.704312 -0.581433 0.813594 -0.813594 -0.581433
VERTEX_POSE C72 0.002502 0.450702 -0.986480 -0.163883 -0.163883 0.986480
VERTEX_POSE C73 0.080298 0.264741 0.728399 0.685153 0.685153 -0.728399
VERTEX_POSE C74 -0.655956 0.652959 0.763957 0.645267 0.645267 -0.763957
VERTEX_POSE C75 0.661226 -0.783244 -0.735136 -0.677920 -0.677920 0.735136
VERTEX_POSE C76 0.745507 -0.999281 -0.276752 -0.960941 -0.960941 0.276752
VERTEX_POSE C77 -0.429969 0.348171 -0.958371 0.285526 -0.285526 -0.958371
VERTEX_POSE C78 0.389346 0.625714 0.535966 0.844240 0.844240 -0.535966
VERTEX_POSE C79 0.129279 -0.013694 -0.789384 0.613900 -0.613900 -0.789384
VERTEX_POSE C80 -0.201694 0.383466 -0.608377 0.793648 -0.793648 -0.608377
VERTEX_POSE C81 -0.084493 -0.850958 0.054725 -0.998501 -0.998501 -0.054725
VERTEX_POSE C82 0.945516 -0.633641 0.698222 -0.715881 -0.715881 -0.698222
VERTEX_POSE C83 -0.582573 -0.988977 0.403420 -0.915015 -0.915015 -0.403420
VERTEX_POSE C84 -0.260418 0.544025 -0.049446 -0.998777 -0.998777 0.049446
VERTEX_POSE C85 -0.296602 0.414029 0.559950 0.828526 0.828526 -0.559950
VERTEX_POSE C86 0.757561 0.862232 0.645441 0.763810 -0.763810 0.645441
VERTEX_POSE C87 0.856657 -0.875683 0.750458 0.660918 -0.660918 0.750458
VERTEX_POSE C88 -0.073390 -0.401988 -0.916231 -0.400650 -0.400650 0.916231
VERTEX_POSE C89 0.016576 0.184829 -0.197239 0.980356 -0.980356 -0.197239
VERTEX_POSE C90 0.451987 -0.007768 0.998346 -0.057487 -0.057487 -0.998346
VERTEX_POSE C91 0.102357 -0.683795 -0.465560 -0.885016 0.885016 -0.465560
VERTEX_POSE C92 -0.570170 -0.474526 -0.988041 -0.154188 -0.154188 0.988041
VERTEX_POSE C93 0.643509 -0.046736 -0.083835 -0.996480 0.996480 -0.083835
VERTEX_POSE C94 0.110024 -0.047660 -0.872024 0.489463 0.489463 0.872024
VERTEX_POSE C95 0.935304 -0.185121 0.999848 0.017452 -0.017452 0.999848
VERTEX_POSE C96 -0.306130 -0.093346 -0.250359 -0.968153 -0.968153 0.250359
VERTEX_POSE C97 0.128900 -0.181593 0.515225 -0.857055 -0.857055 -0.515225
VERTEX_POSE C98 0.255474 -0.198806 0.515108 0.857126 -0.857126 0.515108
VERTEX_POSE C99 0.160216 0.235089 0.636826 -0.771007 -0.771007 -0.636826
VERTEX_POSE C100 0.081117 0.534398 0.963327 -0.268331 -0.268331 -0.963327
VERTEX_POSE C101 0.174571 -0.050832 0.890545 0.454895 -0.454895 0.890545
VERTEX_POSE C102 -0.521380 -0.060600 0.136761 0.990604 0.990604 -0.136761
VERTEX_POSE C103 -0.916381 -0.014899 -0.599124 0.800656 0.800656 0.599124
VERTEX_POSE C104 -0.745131 -0.786091 -0.770960 -0.636884 -0.636884 0.770960
VERTEX_POSE C105 -0.177336 -0.407641 0.092887 -0.995677 0.995677 0.092887
VERTEX_POSE C106 0.744845 0.201857 -0.841035 0.540980 0.540980 0.841035
VERTEX_POSE C107 -0.999624 -0.785373 -0.440923 -0.897545 0.897545 -0.440923
VERTEX_POSE C108 0.392695 0.940531 -0.321934 -0.946762 0.946762 -0.321934
VERTEX_POSE C109 0.134191 -0.172429 -0.919676 -0.392678 0.392678 -0.919676
VERTEX_POSE C110 0.129655 0.200933 -0.803484 0.595326 -0.595326 -0.803484
VERTEX_POSE C111 -0.809000 0.323997 0.768998 0.639251 0.639251 -0.768998
VERTEX_POSE C112 -0.950302 -0.023387 -0.785643 -0.618681 0.618681 -0.785643
VERTEX_POSE C113 0.075172 0.567293 0.846109 -0.533010 0.533010 0.846109
VERTEX_POSE C114 -0.391573 0.335020 -0.942763 -0.333462 0.333462 -0.942763
VERTEX_POSE C115 -0.210720 -0.479362 -0.278390 -0.960468 0.960468 -0.278390
VERTEX_POSE C116 0.778570 -0.018678 0.564651 -0.825329 -0.825329 -0.564651
VERTEX_POSE C117 -0.634012 0.197252 0.960282 -0.279032 0.279032 0.960282
VERTEX_POSE C118 -0.354063 -0.355046 -0.932184 -0.361985 0.361985 -0.932184
VERTEX_POSE C119 -0.294821 0.579334 0.980039 0.198808 0.198808 -0.980039
VERTEX_POSE C120 0.382564 -0.617919 0.735796 -0.677203 0.677203 0.735796
VERTEX_POSE C121 -0.902076 0.637187 0.312082 0.950055 0.950055 -0.312082
VERTEX_POSE C122 0.807536 0.895539 -0.859822 -0.510594 -0.510594 0.859822
VERTEX_POSE C123 0.812395 -0.092445 -0.936792 -0.349887 0.349887 -0.936792
VERTEX_POSE C124 0.741433 -0.409550 -0.965871 0.259022 -0.259022 -0.965871
VERTEX_POSE C125 -0.082440 -0.152121 0.696812 -0.717254 -0.717254 -0.696812
VERTEX_POSE C126 0.747699 0.722435 -0.774845 0.632151 -0.632151 -0.774845
VERTEX_POSE C127 -0.564696 0.497104 0.968938 -0.247303 0.247303 0.968938
VERTEX_POSE C128 -0.953540 0.666286 0.676344 0.736586 -0.736586 0.676344
VERTEX_POSE C129 0.003173 -0.476372 -0.918823 0.394670 -0.394670 -0.918823
VERTEX_POSE C130 0.595520 -0.267807 -0.779026 -0.626992 0.626992 -0.779026
VERTEX_POSE C131 0.127577 0.200684 -0.986299 0.164969 0.164969 0.986299
VERTEX_POSE C132 -0.822256 0.472796 0.845849 0.533422 -0.533422 0.845849
VERTEX_POSE C133 -0.925861 0.671593 0.558010 0.829834 0.829834 -0.558010
VERTEX_POSE C134 0.211197 -0.814215 -0.395715 0.918373 0.918373 0.395715
VERTEX_POSE C135 -0.567388 0.686705 -0.771583 -0.636129 -0.636129 0.771583
VERTEX_POSE C136 -0.103197 -0.736048 0.988624 0.150408 0.150408 -0.988624
VERTEX_POSE C137 -0.043958 0.387642 -0.071582 -0.997435 -0.997435 0.071582
VERTEX_POSE C138 -0.567012 0.901332 0.200117 0.979772 0.979772 -0.200117
VERTEX_POSE C139 -0.710502 -0.795517 0.454954 -0.890515 -0.890515 -0.454954
VERTEX_POSE C140 -0.909767 -0.784788 0.031566 -0.999502 0.999502 0.031566
VERTEX_POSE C141 0.562644 0.102265 -0.999978 0.006666 -0.006666 -0.999978
VERTEX_POSE C142 -0.519502 0.528479 0.235918 -0.971773 0.971773 0.235918
VERTEX_POSE C143 -0.860069 0.191825 -0.619578 -0.784935 0.784935 -0.619578
VERTEX_POSE C144 -0.362185 -0.330442 0.544880 -0.838514 -0.838514 -0.544880
VERTEX_POSE C145 0.088925 -0.136501 -0.677476 0.735545 0.735545 0.677476
VERTEX_POSE C146 -0.070788 0.712463 0.885215 -0.465182 0.465182 0.885215
VERTEX_POSE C147 -0.583615 0.650880 -0.301166 -0.953572 0.953572 -0.301166
VERTEX_POSE C148 0.454913 -0.939249 -0.209943 -0.977714 0.977714 -0.209943
VERTEX_POSE C149 0.575149 -0.642583 -0.880184 0.474633 0.474633 0.880184
VERTEX_POSE C150 0.121564 0.230215 0.855771 -0.517354 -0.517354 -0.855771
VERTEX_POSE C151 -0.162523 -0.557169 0.498330 0.866987 -0.866987 0.498330
VERTEX_POSE C152 0.673073 0.994604 -0.999548 0.030076 0.030076 0.999548
VERTEX_POSE C153 -0.070900 0.125754 -0.871331 -0.490696 0.490696 -0.871331
VERTEX_POSE C154 -0.350128 0.350387 0.444247 0.895904 -0.895904 0.444247
VERTEX_POSE C155 0.414507 -0.414946 -0.932919 0.360087 -0.360087 -0.932919
VERTEX_POSE C156 0.846660 0.973633 0.948549 -0.316631 -0.316631 -0.948549
VERTEX_POSE C157 -0.602429 0.072821 -0.794410 0.607382 -0.607382 -0.794410
VERTEX_POSE C158 0.849810 -0.917842 0.703271 0.710922 0.710922 -0.703271
VERTEX_POSE C159 0.893120 0.639918 -0.999586 0.028776 0.028776 0.999586
VERTEX_POSE C160 0.400743 0.596449 -0.976796 -0.214170 0.214170 -0.976796
VERTEX_POSE C161 0.445330 -0.185649 -0.751274 0.659990 -0.659990 -0.751274
VERTEX_POSE C162 0.020697 -0.159398 -0.170754 0.985314 -0.985314 -0.170754
VERTEX_POSE C163 0.578487 0.069245 -0.960902 -0.276887 -0.276887 0.960902
VERTEX_POSE C164 0.519469 -0.514056 -0.834882 -0.550428 0.550428 -0.834882
VERTEX_POSE C165 -0.768106 0.026387 0.699110 -0.715014 0.715014 0.699110
VERTEX_POSE C166 -0.988901 -0.244050 0.997588 0.069407 0.069407 -0.997588
VERTEX_POSE C167 -0.583728 -0.250104 -0.990688 0.136149 0.136149 0.990688
VERTEX_POSE C168 0.187935 -0.585971 -0.184531 -0.982827 0.982827 -0.184531
VERTEX_POSE C169 -0.555913 -0.342718 0.983043 -0.183375 -0.183375 -0.983043
VERTEX_POSE C170 -0.294230 -0.045621 0.553082 0.833127 -0.833127 0.553082
VERTEX_POSE C171 0.278168 -0.370759 -0.985569 -0.169277 -0.169277 0.985569
VERTEX_POSE C172 -0.993269 0.759547 -0.507303 0.861768 0.861768 0.507303
VERTEX_POSE C173 0.186268 -0.517142 0.488456 0.872589 -0.872589 0.488456
VERTEX_POSE C174 0.418099 0.821066 -0.183023 -0.983109 -0.983109 0.183023
VERTEX_POSE C175 -0.355454 -0.570894 -0.423965 0.905679 -0.905679 -0.423965
VERTEX_POSE C176 -0.724807 0.346357 -0.406465 0.913666 0.913666 0.406465
VERTEX_POSE C177 -0.652689 0.533529 -0.681556 -0.731766 0.731766 -0.681556
VERTEX_POSE C178 0.060931 -0.920014 -0.874917 0.484274 0.484274 0.874917
VERTEX_POSE C179 0.730107 0.407108 -0.656777 -0.754085 0.754085 -0.656777
VERTEX_POSE C180 0.922460 0.890947 0.644174 -0.764879 0.764879 0.644174
VERTEX_POSE C181 -0.817505 0.310201 0.674443 -0.738327 -0.738327 -0.674443
VERTEX_POSE C182 -0.432416 0.849939 0.151565 0.988447 -0.988447 0.151565
VERTEX_POSE C183 0.595533 0.885551 -0.999800 -0.020012 -0.020012 0.999800
VERTEX_POSE C184 0.111595 -0.564046 0.523465 -0.852047 -0.852047 -0.523465
VERTEX_POSE C185 0.217456 0.200326 -0.286776 0.957998 -0.957998 -0.286776
VERTEX_POSE C186 0.010039 -0.529395 -0.257230 0.966350 -0.966350 -0.257230
VERTEX_POSE C187 -0.041745 -0.590413 -0.927701 0.373325 -0.373325 -0.927701
VERTEX_POSE C188 0.615027 -0.726853 0.758344 0.651854 0.651854 -0.758344
VERTEX_POSE C189 -0.140150 -0.447236 -0.150462 -0.988616 0.988616 -0.150462
VERTEX_POSE C190 -0.148625 -0.950495 0.973076 -0.230483 0.230483 0.973076
VERTEX_POSE C191 0.015770 0.869596 0.900210 0.435456 -0.435456 0.900210
VERTEX_POSE C192 -0.694820 0.367115 -0.989876 -0.141932 0.141932 -0.989876
VERTEX_POSE C193 0.872072 -0.109892 0.906943 -0.421254 0.421254 0.906943
VERTEX_POSE C194 -0.405743 -0.061158 -0.000297 1.000000 1.000000 0.000297
VERTEX_POSE C195 0.824649 0.853059 0.848228 -0.529631 -0.529631 -0.848228
VERTEX_POSE C196 -0.896034 0.916495 0.994974 0.100137 0.100137 -0.994974
VERTEX_POSE C197 -0.394644 0.694792 0.738929 0.673783 0.673783 -0.738929
VERTEX_POSE C198 -0.759079 -0.397045 0.206270 -0.978495 0.978495 0.206270
VERTEX_POSE D0 0.291901 -0.669476 0.779914 -0.625886 0.625886 0.779914
VERTEX_POSE D1 0.049443 -0.647926 -0.579293 -0.815120 -0.815120 0.579293
VERTEX_POSE D2 -0.053309 0.557333 0.705079 -0.709129 -0.709129 -0.705079
VERTEX_POSE D3 -0.429931 -0.040235 0.883674 0.468103 0.468103 -0.883674
VERTEX_POSE D4 0.056173 -0.888379 0.999908 -0.013588 -0.013588 -0.999908
VERTEX_POSE D5 -0.867041 -0.959808 0.904123 -0.427273 0.427273 0.904123
VERTEX_POSE D6 0.988168 -0.219169 0.848600 0.529034 0.529034 -0.848600
VERTEX_POSE D7 0.700719 -0.459273 0.983067 0.183245 -0.183245 0.983067
VERTEX_POSE D8 -0.591848 0.386549 -0.814782 0.579767 0.579767 0.814782
VERTEX_POSE D9 -0.664521 -0.685639 0.599444 0.800417 0.800417 -0.599444
VERTEX_POSE D10 -0.238350 -0.379287 -0.509782 0.860303 0.860303 0.509782
VERTEX_POSE D11 -0.861741 -0.206343 0.548817 -0.835943 -0.835943 -0.548817
VERTEX_POSE D12 -0.742061 -0.794693 0.739497 0.673159 0.673159 -0.739497
VERTEX_POSE D13 -0.055855 0.930914 0.309127 0.951021 -0.951021 0.309127
VERTEX_POSE D14 -0.294157 -0.356404 0.151915 -0.988394 -0.988394 -0.151915
VERTEX_POSE D15 0.853471 -0.909142 0.704086 0.710115 -0.710115 0.704086
VERTEX_POSE D16 -0.944260 -0.633132 -0.377728 -0.925916 0.925916 -0.377728
VERTEX_POSE D17 0.923299 0.843922 0.799487 -0.600683 -0.600683 -0.799487
VERTEX_POSE D18 -0.136489 -0.438537 -0.846731 0.532022 0.532022 0.846731
VERTEX_POSE D19 0.013995 -0.223545 0.874704 -0.484657 0.484657 0.874704
VERTEX_POSE D20 0.538325 -0.882931 0.441487 0.897267 -0.897267 0.441487
VERTEX_POSE D21 0.723360 0.114226 -0.963786 0.266675 0.266675 0.963786
VERTEX_POSE D22 0.865370 -0.174040 0.038383 0.999263 -0.999263 0.038383
VERTEX_POSE D23 -0.445905 0.986665 -0.953430 0.301614 0.301614 0.953430
VERTEX_POSE D24 -0.971460 -0.518659 0.167248 -0.985915 -0.985915 -0.167248
VERTEX_POSE D25 0.737442 0.716068 -0.560719 0.828006 -0.828006 -0.560719
VERTEX_POSE D26 0.148352 -0.074493 0.045237 -0.998976 0.998976 0.045237
VERTEX_POSE D27 0.853189 -0.665600 0.943982 0.329997 -0.329997 0.943982
VERTEX_POSE D28 0.841408 0.632563 0.747232 0.664563 -0.664563 0.747232
VERTEX_POSE D29 0.753707 -0.379701 -0.448464 0.893801 -0.893801 -0.448464
VERTEX_POSE D30 -0.905890 -0.062646 -0.281488 -0.959565 0.959565 -0.281488
VERTEX_POSE D31 0.133309 0.963087 0.974939 0.222472 -0.222472 0.974939
VERTEX_POSE D32 -0.196850 -0.027628 0.945485 0.325666 0.325666 -0.945485
VERTEX_POSE D33 0.040801 -0.505312 -0.726991 0.686647 -0.686647 -0.726991
VERTEX_POSE D34 0.703378 -0.077149 -0.430078 -0.902792 -0.902792 0.430078
VERTEX_POSE D35 0.859324 0.083994 0.979971 -0.199139 -0.199139 -0.979971
VERTEX_POSE D36 0.173760 -0.465121 0.763874 -0.645365 0.645365 0.763874
VERTEX_POSE D37 0.691546 0.703683 -0.973230 0.229831 0.229831 0.973230
VERTEX_POSE D38 0.560043 0.624721 0.721646 -0.692262 -0.692262 -0.721646
VERTEX_POSE D39 0.581913 0.921428 0.950401 -0.311027 0.311027 0.950401
VERTEX_POSE D40 -0.972975 -0.981957 -0.946136 0.323770 0.323770 0.946136
VERTEX_POSE D41 -0.678307 -0.754567 -0.486521 0.873669 -0.873669 -0.486521
VERTEX_POSE D42 0.720172 -0.284916 0.395886 0.918300 -0.918300 0.395886
VERTEX_POSE D43 -0.715036 -0.776650 -0.338945 -0.940806 -0.940806 0.338945
VERTEX_POSE D44 0.265838 -0.823653 -0.776469 0.630155 -0.630155 -0.776469
VERTEX_POSE D45 -0.573986 0.358680 -0.500987 0.865455 0.865455 0.500987
VERTEX_POSE D46 -0.861565 -0.685792 -0.850414 0.526115 -0.526115 -0.850414
VERTEX_POSE D47 0.321579 -0.456785 0.984964 0.172760 0.172760 -0.984964
VERTEX_POSE D48 -0.650687 0.202602 -0.336806 0.941574 0.941574 0.336806
VERTEX_POSE D49 0.001946 -0.124329 0.520015 0.854157 -0.854157 0.520015
VERTEX_POSE D50 -0.664426 0.319670 0.998700 -0.050980 -0.050980 -0.998700
VERTEX_POSE D51 0.887639 0.319671 0.799948 0.600070 0.600070 -0.799948
VERTEX_POSE D52 -0.274694 0.989897 0.817221 0.576325 -0.576325 0.817221
VERTEX_POSE D53 -0.799056 -0.854370 0.963994 -0.265925 0.265925 0.963994
VERTEX_POSE D54 -0.558266 0.306336 0.246226 0.969212 -0.969212 0.246226
VERTEX_POSE D55 -0.246154 -0.528762 0.919609 0.392836 -0.392836 0.919609
VERTEX_POSE D56 0.938387 0.861698 0.165810 0.986158 -0.986158 0.165810
VERTEX_POSE D57 0.590086 -0.768157 0.882527 0.470263 -0.470263 0.882527
VERTEX_POSE D58 -0.392965 -0.194362 0.875221 -0.483724 0.483724 0.875221
VERTEX_POSE D59 0.779794 0.494261 -0.767374 -0.641200 -0.641200 0.767374
VERTEX_POSE D60 0.343793 -0.147858 0.998883 0.047249 -0.047249 0.998883
VERTEX_POSE D61 -0.298855 0.742992 0.763457 0.645859 -0.645859 0.763457
VERTEX_POSE D62 -0.086897 0.457347 -0.999999 -0.001518 -0.001518 0.999999
VERTEX_POSE D63 -0.853056 0.824514 0.546745 0.837299 -0.837299 0.546745
VERTEX_POSE D64 0.741947 -0.762320 0.340560 -0.940223 -0.940223 -0.340560
VERTEX_POSE D65 -0.383519 -0.619801 -0.775517 -0.631326 -0.631326 0.775517
VERTEX_POSE D66 -0.993733 -0.091492 0.179946 -0.983677 0.983677 0.179946
VERTEX_POSE D67 -0.084293 -0.227441 0.970573 0.240808 0.240808 -0.970573
VERTEX_POSE D68 -0.691973 -0.916118 0.270632 0.962683 0.962683 -0.270632
VERTEX_POSE D69 0.566310 -0.466771 -0.873509 -0.486809 0.486809 -0.873509
VERTEX_POSE D70 -0.502380 -0.306013 0.207216 -0.978295 0.978295 0.207216
VERTEX_POSE D71 -0.664947 -0.898075 -0.393936 -0.919138 0.919138 -0.393936
VERTEX_POSE D72 0.888003 -0.221338 -0.544373 -0.838844 -0.838844 0.544373
VERTEX_POSE D73 -0.782208 0.409071 0.508564 0.861024 -0.861024 0.508564
VERTEX_POSE D74 -0.379983 -0.674724 -0.757028 -0.653383 0.653383 -0.757028
VERTEX_POSE D75 0.153842 -0.044991 0.801525 0.597961 -0.597961 0.801525
VERTEX_POSE D76 -0.356194 -0.232249 -0.176474 0.984305 -0.984305 -0.176474
VERTEX_POSE D77 -0.241548 -0.360516 0.989214 -0.146478 0.146478 0.989214
VERTEX_POSE D78 -0.524580 0.498224 0.075896 -0.997116 -0.997116 -0.075896
VERTEX_POSE D79 -0.006881 0.970353 -0.732463 -0.680807 -0.680807 0.732463
VERTEX_POSE D80 0.760398 0.515155 -0.704681 0.709524 0.709524 0.704681
VERTEX_POSE D81 -0.189005 -0.182106 -0.381256 -0.924469 -0.924469 0.381256
VERTEX_POSE D82 -0.119242 0.290024 0.934198 0.356754 -0.356754 0.934198
VERTEX_POSE D83 -0.514296 0.505052 0.998508 -0.054600 -0.054600 -0.998508
VERTEX_POSE D84 0.011939 -0.036476 -0.452533 -0.891748 -0.891748 0.452533
VERTEX_POSE D85 0.322492 -0.403639 -0.451779 0.892130 -0.892130 -0.451779
VERTEX_POSE D86 0.239550 0.976291 -0.096431 -0.995340 -0.995340 0.096431
VERTEX_POSE D87 -0.049674 -0.174777 -0.990946 0.134261 -0.134261 -0.990946
VERTEX_POSE D88 -0.087422 -0.171796 -0.231705 0.972786 0.972786 0.231705
VERTEX_POSE D89 0.846585 -0.218071 -0.579530 -0.814951 0.814951 -0.579530
VERTEX_POSE D90 -0.269880 -0.680516 0.990273 -0.139141 -0.139141 -0.990273
VERTEX_POSE D91 -0.743629 0.680346 -0.972558 0.232661 -0.232661 -0.972558
VERTEX_POSE D92 -0.452269 -0.475079 -0.645843 0.763470 0.763470 0.645843
VERTEX_POSE D93 0.643223 0.776831 0.883144 0.469102 0.469102 -0.883144
VERTEX_POSE D94 -0.596685 0.504860 -0.683672 0.729790 -0.729790 -0.683672
VERTEX_POSE D95 -0.710322 -0.237399 0.997671 -0.068217 0.068217 0.997671
VERTEX_POSE D96 -0.740296 -0.842970 -0.588453 -0.808531 -0.808531 0.588453
VERTEX_POSE D97 -0.590418 -0.586632 -0.651287 0.758831 0.758831 0.651287
VERTEX_POSE D98 0.205385 0.535160 0.359171 0.933272 0.933272 -0.359171
VERTEX_POSE D99 -0.432268 -0.759089 -0.799839 0.600214 0.600214 0.799839
VERTEX_POSE D100 0.975892 -0.053403 -0.988083 -0.153921 0.153921 -0.988083
VERTEX_POSE D101 0.703005 -0.770854 0.770201 -0.637801 0.637801 0.770201
VERTEX_POSE D102 -0.097215 -0.657163 0.934838 0.355074 0.355074 -0.934838
VERTEX_POSE D103 0.863895 0.725258 -0.102184 0.994765 -0.994765 -0.102184
VERTEX_POSE D104 0.920797 0.638218 0.894966 0.446135 0.446135 -0.894966
VERTEX_POSE D105 0.522801 -0.331888 -0.981768 0.190083 -0.190083 -0.981768
VERTEX_POSE D106 0.017737 -0.319733 -0.682778 -0.730626 -0.730626 0.682778
VERTEX_POSE D107 -0.435397 -0.594031 0.977969 -0.208748 0.208748 0.977969
VERTEX_POSE D108 -0.718746 0.307596 0.987702 -0.156345 -0.156345 -0.987702
VERTEX_POSE D109 0.493157 -0.821508 0.460287 -0.887770 -0.887770 -0.460287
VERTEX_POSE D110 0.557722 -0.623678 -0.580720 -0.814103 -0.814103 0.580720
VERTEX_POSE D111 -0.958349 -0.177249 0.131131 0.991365 -0.991365 0.131131
VERTEX_POSE D112 -0.695848 -0.003614 -0.623382 0.781917 0.781917 0.623382
VERTEX_POSE D113 -0.561520 0.666347 0.161905 -0.986806 0.986806 0.161905
VERTEX_POSE D114 -0.472645 -0.672197 0.245320 0.969442 -0.969442 0.245320
VERTEX_POSE D115 0.316091 0.959910 0.997355 -0.072689 -0.072689 -0.997355
VERTEX_POSE D116 0.760972 -0.737293 0.800097 0.599871 0.599871 -0.800097
VERTEX_POSE D117 0.766906 -0.695906 0.921771 -0.387736 -0.387736 -0.921771
VERTEX_POSE D118 -0.733584 -0.214867 0.993833 0.110887 0.110887 -0.993833
VERTEX_POSE D119 -0.326450 0.090911 -0.835567 -0.549388 -0.549388 0.835567
VERTEX_POSE D120 0.613491 0.086023 0.713699 0.700452 -0.700452 0.713699
VERTEX_POSE D121 -0.003464 0.104616 -0.728684 0.684850 -0.684850 -0.728684
VERTEX_POSE D122 -0.070079 -0.228743 0.559853 -0.828592 0.828592 0.559853
VERTEX_POSE D123 -0.838778 0.610944 0.724965 0.688786 -0.688786 0.724965
VERTEX_POSE E0 -0.360241 -0.118553 0.857507 -0.514473 -0.514473 -0.857507
VERTEX_POSE E1 0.333236 -0.723884 0.198208 -0.980160 -0.980160 -0.198208
VERTEX_POSE E2 -0.549101 -0.626455 0.923120 -0.384512 -0.384512 -0.923120
VERTEX_POSE E3 -0.100536 0.038477 -0.738216 -0.674565 -0.674565 0.738216
VERTEX_POSE E4 0.742818 -0.310516 -0.658575 0.752515 0.752515 0.658575
VERTEX_POSE E5 0.656284 0.908705 -0.732358 0.680920 -0.680920 -0.732358
VERTEX_POSE E6 0.467196 0.279389 0.772637 -0.634848 0.634848 0.772637
VERTEX_POSE E7 0.718710 0.636081 -0.380806 0.924655 -0.924655 -0.380806
VERTEX_POSE E8 0.359289 -0.862148 -0.984577 -0.174954 0.174954 -0.984577
VERTEX_POSE E9 -0.630019 0.622225 -0.837568 0.546333 -0.546333 -0.837568
VERTEX_POSE E10 0.582605 0.361339 -0.493690 0.869638 -0.869638 -0.493690
VERTEX_POSE E11 0.280086 0.776069 -0.541700 0.840572 -0.840572 -0.541700
VERTEX_POSE E12 0.892782 -0.709663 -0.838943 -0.544219 0.544219 -0.838943
VERTEX_POSE E13 -0.399658 -0.958393 -0.763481 -0.645831 0.645831 -0.763481
VERTEX_POSE E14 0.844688 -0.817962 0.216299 0.976327 0.976327 -0.216299
VERTEX_POSE E15 -0.825964 0.597933 -0.804354 -0.594150 0.594150 -0.804354
VERTEX_POSE E16 -0.906501 -0.779901 -0.663343 0.748316 0.748316 0.663343
VERTEX_POSE E17 0.402410 -0.441640 0.561706 0.827337 0.827337 -0.561706
VERTEX_POSE E18 -0.784313 -0.579316 0.460904 0.887450 -0.887450 0.460904
VERTEX_POSE E19 -0.602350 0.216484 -0.817256 0.576274 0.576274 0.817256
VERTEX_POSE E20 0.840890 -0.775293 0.843486 0.537151 0.537151 -0.843486
VERTEX_POSE E21 -0.256958 -0.251512 -0.000186 1.000000 1.000000 0.000186
VERTEX_POSE E22 0.713741 0.176395 0.705459 0.708750 0.708750 -0.705459
VERTEX_POSE E23 0.601862 -0.512586 -0.999607 0.028022 -0.028022 -0.999607
VERTEX_POSE E24 -0.490052 0.052582 0.692817 0.721113 -0.721113 0.692817
VERTEX_POSE E25 0.980157 0.961527 -0.665811 0.746120 -0.746120 -0.665811
VERTEX_POSE E26 -0.724588 0.578325 -0.976918 -0.213614 0.213614 -0.976918
VERTEX_POSE E27 -0.876561 -0.861395 -0.687270 0.726402 0.726402 0.687270
VERTEX_POSE E28 -0.023307 0.066144 0.993636 -0.112638 0.112638 0.993636
VERTEX_POSE E29 0.205333 -0.650418 -0.020336 -0.999793 -0.999793 0.020336
VERTEX_POSE E30 -0.715339 0.749549 -0.651418 -0.758719 -0.758719 0.651418
VERTEX_POSE E31 0.616453 0.947591 -0.944121 -0.329598 -0.329598 0.944121
VERTEX_POSE E32 -0.461431 -0.374302 -0.986111 0.166087 -0.166087 -0.986111
VERTEX_POSE E33 -0.264440 -0.876905 -0.486553 0.873651 0.873651 0.486553
VERTEX_POSE E34 -0.484083 -0.013932 0.753102 -0.657903 0.657903 0.753102
VERTEX_POSE E35 -0.718613 0.315183 -0.986639 -0.162921 -0.162921 0.986639
VERTEX_POSE E36 -0.608156 -0.968200 0.729441 0.684044 -0.684044 0.729441
VERTEX_POSE E37 0.983112 -0.734543 0.868344 0.495963 -0.495963 0.868344
VERTEX_POSE E38 -0.999903 -0.048736 0.698748 -0.715368 0.715368 0.698748
VERTEX_POSE E39 0.751133 -0.830348 -0.590010 -0.807396 -0.807396 0.590010
VERTEX_POSE E40 -0.646907 0.887682 0.314331 0.949313 0.949313 -0.314331
VERTEX_POSE E41 0.582702 -0.687397 0.449932 -0.893063 -0.893063 -0.449932
VERTEX_POSE E42 0.031219 0.945721 -0.681505 -0.731813 0.731813 -0.681505
VERTEX_POSE E43 -0.754125 -0.821981 0.896656 0.442728 0.442728 -0.896656
VERTEX_POSE E44 -0.816957 -0.645790 0.047575 -0.998868 -0.998868 -0.047575
VERTEX_POSE E45 -0.124093 -0.872241 0.895378 0.445308 0.445308 -0.895378
VERTEX_POSE E46 -0.580089 0.775953 -0.855406 -0.517958 -0.517958 0.855406
VERTEX_POSE E47 -0.723458 -0.425691 0.461042 -0.887378 -0.887378 -0.461042
VERTEX_POSE E48 -0.721683 -0.313881 -0.998439 0.055851 -0.055851 -0.998439
VERTEX_POSE E49 -0.364402 -0.803363 -0.792460 0.609923 0.609923 0.792460
VERTEX_POSE E50 -0.325808 0.790793 -0.001319 -0.999999 0.999999 -0.001319
VERTEX_POSE E51 -0.880792 -0.089174 0.998626 -0.052405 -0.052405 -0.998626
VERTEX_POSE E52 0.378640 -0.054875 0.925412 0.378963 -0.378963 0.925412
VERTEX_POSE E53 -0.612067 -0.032813 0.885915 0.463848 0.463848 -0.885915
VERTEX_POSE E54 0.721070 0.398241 0.643876 -0.765130 0.765130 0.643876
VERTEX_POSE E55 0.888588 0.997706 0.750891 -0.660426 0.660426 0.750891
VERTEX_POSE E56 -0.631909 -0.071285 0.988131 -0.153614 -0.153614 -0.988131
VERTEX_POSE E57 0.996482 -0.023434 0.357443 -0.933935 -0.933935 -0.357443
VERTEX_POSE E58 -0.987973 -0.863688 0.861955 -0.506985 0.506985 0.861955
VERTEX_POSE E59 0.344784 0.994859 0.744787 -0.667302 -0.667302 -0.744787
VERTEX_POSE E60 0.201815 0.326148 -0.998496 0.054829 0.054829 0.998496
VERTEX_POSE E61 -0.703313 0.885861 -0.999960 0.008903 0.008903 0.999960
VERTEX_POSE E62 -0.038763 0.942450 -0.928409 0.371559 0.371559 0.928409
VERTEX_POSE E63 0.740385 0.951847 0.456923 -0.889506 0.889506 0.456923
VERTEX_POSE E64 0.032247 -0.991044 -0.517814 0.855493 0.855493 0.517814
VERTEX_POSE E65 0.477153 -0.071482 0.702117 0.712062 -0.712062 0.702117
VERTEX_POSE E66 -0.978228 0.267029 -0.991443 0.130542 0.130542 0.991443
VERTEX_POSE E67 0.424091 -0.959244 -0.330101 -0.943946 0.943946 -0.330101
VERTEX_POSE E68 0.460266 0.193974 -0.006096 -0.999981 0.999981 -0.006096
VERTEX_POSE E69 -0.978131 -0.781707 0.644137 -0.764910 0.764910 0.644137
VERTEX_POSE E70 0.175224 -0.789593 -0.889060 -0.457792 -0.457792 0.889060
VERTEX_POSE E71 0.813359 0.081656 0.432366 -0.901698 0.901698 0.432366
VERTEX_POSE E72 0.604570 -0.469104 -0.812228 0.583340 0.583340 0.812228
VERTEX_POSE E73 -0.793557 -0.843872 0.079248 0.996855 0.996855 -0.079248
VERTEX_POSE E74 -0.940766 0.259675 -0.820848 -0.571147 0.571147 -0.820848
VERTEX_POSE E75 0.787614 -0.114894 0.876087 -0.482153 0.482153 0.876087
VERTEX_POSE E76 0.082350 -0.716113 0.619996 -0.784605 -0.784605 -0.619996
VERTEX_POSE E77 -0.520856 0.035628 -0.271239 0.962512 0.962512 0.271239
VERTEX_POSE E78 -0.935844 0.459415 0.115371 -0.993323 0.993323 0.115371
VERTEX_POSE E79 0.360667 -0.029994 -0.491333 -0.870972 -0.870972 0.491333
VERTEX_POSE E80 0.114742 0.232264 -0.364463 -0.931218 -0.931218 0.364463
VERTEX_POSE E81 -0.261652 0.250208 0.646971 -0.762514 -0.762514 -0.646971
VERTEX_POSE E82 0.479875 0.880833 0.886671 -0.462401 0.462401 0.886671
VERTEX_POSE E83 -0.506618 -0.822611 0.074501 -0.997221 -0.997221 -0.074501
VERTEX_POSE E84 0.126282 -0.782605 -0.836357 0.548185 0.548185 0.836357
VERTEX_POSE E85 0.200945 0.279073 -0.514451 -0.857520 -0.857520 0.514451
VERTEX_POSE E86 -0.618030 -0.824905 -0.341521 -0.939874 -0.939874 0.341521
VERTEX_POSE E87 0.494372 0.146110 0.998511 0.054551 0.054551 -0.998511
VERTEX_POSE E88 0.197427 -0.744360 0.676581 0.736368 0.736368 -0.676581
VERTEX_POSE E89 -0.606003 -0.688593 -0.680992 0.732291 -0.732291 -0.680992
VERTEX_POSE E90 -0.160844 0.140969 -0.938644 -0.344889 0.344889 -0.938644
VERTEX_POSE E91 -0.600757 0.581788 -0.623988 -0.781434 -0.781434 0.623988
VERTEX_POSE E92 -0.309316 -0.802732 -0.998513 -0.054510 -0.054510 0.998513
VERTEX_POSE E93 0.800393 0.083419 -0.819160 0.573566 -0.573566 -0.819160
VERTEX_POSE E94 -0.860373 0.533635 -0.763712 -0.645558 -0.645558 0.763712
VERTEX_POSE E95 0.722932 -0.793776 0.605385 -0.795933 0.795933 0.605385
VERTEX_POSE E96 0.277546 -0.988064 -0.728784 0.684743 -0.684743 -0.728784
VERTEX_POSE E97 -0.838601 -0.199336 0.291823 -0.956472 0.956472 0.291823
VERTEX_POSE E98 0.147023 -0.753021 -0.111508 0.993763 0.993763 0.111508
VERTEX_POSE E99 -0.262188 0.205910 0.206154 0.978520 0.978520 -0.206154
VERTEX_POSE E100 -0.816732 0.018957 0.802545 -0.596592 0.596592 0.802545
VERTEX_POSE E101 -0.677753 -0.542613 -0.764037 -0.645173 -0.645173 0.764037
VERTEX_POSE E102 -0.448829 -0.712434 -0.860249 -0.509875 -0.509875 0.860249
VERTEX_POSE E103 0.787838 0.549853 -0.074411 0.997228 -0.997228 -0.074411
VERTEX_POSE E104 -0.471310 -0.386485 0.409989 0.912090 -0.912090 0.409989
VERTEX_POSE E105 -0.389595 0.547241 0.686662 -0.726977 0.726977 0.686662
VERTEX_POSE E106 0.575452 -0.565040 -0.906982 0.421170 0.421170 0.906982
VERTEX_POSE E107 0.611040 -0.102598 -0.883698 -0.468058 -0.468058 0.883698
VERTEX_POSE E108 0.089549 -0.417131 0.089484 -0.995988 0.995988 0.089484
VERTEX_POSE E109 0.639608 0.894375 -0.808998 -0.587812 -0.587812 0.808998
VERTEX_POSE E110 -0.028293 0.867408 -0.743639 -0.668581 -0.668581 0.743639
VERTEX_POSE E111 -0.795709 0.815133 0.999993 0.003780 0.003780 -0.999993
VERTEX_POSE E112 -0.622044 0.144583 -0.811827 -0.583898 0.583898 -0.811827
VERTEX_POSE E113 -0.548418 0.748240 0.535075 0.844804 -0.844804 0.535075
VERTEX_POSE E114 -0.302327 0.992522 -0.793949 -0.607984 -0.607984 0.793949
VERTEX_POSE E115 0.504238 0.361978 0.999994 -0.003338 0.003338 0.999994
VERTEX_POSE E116 0.652527 0.027314 -0.277045 -0.960857 0.960857 -0.277045
VERTEX_POSE E117 0.079644 -0.832382 -0.616316 -0.787499 0.787499 -0.616316
VERTEX_POSE E118 -0.001390 -0.491911 -0.672727 -0.739891 -0.739891 0.672727
VERTEX_POSE E119 -0.150046 0.282954 -0.626431 -0.779477 0.779477 -0.626431
VERTEX_POSE E120 0.473641 -0.520975 -0.999563 0.029554 -0.029554 -0.999563
VERTEX_POSE E121 0.837766 0.649058 0.039465 -0.999221 0.999221 0.039465
VERTEX_POSE E122 0.249197 -0.135258 -0.904285 -0.426928 0.426928 -0.904285
VERTEX_POSE E123 -0.835675 -0.323707 0.997200 0.074778 0.074778 -0.997200
VERTEX_POSE E124 0.638159 -0.267524 0.047454 -0.998873 0.998873 0.047454
VERTEX_POSE E125 0.388824 -0.601624 -0.949273 0.314453 0.314453 0.949273
VERTEX_POSE E126 0.887257 -0.117483 0.370389 0.928877 -0.928877 0.370389
VERTEX_POSE E127 -0.084294 -0.255588 -0.879763 0.475413 -0.475413 -0.879763
VERTEX_POSE E128 0.550223 0.199040 -0.038481 -0.999259 -0.999259 0.038481
VERTEX_POSE E129 0.034280 0.129496 0.283921 0.958848 0.958848 -0.283921
VERTEX_POSE E130 0.653518 0.950323 0.767000 -0.641647 -0.641647 -0.767000
VERTEX_POSE E131 0.733491 -0.782003 0.668851 -0.743397 -0.743397 -0.668851
VERTEX_POSE E132 0.356527 0.586883 0.861265 -0.508156 0.508156 0.861265
VERTEX_POSE E133 -0.795311 -0.762111 0.552777 0.833329 -0.833329 0.552777
VERTEX_POSE E134 0.521329 0.767850 0.495882 -0.868390 0.868390 0.495882
VERTEX_POSE E135 0.885217 -0.799602 -0.918745 -0.394852 -0.394852 0.918745
VERTEX_POSE E136 -0.184907 0.785131 -0.767557 -0.640981 -0.640981 0.767557
VERTEX_POSE E137 0.096781 -0.797190 0.933141 -0.359511 0.359511 0.933141
VERTEX_POSE E138 0.496257 0.097800 0.938893 -0.344208 -0.344208 -0.938893
VERTEX_POSE E139 0.904642 -0.632000 0.985005 0.172527 -0.172527 0.985005
VERTEX_POSE E140 -0.263612 -0.902815 0.823918 0.566709 -0.566709 0.823918
VERTEX_POSE E141 -0.532036 -0.034792 -0.972082 -0.234643 -0.234643 0.972082
VERTEX_POSE E142 -0.891066 -0.816867 0.986384 0.164458 -0.164458 0.986384
VERTEX_POSE E143 0.114344 0.241768 0.105819 -0.994385 -0.994385 -0.105819
VERTEX_POSE E144 -0.080454 -0.286552 0.868323 -0.495999 -0.495999 -0.868323
VERTEX_POSE E145 -0.193393 -0.824344 0.525486 0.850802 0.850802 -0.525486
VERTEX_POSE E146 -0.381418 -0.396254 -0.590039 0.807374 -0.807374 -0.590039
VERTEX_POSE E147 -0.427927 0.740762 0.641726 -0.766934 0.766934 0.641726
VERTEX_POSE E148 0.886251 -0.656727 0.725806 -0.687899 -0.687899 -0.725806
VERTEX_POSE E149 0.617192 0.111834 -0.982671 -0.185358 -0.185358 0.982671
VERTEX_POSE E150 0.422028 0.023716 -0.329578 -0.944128 0.944128 -0.329578
VERTEX_POSE E151 0.359891 -0.177702 0.983437 0.181249 0.181249 -0.983437
VERTEX_POSE E152 0.454958 -0.239108 -0.038107 0.999274 -0.999274 -0.038107
VERTEX_POSE E153 -0.328775 0.888457 0.626138 -0.779712 0.779712 0.626138
VERTEX_POSE E154 0.524217 0.498591 0.859260 0.511539 0.511539 -0.859260
VERTEX_POSE E155 0.093117 0.493368 0.879440 -0.476009 -0.476009 -0.879440
VERTEX_POSE E156 -0.939951 -0.713167 0.598074 -0.801441 0.801441 0.598074
VERTEX_POSE E157 0.411474 -0.618892 0.129604 0.991566 -0.991566 0.129604
VERTEX_POSE E158 -0.991177 -0.762220 0.983664 0.180013 0.180013 -0.983664
VERTEX_POSE E159 0.610272 0.485874 0.996667 -0.081581 -0.081581 -0.996667
VERTEX_POSE E160 -0.554247 0.510604 -0.642269 0.766479 -0.766479 -0.642269
VERTEX_POSE E161 0.662341 -0.811897 -0.172202 -0.985062 0.985062 -0.172202
VERTEX_POSE E162 0.343763 0.703871 -0.444669 0.895695 -0.895695 -0.444669
VERTEX_POSE E163 0.802280 0.097487 -0.999939 0.011058 -0.011058 -0.999939
VERTEX_POSE E164 0.867030 -0.574008 -0.870044 -0.492974 -0.492974 0.870044
VERTEX_POSE E165 -0.134908 0.471721 -0.110728 -0.993851 0.993851 -0.110728
VERTEX_POSE E166 0.687497 0.297885 0.527589 0.849500 -0.849500 0.527589
VERTEX_POSE E167 -0.317877 -0.788877 -0.196631 -0.980477 -0.980477 0.196631
VERTEX_POSE E168 0.961873 0.674531 0.726129 -0.687559 -0.687559 -0.726129
VERTEX_POSE E169 0.183754 -0.604315 -0.067199 -0.997740 -0.997740 0.067199
VERTEX_POSE E170 -0.413235 -0.420878 -0.669447 -0.742860 -0.742860 0.669447
VERTEX_POSE E171 -0.301738 0.771716 0.459765 0.888041 0.888041 -0.459765
VERTEX_POSE E172 0.651718 0.360892 -0.445902 -0.895082 -0.895082 0.445902
VERTEX_POSE E173 -0.304301 -0.237745 0.994538 0.104372 0.104372 -0.994538
VERTEX_POSE E174 0.812606 0.013483 0.467808 0.883830 -0.883830 0.467808
VERTEX_POSE E175 -0.428736 -0.925660 -0.177183 -0.984178 -0.984178 0.177183
VERTEX_POSE E176 0.502306 -0.062089 -0.775058 0.631890 0.631890 0.775058
VERTEX_POSE E177 -0.568812 0.617229 -0.940544 -0.339673 0.339673 -0.940544
VERTEX_POSE E178 0.143337 0.815102 0.516127 0.856512 0.856512 -0.516127
VERTEX_POSE E179 0.388557 0.281184 0.987396 -0.158267 -0.158267 -0.987396
VERTEX_POSE E180 -0.951621 -0.270937 0.949675 -0.313236 -0.313236 -0.949675
VERTEX_POSE E181 -0.434635 -0.161182 0.897554 -0.440905 -0.440905 -0.897554
VERTEX_POSE E182 -0.251552 -0.896517 -0.644713 0.764424 0.764424 0.644713
VERTEX_POSE E183 0.503337 0.489955 0.522147 0.852855 -0.852855 0.522147
VERTEX_POSE E184 0.236589 -0.272725 -0.545298 0.838242 0.838242 0.545298
VERTEX_POSE E185 -0.727335 0.602074 0.995143 -0.098436 -0.098436 -0.995143
VERTEX_POSE E186 -0.403545 -0.016677 -0.691296 0.722572 -0.722572 -0.691296
VERTEX_POSE E187 0.296638 0.014108 -0.121457 0.992597 -0.992597 -0.121457
VERTEX_POSE E188 0.684138 0.983182 -0.197406 -0.980322 -0.980322 0.197406
VERTEX_POSE E189 -0.394722 0.221103 -0.649241 -0.760583 0.760583 -0.649241
VERTEX_POSE E190 -0.093089 -0.500018 -0.723813 0.689996 0.689996 0.723813
VERTEX_POSE E191 -0.870108 0.493787 -0.862778 0.505583 -0.505583 -0.862778
VERTEX_POSE E192 -0.732381 0.409206 -0.727944 -0.685637 0.685637 -0.727944
VERTEX_POSE E193 -0.749326 -0.796148 0.044868 0.998993 -0.998993 0.044868
VERTEX_POSE E194 0.932172 -0.408726 0.846195 -0.532873 0.532873 0.846195
VERTEX_POSE E195 -0.865352 0.835198 -0.530879 0.847447 0.847447 0.530879
VERTEX_POSE E196 0.115766 0.675573 -0.834158 -0.551525 0.551525 -0.834158
VERTEX_POSE E197 0.619669 0.889159 -0.938971 -0.343998 -0.343998 0.938971
VERTEX_POSE E198 -0.183229 -0.953679 -0.770958 -0.636886 -0.636886 0.770958
VERTEX_POSE E199 0.077639 0.350105 -0.943957 -0.330069 -0.330069 0.943957
VERTEX_POSE E200 -0.196577 -0.715157 0.576310 -0.817231 -0.817231 -0.576310
VERTEX_POSE E201 0.403536 -0.374557 0.106650 0.994297 0.994297 -0.106650
VERTEX_POSE E202 0.775901 0.121821 0.870004 0.493044 0.493044 -0.870004
VERTEX_POSE E203 -0.544859 0.645735 0.538066 -0.842903 -0.842903 -0.538066
VERTEX_POSE E204 -0.900765 0.387699 0.415926 -0.909398 -0.909398 -0.415926
VERTEX_POSE E205 0.588507 -0.864696 0.849399 -0.527752 0.527752 0.849399
VERTEX_POSE E206 0.026405 0.720075 0.919527 0.393026 0.393026 -0.919527
VERTEX_POSE E207 0.601541 -0.674390 0.281912 -0.959440 -0.959440 -0.281912
VERTEX_POSE E208 -0.980306 0.752533 -0.428128 0.903718 0.903718 0.428128
VERTEX_POSE E209 -0.830258 0.535177 -0.643453 -0.765485 0.765485 -0.643453
VERTEX_POSE E210 -0.009902 0.606794 -0.607933 0.793989 -0.793989 -0.607933
VERTEX_POSE E211 -0.931926 -0.518403 0.986746 -0.162272 0.162272 0.986746
VERTEX_POSE E212 -0.264893 -0.626005 -0.660195 0.751094 0.751094 0.660195
VERTEX_POSE E213 0.738546 0.710277 0.610074 -0.792344 0.792344 0.610074
VERTEX_POSE E214 0.571411 0.971552 -0.539753 0.841823 -0.841823 -0.539753
VERTEX_POSE E215 0.971696 0.101270 -0.659803 0.751439 0.751439 0.659803
VERTEX_POSE E216 -0.988789 0.312351 -0.527911 0.849299 -0.849299 -0.527911
VERTEX_POSE E217 -0.832134 -0.045125 0.523157 0.852236 -0.852236 0.523157
VERTEX_POSE E218 0.268334 -0.884622 0.947673 0.319244 0.319244 -0.947673
VERTEX_POSE E219 0.695350 0.295534 0.230069 0.973174 -0.973174 0.230069
VERTEX_POSE E220 -0.226857 -0.824022 0.624409 -0.781098 0.781098 0.624409
VERTEX_POSE E221 -0.824755 -0.384641 -0.681902 0.731444 -0.731444 -0.681902
VERTEX_POSE E222 0.825241 -0.210680 0.907546 -0.419954 -0.419954 -0.907546
VERTEX_POSE E223 0.040762 0.585184 0.945587 -0.325368 0.325368 0.945587
VERTEX_POSE E224 -0.574081 -0.180788 -0.634828 -0.772653 0.772653 -0.634828
VERTEX_POSE E225 0.757414 0.380594 -0.928029 -0.372507 -0.372507 0.928029
VERTEX_POSE E226 0.175410 0.420382 0.662861 -0.748742 0.748742 0.662861
VERTEX_POSE E227 0.541685 -0.505215 0.488660 0.872474 0.872474 -0.488660
VERTEX_POSE E228 0.377083 0.269753 -0.695865 -0.718173 -0.718173 0.695865
VERTEX_POSE E229 0.992181 0.466703 0.801202 0.598394 -0.598394 0.801202
VERTEX_POSE E230 -0.380675 0.844890 -0.139609 -0.990207 0.990207 -0.139609
VERTEX_POSE E231 -0.819493 0.554596 -0.953338 -0.301903 0.301903 -0.953338
VERTEX_POSE E232 0.395717 -0.907854 0.459150 -0.888359 -0.888359 -0.459150
VERTEX_POSE E233 -0.604774 -0.033290 0.259396 0.965771 0.965771 -0.259396
VERTEX_POSE E234 -0.364352 0.200331 0.545532 0.838090 0.838090 -0.545532
VERTEX_POSE E235 0.494952 0.479845 0.593726 -0.804667 0.804667 0.593726
VERTEX_POSE E236 0.983732 0.102014 -0.286221 0.958164 -0.958164 -0.286221
VERTEX_POSE E237 0.662053 -0.079594 0.869679 -0.493617 -0.493617 -0.869679
VERTEX_POSE E238 0.096493 0.805454 0.077030 0.997029 -0.997029 0.077030
VERTEX_POSE E239 -0.996573 -0.145452 -0.130638 0.991430 -0.991430 -0.130638
VERTEX_POSE E240 0.831795 -0.544417 0.706562 0.707651 0.707651 -0.706562
VERTEX_POSE E241 -0.913409 0.412248 -0.801354 0.598190 -0.598190 -0.801354
VERTEX_POSE E242 -0.928500 0.336144 0.142017 0.989864 -0.989864 0.142017
VERTEX_POSE E243 -0.433099 -0.170422 -0.440670 -0.897669 -0.897669 0.440670
VERTEX_POSE E244 0.825137 0.122525 -0.573475 -0.819223 -0.819223 0.573475
VERTEX_POSE E245 0.642911 0.307696 0.817099 -0.576498 -0.576498 -0.817099
VERTEX_POSE E246 -0.461403 0.930848 -0.627653 -0.778494 -0.778494 0.627653
VERTEX_POSE E247 0.836348 -0.565123 0.200016 -0.979793 -0.979793 -0.200016
VERTEX_POSE E248 0.810777 -0.737429 -0.570673 0.821177 -0.821177 -0.570673
VERTEX_POSE E249 0.806932 -0.953774 -0.982636 0.185541 -0.185541 -0.982636
VERTEX_POSE E250 0.531698 0.730410 0.693512 0.720445 0.720445 -0.693512
VERTEX_POSE E251 -0.416080 -0.561452 -0.357071 -0.934077 0.934077 -0.357071
VERTEX_POSE E252 0.982177 -0.338415 0.770691 -0.637209 0.637209 0.770691
VERTEX_POSE E253 0.356939 -0.480270 0.648261 -0.761418 0.761418 0.648261
VERTEX_POSE E254 0.624682 -0.976268 0.986923 -0.161195 -0.161195 -0.986923
VERTEX_POSE E255 -0.591904 0.480797 -0.999989 -0.004637 -0.004637 0.999989
VERTEX_POSE E256 0.114353 0.900324 -0.919345 -0.393453 0.393453 -0.919345
VERTEX_POSE E257 -0.199908 0.444114 0.079744 0.996815 -0.996815 0.079744
VERTEX_POSE E258 0.949781 0.975582 -0.466549 0.884495 -0.884495 -0.466549
VERTEX_POSE E259 -0.508564 0.170077 0.737345 0.675516 -0.675516 0.737345
VERTEX_POSE E260 -0.207728 -0.089183 0.716217 0.697878 0.697878 -0.716217
VERTEX_POSE E261 -0.430894 0.820472 0.171115 -0.985251 0.985251 0.171115
VERTEX_POSE E262 -0.328057 -0.275328 0.658838 0.752284 0.752284 -0.658838
VERTEX_POSE E263 -0.812011 0.002963 -0.572187 -0.820123 0.820123 -0.572187
VERTEX_POSE E264 -0.035668 -0.212818 -0.075790 -0.997124 0.997124 -0.075790
VERTEX_POSE E265 0.307591 0.925003 0.793182 -0.608985 -0.608985 -0.793182
VERTEX_POSE E266 0.682942 -0.517192 0.640070 0.768317 0.768317 -0.640070
VERTEX_POSE E267 -0.051936 0.889196 -0.719371 -0.694626 0.694626 -0.719371
VERTEX_POSE E268 -0.030357 -0.154591 0.975524 -0.219891 0.219891 0.975524
VERTEX_POSE E269 -0.220565 -0.711737 0.443537 0.896256 -0.896256 0.443537
VERTEX_POSE E270 -0.048509 -0.256256 0.196458 0.980512 0.980512 -0.196458
VERTEX_POSE E271 -0.198562 0.300993 0.560345 0.828259 0.828259 -0.560345
VERTEX_POSE E272 -0.133974 0.700511 -0.962452 -0.271453 -0.271453 0.962452
VERTEX_POSE E273 0.022991 -0.920112 -0.636864 -0.770976 -0.770976 0.636864
VERTEX_POSE E274 0.368340 -0.869429 0.763461 -0.645854 -0.645854 -0.763461
VERTEX_POSE E275 -0.308837 -0.176964 0.992179 0.124820 -0.124820 0.992179
VERTEX_POSE E276 -0.334098 0.387584 0.641780 0.766889 -0.766889 0.641780
VERTEX_POSE E277 0.906937 -0.938581 0.981891 -0.189449 -0.189449 -0.981891
VERTEX_POSE E278 -0.472488 0.257913 0.547003 -0.837131 0.837131 0.547003
VERTEX_POSE E279 -0.523321 0.650155 0.708632 -0.705578 0.705578 0.708632
VERTEX_POSE E280 0.713869 -0.892356 -0.988921 0.148443 0.148443 0.988921
VERTEX_POSE E281 -0.940790 -0.011677 -0.761051 -0.648692 0.648692 -0.761051
VERTEX_POSE E282 0.060599 -0.911297 0.651022 0.759059 -0.759059 0.651022
VERTEX_POSE E283 0.696046 -0.230771 0.957309 0.289066 0.289066 -0.957309
VERTEX_POSE E284 0.416149 0.508053 0.999200 -0.039980 0.039980 0.999200
VERTEX_POSE E285 -0.314720 -0.887565 0.117391 -0.993086 -0.993086 -0.117391
VERTEX_POSE E286 -0.895858 -0.749974 -0.664323 -0.747446 -0.747446 0.664323
VERTEX_POSE E287 -0.469498 0.408378 0.818011 -0.575202 0.575202 0.818011
VERTEX_POSE E288 0.485372 0.556550 -0.849587 -0.527448 -0.527448 0.849587
VERTEX_POSE E289 -0.946077 -0.774392 0.218146 -0.975916 0.975916 0.218146
VERTEX_POSE E290 0.021938 -0.421546 0.473929 0.880563 0.880563 -0.473929
VERTEX_POSE E291 -0.722356 -0.532633 -0.993334 0.115270 -0.115270 -0.993334
VERTEX_POSE E292 -0.376971 -0.953920 -0.058663 0.998278 0.998278 0.058663
VERTEX_POSE E293 0.693881 0.303127 -0.889566 -0.456806 -0.456806 0.889566
VERTEX_POSE E294 -0.534366 0.470330 -0.913210 0.407489 -0.407489 -0.913210
VERTEX_POSE E295 0.587361 -0.166738 -0.999899 -0.014247 -0.014247 0.999899
VERTEX_POSE E296 0.001472 0.228130 0.001810 -0.999998 0.999998 0.001810
VERTEX_POSE E297 -0.851425 0.953138 0.805539 -0.592543 -0.592543 -0.805539
VERTEX_POSE E298 -0.464575 -0.277542 0.758665 0.651481 -0.651481 0.758665
VERTEX_POSE E299 0.971115 -0.926461 0.998658 -0.051788 0.051788 0.998658
VERTEX_POSE E300 -0.071990 -0.758599 -0.972682 -0.232142 -0.232142 0.972682
VERTEX_POSE E301 0.486916 0.466202 0.399055 -0.916927 0.916927 0.399055
VERTEX_POSE E302 -0.227447 0.374532 0.803641 0.595115 -0.595115 0.803641
VERTEX_POSE E303 0.794036 0.941912 0.460816 0.887496 -0.887496 0.460816
VERTEX_POSE E304 -0.490093 0.546090 0.906038 -0.423197 -0.423197 -0.906038
VERTEX_POSE E305 -0.859107 0.505103 -0.634915 0.772582 -0.772582 -0.634915
VERTEX_POSE E306 -0.514801 -0.235052 0.923503 -0.383591 0.383591 0.923503
VERTEX_POSE E307 0.175809 -0.066326 -0.870114 -0.492850 0.492850 -0.870114
VERTEX_POSE E308 -0.952170 0.566522 0.361926 -0.932207 -0.932207 -0.361926
VERTEX_POSE E309 0.012711 -0.977139 -0.863600 -0.504177 -0.504177 0.863600
VERTEX_POSE E310 0.652488 -0.416171 -0.978076 -0.208250 -0.208250 0.978076
VERTEX_POSE E311 0.761698 0.674166 0.737523 0.675323 0.675323 -0.737523
VERTEX_POSE E312 0.071921 0.011184 -0.933409 0.358813 -0.358813 -0.933409
VERTEX_POSE E313 -0.286913 -0.327468 -0.165989 -0.986128 -0.986128 0.165989
VERTEX_POSE E314 0.457744 -0.556605 -0.037338 -0.999303 0.999303 -0.037338
VERTEX_POSE E315 -0.511930 -0.480763 -0.275741 -0.961232 0.961232 -0.275741
VERTEX_POSE E316 0.398367 -0.215033 -0.562736 -0.826637 -0.826637 0.562736
VERTEX_POSE E317 0.561886 -0.306579 0.329653 0.944102 -0.944102 0.329653
VERTEX_POSE E318 0.018572 0.927615 0.399661 -0.916663 -0.916663 -0.399661
VERTEX_POINT L6 -0.116261 -0.658483
VERTEX_POINT L7 0.615809 -0.080971
VERTEX_POINT L8 -0.959490 -0.493931
VERTEX_POINT L9 0.161383 -0.191116
VERTEX_POINT L10 -0.761162 -0.034891
VERTEX_POINT L11 0.734391 0.809196
VERTEX_POINT L12 0.627017 -0.720786
VERTEX_POINT L13 0.826198 0.798371
VERTEX_POINT L14 -0.264137 0.037326
VERTEX_POINT L15 0.775592 -0.767648
VERTEX_POINT L16 -0.638377 -0.479171
VERTEX_POINT L17 -0.293023 0.110865
VERTEX_POINT L18 -0.296398 -0.526248
VERTEX_POINT L19 0.848538 0.987031
VERTEX_POINT L20 0.479530 -0.514603
VERTEX_BEARING C4 B3 0.982196 -0.187861
VERTEX_BEARING C5 B4 0.244510 0.969647
VERTEX_BEARING C6 B5 -0.592187 0.805800
VERTEX_BEARING C7 B6 -0.953665 0.300870
VERTEX_BEARING C8 B7 -0.829997 -0.557768
VERTEX_BEARING C10 B8 -0.834219 -0.551433
VERTEX_BEARING C11 B10 0.410822 -0.911716
VERTEX_BEARING C12 B11 -0.603156 0.797624
VERTEX_BEARING C13 B12 0.054562 0.998510
VERTEX_BEARING C15 B13 0.957572 -0.288195
VERTEX_BEARING C19 B14 -0.036222 0.999344
VERTEX_BEARING C21 B15 0.878417 -0.477895
VERTEX_BEARING C23 B16 -0.329067 -0.944306
VERTEX_BEARING C25 B17 0.567201 -0.823579
VERTEX_BEARING C26 B18 0.521344 -0.853346
VERTEX_BEARING C27 B19 -0.558562 0.829463
VERTEX_BEARING C28 B20 0.523696 -0.851905
VERTEX_BEARING C30 B21 0.999820 -0.018976
VERTEX_BEARING C32 B22 0.653282 0.757115
VERTEX_BEARING C33 B23 0.977350 -0.211631
VERTEX_BEARING C34 B24 0.738490 0.674264
VERTEX_BEARING C35 B25 -0.893669 0.448727
VERTEX_BEARING C36 B26 0.739793 -0.672835
VERTEX_BEARING C37 B27 -0.574708 0.818359
VERTEX_BEARING C38 B28 -0.047334 -0.998879
VERTEX_BEARING C39 B29 -0.995263 -0.097219
VERTEX_BEARING C40 B30 0.218856 -0.975757
VERTEX_BEARING C41 B31 -0.613517 -0.789682
VERTEX_BEARING C42 B32 -0.638596 -0.769542
VERTEX_BEARING C43 B33 -0.688675 0.725071
VERTEX_BEARING C44 B34 -0.999791 0.020465
VERTEX_BEARING C45 B35 -0.970397 0.241516
VERTEX_BEARING C46 B36 0.794746 0.606942
VERTEX_BEARING C47 B37 0.420993 -0.907064
VERTEX_BEARING C48 B38 -0.262997 -0.964797
VERTEX_BEARING C49 B39 0.682090 -0.731268
VERTEX_BEARING C50 B40 0.998186 -0.060199
VERTEX_BEARING C52 B41 -0.930287 -0.366832
VERTEX_BEARING C54 B42 -0.646550 0.762872
VERTEX_BEARING C55 B43 -0.662391 -0.749158
VERTEX_BEARING C56 B44 -0.929229 0.369505
VERTEX_BEARING C57 B45 0.410049 0.912063
VERTEX_BEARING C58 B46 -0.998376 0.056973
VERTEX_BEARING C59 B47 -0.249420 0.968395
VERTEX_BEARING C60 B48 -0.188613 -0.982052
VERTEX_BEARING C61 B49 0.920646 0.390399
VERTEX_BEARING C62 B50 0.526472 0.850192
VERTEX_BEARING C63 B51 -0.863426 -0.504475
VERTEX_BEARING C64 B52 0.688387 -0.725344
VERTEX_BEARING C65 B53 0.013927 0.999903
VERTEX_BEARING C66 B54 0.926716 0.375761
VERTEX_BEARING C75 B55 0.256581 -0.966523
VERTEX_BEARING C76 B56 0.595265 -0.803530
VERTEX_BEARING C77 B57 0.719222 0.694780
VERTEX_BEARING C78 B58 -0.945337 0.326094
VERTEX_BEARING C79 B59 -0.931389 -0.364025
VERTEX_BEARING C80 B60 -0.885934 -0.463812
VERTEX_BEARING C81 B61 0.106888 -0.994271
VERTEX_BEARING C82 B62 -0.885100 -0.465400
VERTEX_BEARING C83 B63 -0.972462 -0.233063
VERTEX_BEARING C84 B64 0.549563 0.835452
VERTEX_BEARING C85 B65 -0.000989 1.000000
VERTEX_BEARING C86 B66 -0.039480 -0.999220
VERTEX_BEARING C87 B67 0.413047 0.910710
VERTEX_BEARING C88 B68 -0.643801 -0.765193
VERTEX_BEARING C89 B69 0.798853 -0.601526
VERTEX_BEARING B110 C101 0.096759 0.995308
VERTEX_BEARING B111 C102 0.993778 0.111378
VERTEX_BEARING B112 C103 0.997369 0.072487
VERTEX_BEARING B113 C104 0.994987 -0.100009
VERTEX_BEARING B114 C105 -0.640523 0.767939
VERTEX_BEARING B115 C106 0.866109 -0.499856
VERTEX_BEARING B116 C107 -0.681127 -0.732166
VERTEX_BEARING B117 C108 0.150877 -0.988553
VERTEX_BEARING B118 C109 -0.175505 -0.984479
VERTEX_BEARING B119 C110 0.888971 -0.457964
VERTEX_BEARING B120 C111 0.019633 -0.999807
VERTEX_BEARING B121 C112 -0.866152 0.499780
VERTEX_BEARING B122 C113 0.948197 0.317683
VERTEX_BEARING B123 C114 -0.625908 -0.779897
VERTEX_BEARING B124 C116 0.514191 -0.857676
VERTEX_BEARING D29 E112 0.772398 -0.635139
VERTEX_BEARING D32 E113 0.867231 -0.497907
VERTEX_BEARING D33 E114 -0.801300 0.598263
VERTEX_BEARING D34 E115 0.203184 -0.979141
VERTEX_BEARING D35 E116 0.727015 0.686622
VERTEX_BEARING D36 E117 -0.473024 -0.881050
VERTEX_BEARING D37 E118 0.846756 -0.531982
VERTEX_BEARING D38 E119 -0.012152 0.999926
VERTEX_BEARING D39 E120 -0.154476 -0.987997
VERTEX_BEARING D40 E121 -0.822295 0.569062
VERTEX_BEARING D41 E122 -0.597492 0.801875
VERTEX_BEARING D42 E123 0.915625 -0.402032
VERTEX_BEARING D43 E124 -0.036805 0.999322
VERTEX_BEARING D44 E125 0.986653 -0.162834
VERTEX_BEARING D45 E126 -0.929311 -0.369299
VERTEX_BEARING D46 E127 -0.290257 -0.956949
VERTEX_BEARING D47 E128 -0.418479 -0.908226
VERTEX_BEARING D48 E129 -0.752933 0.658097
VERTEX_BEARING D49 E130 -0.812370 0.583143
VERTEX_BEARING D50 E131 0.996734 0.080751
VERTEX_BEARING D51 E132 -0.711885 0.702296
VERTEX_BEARING D52 E133 -0.462814 0.886455
VERTEX_BEARING D53 E134 -0.364569 0.931176
VERTEX_BEARING D54 E135 0.562221 -0.826987
VERTEX_BEARING D55 E136 0.548267 0.836304
VERTEX_BEARING D56 E137 -0.840285 -0.542145
VERTEX_BEARING D57 E138 -0.441171 -0.897423
VERTEX_BEARING D58 E139 0.925550 0.378627
VERTEX_BEARING D59 E140 0.777849 0.628451
VERTEX_BEARING D61 E141 0.554948 -0.831885
VERTEX_BEARING D62 E142 -0.290239 -0.956954
VERTEX_BEARING D63 E143 0.514584 -0.857440
VERTEX_BEARING D64 E144 0.215180 0.976574
VERTEX_BEARING D65 E145 0.129543 0.991574
VERTEX_BEARING D66 E146 -0.626646 -0.779304
VERTEX_BEARING D67 E147 -0.731374 0.681976
VERTEX_BEARING D68 E148 0.668478 0.743732
VERTEX_BEARING D69 E149 0.964360 0.264595
VERTEX_BEARING D70 E150 0.999955 0.009484
VERTEX_BEARING D71 E151 -0.667963 -0.744195
VERTEX_BEARING D72 E152 0.998541 -0.053993
VERTEX_BEARING D73 E153 -0.896774 -0.442488
VERTEX_BEARING D74 E154 -0.960207 0.279290
VERTEX_BEARING D75 E155 -0.234689 -0.972071
VERTEX_BEARING D76 E156 0.847899 0.530158
VERTEX_BEARING D77 E157 -0.211511 0.977376
VERTEX_BEARING D78 E158 0.989920 -0.141625
VERTEX_BEARING D79 E159 -0.503224 0.864156
VERTEX_BEARING D80 E160 -0.140313 0.990107
VERTEX_BEARING A11 C14 -0.614767 -0.788708
VERTEX_BEARING A13 C18 -0.920402 -0.390974
VERTEX_BEARING A14 C20 0.989571 0.144049
VERTEX_BEARING A17 C24 -0.017427 0.999848
VERTEX_BEARING A19 C26 0.517930 -0.855423
VERTEX_BEARING A20 C27 0.265420 0.964133
VERTEX_BEARING A22 C29 -0.692852 0.721080
VERTEX_BEARING A23 C31 0.983938 0.178508
VERTEX_BEARING A137 C90 0.854841 0.518890
VERTEX_BEARING A141 C91 -0.978081 -0.208224
VERTEX_BEARING A142 C92 0.896415 -0.443215
VERTEX_BEARING A143 C93 -0.147369 -0.989082
VERTEX_BEARING A144 C94 -0.831858 -0.554988
VERTEX_BEARING A145 C95 -0.876561 0.481291
VERTEX_BEARING A146 C96 0.944983 0.327120
VERTEX_BEARING A173 C97 0.799640 -0.600479
VERTEX_BEARING A174 C98 0.544444 0.838797
VERTEX_BEARING A175 C99 -0.228095 -0.973639
VERTEX_BEARING A176 C100 0.437695 -0.899124
VERTEX_BEARING C132 A205 0.926403 -0.376534
VERTEX_BEARING A212 C151 -0.498016 0.867168
VERTEX_BEARING A213 C153 -0.925483 -0.378790
VERTEX_BEARING A214 C156 0.350195 0.936677
VERTEX_BEARING A215 C158 0.202543 -0.979273
VERTEX_BEARING A216 C159 -0.446959 0.894554
VERTEX_BEARING E0 C0 -0.851182 -0.524870
VERTEX_BEARING E1 C1 0.233955 0.972247
VERTEX_BEARING E2 C2 0.629442 0.777047
VERTEX_BEARING E3 C3 0.905705 0.423908
VERTEX_BEARING E8 C7 0.863936 0.503602
VERTEX_BEARING E9 C9 -0.962604 0.270912
VERTEX_BEARING E10 C10 -0.787811 0.615917
VERTEX_BEARING E11 C11 -0.680685 -0.732576
VERTEX_BEARING E13 C13 0.737324 -0.675540
VERTEX_BEARING E14 C14 0.512484 0.858697
VERTEX_BEARING E15 C16 0.954765 -0.297361
VERTEX_BEARING E20 C22 -0.271622 0.962404
VERTEX_BEARING E229 C134 0.998667 -0.051625
VERTEX_BEARING E263 C160 0.029098 0.999577
VERTEX_BEARING E295 C172 -0.944430 -0.328713
VERTEX_BEARING E300 C178 0.708331 0.705880
VERTEX_BEARING E305 C184 -0.910430 -0.413664
VERTEX_BEARING E310 C190 0.990635 -0.136540
VERTEX_BEARING A2 D0 -0.765557 -0.643368
VERTEX_BEARING A3 D1 0.235982 0.971757
VERTEX_BEARING A4 D2 0.398885 -0.917001
VERTEX_BEARING A6 D3 -0.999481 -0.032208
VERTEX_BEARING A7 D4 -0.679933 0.733274
VERTEX_BEARING A8 D5 -0.913382 -0.407105
VERTEX_BEARING A9 D6 0.998801 0.048952
VERTEX_BEARING A11 D7 0.800473 -0.599368
VERTEX_BEARING A17 D8 -0.044556 -0.999007
VERTEX_BEARING A20 D9 0.803957 0.594687
VERTEX_BEARING A26 D10 0.257510 -0.966276
VERTEX_BEARING A131 D11 -0.689910 -0.723895
VERTEX_BEARING A136 D12 -0.777945 0.628333
VERTEX_BEARING A138 D13 0.792793 -0.609491
VERTEX_BEARING A139 D15 0.363067 0.931763
VERTEX_BEARING A140 D17 0.998721 -0.050558
VERTEX_BEARING D28 A152 0.386670 -0.922218
VERTEX_BEARING D29 A154 0.231197 0.972907
VERTEX_BEARING D30 A155 -0.606412 -0.795150
VERTEX_BEARING D31 A156 0.707150 0.707064
VERTEX_BEARING A259 D121 0.592403 0.805642
VERTEX_BEARING A260 D122 -0.802008 -0.597313
VERTEX_BEARING A265 D123 -0.894374 0.447321
VERTEX_BEARING E252 B128 -0.140396 -0.990095
VERTEX_BEARING E253 B129 0.045216 0.998977
VERTEX_BEARING E254 B130 -0.378572 -0.925572
VERTEX_BEARING E255 B131 0.768351 -0.640029
VERTEX_BEARING E256 B132 0.856949 -0.515402
VERTEX_BEARING E257 B133 -0.631566 0.775322
VERTEX_BEARING E258 B134 -0.997787 -0.066493
VERTEX_BEARING E259 B135 -0.020738 0.999785
VERTEX_BEARING E260 B136 -0.164702 -0.986343
VERTEX_BEARING E261 B137 0.934136 -0.356916
VERTEX_BEARING E262 B138 -0.628110 0.778124
VERTEX_BEARING E263 B139 0.589651 0.807658
VERTEX_BEARING E264 B140 -0.750492 -0.660880
VERTEX_BEARING E265 B141 -0.709156 -0.705051
VERTEX_BEARING E266 B142 0.164083 -0.986447
VERTEX_BEARING E268 B143 -0.894924 -0.446220
VERTEX_BEARING E269 B144 0.661863 -0.749625
VERTEX_BEARING E271 B145 -0.018768 -0.999824
VERTEX_BEARING E272 B146 0.645933 -0.763394
VERTEX_BEARING E273 B147 0.827684 -0.561195
VERTEX_BEARING E274 B148 0.738912 0.673802
VERTEX_BEARING E275 B149 -0.627710 0.778447
VERTEX_BEARING E279 B150 -0.169071 -0.985604
VERTEX_BEARING E280 B151 0.618971 -0.785414
VERTEX_BEARING E281 B152 -0.923355 0.383947
VERTEX_BEARING E282 B153 0.828710 0.559678
VERTEX_BEARING E283 B154 0.865704 -0.500556
VERTEX_BEARING E284 B155 0.999982 -0.006061
VERTEX_BEARING E288 B157 0.925858 0.377871
VERTEX_BEARING E289 B158 0.995600 -0.093707
VERTEX_BEARING E292 B159 -0.297013 -0.954874
VERTEX_BEARING E293 B160 -0.875217 0.483730
VERTEX_BEARING E294 B161 0.004000 -0.999992
VERTEX_BEARING E295 B162 0.308892 -0.951097
VERTEX_BEARING A12 E16 -0.792338 0.610082
VERTEX_BEARING A13 E17 -0.748436 0.663207
VERTEX_BEARING E18 A14 0.617740 0.786382
VERTEX_BEARING A15 E19 -0.809883 -0.586592
VERTEX_BEARING E20 A16 0.998366 -0.057145
VERTEX_BEARING A17 E21 -0.496067 -0.868284
VERTEX_BEARING E22 A18 -0.923003 0.384793
VERTEX_BEARING A20 E23 0.980204 -0.197991
VERTEX_BEARING E24 A21 0.808485 0.588516
VERTEX_BEARING E26 A24 -0.799431 0.600757
VERTEX_BEARING A25 E27 -0.899286 0.437360
VERTEX_BEARING A26 E30 -0.068611 -0.997644
VERTEX_BEARING E31 A27 -0.696589 -0.717471
VERTEX_BEARING A28 E32 0.703221 0.710972
VERTEX_BEARING A29 E34 0.705460 -0.708750
VERTEX_BEARING A32 E37 0.944125 -0.329588
VERTEX_BEARING A33 E38 0.552036 -0.833820
VERTEX_BEARING A34 E40 0.611052 0.791590
VERTEX_BEARING A38 E44 -0.625448 -0.780266
VERTEX_BEARING A39 E46 -0.970373 -0.241612
VERTEX_BEARING A40 E48 -0.124526 0.992216
VERTEX_BEARING A48 E56 -0.775981 0.630757
VERTEX_BEARING A61 E68 -0.818498 -0.574509
VERTEX_BEARING A64 E71 -0.513605 -0.858027
VERTEX_BEARING A70 E76 -0.799997 -0.600005
VERTEX_BEARING A74 E77 0.679516 0.733660
VERTEX_BEARING A75 E78 -0.671688 0.740834
VERTEX_BEARING A76 E79 -0.070156 -0.997536
VERTEX_BEARING A77 E80 0.999265 0.038321
VERTEX_BEARING A78 E81 0.588953 -0.808167
VERTEX_BEARING A79 E82 -0.858589 -0.512664
VERTEX_BEARING A80 E83 0.945954 -0.324300
VERTEX_BEARING A81 E84 -0.849206 0.528061
VERTEX_BEARING A82 E85 0.845876 -0.533379
VERTEX_BEARING A83 E86 -0.896843 0.442349
VERTEX_BEARING A84 E87 0.821593 -0.570074
VERTEX_BEARING A85 E88 -0.819372 -0.573262
VERTEX_BEARING A86 E89 -0.912389 -0.409325
VERTEX_BEARING A87 E90 0.929892 0.367832
VERTEX_BEARING A88 E91 -0.667851 -0.744295
VERTEX_BEARING A89 E92 -0.604738 -0.796425
VERTEX_BEARING A90 E93 -0.915656 -0.401963
VERTEX_BEARING A91 E94 0.342922 -0.939364
VERTEX_BEARING A94 E95 -0.520696 -0.853742
VERTEX_BEARING A95 E96 0.809454 -0.587184
VERTEX_BEARING A96 E97 0.268629 -0.963244
VERTEX_BEARING A98 E98 -0.899586 0.436743
VERTEX_BEARING A103 E99 0.760175 -0.649719
VERTEX_BEARING A104 E100 -0.415505 0.909591
VERTEX_BEARING A105 E101 -0.715325 0.698792
VERTEX_BEARING A106 E102 0.635062 0.772461
VERTEX_BEARING A107 E103 0.496490 0.868043
VERTEX_BEARING A108 E104 -0.480714 -0.876878
VERTEX_BEARING E207 A186 0.640224 -0.768188
VERTEX_BEARING E208 A187 -0.770778 -0.637104
VERTEX_BEARING E209 A188 0.509157 0.860673
VERTEX_BEARING E210 A189 0.405844 0.913942
VERTEX_BEARING E211 A190 -0.261529 0.965196
VERTEX_BEARING E212 A191 -0.686027 0.727576
VERTEX_BEARING E213 A192 0.221496 -0.975161
VERTEX_BEARING E214 A193 -0.557477 0.830192
VERTEX_BEARING E215 A194 -0.692422 -0.721492
VERTEX_BEARING E216 A195 -0.087820 0.996136
VERTEX_BEARING E217 A196 -0.740857 0.671663
VERTEX_BEARING E218 A197 -0.967465 -0.253004
VERTEX_BEARING E219 A198 0.764801 -0.644266
VERTEX_BEARING E220 A199 -0.573210 0.819409
VERTEX_BEARING E221 A200 -0.231889 0.972742
VERTEX_BEARING E223 A201 0.852954 0.521987
VERTEX_BEARING E224 A202 -0.999900 -0.014148
VERTEX_BEARING E225 A203 0.279003 0.960290
VERTEX_BEARING E226 A204 -0.685319 0.728243
VERTEX_BEARING E227 A206 -0.811883 0.583821
VERTEX_BEARING E228 A207 -0.466946 -0.884286
VERTEX_BEARING E230 A208 -0.055409 -0.998464
VERTEX_BEARING E232 A209 -0.703451 0.710743
VERTEX_BEARING E233 A210 0.725701 -0.688010
VERTEX_BEARING E234 A211 0.259314 0.965793
VERTEX_BEARING E266 A226 0.762814 -0.646618
VERTEX_BEARING E311 A266 -0.710694 -0.703502
VERTEX_BEARING A0 B0 0.959913 0.280299
VERTEX_BEARING A1 B1 -0.312921 -0.949779
VERTEX_BEARING A2 B2 0.627556 -0.778572
VERTEX_BEARING A3 B3 -0.357043 -0.934088
VERTEX_BEARING A8 B9 -0.651416 -0.758721
VERTEX_BEARING A245 B156 0.830147 -0.557544
