VERTEX_POSE A0 -0.155725 0.918597 0.529802 0.848122 0.848122 -0.529802
VERTEX_POSE A1 0.456167 -0.306529 -0.689094 0.724672 0.724672 0.689094
VERTEX_POSE A2 -0.773641 -0.229495 0.712465 0.701708 0.701708 -0.712465
VERTEX_POSE A3 -0.195193 0.125150 0.885799 -0.464069 -0.464069 -0.885799
VERTEX_POSE A4 0.643613 0.497424 -0.667754 -0.744382 -0.744382 0.667754
VERTEX_POSE A5 0.948135 -0.480164 -0.989560 0.144118 0.144118 0.989560
VERTEX_POSE A6 -0.870650 0.989530 0.789931 0.613196 -0.613196 0.789931
VERTEX_POSE A7 0.198608 0.997413 -0.976400 0.215969 0.215969 0.976400
VERTEX_POSE A8 0.821058 -0.714896 0.638024 -0.770017 0.770017 0.638024
VERTEX_POSE A9 -0.347294 0.788626 -0.705290 -0.708919 -0.708919 0.705290
VERTEX_POSE A10 0.185018 -0.046567 -0.826553 -0.562859 0.562859 -0.826553
VERTEX_POSE A11 -0.418478 0.488438 0.372397 -0.928073 -0.928073 -0.372397
VERTEX_POSE A12 0.743396 0.706884 0.715461 0.698653 0.698653 -0.715461
VERTEX_POSE A13 0.976167 0.073902 0.933068 0.359700 -0.359700 0.933068
VERTEX_POSE A14 0.662526 -0.358804 -0.910630 0.413222 -0.413222 -0.910630
VERTEX_POSE A15 -0.324730 0.388955 0.957594 -0.288122 -0.288122 -0.957594
VERTEX_POSE A16 0.864322 0.535512 0.521006 0.853553 0.853553 -0.521006
VERTEX_POSE A17 0.671593 -0.926899 0.918434 0.395574 0.395574 -0.918434
VERTEX_POSE A18 -0.237935 0.970010 0.945887 0.324497 -0.324497 0.945887
VERTEX_POSE A19 0.938503 -0.366986 0.013003 -0.999915 0.999915 0.013003
VERTEX_POSE A20 0.831146 -0.786124 0.937533 -0.347896 -0.347896 -0.937533
VERTEX_POSE A21 0.396186 0.161879 0.994450 0.105209 -0.105209 0.994450
VERTEX_POSE A22 0.965008 -0.417969 -0.597307 0.802012 -0.802012 -0.597307
VERTEX_POSE A23 0.475154 0.651937 0.953058 -0.302787 -0.302787 -0.953058
VERTEX_POSE A24 0.840214 -0.098608 0.081005 -0.996714 0.996714 0.081005
VERTEX_POSE A25 0.317996 0.081118 -0.809112 0.587654 0.587654 0.809112
VERTEX_POSE A26 -0.223144 0.057199 -0.588887 0.808216 -0.808216 -0.588887
VERTEX_POSE A27 -0.005281 -0.547625 -0.420007 0.907521 -0.907521 -0.420007
VERTEX_POSE A28 0.246038 -0.656587 -0.840284 0.542146 -0.542146 -0.840284
VERTEX_POSE A29 -0.226875 -0.333801 -0.401125 0.916023 0.916023 0.401125
VERTEX_POSE A30 -0.713354 0.924454 -0.833845 -0.551998 -0.551998 0.833845
VERTEX_POSE A31 -0.909688 -0.737990 0.770301 0.637681 0.637681 -0.770301
VERTEX_POSE A32 -0.770707 0.359671 0.105590 0.994410 0.994410 -0.105590
VERTEX_POSE A33 -0.486996 -0.305040 -0.754415 -0.656398 0.656398 -0.754415
VERTEX_POSE A34 -0.104881 0.387160 0.252885 0.967496 0.967496 -0.252885
VERTEX_POSE A35 0.872906 -0.142905 0.148767 -0.988872 -0.988872 -0.148767
VERTEX_POSE A36 -0.538861 0.214795 -0.985552 0.169373 -0.169373 -0.985552
VERTEX_POSE A37 0.024469 0.376690 0.529555 -0.848276 -0.848276 -0.529555
VERTEX_POSE A38 0.071514 -0.145493 -0.948270 0.317465 0.317465 0.948270
VERTEX_POSE A39 -0.717803 0.499900 -0.907211 0.420675 -0.420675 -0.907211
VERTEX_POSE A40 0.677175 0.165316 -0.150822 -0.988561 0.988561 -0.150822
VERTEX_POSE A41 -0.743469 0.807940 0.686447 0.727180 -0.727180 0.686447
VERTEX_POSE A42 -0.136282 -0.011662 -0.995993 0.089428 -0.089428 -0.995993
VERTEX_POSE A43 0.420571 -0.127800 0.952830 -0.303503 0.303503 0.952830
VERTEX_POSE A44 -0.767302 -0.118158 -0.759559 -0.650438 -0.650438 0.759559
VERTEX_POSE A45 -0.473755 0.629534 -0.383281 -0.923632 -0.923632 0.383281
VERTEX_POSE A46 -0.904159 -0.738845 0.663664 -0.748031 -0.748031 -0.663664
VERTEX_POSE A47 -0.902979 -0.582647 -0.902284 0.431142 -0.431142 -0.902284
VERTEX_POSE A48 -0.802162 0.702635 0.995017 -0.099706 -0.099706 -0.995017
VERTEX_POSE A49 -0.142095 -0.768835 -0.870782 -0.491669 0.491669 -0.870782
VERTEX_POSE A50 -0.964477 0.050367 -0.431358 0.902181 -0.902181 -0.431358
VERTEX_POSE A51 -0.971016 0.916512 0.224339 -0.974511 0.974511 0.224339
VERTEX_POSE A52 -0.745908 0.393044 -0.713554 -0.700600 0.700600 -0.713554
VERTEX_POSE A53 -0.999469 0.632398 0.181355 0.983418 -0.983418 0.181355
VERTEX_POSE A54 0.504138 0.568448 0.254417 -0.967095 0.967095 0.254417
VERTEX_POSE A55 -0.905695 -0.705564 -0.921498 0.388383 0.388383 0.921498
VERTEX_POSE A56 0.318527 -0.286483 0.429425 -0.903102 0.903102 0.429425
VERTEX_POSE A57 -0.719005 -0.374353 -0.999034 0.043940 -0.043940 -0.999034
VERTEX_POSE A58 0.089024 -0.253189 0.122971 -0.992410 0.992410 0.122971
VERTEX_POSE A59 -0.435436 0.056930 0.234497 0.972117 0.972117 -0.234497
VERTEX_POSE A60 0.054120 0.291847 -0.537854 0.843038 -0.843038 -0.537854
VERTEX_POSE A61 0.375670 -0.328734 0.616819 0.787105 0.787105 -0.616819
VERTEX_POSE A62 -0.345123 0.318940 0.769823 0.638257 0.638257 -0.769823
VERTEX_POSE A63 0.283412 -0.348482 0.995942 -0.089996 0.089996 0.995942
VERTEX_POSE A64 0.888674 0.366226 -0.749748 -0.661723 -0.661723 0.749748
VERTEX_POSE A65 0.549996 -0.293900 0.463413 0.886143 -0.886143 0.463413
VERTEX_POSE A66 0.156318 0.508612 -0.894721 -0.446625 -0.446625 0.894721
VERTEX_POSE A67 -0.650187 -0.418979 -0.971261 0.238017 -0.238017 -0.971261
VERTEX_POSE A68 -0.425535 -0.917210 -0.011873 0.999930 0.999930 0.011873
VERTEX_POSE A69 -0.772168 -0.636880 0.821245 -0.570575 0.570575 0.821245
VERTEX_POSE A70 -0.367990 -0.919079 0.606578 -0.795024 0.795024 0.606578
VERTEX_POSE A71 -0.748361 0.248107 0.230190 -0.973146 0.973146 0.230190
VERTEX_POSE A72 -0.515637 -0.828940 -0.930824 0.365468 -0.365468 -0.930824
VERTEX_POSE A73 0.495728 0.069258 0.500107 0.865963 0.865963 -0.500107
VERTEX_POSE A74 0.672210 -0.879693 0.839867 -0.542792 0.542792 0.839867
VERTEX_POSE A75 -0.282938 0.052901 0.810229 -0.586113 0.586113 0.810229
VERTEX_POSE A76 -0.978027 -0.301208 0.984145 -0.177365 -0.177365 -0.984145
VERTEX_POSE A77 0.768051 -0.618538 -0.962774 -0.270307 -0.270307 0.962774
VERTEX_POSE A78 -0.185918 0.470255 -0.511960 -0.859009 -0.859009 0.511960
VERTEX_POSE A79 -0.780189 -0.598573 -0.862681 -0.505749 -0.505749 0.862681
VERTEX_POSE A80 -0.374044 -0.387373 -0.374132 0.927376 0.927376 0.374132
VERTEX_POSE A81 -0.150394 -0.479379 0.965713 -0.259610 -0.259610 -0.965713
VERTEX_POSE A82 -0.751205 -0.682061 0.785950 -0.618291 0.618291 0.785950
VERTEX_POSE A83 -0.119952 -0.994329 0.857743 -0.514079 0.514079 0.857743
VERTEX_POSE A84 -0.149863 -0.846980 -0.164491 0.986379 0.986379 0.164491
VERTEX_POSE A85 0.752933 0.886387 -0.644779 -0.764369 -0.764369 0.644779
VERTEX_POSE A86 -0.025647 -0.699893 -0.991897 -0.127047 0.127047 -0.991897
VERTEX_POSE A87 -0.831337 -0.133464 0.140389 -0.990096 -0.990096 -0.140389
VERTEX_POSE A88 -0.966072 -0.487965 -0.976754 -0.214364 0.214364 -0.976754
VERTEX_POSE A89 -0.936623 0.046918 -0.709547 -0.704658 0.704658 -0.709547
VERTEX_POSE A90 -0.266772 0.923466 0.005634 0.999984 -0.999984 0.005634
VERTEX_POSE A91 0.088048 0.803881 -0.158623 -0.987339 0.987339 -0.158623
VERTEX_POSE A92 0.439047 0.718184 0.879449 0.475993 0.475993 -0.879449
VERTEX_POSE A93 0.388105 0.242406 0.998832 -0.048326 0.048326 0.998832
VERTEX_POSE A94 -0.628540 -0.544601 0.015262 -0.999884 -0.999884 -0.015262
VERTEX_POSE A95 0.327721 0.084410 -0.837468 -0.546487 0.546487 -0.837468
VERTEX_POSE A96 -0.061899 0.948506 0.970306 -0.241880 0.241880 0.970306
VERTEX_POSE A97 0.527779 0.964011 0.953160 0.302466 0.302466 -0.953160
VERTEX_POSE A98 0.677535 0.665430 -0.906775 0.421616 -0.421616 -0.906775
VERTEX_POSE A99 0.512566 -0.968704 -0.999971 0.007645 -0.007645 -0.999971
VERTEX_POSE A100 0.755611 -0.672870 0.829157 -0.559015 -0.559015 -0.829157
VERTEX_POSE A101 -0.690456 0.746351 0.686709 0.726932 0.726932 -0.686709
VERTEX_POSE A102 0.764205 0.279403 -0.174110 -0.984726 -0.984726 0.174110
VERTEX_POSE A103 -0.760026 -0.501810 0.989478 0.144684 -0.144684 0.989478
VERTEX_POSE A104 0.805273 -0.184391 -0.213269 -0.976993 0.976993 -0.213269
VERTEX_POSE A105 0.436415 0.399709 0.698179 -0.715924 0.715924 0.698179
VERTEX_POSE A106 -0.042964 0.551091 -0.984929 0.172959 0.172959 0.984929
VERTEX_POSE A107 0.827245 0.514402 -0.171192 0.985238 -0.985238 -0.171192
VERTEX_POSE A108 0.204466 0.781172 0.697520 0.716565 -0.716565 0.697520
VERTEX_POSE A109 0.771118 0.021346 0.496176 0.868222 -0.868222 0.496176
VERTEX_POSE A110 -0.952944 0.915829 -0.171159 -0.985244 -0.985244 0.171159
VERTEX_POSE A111 0.830422 -0.606201 0.995066 -0.099217 0.099217 0.995066
VERTEX_POSE A112 -0.379276 0.541967 -0.990118 0.140234 0.140234 0.990118
VERTEX_POSE A113 -0.704148 -0.766232 -0.853772 0.520646 0.520646 0.853772
VERTEX_POSE A114 -0.289530 -0.600531 -0.736017 -0.676963 0.676963 -0.736017
VERTEX_POSE A115 0.470860 0.694987 -0.585558 0.810631 -0.810631 -0.585558
VERTEX_POSE A116 -0.951215 -0.879845 0.726604 -0.687057 -0.687057 -0.726604
VERTEX_POSE A117 0.684823 -0.300424 -0.269480 0.963006 -0.963006 -0.269480
VERTEX_POSE A118 0.639524 -0.438477 -0.891395 -0.453227 -0.453227 0.891395
VERTEX_POSE A119 -0.917287 -0.367811 -0.639463 0.768822 -0.768822 -0.639463
VERTEX_POSE A120 0.748200 0.746494 -0.950896 0.309510 -0.309510 -0.950896
VERTEX_POSE A121 -0.627248 -0.515011 0.901662 0.432441 0.432441 -0.901662
VERTEX_POSE A122 0.170761 -0.563929 0.902061 -0.431609 -0.431609 -0.902061
VERTEX_POSE A123 0.187247 0.464678 -0.810156 0.586215 -0.586215 -0.810156
VERTEX_POSE A124 0.760856 0.727395 -0.860092 -0.510138 -0.510138 0.860092
VERTEX_POSE A125 0.542221 -0.108530 -0.521750 0.853099 0.853099 0.521750
VERTEX_POSE A126 -0.485032 -0.450912 -0.949830 -0.312767 0.312767 -0.949830
VERTEX_POSE A127 -0.301043 0.675900 -0.904164 0.427186 -0.427186 -0.904164
VERTEX_POSE A128 0.070000 -0.144520 0.833705 0.552210 -0.552210 0.833705
VERTEX_POSE A129 -0.807497 -0.785482 0.472716 0.881215 0.881215 -0.472716
VERTEX_POSE A130 -0.788478 0.707196 0.032690 0.999466 -0.999466 0.032690
VERTEX_POSE A131 -0.174390 0.182611 -0.234281 0.972169 -0.972169 -0.234281
VERTEX_POSE A132 -0.497953 0.960869 -0.984535 0.175189 0.175189 0.984535
VERTEX_POSE A133 0.975727 -0.013401 -0.503179 -0.864182 -0.864182 0.503179
VERTEX_POSE A134 0.065584 0.680801 0.459163 -0.888352 0.888352 0.459163
VERTEX_POSE A135 -0.692680 -0.223521 -0.858725 -0.512436 0.512436 -0.858725
VERTEX_POSE A136 0.412143 -0.613692 0.388687 -0.921370 0.921370 0.388687
VERTEX_POSE A137 -0.977380 0.231892 0.937604 0.347706 -0.347706 0.937604
VERTEX_POSE A138 -0.865435 -0.709120 0.456544 -0.889701 0.889701 0.456544
VERTEX_POSE A139 -0.383391 -0.832520 -0.230740 0.973015 0.973015 0.230740
VERTEX_POSE A140 0.793738 -0.746762 -0.167937 0.985798 -0.985798 -0.167937
VERTEX_POSE A141 -0.818379 -0.793291 0.510222 0.860043 -0.860043 0.510222
VERTEX_POSE A142 -0.552970 -0.438722 0.568282 0.822834 0.822834 -0.568282
VERTEX_POSE A143 -0.585538 0.795205 -0.911679 0.410903 0.410903 0.911679
VERTEX_POSE A144 -0.522527 -0.559523 0.260488 0.965477 -0.965477 0.260488
VERTEX_POSE A145 0.157500 -0.039252 -0.351210 -0.936297 0.936297 -0.351210
VERTEX_POSE A146 0.885322 0.490192 0.554822 0.831969 0.831969 -0.554822
VERTEX_POSE A147 -0.473742 -0.439369 0.719394 0.694603 0.694603 -0.719394
VERTEX_POSE A148 -0.157677 0.660324 0.671826 -0.740709 0.740709 0.671826
VERTEX_POSE A149 0.524846 -0.948285 -0.641430 0.767182 -0.767182 -0.641430
VERTEX_POSE A150 -0.391029 0.192821 -0.757186 -0.653200 -0.653200 0.757186
VERTEX_POSE A151 -0.409477 0.406818 0.894540 0.446988 -0.446988 0.894540
VERTEX_POSE A152 0.897597 -0.463295 -0.473278 0.880913 0.880913 0.473278
VERTEX_POSE A153 0.779732 0.628891 -0.762216 -0.647323 0.647323 -0.762216
VERTEX_POSE A154 0.777770 -0.128504 -0.977400 0.211398 -0.211398 -0.977400
VERTEX_POSE A155 0.658454 -0.735901 0.855007 -0.518617 0.518617 0.855007
VERTEX_POSE A156 0.321953 -0.479639 0.841133 -0.540828 0.540828 0.841133
VERTEX_POSE A157 -0.707262 0.420584 -0.990816 -0.135216 -0.135216 0.990816
VERTEX_POSE A158 -0.642590 0.939999 -0.524933 -0.851144 -0.851144 0.524933
VERTEX_POSE A159 -0.608048 0.375841 -0.056611 0.998396 0.998396 0.056611
VERTEX_POSE A160 -0.514759 0.635103 -0.854141 0.520041 0.520041 0.854141
VERTEX_POSE A161 -0.431067 0.647196 -0.516195 0.856471 0.856471 0.516195
VERTEX_POSE A162 0.217562 -0.441548 0.118519 -0.992952 0.992952 0.118519
VERTEX_POSE A163 -0.012712 0.595972 -0.139243 -0.990258 0.990258 -0.139243
VERTEX_POSE A164 -0.455340 -0.366206 -0.989519 -0.144405 -0.144405 0.989519
VERTEX_POSE A165 -0.716853 -0.760747 0.292956 0.956126 0.956126 -0.292956
VERTEX_POSE A166 0.294608 -0.627549 0.752971 0.658054 0.658054 -0.752971
VERTEX_POSE A167 0.956803 0.020103 0.514734 -0.857350 -0.857350 -0.514734
VERTEX_POSE A168 -0.694233 0.471145 0.531284 0.847194 -0.847194 0.531284
VERTEX_POSE A169 0.429173 -0.336669 -0.999420 0.034056 -0.034056 -0.999420
VERTEX_POSE A170 -0.426588 0.187582 -0.998943 -0.045968 0.045968 -0.998943
VERTEX_POSE A171 -0.900495 0.724383 -0.961918 0.273337 -0.273337 -0.961918
VERTEX_POSE A172 0.610794 -0.129960 0.608992 -0.793177 0.793177 0.608992
VERTEX_POSE A173 0.020442 0.748861 -0.415500 -0.909593 0.909593 -0.415500
VERTEX_POSE A174 -0.486033 0.519588 -0.215855 0.976426 0.976426 0.215855
VERTEX_POSE A175 -0.911733 0.310516 -0.968528 0.248906 -0.248906 -0.968528
VERTEX_POSE A176 -0.822058 -0.290392 0.744436 -0.667694 -0.667694 -0.744436
VERTEX_POSE A177 -0.600710 0.009780 -0.243082 -0.970006 0.970006 -0.243082
VERTEX_POSE A178 -0.385475 0.871148 -0.232217 0.972664 0.972664 0.232217
VERTEX_POSE A179 0.020265 -0.630068 0.409537 0.912294 -0.912294 0.409537
VERTEX_POSE A180 0.924135 0.061496 -0.984611 -0.174759 0.174759 -0.984611
VERTEX_POSE A181 0.223496 0.063968 -0.770403 -0.637557 -0.637557 0.770403
VERTEX_POSE A182 0.610787 0.776750 0.857726 0.514106 -0.514106 0.857726
VERTEX_POSE A183 0.821733 0.598200 -0.477150 -0.878822 -0.878822 0.477150
VERTEX_POSE A184 0.003228 -0.307141 0.886523 -0.462684 0.462684 0.886523
VERTEX_POSE A185 0.388557 -0.351753 -0.994527 -0.104480 0.104480 -0.994527
VERTEX_POSE A186 0.480186 0.862299 0.365668 -0.930745 -0.930745 -0.365668
VERTEX_POSE A187 -0.674820 0.213220 0.942707 -0.333622 -0.333622 -0.942707
VERTEX_POSE A188 0.681295 -0.931169 -0.984338 -0.176293 0.176293 -0.984338
VERTEX_POSE A189 0.837597 0.802299 0.881531 -0.472126 -0.472126 -0.881531
VERTEX_POSE A190 -0.282868 -0.410939 -0.534711 -0.845035 0.845035 -0.534711
VERTEX_POSE A191 -0.833464 0.703934 0.917249 0.398314 -0.398314 0.917249
VERTEX_POSE A192 -0.593470 0.449495 0.575141 -0.818054 -0.818054 -0.575141
VERTEX_POSE A193 0.934695 0.147513 0.876749 -0.480948 -0.480948 -0.876749
VERTEX_POSE A194 0.153825 0.299905 0.685224 -0.728332 0.728332 0.685224
VERTEX_POSE A195 -0.048810 -0.916711 -0.155491 -0.987837 0.987837 -0.155491
VERTEX_POSE A196 -0.782158 0.386766 -0.127055 -0.991896 0.991896 -0.127055
VERTEX_POSE A197 -0.551567 0.672356 -0.922999 0.384802 -0.384802 -0.922999
VERTEX_POSE A198 -0.092007 0.103392 -0.999939 0.011013 -0.011013 -0.999939
VERTEX_POSE A199 -0.476391 -0.142089 0.912942 0.408088 0.408088 -0.912942
VERTEX_POSE A200 0.877606 -0.664313 0.241369 0.970433 -0.970433 0.241369
VERTEX_POSE A201 0.481405 -0.709026 -0.693781 0.720186 -0.720186 -0.693781
VERTEX_POSE A202 -0.376886 -0.417706 0.608331 0.793683 0.793683 -0.608331
VERTEX_POSE A203 0.488400 0.205727 -0.656762 0.754098 -0.754098 -0.656762
VERTEX_POSE A204 -0.498153 -0.960165 -0.811788 -0.583952 0.583952 -0.811788
VERTEX_POSE A205 0.137082 -0.898118 0.198572 -0.980086 -0.980086 -0.198572
VERTEX_POSE A206 0.576667 -0.483757 -0.948527 0.316696 0.316696 0.948527
VERTEX_POSE A207 -0.320212 -0.250557 -0.828213 0.560413 -0.560413 -0.828213
VERTEX_POSE A208 0.536371 0.111663 0.301545 -0.953452 0.953452 0.301545
VERTEX_POSE A209 -0.808808 -0.612609 0.755167 0.655533 -0.655533 0.755167
VERTEX_POSE A210 0.700053 0.119375 -0.873528 0.486773 -0.486773 -0.873528
VERTEX_POSE A211 0.460507 -0.826842 -0.555183 0.831728 0.831728 0.555183
VERTEX_POSE A212 0.414689 0.451359 0.986034 0.166543 -0.166543 0.986034
VERTEX_POSE A213 0.310840 -0.103875 -0.526405 0.850234 0.850234 0.526405
VERTEX_POSE A214 0.282239 0.771359 0.396771 -0.917918 0.917918 0.396771
VERTEX_POSE A215 -0.582084 -0.855782 0.670593 0.741825 0.741825 -0.670593
VERTEX_POSE A216 -0.300603 0.544371 0.718014 0.696029 0.696029 -0.718014
VERTEX_POSE A217 -0.237574 0.633658 -0.048371 0.998829 -0.998829 -0.048371
VERTEX_POSE A218 -0.256903 0.357438 0.953672 0.300848 0.300848 -0.953672
VERTEX_POSE A219 -0.619307 0.613202 0.780438 0.625233 0.625233 -0.780438
VERTEX_POSE A220 -0.399977 0.435957 0.827031 -0.562156 0.562156 0.827031
VERTEX_POSE A221 0.460229 0.946500 -0.868430 -0.495813 0.495813 -0.868430
VERTEX_POSE A222 -0.452771 0.317136 0.109704 -0.993964 -0.993964 -0.109704
VERTEX_POSE A223 0.006552 -0.114548 0.862288 -0.506418 -0.506418 -0.862288
VERTEX_POSE A224 0.394924 0.094013 -0.649453 0.760402 -0.760402 -0.649453
VERTEX_POSE A225 0.701053 -0.382959 0.582519 0.812817 0.812817 -0.582519
VERTEX_POSE A226 0.957742 -0.031259 -0.882407 -0.470487 0.470487 -0.882407
VERTEX_POSE A227 0.612765 -0.519221 0.590967 0.806695 -0.806695 0.590967
VERTEX_POSE A228 -0.850514 -0.710603 -0.080654 0.996742 -0.996742 -0.080654
VERTEX_POSE A229 -0.134265 -0.927868 0.940973 0.338483 0.338483 -0.940973
VERTEX_POSE A230 -0.863626 0.338690 0.881291 -0.472574 0.472574 0.881291
VERTEX_POSE A231 -0.972908 -0.374916 -0.136880 0.990588 -0.990588 -0.136880
VERTEX_POSE A232 -0.652860 -0.636894 0.474814 0.880086 0.880086 -0.474814
VERTEX_POSE A233 -0.240512 0.920984 -0.585812 -0.810447 0.810447 -0.585812
VERTEX_POSE A234 0.515492 0.830811 0.256472 -0.966552 -0.966552 -0.256472
VERTEX_POSE A235 -0.151013 -0.597059 -0.880274 0.474466 -0.474466 -0.880274
VERTEX_POSE A236 0.896570 -0.977133 -0.348381 0.937353 -0.937353 -0.348381
VERTEX_POSE A237 0.092159 -0.652946 -0.022208 0.999753 -0.999753 -0.022208
VERTEX_POSE A238 0.528775 0.152383 0.662199 -0.749328 -0.749328 -0.662199
VERTEX_POSE A239 0.432941 0.134529 -0.787849 -0.615868 0.615868 -0.787849
VERTEX_POSE A240 0.283351 -0.265556 0.727124 0.686506 0.686506 -0.727124
VERTEX_POSE A241 0.228828 -0.728242 0.155592 -0.987821 0.987821 0.155592
VERTEX_POSE A242 -0.106552 0.307688 -0.978048 -0.208378 0.208378 -0.978048
VERTEX_POSE A243 -0.301960 -0.814197 -0.431079 0.902314 -0.902314 -0.431079
VERTEX_POSE A244 -0.460331 0.167883 -0.952761 0.303721 0.303721 0.952761
VERTEX_POSE A245 -0.824313 0.079046 -0.682868 -0.730542 0.730542 -0.682868
VERTEX_POSE A246 0.115956 -0.669978 -0.884010 0.467469 0.467469 0.884010
VERTEX_POSE A247 0.239066 -0.287745 0.896689 0.442661 0.442661 -0.896689
VERTEX_POSE A248 -0.061887 -0.287296 0.342885 -0.939377 0.939377 0.342885
VERTEX_POSE A249 0.859053 0.687460 -0.442399 -0.896818 -0.896818 0.442399
VERTEX_POSE A250 0.619758 -0.674543 -0.515967 0.856609 -0.856609 -0.515967
VERTEX_POSE A251 0.538136 -0.851338 0.963498 0.267717 0.267717 -0.963498
VERTEX_POSE A252 0.319282 0.633960 -0.522539 -0.852615 0.852615 -0.522539
VERTEX_POSE A253 -0.833013 0.642593 0.725580 0.688138 0.688138 -0.725580
VERTEX_POSE A254 -0.455312 0.034113 -0.104869 0.994486 -0.994486 -0.104869
VERTEX_POSE A255 -0.285795 -0.272027 -0.982803 0.184656 0.184656 0.982803
VERTEX_POSE A256 0.868041 -0.740366 0.925666 0.378342 0.378342 -0.925666
VERTEX_POSE A257 -0.497570 -0.997146 0.774731 0.632292 -0.632292 0.774731
VERTEX_POSE A258 -0.673029 0.208752 -0.455888 0.890037 -0.890037 -0.455888
VERTEX_POSE A259 -0.982473 -0.450968 0.994517 -0.104574 0.104574 0.994517
VERTEX_POSE A260 0.368166 -0.925014 0.590121 -0.807315 -0.807315 -0.590121
VERTEX_POSE A261 -0.536655 -0.452558 0.498907 -0.866656 0.866656 0.498907
VERTEX_POSE A262 -0.955382 0.174116 0.758876 -0.651235 -0.651235 -0.758876
VERTEX_POSE A263 0.715306 -0.561908 0.951634 -0.307234 0.307234 0.951634
VERTEX_POSE A264 0.222833 -0.531574 0.722821 -0.691035 0.691035 0.722821
VERTEX_POSE A265 0.560110 0.004927 0.979321 -0.202314 0.202314 0.979321
VERTEX_POSE A266 -0.435708 -0.158967 0.857020 0.515284 -0.515284 0.857020
VERTEX_POSE A267 0.119403 -0.508707 0.989832 -0.142239 -0.142239 -0.989832
VERTEX_POSE A268 -0.347732 0.351980 0.961775 0.273842 -0.273842 0.961775
VERTEX_POSE A269 -0.906932 0.993416 0.203571 0.979060 -0.979060 0.203571
VERTEX_POSE A270 -0.447656 0.625822 0.104370 0.994539 -0.994539 0.104370
VERTEX_POSE A271 0.935620 -0.913575 0.223011 -0.974816 -0.974816 -0.223011
VERTEX_POSE A272 0.321896 -0.734826 0.431901 -0.901921 0.901921 0.431901
VERTEX_POSE A273 0.445792 -0.066491 -0.766870 0.641803 -0.641803 -0.766870
VERTEX_POSE A274 -0.366340 -0.727772 -0.573190 0.819422 0.819422 0.573190
VERTEX_POSE B0 0.861564 0.433057 -0.477261 -0.878761 0.878761 -0.477261
VERTEX_POSE B1 0.621479 -0.987444 0.410272 -0.911963 -0.911963 -0.410272
VERTEX_POSE B2 0.749616 -0.397750 -0.931166 -0.364595 0.364595 -0.931166
VERTEX_POSE B3 0.100630 -0.854688 0.419364 -0.907818 0.907818 0.419364
VERTEX_POSE B4 -0.440408 -0.274740 -0.648493 -0.761221 -0.761221 0.648493
VERTEX_POSE B5 0.608668 -0.710290 -0.386503 0.922288 0.922288 0.386503
VERTEX_POSE B6 -0.279611 -0.529231 0.817651 0.575714 -0.575714 0.817651
VERTEX_POSE B7 -0.902272 -0.126078 0.148904 0.988852 -0.988852 0.148904
VERTEX_POSE B8 -0.072050 0.923670 -0.192292 -0.981338 -0.981338 0.192292
VERTEX_POSE B9 -0.112624 -0.886638 -0.799061 -0.601250 0.601250 -0.799061
VERTEX_POSE B10 -0.357584 0.908035 0.629746 0.776801 -0.776801 0.629746
VERTEX_POSE B11 0.642155 -0.348357 0.676425 -0.736511 0.736511 0.676425
VERTEX_POSE B12 -0.244584 -0.627004 -0.830620 0.556840 0.556840 0.830620
VERTEX_POSE B13 0.144846 0.910889 0.610539 -0.791986 -0.791986 -0.610539
VERTEX_POSE B14 0.969126 0.860395 0.319177 0.947695 0.947695 -0.319177
VERTEX_POSE B15 -0.227057 -0.077973 0.583048 0.812438 0.812438 -0.583048
VERTEX_POSE B16 -0.486988 0.985875 0.991111 0.133037 0.133037 -0.991111
VERTEX_POSE B17 -0.567529 -0.592163 0.262335 -0.964977 0.964977 0.262335
VERTEX_POSE B18 -0.182439 -0.903857 -0.319637 -0.947540 -0.947540 0.319637
VERTEX_POSE B19 -0.771682 -0.576033 -0.703373 -0.710821 0.710821 -0.703373
VERTEX_POSE B20 0.655304 -0.123737 0.614148 0.789191 -0.789191 0.614148
VERTEX_POSE B21 -0.622329 0.101070 -0.869454 0.494014 0.494014 0.869454
VERTEX_POSE B22 -0.207390 0.264999 -0.958989 0.283444 0.283444 0.958989
VERTEX_POSE B23 -0.225293 0.367556 -0.415570 -0.909561 -0.909561 0.415570
VERTEX_POSE B24 0.029939 -0.546950 0.979499 -0.201448 0.201448 0.979499
VERTEX_POSE B25 -0.114322 0.258415 -0.667049 0.745014 0.745014 0.667049
VERTEX_POSE B26 0.327052 -0.006622 -0.529937 -0.848037 -0.848037 0.529937
VERTEX_POSE B27 -0.034441 -0.460525 -0.988974 -0.148089 0.148089 -0.988974
VERTEX_POSE B28 -0.792426 0.523590 0.036295 0.999341 -0.999341 0.036295
VERTEX_POSE B29 -0.227156 0.926887 0.339831 0.940486 -0.940486 0.339831
VERTEX_POSE B30 0.599218 -0.188297 0.993155 -0.116801 -0.116801 -0.993155
VERTEX_POSE B31 -0.930862 -0.043353 0.997968 -0.063715 -0.063715 -0.997968
VERTEX_POSE B32 -0.605677 0.939443 -0.950884 0.309547 -0.309547 -0.950884
VERTEX_POSE B33 0.348834 0.413953 0.881028 -0.473064 -0.473064 -0.881028
VERTEX_POSE B34 0.169768 0.101959 -0.905409 -0.424541 0.424541 -0.905409
VERTEX_POSE B35 -0.046085 -0.335297 0.701403 0.712765 -0.712765 0.701403
VERTEX_POSE B36 -0.042498 0.703663 -0.003458 -0.999994 0.999994 -0.003458
VERTEX_POSE B37 0.890156 0.572728 0.252209 -0.967673 -0.967673 -0.252209
VERTEX_POSE B38 0.051643 0.538624 0.090319 0.995913 -0.995913 0.090319
VERTEX_POSE B39 0.885452 0.627333 -0.386365 0.922346 0.922346 0.386365
VERTEX_POSE B40 -0.222468 0.686089 -0.809736 -0.586795 -0.586795 0.809736
VERTEX_POSE B41 0.694059 0.446659 0.298260 -0.954485 -0.954485 -0.298260
VERTEX_POSE B42 0.527607 -0.721023 0.391669 0.920106 -0.920106 0.391669
VERTEX_POSE B43 0.532949 -0.940915 -0.479364 -0.877616 0.877616 -0.479364
VERTEX_POSE B44 -0.161095 0.357547 0.512669 0.858586 -0.858586 0.512669
VERTEX_POSE B45 0.496733 -0.860628 -0.754443 -0.656366 -0.656366 0.754443
VERTEX_POSE B46 -0.694109 -0.018888 -0.650029 0.759909 -0.759909 -0.650029
VERTEX_POSE B47 0.351917 0.343422 0.575768 -0.817613 0.817613 0.575768
VERTEX_POSE B48 0.929204 -0.452791 -0.740634 0.671908 -0.671908 -0.740634
VERTEX_POSE B49 0.123452 0.077255 -0.758960 -0.651138 0.651138 -0.758960
VERTEX_POSE B50 0.580235 0.767388 -0.938140 -0.346255 0.346255 -0.938140
VERTEX_POSE B51 0.584508 0.423472 0.168193 0.985754 0.985754 -0.168193
VERTEX_POSE B52 0.501123 -0.821675 -0.583112 0.812391 0.812391 0.583112
VERTEX_POSE B53 -0.627155 0.032388 -0.170172 -0.985414 0.985414 -0.170172
VERTEX_POSE B54 -0.640785 -0.208973 0.003229 0.999995 -0.999995 0.003229
VERTEX_POSE B55 -0.468938 -0.368625 0.942762 -0.333467 -0.333467 -0.942762
VERTEX_POSE B56 0.258523 -0.709197 -0.357485 -0.933919 -0.933919 0.357485
VERTEX_POSE B57 0.686267 0.784405 0.892942 0.450171 0.450171 -0.892942
VERTEX_POSE B58 0.496620 0.170850 0.817504 -0.575923 -0.575923 -0.817504
VERTEX_POSE B59 0.466096 0.814393 -0.991670 -0.128804 0.128804 -0.991670
VERTEX_POSE B60 -0.540890 0.711292 -0.208904 -0.977936 0.977936 -0.208904
VERTEX_POSE B61 0.095839 0.982552 -0.165420 -0.986223 0.986223 -0.165420
VERTEX_POSE B62 0.535234 -0.228960 0.752896 0.658139 -0.658139 0.752896
VERTEX_POSE B63 -0.146567 0.650735 -0.997833 -0.065791 -0.065791 0.997833
VERTEX_POSE B64 -0.555328 0.396505 -0.038501 0.999259 0.999259 0.038501
VERTEX_POSE B65 -0.294998 0.872999 0.816200 0.577770 0.577770 -0.816200
VERTEX_POSE B66 0.807349 -0.684563 -0.313276 -0.949662 -0.949662 0.313276
VERTEX_POSE B67 0.402175 0.100168 0.813269 -0.581888 0.581888 0.813269
VERTEX_POSE B68 -0.404842 0.445726 -0.159982 0.987120 0.987120 0.159982
VERTEX_POSE B69 -0.141009 0.854061 -0.783369 0.621557 -0.621557 -0.783369
VERTEX_POSE B70 0.287627 -0.272498 0.076138 -0.997097 0.997097 0.076138
VERTEX_POSE B71 0.372691 0.131816 -0.060461 0.998171 -0.998171 -0.060461
VERTEX_POSE B72 -0.446950 0.300720 0.103353 0.994645 0.994645 -0.103353
VERTEX_POSE B73 -0.184766 0.006478 0.767545 0.640995 -0.640995 0.767545
VERTEX_POSE B74 -0.094361 0.190901 -0.829069 0.559146 0.559146 0.829069
VERTEX_POSE B75 0.391955 -0.341732 -0.509583 -0.860422 -0.860422 0.509583
VERTEX_POSE B76 -0.688032 0.145850 0.896099 0.443855 -0.443855 0.896099
VERTEX_POSE B77 0.211531 -0.827987 -0.429534 0.903051 0.903051 0.429534
VERTEX_POSE B78 -0.256129 -0.998310 0.564723 0.825280 0.825280 -0.564723
VERTEX_POSE B79 -0.758829 0.693058 -0.472531 -0.881314 -0.881314 0.472531
VERTEX_POSE B80 -0.665017 0.249268 -0.612921 0.790144 0.790144 0.612921
VERTEX_POSE B81 -0.675894 0.769078 0.888473 -0.458929 0.458929 0.888473
VERTEX_POSE B82 0.825679 0.116530 0.838593 -0.544759 -0.544759 -0.838593
VERTEX_POSE B83 0.836106 0.427593 0.809572 -0.587021 -0.587021 -0.809572
VERTEX_POSE B84 -0.303049 -0.198534 -0.869913 -0.493206 -0.493206 0.869913
VERTEX_POSE B85 -0.815106 0.907558 0.455129 -0.890425 -0.890425 -0.455129
VERTEX_POSE B86 -0.632832 -0.941032 -0.207558 0.978223 -0.978223 -0.207558
VERTEX_POSE B87 0.955474 0.092269 0.972012 0.234931 -0.234931 0.972012
VERTEX_POSE B88 0.871161 0.691963 0.881111 0.472909 0.472909 -0.881111
VERTEX_POSE B89 0.863788 0.229818 0.063339 -0.997992 0.997992 0.063339
VERTEX_POSE B90 0.421570 -0.093338 -0.694408 0.719582 0.719582 0.694408
VERTEX_POSE B91 -0.669729 0.403255 -0.790895 -0.611951 0.611951 -0.790895
VERTEX_POSE B92 -0.040373 0.212370 0.478098 0.878307 0.878307 -0.478098
VERTEX_POSE B93 -0.043195 0.677702 0.519094 -0.854717 0.854717 0.519094
VERTEX_POSE B94 0.183705 0.053990 -0.641918 0.766773 0.766773 0.641918
VERTEX_POSE B95 0.404299 -0.391125 -0.529963 0.848021 0.848021 0.529963
VERTEX_POSE B96 0.661807 0.550700 0.422243 0.906483 0.906483 -0.422243
VERTEX_POSE B97 -0.008947 0.369427 -0.988889 0.148656 0.148656 0.988889
VERTEX_POSE B98 -0.193526 0.709043 -0.651371 0.758759 0.758759 0.651371
VERTEX_POSE B99 -0.743035 -0.003573 0.803099 -0.595845 -0.595845 -0.803099
VERTEX_POSE B100 0.850045 0.223488 -0.993903 -0.110254 0.110254 -0.993903
VERTEX_POSE B101 -0.905899 -0.563455 -0.131716 0.991287 0.991287 0.131716
VERTEX_POSE B102 0.629656 -0.871758 -0.983193 -0.182571 -0.182571 0.983193
VERTEX_POSE B103 -0.596905 -0.475791 -0.833900 -0.551916 0.551916 -0.833900
VERTEX_POSE B104 -0.090665 0.443023 -0.931700 0.363230 -0.363230 -0.931700
VERTEX_POSE B105 -0.464705 0.319143 -0.993620 -0.112777 0.112777 -0.993620
VERTEX_POSE B106 0.795049 0.182476 0.648457 -0.761251 -0.761251 -0.648457
VERTEX_POSE B107 0.221303 -0.411127 0.994223 -0.107338 0.107338 0.994223
VERTEX_POSE B108 0.746825 0.491156 -0.966826 0.255437 0.255437 0.966826
VERTEX_POSE B109 -0.461079 0.184166 -0.983812 0.179204 -0.179204 -0.983812
VERTEX_POSE B110 0.462474 -0.718068 0.879751 0.475435 0.475435 -0.879751
VERTEX_POSE B111 -0.918192 -0.259576 -0.982045 0.188648 0.188648 0.982045
VERTEX_POSE B112 -0.136973 -0.046756 -0.989012 0.147832 0.147832 0.989012
VERTEX_POSE B113 0.288153 0.398462 -0.973218 -0.229885 -0.229885 0.973218
VERTEX_POSE B114 0.917914 -0.831983 0.032261 -0.999479 0.999479 0.032261
VERTEX_POSE B115 0.559978 0.754710 0.755074 0.655639 0.655639 -0.755074
VERTEX_POSE B116 0.473048 0.306020 -0.135641 -0.990758 0.990758 -0.135641
VERTEX_POSE B117 -0.714918 -0.773015 0.020123 0.999798 0.999798 -0.020123
VERTEX_POSE B118 0.515452 -0.153021 0.663920 0.747803 0.747803 -0.663920
VERTEX_POSE B119 0.344209 -0.002018 0.393463 0.919341 0.919341 -0.393463
VERTEX_POSE B120 -0.851130 0.456803 0.144594 0.989491 0.989491 -0.144594
VERTEX_POSE B121 -0.062978 0.753641 0.372832 -0.927899 0.927899 0.372832
VERTEX_POSE B122 0.674480 -0.598763 -0.808988 -0.587826 0.587826 -0.808988
VERTEX_POSE B123 0.108497 -0.330827 -0.751763 -0.659434 0.659434 -0.751763
VERTEX_POSE B124 0.893827 0.431342 0.840721 -0.541469 -0.541469 -0.840721
VERTEX_POSE B125 -0.141815 0.455227 0.992998 0.118133 -0.118133 0.992998
VERTEX_POSE B126 -0.487204 0.278048 0.899568 -0.436780 0.436780 0.899568
VERTEX_POSE B127 0.555633 -0.017957 0.927967 -0.372663 -0.372663 -0.927967
VERTEX_POSE B128 0.849238 -0.175346 -0.429105 -0.903254 0.903254 -0.429105
VERTEX_POSE B129 0.319270 -0.012908 -0.397711 0.917511 0.917511 0.397711
VERTEX_POSE B130 0.812598 0.978470 -0.613410 -0.789765 0.789765 -0.613410
VERTEX_POSE B131 0.699283 -0.951858 0.264998 0.964249 -0.964249 0.264998
VERTEX_POSE B132 0.413371 0.423637 0.686676 0.726964 -0.726964 0.686676
VERTEX_POSE B133 0.442254 -0.893288 -0.979310 -0.202367 -0.202367 0.979310
VERTEX_POSE B134 -0.897623 -0.427649 -0.834483 -0.551033 -0.551033 0.834483
VERTEX_POSE B135 -0.677294 -0.133340 0.888005 0.459833 0.459833 -0.888005
VERTEX_POSE B136 0.977549 0.425855 -0.288320 -0.957534 -0.957534 0.288320
VERTEX_POSE B137 0.897427 0.754827 0.017542 -0.999846 -0.999846 -0.017542
VERTEX_POSE B138 0.544009 0.455534 -0.886701 0.462344 0.462344 0.886701
VERTEX_POSE B139 0.724374 -0.082990 0.117831 0.993034 0.993034 -0.117831
VERTEX_POSE B140 -0.563653 -0.061007 0.889005 -0.457898 -0.457898 -0.889005
VERTEX_POSE B141 0.006483 0.737465 -0.980447 0.196784 0.196784 0.980447
VERTEX_POSE B142 0.806182 0.657434 0.322445 -0.946588 -0.946588 -0.322445
VERTEX_POSE B143 0.299374 0.892237 -0.304635 0.952469 0.952469 0.304635
VERTEX_POSE B144 -0.705364 0.135927 -0.761056 -0.648686 -0.648686 0.761056
VERTEX_POSE B145 0.724096 0.825452 0.906862 -0.421428 -0.421428 -0.906862
VERTEX_POSE B146 -0.140648 0.646946 -0.211833 -0.977306 -0.977306 0.211833
VERTEX_POSE B147 0.767684 -0.558053 -0.157591 -0.987504 0.987504 -0.157591
VERTEX_POSE B148 -0.990822 -0.947563 0.945486 -0.325662 -0.325662 -0.945486
VERTEX_POSE B149 -0.625196 -0.506075 -0.993539 0.113488 -0.113488 -0.993539
VERTEX_POSE B150 0.111892 0.439929 -0.828403 -0.560132 -0.560132 0.828403
VERTEX_POSE B151 -0.841952 0.509240 0.887988 -0.459866 -0.459866 -0.887988
VERTEX_POSE B152 0.311826 -0.752434 -0.085084 0.996374 -0.996374 -0.085084
VERTEX_POSE B153 -0.213628 0.841167 0.258001 0.966145 0.966145 -0.258001
VERTEX_POSE B154 0.266546 -0.821586 0.920580 0.390554 -0.390554 0.920580
VERTEX_POSE B155 0.205652 0.678908 -0.089446 -0.995992 -0.995992 0.089446
VERTEX_POSE B156 0.644557 0.296394 0.996861 -0.079177 0.079177 0.996861
VERTEX_POSE B157 0.779342 0.456462 0.900273 0.435326 -0.435326 0.900273
VERTEX_POSE B158 -0.238714 -0.339049 0.638649 -0.769499 -0.769499 -0.638649
VERTEX_POSE B159 0.493795 -0.878953 0.120483 0.992715 0.992715 -0.120483
VERTEX_POSE B160 0.098612 -0.556446 -0.300722 -0.953712 0.953712 -0.300722
VERTEX_POSE B161 -0.426116 -0.360580 0.847078 0.531468 0.531468 -0.847078
VERTEX_POSE B162 0.193078 -0.830811 -0.240064 0.970757 -0.970757 -0.240064
VERTEX_POSE C0 -0.488017 0.867191 -0.620400 -0.784286 -0.784286 0.620400
VERTEX_POSE C1 -0.983862 -0.253868 0.241690 -0.970353 0.970353 0.241690
VERTEX_POSE C2 0.295456 -0.258460 -0.385213 0.922828 0.922828 0.385213
VERTEX_POSE C3 -0.165310 -0.266149 0.900423 -0.435016 -0.435016 -0.900423
VERTEX_POSE C4 0.993687 -0.828013 -0.722611 0.691255 -0.691255 -0.722611
VERTEX_POSE C5 0.192882 -0.503633 -0.939542 -0.342433 0.342433 -0.939542
VERTEX_POSE C6 -0.621302 -0.810615 -0.691431 0.722442 0.722442 0.691431
VERTEX_POSE C7 0.718061 0.088997 0.717643 0.696411 0.696411 -0.717643
VERTEX_POSE C8 0.629230 0.435360 0.889022 0.457865 -0.457865 0.889022
VERTEX_POSE C9 0.385181 0.926850 -0.323608 0.946191 0.946191 0.323608
VERTEX_POSE C10 0.524243 -0.253568 -0.946132 -0.323782 -0.323782 0.946132
VERTEX_POSE C11 -0.071396 0.327597 0.794962 0.606660 0.606660 -0.794962
VERTEX_POSE C12 0.679817 0.062778 -0.770304 -0.637677 -0.637677 0.770304
VERTEX_POSE C13 0.248339 -0.428117 0.826322 -0.563197 0.563197 0.826322
VERTEX_POSE C14 0.787955 -0.025457 -0.308051 -0.951370 0.951370 -0.308051
VERTEX_POSE C15 0.447501 0.504725 0.999728 0.023340 -0.023340 0.999728
VERTEX_POSE C16 0.257517 -0.375680 -0.998391 0.056705 -0.056705 -0.998391
VERTEX_POSE C17 -0.837241 0.468468 0.961903 0.273391 0.273391 -0.961903
VERTEX_POSE C18 -0.440606 -0.055346 -0.248017 0.968756 -0.968756 -0.248017
VERTEX_POSE C19 0.415565 -0.866439 -0.759429 0.650590 -0.650590 -0.759429
VERTEX_POSE C20 0.474585 0.716033 -0.974098 0.226125 0.226125 0.974098
VERTEX_POSE C21 0.345766 -0.214179 0.875765 -0.482738 -0.482738 -0.875765
VERTEX_POSE C22 -0.317889 -0.688026 -0.999779 0.021030 -0.021030 -0.999779
VERTEX_POSE C23 -0.319763 0.394941 -0.712373 -0.701801 -0.701801 0.712373
VERTEX_POSE C24 -0.009677 -0.917786 -0.959195 0.282745 -0.282745 -0.959195
VERTEX_POSE C25 -0.538547 0.768436 0.819792 -0.572661 -0.572661 -0.819792
VERTEX_POSE C26 0.441523 -0.944108 -0.952198 0.305481 -0.305481 -0.952198
VERTEX_POSE C27 -0.515881 -0.796738 0.498917 -0.866650 -0.866650 -0.498917
VERTEX_POSE C28 0.560065 -0.788010 -0.324681 0.945824 0.945824 0.324681
VERTEX_POSE C29 -0.984593 -0.304688 -0.860450 0.509535 0.509535 0.860450
VERTEX_POSE C30 0.677197 -0.627549 0.830319 -0.557288 0.557288 0.830319
VERTEX_POSE C31 -0.927952 -0.920819 0.126736 -0.991936 0.991936 0.126736
VERTEX_POSE C32 -0.968454 0.441444 -0.634112 -0.773241 -0.773241 0.634112
VERTEX_POSE C33 -0.027347 0.113991 0.661743 0.749731 0.749731 -0.661743
VERTEX_POSE C34 -0.093262 -0.186968 0.849776 -0.527144 -0.527144 -0.849776
VERTEX_POSE C35 -0.974767 0.613430 0.618818 -0.785535 -0.785535 -0.618818
VERTEX_POSE C36 -0.834465 0.610359 0.352080 -0.935970 0.935970 0.352080
VERTEX_POSE C37 0.285436 0.002417 0.634306 0.773082 0.773082 -0.634306
VERTEX_POSE C38 0.743293 -0.297573 0.916312 0.400466 -0.400466 0.916312
VERTEX_POSE C39 0.794765 0.045718 0.298756 0.954330 -0.954330 0.298756
VERTEX_POSE C40 -0.329383 -0.070733 0.911975 0.410247 -0.410247 0.911975
VERTEX_POSE C41 0.267536 0.448859 -0.626033 0.779796 -0.779796 -0.626033
VERTEX_POSE C42 -0.276632 -0.626685 0.269551 0.962986 0.962986 -0.269551
VERTEX_POSE C43 -0.649565 0.992044 -0.822190 -0.569213 -0.569213 0.822190
VERTEX_POSE C44 -0.484125 -0.979258 -0.753495 0.657454 -0.657454 -0.753495
VERTEX_POSE C45 -0.488676 0.347858 -0.955634 -0.294555 -0.294555 0.955634
VERTEX_POSE C46 0.797936 0.496769 0.987012 -0.160649 -0.160649 -0.987012
VERTEX_POSE C47 0.773391 -0.354938 -0.480984 0.876729 0.876729 0.480984
VERTEX_POSE C48 -0.325917 -0.183675 -0.015172 -0.999885 -0.999885 0.015172
VERTEX_POSE C49 -0.642670 -0.558577 0.864938 -0.501879 0.501879 0.864938
VERTEX_POSE C50 0.188957 -0.221377 -0.602088 -0.798430 0.798430 -0.602088
VERTEX_POSE C51 -0.851333 -0.467641 -0.291532 0.956561 0.956561 0.291532
VERTEX_POSE C52 0.703096 0.227243 -0.337588 -0.941294 0.941294 -0.337588
VERTEX_POSE C53 0.871067 0.090597 0.441944 -0.897043 -0.897043 -0.441944
VERTEX_POSE C54 -0.171096 0.927300 -0.640419 0.768025 -0.768025 -0.640419
VERTEX_POSE C55 -0.306581 0.309458 -0.402930 -0.915231 0.915231 -0.402930
VERTEX_POSE C56 -0.667480 -0.140966 -0.998862 0.047684 -0.047684 -0.998862
VERTEX_POSE C57 -0.729573 0.983191 -0.704233 0.709969 -0.709969 -0.704233
VERTEX_POSE C58 0.177538 0.512719 -0.886616 -0.462506 0.462506 -0.886616
VERTEX_POSE C59 0.892585 0.071024 -0.471247 -0.882001 0.882001 -0.471247
VERTEX_POSE C60 -0.714165 -0.321497 0.991449 0.130493 -0.130493 0.991449
VERTEX_POSE C61 -0.145265 0.885171 0.867724 -0.497046 -0.497046 -0.867724
VERTEX_POSE C62 0.964633 0.150204 -0.641231 0.767348 0.767348 0.641231
VERTEX_POSE C63 -0.682620 -0.880054 -0.775520 0.631323 -0.631323 -0.775520
VERTEX_POSE C64 0.827388 -0.000838 0.838657 -0.544661 -0.544661 -0.838657
VERTEX_POSE C65 -0.128629 0.963236 -0.027404 -0.999624 0.999624 -0.027404
VERTEX_POSE C66 -0.657387 0.733377 -0.843226 -0.537560 -0.537560 0.843226
VERTEX_POSE C67 0.992923 -0.390480 -0.933085 0.359656 -0.359656 -0.933085
VERTEX_POSE C68 -0.843192 -0.034348 0.343416 0.939183 -0.939183 0.343416
VERTEX_POSE C69 -0.914094 -0.564196 0.581706 0.813399 0.813399 -0.581706
VERTEX_POSE C70 0.787687 0.655239 -0.271393 -0.962469 -0.962469 0.271393
VERTEX_POSE C71 -0.172575 0.894919 -0.972490 0.232946 -0.232946 -0.972490
VERTEX_POSE C72 0.353442 0.884663 -0.789092 -0.614275 0.614275 -0.789092
VERTEX_POSE C73 -0.488945 -0.971446 -0.382589 -0.923919 -0.923919 0.382589
VERTEX_POSE C74 0.177860 0.886963 0.895754 0.444549 0.444549 -0.895754
VERTEX_POSE C75 0.869317 0.905405 0.891246 0.453521 0.453521 -0.891246
VERTEX_POSE C76 0.022379 0.376412 0.443004 -0.896520 0.896520 0.443004
VERTEX_POSE C77 -0.024204 0.383732 0.842046 0.539406 -0.539406 0.842046
VERTEX_POSE C78 0.642708 -0.449533 -0.948109 0.317947 0.317947 0.948109
VERTEX_POSE C79 0.696462 -0.807263 0.198902 -0.980019 -0.980019 -0.198902
VERTEX_POSE C80 0.333126 0.825155 -0.486066 -0.873922 -0.873922 0.486066
VERTEX_POSE C81 -0.168335 0.329091 -0.554013 0.832508 0.832508 0.554013
VERTEX_POSE C82 0.845129 -0.274905 -0.730630 -0.682774 0.682774 -0.730630
VERTEX_POSE C83 0.036222 0.052398 -0.662124 0.749395 0.749395 0.662124
VERTEX_POSE C84 -0.297268 -0.580312 0.410074 -0.912052 -0.912052 -0.410074
VERTEX_POSE C85 -0.325967 -0.347605 0.608030 -0.793914 -0.793914 -0.608030
VERTEX_POSE C86 0.729641 -0.638144 -0.453139 0.891440 -0.891440 -0.453139
VERTEX_POSE C87 0.035252 0.278722 -0.862647 -0.505806 -0.505806 0.862647
VERTEX_POSE C88 -0.055540 -0.364414 0.999312 -0.037084 0.037084 0.999312
VERTEX_POSE C89 -0.092821 0.874576 0.693109 -0.720832 -0.720832 -0.693109
VERTEX_POSE C90 -0.072163 -0.650255 -0.585200 -0.810889 -0.810889 0.585200
VERTEX_POSE C91 0.230295 0.314089 -0.895557 0.444947 -0.444947 -0.895557
VERTEX_POSE C92 0.761914 0.759746 0.070091 0.997541 0.997541 -0.070091
VERTEX_POSE C93 -0.107530 0.499949 -0.386236 0.922400 0.922400 0.386236
VERTEX_POSE C94 0.547675 0.434035 -0.543289 -0.839546 -0.839546 0.543289
VERTEX_POSE C95 0.589301 -0.241092 -0.177027 0.984206 -0.984206 -0.177027
VERTEX_POSE C96 0.763842 0.463185 -0.798117 0.602502 0.602502 0.798117
VERTEX_POSE C97 0.890288 0.167412 -0.270093 -0.962834 0.962834 -0.270093
VERTEX_POSE C98 0.582224 0.368429 -0.999550 -0.029992 -0.029992 0.999550
VERTEX_POSE C99 0.920650 -0.571162 -0.681388 0.731922 -0.731922 -0.681388
VERTEX_POSE C100 0.976195 0.603216 0.739234 0.673449 -0.673449 0.739234
VERTEX_POSE C101 0.369911 0.023668 -0.908785 -0.417264 0.417264 -0.908785
VERTEX_POSE C102 -0.251925 -0.676243 -0.867196 -0.497967 -0.497967 0.867196
VERTEX_POSE C103 0.329637 0.487879 0.410784 -0.911733 0.911733 0.410784
VERTEX_POSE C104 0.880966 0.052222 -0.756596 -0.653882 0.653882 -0.756596
VERTEX_POSE C105 0.925935 -0.789279 -0.286594 0.958052 0.958052 0.286594
VERTEX_POSE C106 0.198954 0.393284 0.255568 0.966791 0.966791 -0.255568
VERTEX_POSE C107 -0.096655 -0.571367 -0.240526 0.970643 0.970643 0.240526
VERTEX_POSE C108 -0.098269 0.594453 -0.203148 0.979148 0.979148 0.203148
VERTEX_POSE C109 -0.158338 0.943752 0.547864 0.836568 -0.836568 0.547864
VERTEX_POSE C110 -0.400193 -0.378630 -0.788304 -0.615286 0.615286 -0.788304
VERTEX_POSE C111 -0.765143 0.419608 0.371172 -0.928564 -0.928564 -0.371172
VERTEX_POSE C112 0.673327 0.272842 -0.873329 -0.487131 -0.487131 0.873329
VERTEX_POSE C113 -0.555064 0.346466 0.080560 -0.996750 0.996750 0.080560
VERTEX_POSE C114 0.271078 -0.527994 0.995574 -0.093976 -0.093976 -0.995574
VERTEX_POSE C115 -0.623941 0.692530 -0.605248 0.796037 0.796037 0.605248
VERTEX_POSE C116 0.118969 0.998861 -0.765673 -0.643230 0.643230 -0.765673
VERTEX_POSE C117 0.000719 -0.166137 0.795902 -0.605425 0.605425 0.795902
VERTEX_POSE C118 0.411311 -0.028748 0.928615 0.371045 -0.371045 0.928615
VERTEX_POSE C119 -0.936571 -0.365553 0.836057 -0.548642 -0.548642 -0.836057
VERTEX_POSE C120 0.907898 -0.291562 0.242626 -0.970120 0.970120 0.242626
VERTEX_POSE C121 -0.660852 0.320997 0.714742 -0.699388 0.699388 0.714742
VERTEX_POSE C122 0.293724 0.948536 0.936218 -0.351418 0.351418 0.936218
VERTEX_POSE C123 0.669811 -0.531816 -0.987025 -0.160567 0.160567 -0.987025
VERTEX_POSE C124 0.231618 -0.179053 -0.965354 0.260944 0.260944 0.965354
VERTEX_POSE C125 -0.158600 0.382571 -0.935473 0.353399 -0.353399 -0.935473
VERTEX_POSE C126 0.259113 0.227093 0.549578 -0.835442 -0.835442 -0.549578
VERTEX_POSE C127 -0.004540 -0.715868 -0.119045 0.992889 0.992889 0.119045
VERTEX_POSE C128 -0.268312 -0.450017 -0.353657 0.935375 -0.935375 -0.353657
VERTEX_POSE C129 -0.158664 -0.404479 0.378914 -0.925432 -0.925432 -0.378914
VERTEX_POSE C130 -0.083890 -0.287030 -0.559314 -0.828956 0.828956 -0.559314
VERTEX_POSE C131 -0.292117 -0.846801 0.979564 -0.201133 -0.201133 -0.979564
VERTEX_POSE C132 -0.788753 0.619189 -0.798385 0.602147 -0.602147 -0.798385
VERTEX_POSE C133 0.664185 0.036727 0.675913 -0.736982 0.736982 0.675913
VERTEX_POSE C134 -0.962480 0.641079 0.097276 -0.995257 -0.995257 -0.097276
VERTEX_POSE C135 -0.907787 -0.328589 0.361567 -0.932346 0.932346 0.361567
VERTEX_POSE C136 0.590120 0.247448 0.498464 -0.866910 0.866910 0.498464
VERTEX_POSE C137 0.236474 0.034363 -0.029682 -0.999559 0.999559 -0.029682
VERTEX_POSE C138 -0.004441 0.100044 0.999732 0.023148 0.023148 -0.999732
VERTEX_POSE C139 -0.508150 -0.158099 0.721566 -0.692345 0.692345 0.721566
VERTEX_POSE C140 -0.921864 -0.021886 -0.100113 0.994976 0.994976 0.100113
VERTEX_POSE C141 0.595365 0.721414 -0.130565 0.991440 -0.991440 -0.130565
VERTEX_POSE C142 -0.273293 -0.738492 -0.990334 -0.138705 -0.138705 0.990334
VERTEX_POSE C143 0.751463 -0.749044 0.807126 -0.590379 0.590379 0.807126
VERTEX_POSE C144 -0.959699 0.067880 -0.941408 -0.337270 -0.337270 0.941408
VERTEX_POSE C145 0.997785 -0.266485 0.515782 0.856720 -0.856720 0.515782
VERTEX_POSE C146 -0.872478 0.943487 0.857731 0.514098 -0.514098 0.857731
VERTEX_POSE C147 0.159270 0.066740 -0.399964 0.916531 0.916531 0.399964
VERTEX_POSE C148 -0.001496 0.567377 -0.615729 -0.787958 -0.787958 0.615729
VERTEX_POSE C149 0.538833 -0.085261 -0.944212 0.329338 -0.329338 -0.944212
VERTEX_POSE C150 0.222699 0.701187 0.723022 0.690825 -0.690825 0.723022
VERTEX_POSE C151 -0.093598 -0.724185 -0.553628 -0.832764 0.832764 -0.553628
VERTEX_POSE C152 0.877981 -0.764264 0.758905 0.651201 -0.651201 0.758905
VERTEX_POSE C153 -0.483576 0.649722 -0.513336 0.858187 0.858187 0.513336
VERTEX_POSE C154 -0.423787 -0.256000 -0.849075 -0.528273 -0.528273 0.849075
VERTEX_POSE C155 0.109599 0.056683 -0.708142 -0.706070 0.706070 -0.708142
VERTEX_POSE C156 0.357823 0.032293 -0.088537 0.996073 -0.996073 -0.088537
VERTEX_POSE C157 0.835326 0.971093 -0.754612 -0.656172 -0.656172 0.754612
VERTEX_POSE C158 -0.894941 0.340815 -0.861568 0.507643 -0.507643 -0.861568
VERTEX_POSE C159 -0.910488 0.582277 0.566402 0.824129 -0.824129 0.566402
VERTEX_POSE C160 -0.323338 -0.433386 0.384594 0.923086 -0.923086 0.384594
VERTEX_POSE C161 0.021169 -0.946215 0.086036 -0.996292 -0.996292 -0.086036
VERTEX_POSE C162 -0.202605 0.735476 0.191369 0.981518 0.981518 -0.191369
VERTEX_POSE C163 -0.112091 -0.814197 -0.251268 0.967917 -0.967917 -0.251268
VERTEX_POSE C164 -0.314646 0.090512 0.997879 -0.065096 0.065096 0.997879
VERTEX_POSE C165 -0.165085 0.376555 0.927587 -0.373606 0.373606 0.927587
VERTEX_POSE C166 -0.019877 -0.142786 0.531493 0.847063 -0.847063 0.531493
VERTEX_POSE C167 -0.724526 -0.662040 0.005953 0.999982 -0.999982 0.005953
VERTEX_POSE C168 -0.928612 -0.589083 -0.504998 0.863121 -0.863121 -0.504998
VERTEX_POSE C169 0.975681 0.957258 0.255671 0.966764 -0.966764 0.255671
VERTEX_POSE C170 -0.232676 0.179861 0.981859 -0.189613 0.189613 0.981859
VERTEX_POSE C171 -0.850476 0.389031 0.595620 -0.803267 0.803267 0.595620
VERTEX_POSE C172 0.571047 0.678671 0.118484 0.992956 0.992956 -0.118484
VERTEX_POSE C173 0.494031 0.441369 -0.780487 0.625172 -0.625172 -0.780487
VERTEX_POSE C174 0.900987 0.639988 0.998865 0.047622 -0.047622 0.998865
VERTEX_POSE C175 0.611348 -0.253449 -0.654747 -0.755848 -0.755848 0.654747
VERTEX_POSE C176 0.491816 -0.825116 0.467867 0.883799 0.883799 -0.467867
VERTEX_POSE C177 -0.971492 0.583474 0.481096 -0.876668 -0.876668 -0.481096
VERTEX_POSE C178 -0.229382 0.813291 0.283965 0.958835 0.958835 -0.283965
VERTEX_POSE C179 -0.509679 0.742261 0.996692 0.081275 0.081275 -0.996692
VERTEX_POSE C180 0.567341 -0.501787 -0.551608 0.834104 0.834104 0.551608
VERTEX_POSE C181 0.993317 0.514478 0.576687 -0.816965 -0.816965 -0.576687
VERTEX_POSE C182 0.396722 -0.981924 -0.464610 -0.885516 0.885516 -0.464610
VERTEX_POSE C183 0.445322 -0.266051 0.894750 0.446567 0.446567 -0.894750
VERTEX_POSE C184 -0.490260 0.164200 -0.744518 -0.667603 -0.667603 0.744518
VERTEX_POSE C185 0.972935 -0.237924 -0.815856 -0.578255 0.578255 -0.815856
VERTEX_POSE C186 -0.445079 0.790632 0.742273 -0.670097 0.670097 0.742273
VERTEX_POSE C187 0.867564 -0.803506 -0.667911 0.744241 0.744241 0.667911
VERTEX_POSE C188 0.808261 -0.266832 -0.647456 -0.762103 0.762103 -0.647456
VERTEX_POSE C189 -0.340020 0.131447 -0.190883 -0.981613 0.981613 -0.190883
VERTEX_POSE C190 0.957075 0.778770 -0.852695 0.522409 -0.522409 -0.852695
VERTEX_POSE C191 -0.515077 0.299782 0.439528 0.898229 -0.898229 0.439528
VERTEX_POSE C192 0.681149 0.185232 -0.291456 -0.956584 0.956584 -0.291456
VERTEX_POSE C193 -0.245530 0.514246 0.495178 0.868792 0.868792 -0.495178
VERTEX_POSE C194 0.372833 0.485585 0.994936 -0.100509 0.100509 0.994936
VERTEX_POSE C195 -0.633497 -0.724256 -0.547228 -0.836983 0.836983 -0.547228
VERTEX_POSE C196 0.589385 -0.109199 -0.124735 0.992190 -0.992190 -0.124735
VERTEX_POSE C197 -0.647044 -0.657201 -0.999771 0.021398 -0.021398 -0.999771
VERTEX_POSE C198 -0.358023 -0.386296 0.756016 0.654553 0.654553 -0.756016
VERTEX_POSE D0 0.660773 0.301718 0.560649 -0.828053 -0.828053 -0.560649
VERTEX_POSE D1 -0.671363 -0.699943 -0.496110 0.868259 0.868259 0.496110
VERTEX_POSE D2 0.409301 0.793565 -0.226074 -0.974110 -0.974110 0.226074
VERTEX_POSE D3 0.810297 -0.309251 -0.975287 -0.220942 -0.220942 0.975287
VERTEX_POSE D4 0.899684 0.978728 0.849438 -0.527689 -0.527689 -0.849438
VERTEX_POSE D5 -0.096668 0.234933 -0.780305 0.625400 -0.625400 -0.780305
VERTEX_POSE D6 0.711283 -0.669263 -0.004170 -0.999991 0.999991 -0.004170
VERTEX_POSE D7 0.511032 -0.274721 0.605453 -0.795881 -0.795881 -0.605453
VERTEX_POSE D8 -0.604851 0.409817 0.601819 0.798632 -0.798632 0.601819
VERTEX_POSE D9 0.739792 0.914211 -0.987272 0.159043 0.159043 0.987272
VERTEX_POSE D10 -0.718350 -0.461430 0.495622 -0.868538 -0.868538 -0.495622
VERTEX_POSE D11 -0.114530 0.152078 -0.895355 0.445354 0.445354 0.895355
VERTEX_POSE D12 0.307133 -0.587576 -0.905001 0.425410 0.425410 0.905001
VERTEX_POSE D13 -0.725034 -0.946952 -0.256000 -0.966677 0.966677 -0.256000
VERTEX_POSE D14 -0.717808 0.170154 -0.714357 -0.699781 0.699781 -0.714357
VERTEX_POSE D15 -0.247546 0.146372 0.998523 0.054331 -0.054331 0.998523
VERTEX_POSE D16 -0.215293 0.217248 0.265421 -0.964133 0.964133 0.265421
VERTEX_POSE D17 -0.744873 0.932230 0.436352 -0.899776 0.899776 0.436352
VERTEX_POSE D18 0.307375 -0.062996 0.208965 0.977923 -0.977923 0.208965
VERTEX_POSE D19 -0.347730 0.413742 -0.219214 -0.975677 0.975677 -0.219214
VERTEX_POSE D20 -0.936611 -0.334602 -0.581210 0.813754 0.813754 0.581210
VERTEX_POSE D21 0.967355 -0.931549 0.497314 -0.867571 -0.867571 -0.497314
VERTEX_POSE D22 -0.390654 0.192512 0.871709 0.490024 -0.490024 0.871709
VERTEX_POSE D23 -0.451688 0.965180 -0.997959 -0.063863 0.063863 -0.997959
VERTEX_POSE D24 0.648504 0.253682 0.588548 -0.808462 -0.808462 -0.588548
VERTEX_POSE D25 0.363816 -0.293241 -0.621559 -0.783368 -0.783368 0.621559
VERTEX_POSE D26 0.921145 0.450766 -0.999940 0.010921 -0.010921 -0.999940
VERTEX_POSE D27 -0.984992 0.529426 0.971617 -0.236559 -0.236559 -0.971617
VERTEX_POSE D28 -0.046800 0.597560 0.998888 -0.047147 -0.047147 -0.998888
VERTEX_POSE D29 -0.725900 0.793565 0.112348 -0.993669 0.993669 0.112348
VERTEX_POSE D30 -0.343015 -0.856870 0.998629 0.052342 0.052342 -0.998629
VERTEX_POSE D31 -0.386027 -0.100722 0.939644 -0.342153 -0.342153 -0.939644
VERTEX_POSE D32 -0.397262 -0.906379 0.910353 0.413833 0.413833 -0.910353
VERTEX_POSE D33 -0.933714 0.936695 -0.922075 -0.387010 -0.387010 0.922075
VERTEX_POSE D34 -0.575730 0.590027 0.055607 0.998453 0.998453 -0.055607
VERTEX_POSE D35 -0.497578 -0.927650 -0.991577 -0.129515 -0.129515 0.991577
VERTEX_POSE D36 -0.030382 0.171628 0.206812 -0.978381 -0.978381 -0.206812
VERTEX_POSE D37 -0.864447 0.920764 0.972094 -0.234594 0.234594 0.972094
VERTEX_POSE D38 -0.986547 -0.202371 -0.212159 0.977235 -0.977235 -0.212159
VERTEX_POSE D39 0.364767 -0.418555 -0.467185 -0.884159 0.884159 -0.467185
VERTEX_POSE D40 0.875345 0.834974 -0.987736 -0.156135 0.156135 -0.987736
VERTEX_POSE D41 -0.704897 0.336199 -0.829462 -0.558564 -0.558564 0.829462
VERTEX_POSE D42 -0.749763 0.733523 0.293423 -0.955983 -0.955983 -0.293423
VERTEX_POSE D43 0.182478 -0.752602 0.990795 -0.135367 -0.135367 -0.990795
VERTEX_POSE D44 -0.429931 0.389247 -0.999973 0.007372 0.007372 0.999973
VERTEX_POSE D45 -0.467572 -0.096323 0.824324 0.566119 0.566119 -0.824324
VERTEX_POSE D46 0.934932 0.393770 0.979315 -0.202341 -0.202341 -0.979315
VERTEX_POSE D47 0.354776 -0.393505 -0.842723 0.538347 -0.538347 -0.842723
VERTEX_POSE D48 -0.212444 -0.164094 0.968373 0.249507 -0.249507 0.968373
VERTEX_POSE D49 0.242307 -0.669226 0.600688 -0.799484 -0.799484 -0.600688
VERTEX_POSE D50 -0.992954 -0.979763 -0.556578 0.830795 -0.830795 -0.556578
VERTEX_POSE D51 -0.149055 0.501304 0.291525 0.956563 -0.956563 0.291525
VERTEX_POSE D52 0.209662 -0.600775 0.412971 0.910744 0.910744 -0.412971
VERTEX_POSE D53 -0.383608 0.212750 -0.857950 0.513733 0.513733 0.857950
VERTEX_POSE D54 0.399257 0.466485 0.802281 -0.596947 0.596947 0.802281
VERTEX_POSE D55 -0.141833 0.652907 -0.396324 0.918111 -0.918111 -0.396324
VERTEX_POSE D56 0.980208 0.919508 0.569850 0.821749 0.821749 -0.569850
VERTEX_POSE D57 0.320401 -0.082749 -0.602134 0.798395 -0.798395 -0.602134
VERTEX_POSE D58 -0.126826 0.182334 -0.007445 -0.999972 0.999972 -0.007445
VERTEX_POSE D59 -0.066592 0.517068 -0.267841 -0.963463 -0.963463 0.267841
VERTEX_POSE D60 0.594502 -0.289184 -0.348049 -0.937476 -0.937476 0.348049
VERTEX_POSE D61 0.530159 0.325464 0.948578 0.316543 0.316543 -0.948578
VERTEX_POSE D62 0.547382 -0.583655 0.462919 -0.886400 0.886400 0.462919
VERTEX_POSE D63 -0.802761 -0.195563 -0.992022 -0.126062 0.126062 -0.992022
VERTEX_POSE D64 0.596445 0.262159 -0.711919 0.702262 0.702262 0.711919
VERTEX_POSE D65 0.971651 -0.993628 0.750810 0.660518 -0.660518 0.750810
VERTEX_POSE D66 -0.300339 -0.123213 0.170395 0.985376 0.985376 -0.170395
VERTEX_POSE D67 -0.433937 -0.566213 0.498474 -0.866904 0.866904 0.498474
VERTEX_POSE D68 -0.892795 0.927136 0.383610 -0.923495 0.923495 0.383610
VERTEX_POSE D69 -0.286886 0.674415 0.910444 -0.413631 0.413631 0.910444
VERTEX_POSE D70 0.930830 0.015232 0.921198 -0.389093 0.389093 0.921198
VERTEX_POSE D71 0.982550 0.762110 -0.654559 -0.756011 0.756011 -0.654559
VERTEX_POSE D72 0.008217 0.010614 -0.929134 0.369744 -0.369744 -0.929134
VERTEX_POSE D73 -0.818934 -0.251245 -0.989252 0.146223 -0.146223 -0.989252
VERTEX_POSE D74 0.165028 -0.990492 0.968928 0.247342 -0.247342 0.968928
VERTEX_POSE D75 0.578286 -0.600139 0.928210 -0.372056 -0.372056 -0.928210
VERTEX_POSE D76 -0.286505 0.652432 0.529792 0.848127 0.848127 -0.529792
VERTEX_POSE D77 0.099960 0.403279 0.492782 -0.870153 0.870153 0.492782
VERTEX_POSE D78 -0.066938 0.006357 0.326467 0.945209 -0.945209 0.326467
VERTEX_POSE D79 0.501051 -0.511662 0.540747 -0.841185 0.841185 0.540747
VERTEX_POSE D80 -0.657732 0.734053 0.931999 -0.362460 -0.362460 -0.931999
VERTEX_POSE D81 -0.059891 0.026594 0.787977 0.615705 0.615705 -0.787977
VERTEX_POSE D82 -0.648005 0.989642 -0.924123 0.382094 -0.382094 -0.924123
VERTEX_POSE D83 0.551930 -0.866722 -0.393726 0.919228 -0.919228 -0.393726
VERTEX_POSE D84 0.556501 -0.760657 0.096334 -0.995349 -0.995349 -0.096334
VERTEX_POSE D85 0.751252 0.456127 -0.546230 -0.837635 -0.837635 0.546230
VERTEX_POSE D86 -0.589903 0.786186 -0.999488 0.031981 -0.031981 -0.999488
VERTEX_POSE D87 0.536709 -0.841148 0.378176 -0.925734 -0.925734 -0.378176
VERTEX_POSE D88 0.071653 -0.626622 0.605409 0.795914 -0.795914 0.605409
VERTEX_POSE D89 0.283271 -0.031480 -0.994368 0.105984 -0.105984 -0.994368
VERTEX_POSE D90 -0.529882 0.675920 -0.929504 0.368813 -0.368813 -0.929504
VERTEX_POSE D91 -0.333845 0.084194 0.786943 0.617026 0.617026 -0.786943
VERTEX_POSE D92 -0.186570 -0.706016 0.681250 0.732051 -0.732051 0.681250
VERTEX_POSE D93 -0.982501 -0.907735 0.636930 -0.770921 -0.770921 -0.636930
VERTEX_POSE D94 -0.136606 0.888631 -0.825846 -0.563896 -0.563896 0.825846
VERTEX_POSE D95 -0.590125 0.556142 -0.141941 0.989875 -0.989875 -0.141941
VERTEX_POSE D96 0.989151 -0.901363 -0.645166 -0.764042 0.764042 -0.645166
VERTEX_POSE D97 0.563055 -0.234583 0.993204 0.116387 0.116387 -0.993204
VERTEX_POSE D98 -0.024063 0.989929 0.587824 -0.808989 0.808989 0.587824
VERTEX_POSE D99 -0.903644 -0.974227 -0.965886 -0.258969 0.258969 -0.965886
VERTEX_POSE D100 -0.723831 -0.560167 -0.853961 -0.520337 -0.520337 0.853961
VERTEX_POSE D101 -0.093233 0.005162 0.738752 -0.673977 0.673977 0.738752
VERTEX_POSE D102 -0.921094 0.787883 0.766451 -0.642303 0.642303 0.766451
VERTEX_POSE D103 0.284386 0.450447 0.811192 -0.584779 0.584779 0.811192
VERTEX_POSE D104 0.087834 0.753917 -0.808599 -0.588360 0.588360 -0.808599
VERTEX_POSE D105 0.243933 0.797392 -0.702879 -0.711310 0.711310 -0.702879
VERTEX_POSE D106 -0.137328 0.850308 -0.918616 0.395150 0.395150 0.918616
VERTEX_POSE D107 0.801328 0.406348 0.907287 0.420512 -0.420512 0.907287
VERTEX_POSE D108 -0.656106 0.200671 -0.383238 0.923650 -0.923650 -0.383238
VERTEX_POSE D109 0.795735 -0.143335 -0.744299 0.667847 -0.667847 -0.744299
VERTEX_POSE D110 0.302379 0.894686 -0.974829 0.222955 -0.222955 -0.974829
VERTEX_POSE D111 -0.313839 -0.065276 -0.468223 -0.883610 0.883610 -0.468223
VERTEX_POSE D112 -0.264156 0.883259 0.919889 -0.392179 -0.392179 -0.919889
VERTEX_POSE D113 0.654375 0.884329 0.188100 0.982150 0.982150 -0.188100
VERTEX_POSE D114 -0.761909 0.068002 -0.619124 0.785294 -0.785294 -0.619124
VERTEX_POSE D115 -0.707655 -0.877398 -0.998887 -0.047162 0.047162 -0.998887
VERTEX_POSE D116 0.405626 0.340456 -0.118709 0.992929 0.992929 0.118709
VERTEX_POSE D117 -0.351812 -0.145812 0.425854 0.904792 0.904792 -0.425854
VERTEX_POSE D118 0.829054 -0.718546 -0.696169 0.717878 0.717878 0.696169
VERTEX_POSE D119 -0.522721 0.713834 -0.060061 -0.998195 -0.998195 0.060061
VERTEX_POSE D120 0.931459 0.822708 0.966798 -0.255541 -0.255541 -0.966798
VERTEX_POSE D121 -0.700828 0.957374 -0.768439 0.639923 0.639923 0.768439
VERTEX_POSE D122 0.143434 -0.201973 -0.596118 -0.802897 0.802897 -0.596118
VERTEX_POSE D123 -0.255111 -0.883309 0.948956 0.315409 0.315409 -0.948956
VERTEX_POSE E0 -0.683329 -0.950362 -0.200908 0.979610 0.979610 0.200908
VERTEX_POSE E1 -0.993172 -0.313342 -0.978061 0.208321 0.208321 0.978061
VERTEX_POSE E2 0.154763 0.672834 -0.995269 -0.097153 0.097153 -0.995269
VERTEX_POSE E3 -0.694179 -0.851724 0.617430 -0.786626 -0.786626 -0.617430
VERTEX_POSE E4 0.569883 0.452076 0.900090 -0.435705 0.435705 0.900090
VERTEX_POSE E5 -0.869299 0.662763 0.789883 -0.613258 0.613258 0.789883
VERTEX_POSE E6 -0.597823 -0.825951 -0.635303 -0.772263 0.772263 -0.635303
VERTEX_POSE E7 0.846052 0.891909 -0.139606 -0.990207 -0.990207 0.139606
VERTEX_POSE E8 0.037468 -0.332075 0.970339 0.241747 0.241747 -0.970339
VERTEX_POSE E9 -0.518917 0.961932 -0.699582 0.714552 -0.714552 -0.699582
VERTEX_POSE E10 0.130438 0.342356 0.720100 0.693870 -0.693870 0.720100
VERTEX_POSE E11 -0.874699 -0.578158 -0.653725 0.756732 0.756732 0.653725
VERTEX_POSE E12 0.725016 0.759324 0.672570 -0.740033 -0.740033 -0.672570
VERTEX_POSE E13 0.993110 0.192664 0.635924 -0.771752 -0.771752 -0.635924
VERTEX_POSE E14 0.926630 0.828190 -0.726452 -0.687217 -0.687217 0.726452
VERTEX_POSE E15 -0.931090 -0.040005 0.711444 0.702743 -0.702743 0.711444
VERTEX_POSE E16 0.788845 -0.950671 0.756207 0.654333 -0.654333 0.756207
VERTEX_POSE E17 0.229009 0.722876 -0.324379 -0.945927 0.945927 -0.324379
VERTEX_POSE E18 -0.244929 0.894718 0.765794 -0.643086 0.643086 0.765794
VERTEX_POSE E19 -0.475312 0.932588 -0.999625 -0.027372 -0.027372 0.999625
VERTEX_POSE E20 -0.116616 0.607205 -0.255208 -0.966886 0.966886 -0.255208
VERTEX_POSE E21 -0.006838 -0.037279 0.713989 0.700156 -0.700156 0.713989
VERTEX_POSE E22 -0.182967 -0.944810 -0.952668 0.304013 -0.304013 -0.952668
VERTEX_POSE E23 -0.710990 -0.052339 0.860996 -0.508611 0.508611 0.860996
VERTEX_POSE E24 0.641350 0.816909 -0.815248 0.579112 0.579112 0.815248
VERTEX_POSE E25 -0.353913 -0.663356 -0.490225 0.871596 -0.871596 -0.490225
VERTEX_POSE E26 -0.233711 -0.338506 -0.682522 -0.730865 0.730865 -0.682522
VERTEX_POSE E27 0.572809 0.639617 -0.511868 -0.859064 -0.859064 0.511868
VERTEX_POSE E28 -0.054742 -0.705983 0.238381 0.971172 0.971172 -0.238381
VERTEX_POSE E29 0.909724 0.459522 -0.584438 0.811439 0.811439 0.584438
VERTEX_POSE E30 -0.682303 0.756308 -0.995881 -0.090670 0.090670 -0.995881
VERTEX_POSE E31 0.261929 -0.656344 0.110801 0.993843 0.993843 -0.110801
VERTEX_POSE E32 0.916552 -0.853820 -0.919826 0.392327 0.392327 0.919826
VERTEX_POSE E33 0.472461 0.429142 -0.686759 0.726885 0.726885 0.686759
VERTEX_POSE E34 0.567751 -0.508068 0.999064 0.043255 0.043255 -0.999064
VERTEX_POSE E35 0.486435 0.598256 -0.708635 0.705575 -0.705575 -0.708635
VERTEX_POSE E36 0.603161 0.091905 0.155778 -0.987792 0.987792 0.155778
VERTEX_POSE E37 0.969928 -0.334020 -0.959213 -0.282685 -0.282685 0.959213
VERTEX_POSE E38 0.332486 0.490164 0.252831 -0.967510 0.967510 0.252831
VERTEX_POSE E39 -0.359371 0.759830 0.288115 0.957596 0.957596 -0.288115
VERTEX_POSE E40 -0.548990 -0.372087 -0.953125 0.302577 -0.302577 -0.953125
VERTEX_POSE E41 -0.537076 -0.167480 0.800733 -0.599022 -0.599022 -0.800733
VERTEX_POSE E42 -0.234069 -0.818328 0.677126 -0.735867 -0.735867 -0.677126
VERTEX_POSE E43 -0.823974 -0.612763 0.593023 -0.805185 0.805185 0.593023
VERTEX_POSE E44 -0.543966 -0.974816 -0.956845 -0.290600 -0.290600 0.956845
VERTEX_POSE E45 -0.307440 -0.990138 -0.720842 -0.693099 0.693099 -0.720842
VERTEX_POSE E46 -0.755064 0.347231 -0.354969 -0.934878 0.934878 -0.354969
VERTEX_POSE E47 -0.755121 -0.925487 0.864987 -0.501795 0.501795 0.864987
VERTEX_POSE E48 0.921570 0.732738 0.292039 0.956406 -0.956406 0.292039
VERTEX_POSE E49 0.000007 0.241950 -0.936350 -0.351068 -0.351068 0.936350
VERTEX_POSE E50 -0.230433 -0.992900 -0.066218 0.997805 -0.997805 -0.066218
VERTEX_POSE E51 -0.195047 0.339943 0.629959 0.776628 -0.776628 0.629959
VERTEX_POSE E52 0.993169 -0.795330 0.443030 -0.896507 -0.896507 -0.443030
VERTEX_POSE E53 0.586600 -0.937710 0.939299 -0.343099 -0.343099 -0.939299
VERTEX_POSE E54 0.093963 -0.712396 -0.659982 -0.751281 0.751281 -0.659982
VERTEX_POSE E55 0.634519 -0.978420 -0.339519 -0.940599 0.940599 -0.339519
VERTEX_POSE E56 -0.767313 -0.601066 -0.809462 -0.587172 -0.587172 0.809462
VERTEX_POSE E57 0.860253 -0.050902 0.010151 -0.999948 0.999948 0.010151
VERTEX_POSE E58 0.207328 0.661197 -0.560671 -0.828038 -0.828038 0.560671
VERTEX_POSE E59 0.177946 -0.307048 0.609404 -0.792860 -0.792860 -0.609404
VERTEX_POSE E60 0.769976 -0.591380 -0.975401 0.220438 0.220438 0.975401
VERTEX_POSE E61 0.525025 0.417505 -0.828543 0.559925 -0.559925 -0.828543
VERTEX_POSE E62 -0.560125 0.036607 0.961792 -0.273782 0.273782 0.961792
VERTEX_POSE E63 0.686528 -0.445200 0.874922 -0.484264 0.484264 0.874922
VERTEX_POSE E64 -0.002514 -0.153353 -0.880825 -0.473442 0.473442 -0.880825
VERTEX_POSE E65 -0.992374 0.528539 0.996977 -0.077701 -0.077701 -0.996977
VERTEX_POSE E66 0.172962 -0.846944 -0.221078 0.975256 0.975256 0.221078
VERTEX_POSE E67 -0.399353 0.938552 -0.773875 -0.633338 0.633338 -0.773875
VERTEX_POSE E68 0.977553 -0.805481 0.464671 0.885483 -0.885483 0.464671
VERTEX_POSE E69 -0.494551 0.643220 0.668272 -0.743917 -0.743917 -0.668272
VERTEX_POSE E70 0.241277 0.698382 -0.870892 -0.491474 0.491474 -0.870892
VERTEX_POSE E71 -0.571436 -0.177568 -0.959731 -0.280920 -0.280920 0.959731
VERTEX_POSE E72 -0.031628 -0.524260 -0.082977 0.996551 0.996551 0.082977
VERTEX_POSE E73 -0.992793 0.880054 -0.998847 -0.048010 0.048010 -0.998847
VERTEX_POSE E74 -0.395410 0.209668 0.899959 -0.435975 0.435975 0.899959
VERTEX_POSE E75 0.424406 -0.499076 0.529822 -0.848109 -0.848109 -0.529822
VERTEX_POSE E76 -0.300232 0.889916 -0.642281 0.766469 -0.766469 -0.642281
VERTEX_POSE E77 -0.150474 -0.443100 -0.892775 -0.450503 -0.450503 0.892775
VERTEX_POSE E78 0.669285 -0.424564 -0.958797 0.284093 -0.284093 -0.958797
VERTEX_POSE E79 -0.378663 0.622654 0.877490 -0.479596 -0.479596 -0.877490
VERTEX_POSE E80 0.849533 0.798849 -0.738993 0.673713 -0.673713 -0.738993
VERTEX_POSE E81 -0.561148 -0.417463 -0.181606 -0.983371 0.983371 -0.181606
VERTEX_POSE E82 0.426290 -0.037403 -0.180530 0.983570 0.983570 0.180530
VERTEX_POSE E83 0.842702 -0.996480 -0.823756 0.566944 -0.566944 -0.823756
VERTEX_POSE E84 -0.974548 -0.355173 0.541108 -0.840953 -0.840953 -0.541108
VERTEX_POSE E85 -0.479746 0.250201 0.711101 0.703090 -0.703090 0.711101
VERTEX_POSE E86 0.477221 -0.974901 -0.853099 0.521749 0.521749 0.853099
VERTEX_POSE E87 -0.741861 0.043761 0.629089 0.777333 0.777333 -0.629089
VERTEX_POSE E88 -0.619494 -0.800701 0.104170 -0.994559 -0.994559 -0.104170
VERTEX_POSE E89 -0.315451 0.686296 -0.999033 0.043970 0.043970 0.999033
VERTEX_POSE E90 0.436085 0.736713 0.720854 0.693087 -0.693087 0.720854
VERTEX_POSE E91 -0.849518 -0.392081 -0.241925 -0.970295 -0.970295 0.241925
VERTEX_POSE E92 -0.790425 0.103801 0.062729 0.998031 -0.998031 0.062729
VERTEX_POSE E93 0.875959 -0.226680 0.955927 0.293604 0.293604 -0.955927
VERTEX_POSE E94 0.837010 0.162719 -0.981130 -0.193348 0.193348 -0.981130
VERTEX_POSE E95 0.207061 0.950447 0.950231 0.311547 0.311547 -0.950231
VERTEX_POSE E96 0.883585 -0.698141 -0.393439 -0.919351 -0.919351 0.393439
VERTEX_POSE E97 0.009972 0.315774 -0.471874 -0.881666 -0.881666 0.471874
VERTEX_POSE E98 0.807708 0.889000 -0.524671 0.851305 -0.851305 -0.524671
VERTEX_POSE E99 0.861138 -0.503621 0.622822 -0.782364 0.782364 0.622822
VERTEX_POSE E100 0.515421 -0.041006 -0.845033 -0.534714 0.534714 -0.845033
VERTEX_POSE E101 0.048985 0.587382 0.796058 0.605221 0.605221 -0.796058
VERTEX_POSE E102 -0.710298 0.318811 -0.676910 0.736066 0.736066 0.676910
VERTEX_POSE E103 -0.516206 0.434734 -0.884470 0.466598 0.466598 0.884470
VERTEX_POSE E104 0.056192 0.467436 0.660824 -0.750541 -0.750541 -0.660824
VERTEX_POSE E105 -0.105708 -0.471521 0.810123 0.586259 0.586259 -0.810123
VERTEX_POSE E106 0.908200 0.935658 0.972889 -0.231272 -0.231272 -0.972889
VERTEX_POSE E107 0.755960 0.357352 0.685050 -0.728497 0.728497 0.685050
VERTEX_POSE E108 0.743819 0.085379 -0.695088 -0.718925 0.718925 -0.695088
VERTEX_POSE E109 0.577485 -0.488906 -0.736065 -0.676911 0.676911 -0.736065
VERTEX_POSE E110 -0.622703 -0.019994 0.663254 0.748395 -0.748395 0.663254
VERTEX_POSE E111 0.593352 -0.115772 0.627918 -0.778280 -0.778280 -0.627918
VERTEX_POSE E112 -0.983664 0.093631 -0.647504 -0.762062 -0.762062 0.647504
VERTEX_POSE E113 0.803588 0.942603 -0.975044 -0.222012 -0.222012 0.975044
VERTEX_POSE E114 0.436054 -0.112253 -0.620016 -0.784589 0.784589 -0.620016
VERTEX_POSE E115 -0.958212 0.738459 0.789978 -0.613135 0.613135 0.789978
VERTEX_POSE E116 -0.676159 0.192804 0.042833 0.999082 -0.999082 0.042833
VERTEX_POSE E117 -0.086724 -0.087153 -0.884116 0.467267 -0.467267 -0.884116
VERTEX_POSE E118 -0.700073 -0.217780 -0.750441 -0.660938 -0.660938 0.750441
VERTEX_POSE E119 -0.295653 0.392102 -0.589322 -0.807898 -0.807898 0.589322
VERTEX_POSE E120 0.597825 -0.400858 -0.597774 -0.801665 -0.801665 0.597774
VERTEX_POSE E121 0.736012 -0.481067 0.813295 -0.581852 0.581852 0.813295
VERTEX_POSE E122 -0.145171 -0.999979 0.559879 0.828575 -0.828575 0.559879
VERTEX_POSE E123 0.807400 0.702943 0.836660 0.547723 -0.547723 0.836660
VERTEX_POSE E124 0.611972 0.292253 0.467031 -0.884241 -0.884241 -0.467031
VERTEX_POSE E125 -0.308161 0.162739 -0.551675 -0.834059 0.834059 -0.551675
VERTEX_POSE E126 0.014460 0.653390 0.549763 -0.835321 -0.835321 -0.549763
VERTEX_POSE E127 0.495557 0.594112 0.004850 -0.999988 0.999988 0.004850
VERTEX_POSE E128 0.701812 -0.521486 0.502674 0.864476 0.864476 -0.502674
VERTEX_POSE E129 -0.177831 0.542390 0.867493 0.497450 -0.497450 0.867493
VERTEX_POSE E130 0.356695 -0.909509 0.872245 -0.489070 -0.489070 -0.872245
VERTEX_POSE E131 0.217233 0.437508 -0.983957 -0.178406 0.178406 -0.983957
VERTEX_POSE E132 0.871154 0.129772 -0.539548 -0.841955 0.841955 -0.539548
VERTEX_POSE E133 0.646397 0.409302 0.973976 -0.226653 -0.226653 -0.973976
VERTEX_POSE E134 0.701027 -0.127758 -0.417810 0.908534 -0.908534 -0.417810
VERTEX_POSE E135 -0.072654 -0.402792 0.540975 0.841038 0.841038 -0.540975
VERTEX_POSE E136 -0.459311 0.937781 -0.982061 0.188565 0.188565 0.982061
VERTEX_POSE E137 0.609227 -0.192100 -0.357172 0.934039 -0.934039 -0.357172
VERTEX_POSE E138 -0.316694 0.954560 -0.576999 -0.816745 0.816745 -0.576999
VERTEX_POSE E139 -0.715492 0.023159 -0.267932 -0.963438 -0.963438 0.267932
VERTEX_POSE E140 0.186711 0.318995 0.705898 0.708313 0.708313 -0.705898
VERTEX_POSE E141 0.060603 -0.065434 -0.339110 -0.940747 -0.940747 0.339110
VERTEX_POSE E142 0.877860 0.907387 0.968221 -0.250096 0.250096 0.968221
VERTEX_POSE E143 0.203048 -0.587374 0.516209 -0.856463 -0.856463 -0.516209
VERTEX_POSE E144 -0.135810 -0.122831 0.415416 -0.909632 -0.909632 -0.415416
VERTEX_POSE E145 0.313914 -0.204866 0.715448 0.698666 0.698666 -0.715448
VERTEX_POSE E146 0.244836 -0.848916 0.759422 0.650598 0.650598 -0.759422
VERTEX_POSE E147 0.188031 -0.930027 -0.871445 0.490494 0.490494 0.871445
VERTEX_POSE E148 -0.772810 0.707981 0.852095 0.523387 -0.523387 0.852095
VERTEX_POSE E149 0.544764 -0.066696 0.269809 -0.962914 0.962914 0.269809
VERTEX_POSE E150 0.892379 0.462075 0.777261 -0.629179 0.629179 0.777261
VERTEX_POSE E151 0.825015 -0.692877 -0.617137 0.786856 -0.786856 -0.617137
VERTEX_POSE E152 0.280776 0.452237 -0.963220 -0.268715 0.268715 -0.963220
VERTEX_POSE E153 -0.252792 0.462096 0.622927 0.782280 0.782280 -0.622927
VERTEX_POSE E154 0.632414 -0.989934 0.756751 -0.653703 0.653703 0.756751
VERTEX_POSE E155 -0.107253 -0.255510 -0.767274 -0.641319 0.641319 -0.767274
VERTEX_POSE E156 0.439048 -0.375165 0.871546 0.490314 0.490314 -0.871546
VERTEX_POSE E157 -0.353125 0.663456 0.860757 -0.509017 -0.509017 -0.860757
VERTEX_POSE E158 -0.611696 -0.661397 0.514729 -0.857353 -0.857353 -0.514729
VERTEX_POSE E159 0.140860 0.103349 -0.511850 0.859075 -0.859075 -0.511850
VERTEX_POSE E160 0.469043 0.205846 -0.449889 -0.893084 -0.893084 0.449889
VERTEX_POSE E161 0.744999 -0.570906 0.992842 0.119436 -0.119436 0.992842
VERTEX_POSE E162 -0.641907 -0.459143 0.880260 -0.474492 0.474492 0.880260
VERTEX_POSE E163 0.340197 -0.664382 -0.308086 0.951359 0.951359 0.308086
VERTEX_POSE E164 0.391396 0.838396 -0.164834 0.986321 -0.986321 -0.164834
VERTEX_POSE E165 -0.940881 0.413099 -0.364498 -0.931204 -0.931204 0.364498
VERTEX_POSE E166 -0.732457 -0.067174 0.384712 -0.923037 -0.923037 -0.384712
VERTEX_POSE E167 0.932085 0.776176 -0.992241 0.124333 -0.124333 -0.992241
VERTEX_POSE E168 0.668346 -0.779001 0.996553 -0.082960 -0.082960 -0.996553
VERTEX_POSE E169 -0.049152 -0.112614 0.766201 0.642600 -0.642600 0.766201
VERTEX_POSE E170 -0.783407 -0.200664 0.758253 0.651961 0.651961 -0.758253
VERTEX_POSE E171 -0.144943 0.539994 -0.897514 -0.440986 -0.440986 0.897514
VERTEX_POSE E172 -0.988549 0.821952 -0.615292 0.788299 -0.788299 -0.615292
VERTEX_POSE E173 -0.905547 -0.293277 0.585273 0.810836 0.810836 -0.585273
VERTEX_POSE E174 -0.941895 0.952620 -0.951185 0.308621 0.308621 0.951185
VERTEX_POSE E175 -0.124359 -0.300879 0.989385 0.145321 -0.145321 0.989385
VERTEX_POSE E176 0.408367 0.501857 0.705454 -0.708756 0.708756 0.705454
VERTEX_POSE E177 0.302941 -0.896296 0.947895 -0.318583 0.318583 0.947895
VERTEX_POSE E178 -0.936327 -0.230906 0.940446 -0.339942 -0.339942 -0.940446
VERTEX_POSE E179 0.635556 0.209838 -0.689195 -0.724576 -0.724576 0.689195
VERTEX_POSE E180 -0.152296 0.037008 -0.795674 -0.605726 0.605726 -0.795674
VERTEX_POSE E181 0.956052 -0.768831 -0.687365 0.726312 -0.726312 -0.687365
VERTEX_POSE E182 0.460571 0.516961 0.988943 0.148296 -0.148296 0.988943
VERTEX_POSE E183 -0.871520 -0.510755 -0.897453 -0.441110 -0.441110 0.897453
VERTEX_POSE E184 -0.296740 0.693265 -0.388058 0.921635 -0.921635 -0.388058
VERTEX_POSE E185 0.092985 0.527027 -0.855447 0.517891 0.517891 0.855447
VERTEX_POSE E186 0.021227 0.233736 0.418912 -0.908027 0.908027 0.418912
VERTEX_POSE E187 -0.857693 -0.681900 -0.976896 -0.213715 0.213715 -0.976896
VERTEX_POSE E188 0.739859 0.190483 0.864074 -0.503365 -0.503365 -0.864074
VERTEX_POSE E189 0.409531 0.572339 -0.535323 -0.844648 0.844648 -0.535323
VERTEX_POSE E190 0.283167 0.421448 0.596086 -0.802921 -0.802921 -0.596086
VERTEX_POSE E191 0.208903 -0.603671 -0.330868 -0.943677 -0.943677 0.330868
VERTEX_POSE E192 0.154530 -0.998567 0.555533 0.831494 0.831494 -0.555533
VERTEX_POSE E193 0.641259 0.962305 0.664274 -0.747489 0.747489 0.664274
VERTEX_POSE E194 -0.450901 -0.268053 0.957790 -0.287468 0.287468 0.957790
VERTEX_POSE E195 -0.454075 0.839828 0.432048 -0.901851 -0.901851 -0.432048
VERTEX_POSE E196 0.700379 0.375404 0.187593 -0.982247 -0.982247 -0.187593
VERTEX_POSE E197 -0.183358 0.664773 0.557579 -0.830124 0.830124 0.557579
VERTEX_POSE E198 -0.521990 0.616005 0.826198 0.563380 0.563380 -0.826198
VERTEX_POSE E199 0.368725 0.596403 0.716347 0.697744 -0.697744 0.716347
VERTEX_POSE E200 0.767490 -0.447841 0.677357 0.735654 0.735654 -0.677357
VERTEX_POSE E201 -0.305397 -0.584660 0.400682 0.916217 0.916217 -0.400682
VERTEX_POSE E202 -0.776218 0.136397 -0.134164 -0.990959 -0.990959 0.134164
VERTEX_POSE E203 0.778941 -0.625889 -0.253898 -0.967231 0.967231 -0.253898
VERTEX_POSE E204 -0.210944 0.122063 -0.916665 0.399657 -0.399657 -0.916665
VERTEX_POSE E205 -0.718113 0.089017 -0.735675 0.677335 0.677335 0.735675
VERTEX_POSE E206 -0.345418 0.073233 -0.999998 0.001982 0.001982 0.999998
VERTEX_POSE E207 -0.802578 -0.376081 0.994595 0.103827 0.103827 -0.994595
VERTEX_POSE E208 0.584827 0.192721 -0.217377 0.976088 -0.976088 -0.217377
VERTEX_POSE E209 -0.281745 0.842327 0.990767 0.135573 -0.135573 0.990767
VERTEX_POSE E210 0.832978 0.833757 -0.949610 -0.313433 -0.313433 0.949610
VERTEX_POSE E211 -0.567468 -0.770271 0.488704 0.872450 0.872450 -0.488704
VERTEX_POSE E212 -0.325693 -0.926504 0.956093 -0.293064 0.293064 0.956093
VERTEX_POSE E213 0.293549 0.350718 -0.904540 -0.426388 0.426388 -0.904540
VERTEX_POSE E214 -0.438988 -0.281025 -0.670190 -0.742190 0.742190 -0.670190
VERTEX_POSE E215 0.377566 0.766761 -0.328347 0.944557 0.944557 0.328347
VERTEX_POSE E216 -0.613466 -0.122255 -0.248108 -0.968732 -0.968732 0.248108
VERTEX_POSE E217 0.582239 0.952711 0.661690 -0.749778 -0.749778 -0.661690
VERTEX_POSE E218 0.519873 -0.915140 -0.940702 -0.339234 -0.339234 0.940702
VERTEX_POSE E219 -0.873607 -0.931772 -0.815863 -0.578245 0.578245 -0.815863
VERTEX_POSE E220 -0.008230 0.525049 -0.948473 -0.316857 0.316857 -0.948473
VERTEX_POSE E221 -0.196960 0.506309 -0.993470 -0.114092 -0.114092 0.993470
VERTEX_POSE E222 0.335296 -0.535443 -0.109555 -0.993981 -0.993981 0.109555
VERTEX_POSE E223 -0.853701 0.526482 0.291995 0.956420 0.956420 -0.291995
VERTEX_POSE E224 -0.555700 0.468614 0.931476 0.363803 0.363803 -0.931476
VERTEX_POSE E225 0.884395 0.196505 -0.470472 0.882415 0.882415 0.470472
VERTEX_POSE E226 -0.307775 0.366311 -0.813003 -0.582259 -0.582259 0.813003
VERTEX_POSE E227 -0.855322 -0.155982 0.465920 0.884827 -0.884827 0.465920
VERTEX_POSE E228 -0.298963 -0.138722 -0.583682 0.811983 0.811983 0.583682
VERTEX_POSE E229 0.170235 -0.017685 -0.296811 0.954936 0.954936 0.296811
VERTEX_POSE E230 0.513403 -0.559579 -0.459203 0.888332 -0.888332 -0.459203
VERTEX_POSE E231 -0.531473 0.413437 0.498336 -0.866984 -0.866984 -0.498336
VERTEX_POSE E232 0.864838 0.397655 0.913123 0.407684 0.407684 -0.913123
VERTEX_POSE E233 0.737185 0.576819 0.092984 0.995668 -0.995668 0.092984
VERTEX_POSE E234 -0.752533 0.787548 0.635969 0.771714 0.771714 -0.635969
VERTEX_POSE E235 -0.346106 -0.480282 -0.486351 0.873763 0.873763 0.486351
VERTEX_POSE E236 -0.980929 -0.334164 -0.599808 -0.800144 0.800144 -0.599808
VERTEX_POSE E237 -0.097950 -0.139219 0.765161 0.643839 -0.643839 0.765161
VERTEX_POSE E238 -0.148684 0.143638 -0.706890 -0.707323 0.707323 -0.706890
VERTEX_POSE E239 0.603899 0.858557 0.136560 -0.990632 -0.990632 -0.136560
VERTEX_POSE E240 0.620305 -0.296892 0.937356 -0.348373 -0.348373 -0.937356
VERTEX_POSE E241 -0.315706 -0.022605 0.850186 0.526482 -0.526482 0.850186
VERTEX_POSE E242 -0.963569 -0.911714 -0.373069 0.927804 0.927804 0.373069
VERTEX_POSE E243 -0.705389 -0.223396 0.506775 0.862078 0.862078 -0.506775
VERTEX_POSE E244 0.977843 -0.671887 0.104379 -0.994538 -0.994538 -0.104379
VERTEX_POSE E245 -0.402558 -0.192739 0.003516 0.999994 -0.999994 0.003516
VERTEX_POSE E246 0.672178 -0.456635 -0.125238 -0.992127 0.992127 -0.125238
VERTEX_POSE E247 -0.635623 0.205858 0.998294 -0.058393 0.058393 0.998294
VERTEX_POSE E248 -0.820319 -0.240028 0.774675 -0.632359 -0.632359 -0.774675
VERTEX_POSE E249 0.192051 -0.371775 -0.712443 -0.701730 -0.701730 0.712443
VERTEX_POSE E250 -0.509229 0.274086 -0.752837 0.658207 -0.658207 -0.752837
VERTEX_POSE E251 0.171451 -0.714979 0.885452 0.464730 -0.464730 0.885452
VERTEX_POSE E252 0.995091 -0.865466 -0.964301 0.264809 0.264809 0.964301
VERTEX_POSE E253 0.826066 0.738643 -0.968289 -0.249833 0.249833 -0.968289
VERTEX_POSE E254 0.317750 0.811503 -0.442213 -0.896910 0.896910 -0.442213
VERTEX_POSE E255 -0.560609 0.603148 0.265390 0.964141 0.964141 -0.265390
VERTEX_POSE E256 0.710461 -0.064852 -0.963268 -0.268542 0.268542 -0.963268
VERTEX_POSE E257 -0.990025 0.177814 0.436623 0.899645 -0.899645 0.436623
VERTEX_POSE E258 -0.415931 -0.552835 -0.874385 0.485232 0.485232 0.874385
VERTEX_POSE E259 -0.588502 0.796426 0.348575 0.937281 0.937281 -0.348575
VERTEX_POSE E260 0.180210 -0.839871 -0.437819 -0.899063 -0.899063 0.437819
VERTEX_POSE E261 -0.902527 -0.112413 -0.897945 -0.440108 0.440108 -0.897945
VERTEX_POSE E262 -0.119975 0.209863 -0.449908 0.893075 -0.893075 -0.449908
VERTEX_POSE E263 0.045047 0.557784 0.327785 0.944752 -0.944752 0.327785
VERTEX_POSE E264 0.834658 -0.535595 -0.953181 0.302402 -0.302402 -0.953181
VERTEX_POSE E265 0.127492 -0.002589 0.815643 0.578556 -0.578556 0.815643
VERTEX_POSE E266 0.698941 -0.922497 -0.872074 0.489375 0.489375 0.872074
VERTEX_POSE E267 0.853729 0.130241 -0.850050 -0.526702 -0.526702 0.850050
VERTEX_POSE E268 -0.970458 0.858192 0.419537 0.907738 -0.907738 0.419537
VERTEX_POSE E269 -0.449743 0.221140 0.955126 -0.296200 -0.296200 -0.955126
VERTEX_POSE E270 0.457628 -0.011203 0.939345 -0.342974 -0.342974 -0.939345
VERTEX_POSE E271 0.649847 -0.438699 -0.916897 -0.399123 -0.399123 0.916897
VERTEX_POSE E272 0.234551 -0.801465 0.757097 -0.653303 0.653303 0.757097
VERTEX_POSE E273 0.494058 0.077083 0.585487 -0.810682 -0.810682 -0.585487
VERTEX_POSE E274 0.944458 0.337905 0.508776 -0.860899 -0.860899 -0.508776
VERTEX_POSE E275 0.212395 -0.473352 0.227551 -0.973766 0.973766 0.227551
VERTEX_POSE E276 -0.908499 0.884344 -0.531106 0.847306 -0.847306 -0.531106
VERTEX_POSE E277 0.616635 0.881270 0.455785 0.890090 0.890090 -0.455785
VERTEX_POSE E278 0.576772 0.732505 0.815655 -0.578539 0.578539 0.815655
VERTEX_POSE E279 -0.728818 -0.355684 -0.701115 -0.713048 0.713048 -0.701115
VERTEX_POSE E280 -0.191314 -0.490504 0.775052 -0.631898 -0.631898 -0.775052
VERTEX_POSE E281 -0.932457 0.006591 0.466755 -0.884386 0.884386 0.466755
VERTEX_POSE E282 0.442633 -0.070663 0.980388 -0.197076 -0.197076 -0.980388
VERTEX_POSE E283 -0.196222 -0.355970 0.959795 -0.280702 -0.280702 -0.959795
VERTEX_POSE E284 0.893609 -0.254765 0.852079 -0.523413 0.523413 0.852079
VERTEX_POSE E285 -0.239617 -0.259160 0.996550 0.082997 0.082997 -0.996550
VERTEX_POSE E286 0.243168 -0.752822 0.590208 -0.807251 0.807251 0.590208
VERTEX_POSE E287 0.604070 0.680383 -0.522741 0.852491 -0.852491 -0.522741
VERTEX_POSE E288 -0.229642 0.918654 0.145670 0.989333 -0.989333 0.145670
VERTEX_POSE E289 0.827238 -0.305657 0.017849 -0.999841 -0.999841 -0.017849
VERTEX_POSE E290 -0.984432 0.476809 -0.691726 -0.722160 -0.722160 0.691726
VERTEX_POSE E291 0.950567 -0.921217 -0.718348 0.695684 -0.695684 -0.718348
VERTEX_POSE E292 0.924710 0.581930 -0.995941 -0.090011 -0.090011 0.995941
VERTEX_POSE E293 -0.104407 -0.313329 -0.766415 0.642346 0.642346 0.766415
VERTEX_POSE E294 -0.004385 0.636568 -0.941257 -0.337690 -0.337690 0.941257
VERTEX_POSE E295 0.759368 -0.953665 -0.626339 -0.779551 -0.779551 0.626339
VERTEX_POSE E296 -0.976915 0.684082 -0.766640 0.642077 0.642077 0.766640
VERTEX_POSE E297 -0.305444 0.714070 0.168141 -0.985763 -0.985763 -0.168141
VERTEX_POSE E298 0.613097 0.176575 0.478408 0.878138 -0.878138 0.478408
VERTEX_POSE E299 -0.947374 0.542275 0.756926 0.653500 -0.653500 0.756926
VERTEX_POSE E300 0.244813 -0.064790 -0.200250 0.979745 -0.979745 -0.200250
VERTEX_POSE E301 0.070724 -0.834627 0.592642 -0.805466 -0.805466 -0.592642
VERTEX_POSE E302 0.702473 -0.896424 -0.741761 0.670665 -0.670665 -0.741761
VERTEX_POSE E303 -0.520636 0.133745 0.802854 -0.596176 0.596176 0.802854
VERTEX_POSE E304 -0.435217 0.242456 0.927652 -0.373445 0.373445 0.927652
VERTEX_POSE E305 0.646931 0.441481 -0.543180 -0.839616 -0.839616 0.543180
VERTEX_POSE E306 0.691759 0.660393 0.774464 0.632618 0.632618 -0.774464
VERTEX_POSE E307 -0.343717 0.126800 0.835237 -0.549890 0.549890 0.835237
VERTEX_POSE E308 0.263566 0.322751 -0.667694 0.744436 -0.744436 -0.667694
VERTEX_POSE E309 0.268531 0.392898 0.960985 -0.276601 0.276601 0.960985
VERTEX_POSE E310 -0.072535 0.771116 0.993400 -0.114699 -0.114699 -0.993400
VERTEX_POSE E311 -0.927747 0.832247 0.995696 -0.092684 -0.092684 -0.995696
VERTEX_POSE E312 0.336074 -0.600510 0.266880 -0.963730 -0.963730 -0.266880
VERTEX_POSE E313 -0.629902 -0.299547 0.811866 0.583844 0.583844 -0.811866
VERTEX_POSE E314 -0.123970 -0.523723 -0.846722 0.532036 -0.532036 -0.846722
VERTEX_POSE E315 0.229683 0.144724 0.684477 0.729034 0.729034 -0.684477
VERTEX_POSE E316 0.130481 0.441293 -0.987082 0.160215 0.160215 0.987082
VERTEX_POSE E317 -0.880802 -0.276545 0.957148 -0.289598 0.289598 0.957148
VERTEX_POSE E318 -0.166247 -0.174893 -0.583107 0.812395 -0.812395 -0.583107
VERTEX_POINT L6 0.900839 0.359947
VERTEX_POINT L7 0.946436 0.417798
VERTEX_POINT L8 -0.150679 -0.698084
VERTEX_POINT L9 0.851406 0.438730
VERTEX_POINT L10 0.871146 -0.000273
VERTEX_POINT L11 0.744914 -0.011413
VERTEX_POINT L12 -0.152979 0.075298
VERTEX_POINT L13 0.630514 0.046062
VERTEX_POINT L14 0.767999 -0.327331
VERTEX_POINT L15 0.541577 -0.210632
VERTEX_POINT L16 0.243610 -0.777363
VERTEX_POINT L17 0.820625 -0.785056
VERTEX_POINT L18 -0.213610 0.724578
VERTEX_POINT L19 -0.685665 -0.611990
VERTEX_POINT L20 0.523098 -0.681480
VERTEX_BEARING C4 B3 0.924697 -0.380704
VERTEX_BEARING C5 B4 -0.584665 -0.811275
VERTEX_BEARING C6 B5 -0.813047 -0.582198
VERTEX_BEARING C7 B6 -0.493754 0.869601
VERTEX_BEARING C8 B7 -0.469786 -0.882780
VERTEX_BEARING C10 B8 -0.719387 0.694609
VERTEX_BEARING C11 B10 -0.596495 -0.802617
VERTEX_BEARING C12 B11 0.994164 -0.107882
VERTEX_BEARING C13 B12 -0.773686 0.633570
VERTEX_BEARING C15 B13 0.896629 -0.442783
VERTEX_BEARING C19 B14 0.287642 0.957738
VERTEX_BEARING C21 B15 -0.939226 0.343298
VERTEX_BEARING C23 B16 -0.877313 -0.479918
VERTEX_BEARING C25 B17 0.558422 0.829557
VERTEX_BEARING C26 B18 -0.890056 0.455851
VERTEX_BEARING C27 B19 0.781342 0.624103
VERTEX_BEARING C28 B20 -0.729842 -0.683616
VERTEX_BEARING C30 B21 -0.926469 0.376371
VERTEX_BEARING C32 B22 -0.998873 -0.047471
VERTEX_BEARING C33 B23 0.804429 0.594049
VERTEX_BEARING C34 B24 0.822625 0.568585
VERTEX_BEARING C35 B25 -0.955287 0.295680
VERTEX_BEARING C36 B26 0.278417 0.960460
VERTEX_BEARING C37 B27 0.535693 0.844413
VERTEX_BEARING C38 B28 0.116823 -0.993153
VERTEX_BEARING C39 B29 -0.985911 -0.167270
VERTEX_BEARING C40 B30 -0.899645 0.436623
VERTEX_BEARING C41 B31 -0.951422 0.307891
VERTEX_BEARING C42 B32 0.027354 -0.999626
VERTEX_BEARING C43 B33 0.099467 0.995041
VERTEX_BEARING C44 B34 0.400050 0.916493
VERTEX_BEARING C45 B35 -0.970318 0.241834
VERTEX_BEARING C46 B36 0.458585 0.888650
VERTEX_BEARING C47 B37 0.779289 -0.626665
VERTEX_BEARING C48 B38 0.702097 -0.712081
VERTEX_BEARING C49 B39 -0.721994 -0.691899
VERTEX_BEARING C50 B40 0.751609 -0.659609
VERTEX_BEARING C52 B41 -0.779129 -0.626863
VERTEX_BEARING C54 B42 0.999364 -0.035651
VERTEX_BEARING C55 B43 -0.712106 0.702072
VERTEX_BEARING C56 B44 0.886779 0.462195
VERTEX_BEARING C57 B45 -0.143980 -0.989581
VERTEX_BEARING C58 B46 -0.999110 0.042177
VERTEX_BEARING C59 B47 0.684165 0.729327
VERTEX_BEARING C60 B48 -0.825710 0.564095
VERTEX_BEARING C61 B49 -0.193431 -0.981114
VERTEX_BEARING C62 B50 0.767998 0.640452
VERTEX_BEARING C63 B51 -0.754563 0.656228
VERTEX_BEARING C64 B52 -0.074812 0.997198
VERTEX_BEARING C65 B53 0.898666 -0.438633
VERTEX_BEARING C66 B54 0.930375 0.366610
VERTEX_BEARING C75 B55 -0.772208 0.635369
VERTEX_BEARING C76 B56 -0.750161 0.661255
VERTEX_BEARING C77 B57 0.869001 0.494810
VERTEX_BEARING C78 B58 0.932568 -0.360993
VERTEX_BEARING C79 B59 0.199059 0.979987
VERTEX_BEARING C80 B60 0.225454 0.974254
VERTEX_BEARING C81 B61 -0.617690 0.786422
VERTEX_BEARING C82 B62 0.996461 0.084058
VERTEX_BEARING C83 B63 -0.744038 -0.668137
VERTEX_BEARING C84 B64 0.380102 0.924945
VERTEX_BEARING C85 B65 -0.875507 0.483205
VERTEX_BEARING C86 B66 0.344564 0.938763
VERTEX_BEARING C87 B67 -0.282578 0.959244
VERTEX_BEARING C88 B68 -0.588043 0.808830
VERTEX_BEARING C89 B69 -0.141266 0.989972
VERTEX_BEARING B110 C101 -0.246309 0.969191
VERTEX_BEARING B111 C102 -0.551894 0.833914
VERTEX_BEARING B112 C103 0.106641 0.994298
VERTEX_BEARING B113 C104 -0.828156 -0.560498
VERTEX_BEARING B114 C105 -0.454267 0.890866
VERTEX_BEARING B115 C106 -0.992945 0.118575
VERTEX_BEARING B116 C107 0.952232 0.305376
VERTEX_BEARING B117 C108 0.488689 -0.872458
VERTEX_BEARING B118 C109 -0.998889 -0.047115
VERTEX_BEARING B119 C110 0.946019 -0.324110
VERTEX_BEARING B120 C111 -0.978817 -0.204736
VERTEX_BEARING B121 C112 -0.913256 -0.407387
VERTEX_BEARING B122 C113 0.847709 -0.530461
VERTEX_BEARING B123 C114 0.249461 -0.968385
VERTEX_BEARING B124 C116 0.980666 0.195687
VERTEX_BEARING D29 E112 0.544334 0.838869
VERTEX_BEARING D32 E113 0.707821 0.706391
VERTEX_BEARING D33 E114 -0.999769 0.021501
VERTEX_BEARING D34 E115 -0.997328 0.073060
VERTEX_BEARING D35 E116 0.803359 -0.595495
VERTEX_BEARING D36 E117 0.802261 -0.596973
VERTEX_BEARING D37 E118 0.998024 -0.062829
VERTEX_BEARING D38 E119 0.862402 -0.506224
VERTEX_BEARING D39 E120 -0.281816 0.959468
VERTEX_BEARING D40 E121 -0.956185 0.292762
VERTEX_BEARING D41 E122 0.324706 -0.945815
VERTEX_BEARING D42 E123 0.994883 -0.101034
VERTEX_BEARING D43 E124 0.600352 -0.799736
VERTEX_BEARING D44 E125 -0.729165 0.684338
VERTEX_BEARING D45 E126 -0.712824 -0.701343
VERTEX_BEARING D46 E127 -0.647614 -0.761968
VERTEX_BEARING D47 E128 -0.175996 0.984391
VERTEX_BEARING D48 E129 -0.085128 -0.996370
VERTEX_BEARING D49 E130 0.326736 0.945116
VERTEX_BEARING D50 E131 0.582156 -0.813077
VERTEX_BEARING D51 E132 0.797067 0.603891
VERTEX_BEARING D52 E133 0.999856 0.016983
VERTEX_BEARING D53 E134 -0.031140 0.999515
VERTEX_BEARING D54 E135 -0.013542 0.999908
VERTEX_BEARING D55 E136 -0.643650 0.765320
VERTEX_BEARING D56 E137 -0.544557 -0.838724
VERTEX_BEARING D57 E138 0.654920 -0.755698
VERTEX_BEARING D58 E139 -0.866416 -0.499324
VERTEX_BEARING D59 E140 -0.987398 -0.158260
VERTEX_BEARING D61 E141 -0.887981 0.459879
VERTEX_BEARING D62 E142 -0.706479 0.707734
VERTEX_BEARING D63 E143 0.976941 -0.213510
VERTEX_BEARING D64 E144 -0.980116 0.198425
VERTEX_BEARING D65 E145 -0.966121 -0.258088
VERTEX_BEARING D66 E146 -0.445380 0.895342
VERTEX_BEARING D67 E147 0.795963 0.605346
VERTEX_BEARING D68 E148 0.525801 0.850607
VERTEX_BEARING D69 E149 -0.896664 -0.442711
VERTEX_BEARING D70 E150 0.650319 -0.759661
VERTEX_BEARING D71 E151 -0.829510 0.558492
VERTEX_BEARING D72 E152 -0.262367 -0.964968
VERTEX_BEARING D73 E153 0.120111 -0.992760
VERTEX_BEARING D74 E154 0.864365 -0.502866
VERTEX_BEARING D75 E155 -0.924160 -0.382006
VERTEX_BEARING D76 E156 0.188063 -0.982157
VERTEX_BEARING D77 E157 -0.990372 -0.138432
VERTEX_BEARING D78 E158 -0.926671 -0.375873
VERTEX_BEARING D79 E159 -0.801091 0.598542
VERTEX_BEARING D80 E160 0.968887 -0.247505
VERTEX_BEARING A11 C14 0.877847 -0.478942
VERTEX_BEARING A13 C18 0.489108 -0.872223
VERTEX_BEARING A14 C20 -0.306239 -0.951955
VERTEX_BEARING A17 C24 0.544913 0.838493
VERTEX_BEARING A19 C26 -0.668573 0.743647
VERTEX_BEARING A20 C27 0.845291 -0.534306
VERTEX_BEARING A22 C29 0.680217 0.733011
VERTEX_BEARING A23 C31 0.090529 0.995894
VERTEX_BEARING A137 C90 -0.077271 0.997010
VERTEX_BEARING A141 C91 0.763727 -0.645539
VERTEX_BEARING A142 C92 0.712306 -0.701869
VERTEX_BEARING A143 C93 0.609400 -0.792863
VERTEX_BEARING A144 C94 -0.667824 -0.744319
VERTEX_BEARING A145 C95 0.259429 0.965762
VERTEX_BEARING A146 C96 0.351076 0.936347
VERTEX_BEARING A173 C97 -0.961239 -0.275718
VERTEX_BEARING A174 C98 0.897914 0.440171
VERTEX_BEARING A175 C99 0.295821 0.955244
VERTEX_BEARING A176 C100 0.825148 -0.564917
VERTEX_BEARING C132 A205 -0.643615 -0.765350
VERTEX_BEARING A212 C151 -0.067802 0.997699
VERTEX_BEARING A213 C153 0.691662 -0.722222
VERTEX_BEARING A214 C156 0.003206 -0.999995
VERTEX_BEARING A215 C158 -0.771983 0.635643
VERTEX_BEARING A216 C159 0.864419 -0.502772
VERTEX_BEARING E0 C0 0.203530 -0.979069
VERTEX_BEARING E1 C1 0.258340 0.966054
VERTEX_BEARING E2 C2 0.906875 0.421399
VERTEX_BEARING E3 C3 0.581870 0.813282
VERTEX_BEARING E8 C7 0.466584 0.884477
VERTEX_BEARING E9 C9 0.202457 -0.979291
VERTEX_BEARING E10 C10 -0.055746 -0.998445
VERTEX_BEARING E11 C11 -0.259995 0.965610
VERTEX_BEARING E13 C13 0.994894 -0.100922
VERTEX_BEARING E14 C14 -0.599242 0.800568
VERTEX_BEARING E15 C16 0.953234 0.302234
VERTEX_BEARING E20 C22 0.896412 0.443222
VERTEX_BEARING E229 C134 -0.902889 0.429873
VERTEX_BEARING E263 C160 -0.994832 -0.101537
VERTEX_BEARING E295 C172 -0.617452 -0.786608
VERTEX_BEARING E300 C178 0.780829 0.624745
VERTEX_BEARING E305 C184 0.756175 0.654369
VERTEX_BEARING E310 C190 0.939093 0.343664
VERTEX_BEARING A2 D0 -0.799133 0.601154
VERTEX_BEARING A3 D1 -0.569844 0.821753
VERTEX_BEARING A4 D2 0.812899 0.582404
VERTEX_BEARING A6 D3 -0.814655 -0.579946
VERTEX_BEARING A7 D4 -0.630975 -0.775803
VERTEX_BEARING A8 D5 -0.887643 -0.460532
VERTEX_BEARING A9 D6 -0.999387 0.035001
VERTEX_BEARING A11 D7 -0.329421 -0.944183
VERTEX_BEARING A17 D8 0.522637 -0.852555
VERTEX_BEARING A20 D9 -0.996008 0.089264
VERTEX_BEARING A26 D10 0.975831 -0.218527
VERTEX_BEARING A131 D11 0.466644 -0.884445
VERTEX_BEARING A136 D12 0.773604 0.633669
VERTEX_BEARING A138 D13 -0.122586 0.992458
VERTEX_BEARING A139 D15 -0.282987 0.959124
VERTEX_BEARING A140 D17 0.991292 0.131684
VERTEX_BEARING D28 A152 -0.999070 0.043123
VERTEX_BEARING D29 A154 -0.895419 0.445225
VERTEX_BEARING D30 A155 -0.210328 0.977631
VERTEX_BEARING D31 A156 0.796964 0.604026
VERTEX_BEARING A259 D121 -0.867298 0.497789
VERTEX_BEARING A260 D122 -0.261011 -0.965336
VERTEX_BEARING A265 D123 0.999304 -0.037316
VERTEX_BEARING E252 B128 -0.689255 -0.724519
VERTEX_BEARING E253 B129 -0.426255 0.904603
VERTEX_BEARING E254 B130 0.746506 -0.665379
VERTEX_BEARING E255 B131 -0.919440 0.393230
VERTEX_BEARING E256 B132 0.591920 -0.805996
VERTEX_BEARING E257 B133 0.526987 -0.849873
VERTEX_BEARING E258 B134 -0.936056 -0.351850
VERTEX_BEARING E259 B135 0.398674 0.917093
VERTEX_BEARING E260 B136 0.506925 0.861990
VERTEX_BEARING E261 B137 0.310191 0.950674
VERTEX_BEARING E262 B138 -0.959367 0.282160
VERTEX_BEARING E263 B139 0.858914 -0.512120
VERTEX_BEARING E264 B140 0.865545 -0.500830
VERTEX_BEARING E265 B141 0.208571 0.978007
VERTEX_BEARING E266 B142 -0.890512 0.454959
VERTEX_BEARING E268 B143 -0.864706 0.502278
VERTEX_BEARING E269 B144 -0.393390 -0.919372
VERTEX_BEARING E271 B145 -0.908669 -0.417518
VERTEX_BEARING E272 B146 -0.330728 0.943726
VERTEX_BEARING E273 B147 -0.726110 -0.687579
VERTEX_BEARING E274 B148 0.746764 -0.665089
VERTEX_BEARING E275 B149 0.782974 0.622055
VERTEX_BEARING E279 B150 -0.172370 -0.985032
VERTEX_BEARING E280 B151 0.889919 0.456118
VERTEX_BEARING E281 B152 0.874315 -0.485358
VERTEX_BEARING E282 B153 -0.233993 0.972238
VERTEX_BEARING E283 B154 -0.950875 -0.309575
VERTEX_BEARING E284 B155 0.134948 0.990853
VERTEX_BEARING E288 B157 0.898547 -0.438877
VERTEX_BEARING E289 B158 0.810229 0.586114
VERTEX_BEARING E292 B159 -0.654613 -0.755964
VERTEX_BEARING E293 B160 0.986247 -0.165279
VERTEX_BEARING E294 B161 0.997252 0.074088
VERTEX_BEARING E295 B162 -0.987727 0.156192
VERTEX_BEARING A12 E16 -0.345888 0.938276
VERTEX_BEARING A13 E17 0.541354 0.840795
VERTEX_BEARING E18 A14 0.949152 0.314818
VERTEX_BEARING A15 E19 0.257157 -0.966370
VERTEX_BEARING E20 A16 -0.529676 0.848200
VERTEX_BEARING A17 E21 0.894248 0.447571
VERTEX_BEARING E22 A18 -0.906663 -0.421855
VERTEX_BEARING A20 E23 0.663208 -0.748435
VERTEX_BEARING E24 A21 0.390984 0.920397
VERTEX_BEARING E26 A24 -0.970220 0.242224
VERTEX_BEARING A25 E27 -0.505294 -0.862947
VERTEX_BEARING A26 E30 0.918391 0.395674
VERTEX_BEARING E31 A27 0.125230 -0.992128
VERTEX_BEARING A28 E32 0.363366 -0.931646
VERTEX_BEARING A29 E34 0.482766 0.875749
VERTEX_BEARING A32 E37 0.698817 -0.715301
VERTEX_BEARING A33 E38 0.630087 -0.776524
VERTEX_BEARING A34 E40 0.269885 0.962893
VERTEX_BEARING A38 E44 0.472155 0.881515
VERTEX_BEARING A39 E46 -0.928717 -0.370789
VERTEX_BEARING A40 E48 -0.352662 0.935751
VERTEX_BEARING A48 E56 0.301230 -0.953551
VERTEX_BEARING A61 E68 0.048238 -0.998836
VERTEX_BEARING A64 E71 0.432374 -0.901695
VERTEX_BEARING A70 E76 -0.593639 0.804732
VERTEX_BEARING A74 E77 -0.891471 -0.453078
VERTEX_BEARING A75 E78 -0.473760 0.880654
VERTEX_BEARING A76 E79 0.098024 -0.995184
VERTEX_BEARING A77 E80 -0.354138 0.935193
VERTEX_BEARING A78 E81 -0.361146 -0.932509
VERTEX_BEARING A79 E82 0.484170 0.874974
VERTEX_BEARING A80 E83 0.466953 0.884282
VERTEX_BEARING A81 E84 -0.653171 -0.757211
VERTEX_BEARING A82 E85 0.950089 -0.311979
VERTEX_BEARING A83 E86 -0.722575 -0.691293
VERTEX_BEARING A84 E87 -0.248653 0.968593
VERTEX_BEARING A85 E88 -0.440881 -0.897565
VERTEX_BEARING A86 E89 -0.764873 0.644181
VERTEX_BEARING A87 E90 -0.581975 0.813206
VERTEX_BEARING A88 E91 0.740333 0.672240
VERTEX_BEARING A89 E92 0.145662 -0.989334
VERTEX_BEARING A90 E93 -0.099301 -0.995057
VERTEX_BEARING A91 E94 0.837656 -0.546198
VERTEX_BEARING A94 E95 -0.912834 -0.408330
VERTEX_BEARING A95 E96 -0.945991 -0.324192
VERTEX_BEARING A96 E97 -0.758280 -0.651929
VERTEX_BEARING A98 E98 0.988062 -0.154056
VERTEX_BEARING A103 E99 0.852318 0.523024
VERTEX_BEARING A104 E100 0.873053 -0.487625
VERTEX_BEARING A105 E101 0.587300 -0.809369
VERTEX_BEARING A106 E102 0.562309 0.826927
VERTEX_BEARING A107 E103 -0.336040 0.941848
VERTEX_BEARING A108 E104 -0.873536 -0.486760
VERTEX_BEARING E207 A186 -0.358140 -0.933668
VERTEX_BEARING E208 A187 -0.683540 0.729913
VERTEX_BEARING E209 A188 -0.236793 -0.971560
VERTEX_BEARING E210 A189 0.983547 0.180651
VERTEX_BEARING E211 A190 -0.214594 0.976703
VERTEX_BEARING E212 A191 0.977651 0.210234
VERTEX_BEARING E213 A192 -0.972106 -0.234543
VERTEX_BEARING E214 A193 0.693741 0.720225
VERTEX_BEARING E215 A194 0.922679 -0.385569
VERTEX_BEARING E216 A195 0.742951 -0.669346
VERTEX_BEARING E217 A196 0.751953 0.659217
VERTEX_BEARING E218 A197 -0.512271 0.858824
VERTEX_BEARING E219 A198 0.999008 -0.044542
VERTEX_BEARING E220 A199 -0.762365 0.647147
VERTEX_BEARING E221 A200 0.098286 0.995158
VERTEX_BEARING E223 A201 -0.231032 -0.972946
VERTEX_BEARING E224 A202 0.468485 0.883471
VERTEX_BEARING E225 A203 -0.099387 0.995049
VERTEX_BEARING E226 A204 0.855149 -0.518382
VERTEX_BEARING E227 A206 -0.916710 0.399554
VERTEX_BEARING E228 A207 -0.908916 -0.416978
VERTEX_BEARING E230 A208 -0.994500 0.104735
VERTEX_BEARING E232 A209 -0.699252 -0.714875
VERTEX_BEARING E233 A210 -0.885614 0.464422
VERTEX_BEARING E234 A211 -0.716051 0.698048
VERTEX_BEARING E266 A226 0.826846 0.562429
VERTEX_BEARING E311 A266 -0.600925 0.799306
VERTEX_BEARING A0 B0 0.576032 -0.817427
VERTEX_BEARING A1 B1 0.597153 0.802127
VERTEX_BEARING A2 B2 0.270002 0.962860
VERTEX_BEARING A3 B3 0.962303 0.271978
VERTEX_BEARING A8 B9 0.853217 0.521556
VERTEX_BEARING A245 B156 0.525947 0.850517
