VERTEX_POSE A0 -0.323074 -0.653092 -0.786134 0.618056 -0.618056 -0.786134
VERTEX_POSE A1 0.011605 -0.078205 0.953018 -0.302915 0.302915 0.953018
VERTEX_POSE A2 -0.180390 -0.455576 -0.999906 0.013681 0.013681 0.999906
VERTEX_POSE A3 -0.138147 0.439931 0.910346 -0.413847 0.413847 0.910346
VERTEX_POSE A4 -0.760929 -0.635862 0.916618 -0.399764 -0.399764 -0.916618
VERTEX_POSE A5 -0.210035 -0.920349 0.549101 0.835756 -0.835756 0.549101
VERTEX_POSE A6 -0.407838 -0.434099 -0.645600 -0.763676 0.763676 -0.645600
VERTEX_POSE A7 -0.394064 -0.522361 -0.797592 -0.603197 -0.603197 0.797592
VERTEX_POSE A8 -0.297264 -0.436030 0.128111 0.991760 -0.991760 0.128111
VERTEX_POSE A9 -0.116358 -0.169086 0.472440 0.881363 -0.881363 0.472440
VERTEX_POSE A10 -0.974294 -0.130514 -0.744181 -0.667978 0.667978 -0.744181
VERTEX_POSE A11 0.553232 -0.593685 0.836181 -0.548453 -0.548453 -0.836181
VERTEX_POSE A12 -0.540410 0.549479 -0.570819 -0.821076 -0.821076 0.570819
VERTEX_POSE A13 -0.072751 0.591536 -0.494354 0.869261 -0.869261 -0.494354
VERTEX_POSE A14 -0.249951 -0.448776 -0.586706 -0.809800 -0.809800 0.586706
VERTEX_POSE A15 0.044636 -0.710076 0.854428 -0.519569 0.519569 0.854428
VERTEX_POSE A16 -0.726390 0.422802 -0.342951 0.939353 -0.939353 -0.342951
VERTEX_POSE A17 -0.538958 0.814588 -0.912840 -0.408317 0.408317 -0.912840
VERTEX_POSE A18 0.754140 0.180987 0.845026 0.534726 0.534726 -0.845026
VERTEX_POSE A19 -0.062850 -0.514768 0.681214 -0.732085 -0.732085 -0.681214
VERTEX_POSE A20 0.970754 -0.535571 0.989240 -0.146301 -0.146301 -0.989240
VERTEX_POSE A21 -0.583084 -0.060131 -0.998676 -0.051443 -0.051443 0.998676
VERTEX_POSE A22 -0.244736 -0.242468 0.890321 -0.455334 0.455334 0.890321
VERTEX_POSE A23 0.411681 -0.308189 0.507215 -0.861819 0.861819 0.507215
VERTEX_POSE A24 -0.081765 0.358884 0.916831 -0.399276 0.399276 0.916831
VERTEX_POSE A25 -0.370907 -0.932910 -0.623772 0.781606 -0.781606 -0.623772
VERTEX_POSE A26 -0.216794 -0.038999 0.932262 -0.361784 0.361784 0.932262
VERTEX_POSE A27 -0.139260 0.749143 -0.910175 0.414223 0.414223 0.910175
VERTEX_POSE A28 -0.696649 0.232245 -0.866711 -0.498810 -0.498810 0.866711
VERTEX_POSE A29 0.225400 -0.316827 -0.846702 -0.532068 -0.532068 0.846702
VERTEX_POSE A30 0.981573 0.744233 0.805065 0.593186 0.593186 -0.805065
VERTEX_POSE A31 -0.019723 0.579153 -0.828067 0.560629 -0.560629 -0.828067
VERTEX_POSE A32 -0.762995 0.604969 0.794070 -0.607826 0.607826 0.794070
VERTEX_POSE A33 -0.198817 -0.711343 0.954193 0.299193 0.299193 -0.954193
VERTEX_POSE A34 0.842130 0.019085 0.825992 0.563682 -0.563682 0.825992
VERTEX_POSE A35 -0.523924 0.969107 -0.255526 0.966802 -0.966802 -0.255526
VERTEX_POSE A36 0.591148 -0.631693 -0.751274 0.659991 -0.659991 -0.751274
VERTEX_POSE A37 -0.565707 0.584986 0.959525 0.281622 -0.281622 0.959525
VERTEX_POSE A38 0.082012 -0.553254 0.795570 -0.605861 0.605861 0.795570
VERTEX_POSE A39 -0.706115 -0.067723 0.928318 0.371786 0.371786 -0.928318
VERTEX_POSE A40 0.317935 -0.584100 -0.420460 0.907311 0.907311 0.420460
VERTEX_POSE A41 0.107718 0.316233 -0.288209 -0.957568 0.957568 -0.288209
VERTEX_POSE A42 0.847117 0.338592 0.638611 0.769530 0.769530 -0.638611
VERTEX_POSE A43 0.777525 0.965379 0.052897 -0.998600 0.998600 0.052897
VERTEX_POSE A44 -0.965033 -0.092231 0.958637 0.284630 0.284630 -0.958637
VERTEX_POSE A45 -0.402834 0.889816 0.798474 -0.602029 0.602029 0.798474
VERTEX_POSE A46 -0.177840 -0.744698 0.233232 0.972421 -0.972421 0.233232
VERTEX_POSE A47 -0.691423 -0.669429 -0.999887 -0.015053 -0.015053 0.999887
VERTEX_POSE A48 0.058207 0.704404 -0.994225 -0.107316 0.107316 -0.994225
VERTEX_POSE A49 -0.423700 0.436290 -0.196116 0.980581 0.980581 0.196116
VERTEX_POSE A50 0.245727 -0.184197 0.184527 0.982827 -0.982827 0.184527
VERTEX_POSE A51 0.028962 -0.831167 0.843491 -0.537143 -0.537143 -0.843491
VERTEX_POSE A52 -0.006784 -0.623842 -0.982174 0.187976 0.187976 0.982174
VERTEX_POSE A53 -0.999009 0.573335 -0.001132 0.999999 0.999999 0.001132
VERTEX_POSE A54 -0.559357 -0.139356 -0.737118 -0.675764 0.675764 -0.737118
VERTEX_POSE A55 0.911451 0.735043 0.531883 0.846818 0.846818 -0.531883
VERTEX_POSE A56 -0.369915 0.640425 0.424473 -0.905440 -0.905440 -0.424473
VERTEX_POSE A57 0.223849 0.821645 0.932366 0.361515 0.361515 -0.932366
VERTEX_POSE A58 -0.227809 0.484186 0.534803 0.844977 -0.844977 0.534803
VERTEX_POSE A59 -0.066564 -0.127330 0.675944 0.736953 -0.736953 0.675944
VERTEX_POSE A60 -0.550751 -0.495181 0.907145 0.420818 0.420818 -0.907145
VERTEX_POSE A61 -0.246236 0.228418 -0.245221 0.969467 -0.969467 -0.245221
VERTEX_POSE A62 0.913713 -0.548176 0.660688 0.750661 -0.750661 0.660688
VERTEX_POSE A63 -0.313746 -0.890213 -0.925309 -0.379214 -0.379214 0.925309
VERTEX_POSE A64 0.554947 0.517075 -0.336713 -0.941607 0.941607 -0.336713
VERTEX_POSE A65 0.755843 0.470908 0.385812 -0.922578 0.922578 0.385812
VERTEX_POSE A66 0.162329 -0.921106 0.628055 -0.778169 0.778169 0.628055
VERTEX_POSE A67 0.146095 0.885383 -0.450083 -0.892987 0.892987 -0.450083
VERTEX_POSE A68 -0.809865 0.055894 0.714797 0.699332 -0.699332 0.714797
VERTEX_POSE A69 -0.755659 -0.474360 -0.810765 0.585372 0.585372 0.810765
VERTEX_POSE A70 0.439980 -0.182340 0.995413 0.095668 0.095668 -0.995413
VERTEX_POSE A71 0.508070 0.471794 -0.007512 0.999972 0.999972 0.007512
VERTEX_POSE A72 0.352059 0.841873 0.777502 0.628881 0.628881 -0.777502
VERTEX_POSE A73 0.287097 -0.843748 0.554937 0.831892 0.831892 -0.554937
VERTEX_POSE A74 0.285595 0.437173 -0.950100 -0.311945 0.311945 -0.950100
VERTEX_POSE A75 0.387026 -0.250359 0.818138 0.575021 0.575021 -0.818138
VERTEX_POSE A76 0.884263 -0.953932 -0.757440 -0.652905 -0.652905 0.757440
VERTEX_POSE A77 -0.892245 0.692475 -0.649349 0.760490 0.760490 0.649349
VERTEX_POSE A78 0.695603 0.080212 0.985460 -0.169906 -0.169906 -0.985460
VERTEX_POSE A79 -0.057530 0.750472 -0.977426 -0.211280 0.211280 -0.977426
VERTEX_POSE A80 -0.315944 0.128765 0.901520 0.432736 0.432736 -0.901520
VERTEX_POSE A81 -0.058670 0.896015 0.756824 0.653619 0.653619 -0.756824
VERTEX_POSE A82 0.971432 0.919305 -0.348471 -0.937319 0.937319 -0.348471
VERTEX_POSE A83 0.677272 0.504924 0.786295 0.617852 -0.617852 0.786295
VERTEX_POSE A84 -0.057679 0.469350 0.427924 0.903815 0.903815 -0.427924
VERTEX_POSE A85 -0.587925 -0.220051 0.815769 0.578377 0.578377 -0.815769
VERTEX_POSE A86 0.588723 0.239967 0.159828 -0.987145 -0.987145 -0.159828
VERTEX_POSE A87 0.572406 0.109775 0.915862 0.401493 0.401493 -0.915862
VERTEX_POSE A88 0.635924 -0.398406 0.507935 -0.861395 -0.861395 -0.507935
VERTEX_POSE A89 -0.639086 -0.275848 0.580022 0.814601 -0.814601 0.580022
VERTEX_POSE A90 -0.494158 0.982445 0.997035 0.076952 -0.076952 0.997035
VERTEX_POSE A91 -0.914827 0.106413 -0.154255 -0.988031 -0.988031 0.154255
VERTEX_POSE A92 0.114678 0.952570 -0.560263 0.828315 0.828315 0.560263
VERTEX_POSE A93 -0.580445 -0.565732 0.982991 -0.183652 0.183652 0.982991
VERTEX_POSE A94 -0.228573 0.216200 -0.665306 -0.746571 -0.746571 0.665306
VERTEX_POSE A95 -0.330375 0.469646 0.173259 -0.984876 0.984876 0.173259
VERTEX_POSE A96 -0.824603 0.905177 -0.852843 -0.522168 -0.522168 0.852843
VERTEX_POSE A97 0.933756 0.295094 -0.927538 -0.373729 0.373729 -0.927538
VERTEX_POSE A98 0.815720 0.355028 -0.494955 0.868919 0.868919 0.494955
VERTEX_POSE A99 -0.634467 -0.038929 0.825586 -0.564277 -0.564277 -0.825586
VERTEX_POSE A100 -0.821903 0.820734 0.853552 0.521007 -0.521007 0.853552
VERTEX_POSE A101 0.255700 -0.827312 -0.671392 0.741103 -0.741103 -0.671392
VERTEX_POSE A102 0.873603 -0.567135 0.699588 0.714547 -0.714547 0.699588
VERTEX_POSE A103 0.530156 0.662606 -0.829002 0.559246 -0.559246 -0.829002
VERTEX_POSE A104 -0.457203 -0.671060 -0.354436 0.935080 -0.935080 -0.354436
VERTEX_POSE A105 0.159198 0.870038 -0.087819 0.996136 -0.996136 -0.087819
VERTEX_POSE A106 -0.082819 -0.587752 0.018000 -0.999838 -0.999838 -0.018000
VERTEX_POSE A107 -0.572940 -0.624992 -0.999549 0.030020 0.030020 0.999549
VERTEX_POSE A108 0.266953 0.562514 0.622004 0.783014 -0.783014 0.622004
VERTEX_POSE A109 -0.387216 0.492460 -0.587103 -0.809512 0.809512 -0.587103
VERTEX_POSE A110 0.369530 -0.874520 -0.778522 0.627617 0.627617 0.778522
VERTEX_POSE A111 0.951009 -0.308721 0.837895 -0.545831 0.545831 0.837895
VERTEX_POSE A112 0.554114 0.388475 -0.991344 -0.131292 0.131292 -0.991344
VERTEX_POSE A113 0.340962 -0.955216 -0.327980 0.944685 -0.944685 -0.327980
VERTEX_POSE A114 0.628281 -0.803797 0.716592 0.697493 0.697493 -0.716592
VERTEX_POSE A115 -0.503564 -0.142175 -0.991917 0.126886 -0.126886 -0.991917
VERTEX_POSE A116 0.753037 -0.175267 -0.636946 -0.770908 0.770908 -0.636946
VERTEX_POSE A117 0.217004 0.436169 -0.959621 -0.281298 -0.281298 0.959621
VERTEX_POSE A118 -0.931158 0.967600 -0.800062 -0.599917 -0.599917 0.800062
VERTEX_POSE A119 0.388961 0.426328 0.862841 -0.505476 -0.505476 -0.862841
VERTEX_POSE A120 0.577917 -0.839679 -0.945263 -0.326310 0.326310 -0.945263
VERTEX_POSE A121 -0.425316 0.950045 -0.903259 0.429097 0.429097 0.903259
VERTEX_POSE A122 0.474134 -0.467260 -0.932146 0.362082 0.362082 0.932146
VERTEX_POSE A123 -0.307405 -0.887108 -0.992447 0.122671 0.122671 0.992447
VERTEX_POSE A124 -0.005762 -0.615687 0.685719 0.727866 -0.727866 0.685719
VERTEX_POSE A125 -0.754440 0.748940 0.999778 -0.021067 -0.021067 -0.999778
VERTEX_POSE A126 0.362220 0.582537 0.866739 -0.498763 0.498763 0.866739
VERTEX_POSE A127 0.169636 -0.710510 -0.177725 0.984080 0.984080 0.177725
VERTEX_POSE A128 -0.820683 0.044034 0.999267 0.038278 0.038278 -0.999267
VERTEX_POSE A129 0.177940 -0.062434 -0.998610 -0.052710 0.052710 -0.998610
VERTEX_POSE A130 0.535169 0.250561 -0.843375 -0.537326 -0.537326 0.843375
VERTEX_POSE A131 -0.642586 -0.135233 0.997405 0.071988 -0.071988 0.997405
VERTEX_POSE A132 -0.566360 0.110254 0.947854 0.318706 0.318706 -0.947854
VERTEX_POSE A133 0.408772 0.683426 0.400641 -0.916235 0.916235 0.400641
VERTEX_POSE A134 0.887570 -0.472626 -0.802593 -0.596526 0.596526 -0.802593
VERTEX_POSE A135 -0.023563 0.439194 0.241434 -0.970417 0.970417 0.241434
VERTEX_POSE A136 -0.432030 0.553464 0.182501 -0.983206 -0.983206 -0.182501
VERTEX_POSE A137 -0.195249 -0.060379 0.716707 -0.697374 -0.697374 -0.716707
VERTEX_POSE A138 0.403496 0.814202 0.893336 -0.449389 0.449389 0.893336
VERTEX_POSE A139 0.834923 0.115978 -0.466785 -0.884371 -0.884371 0.466785
VERTEX_POSE A140 0.417535 -0.567918 0.912407 -0.409284 -0.409284 -0.912407
VERTEX_POSE A141 -0.226974 0.939682 0.892771 0.450511 0.450511 -0.892771
VERTEX_POSE A142 0.785932 0.807257 -0.578219 -0.815882 -0.815882 0.578219
VERTEX_POSE A143 -0.028350 0.820557 -0.903247 -0.429122 0.429122 -0.903247
VERTEX_POSE A144 -0.886013 0.984467 0.775392 0.631480 0.631480 -0.775392
VERTEX_POSE A145 0.414213 -0.996540 0.979997 -0.199014 -0.199014 -0.979997
VERTEX_POSE A146 0.468085 -0.321618 0.101448 0.994841 0.994841 -0.101448
VERTEX_POSE A147 0.867024 -0.190800 -0.072841 -0.997344 0.997344 -0.072841
VERTEX_POSE A148 -0.368783 0.439629 0.246969 -0.969023 -0.969023 -0.246969
VERTEX_POSE A149 0.536927 -0.354018 0.250373 0.968149 0.968149 -0.250373
VERTEX_POSE A150 0.255984 -0.764472 0.669435 -0.742870 0.742870 0.669435
VERTEX_POSE A151 -0.790866 0.599950 -0.940217 -0.340576 0.340576 -0.940217
VERTEX_POSE A152 -0.888389 -0.403974 -0.821204 -0.570635 -0.570635 0.821204
VERTEX_POSE A153 -0.269882 -0.231732 0.487622 0.873055 -0.873055 0.487622
VERTEX_POSE A154 -0.098271 0.712842 0.193864 0.981028 0.981028 -0.193864
VERTEX_POSE A155 0.105850 -0.019661 0.378377 -0.925652 0.925652 0.378377
VERTEX_POSE A156 -0.024321 -0.482792 -0.957524 0.288353 0.288353 0.957524
VERTEX_POSE A157 -0.736051 0.295379 -0.926814 0.375520 0.375520 0.926814
VERTEX_POSE A158 -0.724515 0.269829 0.909626 0.415428 0.415428 -0.909626
VERTEX_POSE A159 0.154995 0.561242 0.717061 0.697010 -0.697010 0.717061
VERTEX_POSE A160 0.441888 -0.767055 -0.997951 0.063989 0.063989 0.997951
VERTEX_POSE A161 0.810654 -0.479610 0.962113 0.272651 0.272651 -0.962113
VERTEX_POSE A162 0.512409 -0.573991 0.435224 -0.900322 0.900322 0.435224
VERTEX_POSE A163 0.875528 0.343199 0.982725 -0.185072 -0.185072 -0.982725
VERTEX_POSE A164 0.219426 -0.796184 0.221043 0.975264 -0.975264 0.221043
VERTEX_POSE A165 0.399978 -0.046617 -0.825148 -0.564916 -0.564916 0.825148
VERTEX_POSE A166 -0.148035 -0.217607 -0.999930 -0.011836 -0.011836 0.999930
VERTEX_POSE A167 0.787395 0.757280 0.628439 -0.777859 0.777859 0.628439
VERTEX_POSE A168 -0.795271 0.893004 0.990089 -0.140438 -0.140438 -0.990089
VERTEX_POSE A169 -0.744539 -0.403404 -0.650224 -0.759742 0.759742 -0.650224
VERTEX_POSE A170 0.622319 -0.126742 -0.480411 -0.877043 -0.877043 0.480411
VERTEX_POSE A171 0.622264 -0.674914 -0.247533 -0.968880 0.968880 -0.247533
VERTEX_POSE A172 0.028486 -0.463722 0.993270 -0.115818 -0.115818 -0.993270
VERTEX_POSE A173 0.408251 -0.319486 0.990174 0.139839 0.139839 -0.990174
VERTEX_POSE A174 -0.406086 -0.854357 -0.959121 0.282995 -0.282995 -0.959121
VERTEX_POSE A175 0.142474 -0.479256 0.570897 -0.821022 0.821022 0.570897
VERTEX_POSE A176 -0.177536 -0.316026 -0.291862 -0.956461 -0.956461 0.291862
VERTEX_POSE A177 -0.938001 -0.175975 0.027986 -0.999608 0.999608 0.027986
VERTEX_POSE A178 0.009498 0.329944 0.722121 -0.691767 -0.691767 -0.722121
VERTEX_POSE A179 0.453682 -0.876397 -0.621950 0.783057 -0.783057 -0.621950
VERTEX_POSE A180 0.598926 0.470007 -0.136249 0.990675 0.990675 0.136249
VERTEX_POSE A181 -0.734518 0.565472 0.941633 -0.336642 -0.336642 -0.941633
VERTEX_POSE A182 0.662816 0.723553 -0.710669 0.703527 -0.703527 -0.710669
VERTEX_POSE A183 0.710537 -0.933967 0.956747 0.290920 0.290920 -0.956747
VERTEX_POSE A184 -0.004400 -0.666260 0.609188 0.793026 -0.793026 0.609188
VERTEX_POSE A185 -0.435455 0.436395 -0.022186 -0.999754 -0.999754 0.022186
VERTEX_POSE A186 -0.183613 0.046372 -0.793144 0.609034 -0.609034 -0.793144
VERTEX_POSE A187 0.971279 -0.149052 -0.363478 0.931603 -0.931603 -0.363478
VERTEX_POSE A188 -0.171506 -0.268226 -0.506826 -0.862049 0.862049 -0.506826
VERTEX_POSE A189 0.091872 -0.683799 0.990125 0.140185 -0.140185 0.990125
VERTEX_POSE A190 0.126274 -0.587810 -0.376080 -0.926587 0.926587 -0.376080
VERTEX_POSE A191 -0.729618 -0.035281 0.811613 0.584196 0.584196 -0.811613
VERTEX_POSE A192 -0.097473 -0.163409 0.131772 0.991280 0.991280 -0.131772
VERTEX_POSE A193 -0.361317 -0.161801 -0.919734 -0.392543 -0.392543 0.919734
VERTEX_POSE A194 -0.854090 -0.692082 -0.458863 -0.888507 0.888507 -0.458863
VERTEX_POSE A195 -0.878048 0.040406 -0.980974 -0.194138 -0.194138 0.980974
VERTEX_POSE A196 -0.961339 0.791581 -0.441288 -0.897366 0.897366 -0.441288
VERTEX_POSE A197 -0.002125 0.090311 -0.158465 0.987365 0.987365 0.158465
VERTEX_POSE A198 0.909348 -0.202314 0.850405 -0.526128 0.526128 0.850405
VERTEX_POSE A199 -0.756610 0.684586 -0.936875 0.349664 0.349664 0.936875
VERTEX_POSE A200 0.253336 0.686907 0.974100 0.226118 -0.226118 0.974100
VERTEX_POSE A201 0.531666 0.670944 0.400206 0.916425 -0.916425 0.400206
VERTEX_POSE A202 0.865655 -0.990328 -0.018030 -0.999837 -0.999837 0.018030
VERTEX_POSE A203 -0.718178 -0.776816 0.763619 0.645667 0.645667 -0.763619
VERTEX_POSE A204 -0.060083 -0.648542 -0.999551 0.029969 -0.029969 -0.999551
VERTEX_POSE A205 -0.540431 -0.844685 -0.765202 0.643790 -0.643790 -0.765202
VERTEX_POSE A206 0.424296 -0.256071 0.796383 -0.604793 -0.604793 -0.796383
VERTEX_POSE A207 0.762382 0.035432 0.990517 0.137392 0.137392 -0.990517
VERTEX_POSE A208 -0.478432 -0.020661 0.256769 0.966473 0.966473 -0.256769
VERTEX_POSE A209 -0.566206 -0.926127 -0.212277 -0.977209 0.977209 -0.212277
VERTEX_POSE A210 0.216063 0.159035 0.398750 -0.917060 -0.917060 -0.398750
VERTEX_POSE A211 -0.879506 -0.550654 0.989071 0.147437 0.147437 -0.989071
VERTEX_POSE A212 -0.300724 0.639345 -0.391152 -0.920326 -0.920326 0.391152
VERTEX_POSE A213 -0.121121 -0.117412 -0.618116 -0.786087 -0.786087 0.618116
VERTEX_POSE A214 0.831032 -0.484621 -0.942389 -0.334520 -0.334520 0.942389
VERTEX_POSE A215 0.694876 0.973085 0.883864 -0.467744 0.467744 0.883864
VERTEX_POSE A216 0.443424 -0.681018 -0.747039 0.664780 0.664780 0.747039
VERTEX_POSE A217 -0.352581 0.561751 -0.708602 -0.705608 -0.705608 0.708602
VERTEX_POSE A218 0.666155 -0.175967 -0.973580 -0.228346 -0.228346 0.973580
VERTEX_POSE A219 -0.728082 0.050756 0.604171 -0.796855 -0.796855 -0.604171
VERTEX_POSE A220 0.739291 0.877952 0.494972 0.868909 -0.868909 0.494972
VERTEX_POSE A221 -0.207571 0.236222 -0.507346 0.861743 0.861743 0.507346
VERTEX_POSE A222 -0.457700 -0.984525 0.345345 -0.938476 0.938476 0.345345
VERTEX_POSE A223 -0.358182 -0.285457 -0.719680 0.694306 0.694306 0.719680
VERTEX_POSE A224 0.431111 -0.925579 0.624590 -0.780953 -0.780953 -0.624590
VERTEX_POSE A225 -0.311790 -0.676607 0.864373 -0.502851 -0.502851 -0.864373
VERTEX_POSE A226 -0.236230 0.754950 0.949735 0.313054 -0.313054 0.949735
VERTEX_POSE A227 0.469772 0.866003 0.786006 0.618219 -0.618219 0.786006
VERTEX_POSE A228 0.686085 0.413704 0.904386 -0.426715 0.426715 0.904386
VERTEX_POSE A229 -0.326882 -0.447364 0.870602 0.491989 -0.491989 0.870602
VERTEX_POSE A230 0.713163 0.550588 0.939911 0.341419 -0.341419 0.939911
VERTEX_POSE A231 -0.060579 0.100610 -0.969916 0.243438 -0.243438 -0.969916
VERTEX_POSE A232 -0.795216 -0.776421 0.160500 -0.987036 0.987036 0.160500
VERTEX_POSE A233 0.578817 0.560260 0.833514 0.552498 0.552498 -0.833514
VERTEX_POSE A234 0.221243 0.323795 -0.980625 0.195894 -0.195894 -0.980625
VERTEX_POSE A235 0.144701 -0.424963 0.349951 0.936768 0.936768 -0.349951
VERTEX_POSE A236 -0.961614 0.715575 0.276341 -0.961060 0.961060 0.276341
VERTEX_POSE A237 -0.354461 -0.932277 -0.356848 -0.934162 -0.934162 0.356848
VERTEX_POSE A238 -0.092918 0.610469 -0.973319 -0.229458 -0.229458 0.973319
VERTEX_POSE A239 -0.440046 -0.305086 -0.978702 -0.205286 0.205286 -0.978702
VERTEX_POSE A240 0.079333 -0.858404 -0.431409 0.902156 -0.902156 -0.431409
VERTEX_POSE A241 -0.876855 -0.230496 -0.995563 0.094098 0.094098 0.995563
VERTEX_POSE A242 -0.319552 0.144260 0.656107 -0.754668 0.754668 0.656107
VERTEX_POSE A243 0.778608 0.780941 0.743181 -0.669091 0.669091 0.743181
VERTEX_POSE A244 0.002024 0.652092 0.072371 -0.997378 -0.997378 -0.072371
VERTEX_POSE A245 -0.488520 0.659639 0.202710 -0.979239 0.979239 0.202710
VERTEX_POSE A246 0.473484 0.754026 -1.000000 -0.000569 0.000569 -1.000000
VERTEX_POSE A247 -0.554552 0.971074 0.802567 -0.596562 0.596562 0.802567
VERTEX_POSE A248 0.158898 0.221390 -0.948858 0.315704 0.315704 0.948858
VERTEX_POSE A249 0.139639 -0.421941 -0.878027 0.478611 -0.478611 -0.878027
VERTEX_POSE A250 -0.282634 0.021831 -0.650273 0.759701 0.759701 0.650273
VERTEX_POSE A251 -0.101811 0.099342 -0.335933 0.941886 0.941886 0.335933
VERTEX_POSE A252 0.932068 0.814281 -0.907457 0.420144 0.420144 0.907457
VERTEX_POSE A253 0.259665 0.037306 -0.645960 -0.763371 -0.763371 0.645960
VERTEX_POSE A254 0.540007 0.813885 0.150537 -0.988604 0.988604 0.150537
VERTEX_POSE A255 0.363179 0.888702 0.147128 0.989118 0.989118 -0.147128
VERTEX_POSE A256 0.947876 0.360699 -0.718725 0.695295 -0.695295 -0.718725
VERTEX_POSE A257 -0.696223 0.568835 0.021813 0.999762 -0.999762 0.021813
VERTEX_POSE A258 -0.167048 0.754705 0.981851 0.189655 -0.189655 0.981851
VERTEX_POSE A259 0.633961 -0.225597 -0.971887 -0.235449 0.235449 -0.971887
VERTEX_POSE A260 -0.023105 -0.878530 -0.904965 0.425487 -0.425487 -0.904965
VERTEX_POSE A261 -0.453885 0.305293 -0.097852 -0.995201 0.995201 -0.097852
VERTEX_POSE A262 -0.426618 0.875013 0.663776 0.747932 -0.747932 0.663776
VERTEX_POSE A263 0.181678 -0.654950 0.984511 -0.175324 0.175324 0.984511
VERTEX_POSE A264 -0.875068 -0.134447 0.223435 -0.974719 0.974719 0.223435
VERTEX_POSE A265 0.794626 0.198808 0.793470 0.608609 0.608609 -0.793470
VERTEX_POSE A266 -0.673621 -0.079913 -0.997667 -0.068265 -0.068265 0.997667
VERTEX_POSE A267 -0.836682 -0.418872 -0.497328 -0.867563 0.867563 -0.497328
VERTEX_POSE A268 -0.559835 0.266531 -0.989758 -0.142758 0.142758 -0.989758
VERTEX_POSE A269 0.233462 -0.469443 -0.193337 0.981132 0.981132 0.193337
VERTEX_POSE A270 -0.276729 0.276042 0.627593 0.778541 0.778541 -0.627593
VERTEX_POSE A271 0.519498 0.408127 -0.056819 0.998384 0.998384 0.056819
VERTEX_POSE A272 0.356607 0.300061 0.125726 -0.992065 0.992065 0.125726
VERTEX_POSE A273 0.403719 -0.579698 0.444328 -0.895864 -0.895864 -0.444328
VERTEX_POSE A274 0.298106 0.189069 -0.694493 0.719499 0.719499 0.694493
VERTEX_POSE B0 -0.641369 -0.047847 0.919383 -0.393363 0.393363 0.919383
VERTEX_POSE B1 0.915199 -0.920059 0.243588 0.969879 0.969879 -0.243588
VERTEX_POSE B2 -0.228410 -0.056905 0.984445 -0.175692 0.175692 0.984445
VERTEX_POSE B3 -0.195921 -0.076773 0.966524 -0.256578 -0.256578 -0.966524
VERTEX_POSE B4 0.074097 0.301331 0.850703 -0.525647 0.525647 0.850703
VERTEX_POSE B5 0.911230 0.521154 0.294471 0.955660 0.955660 -0.294471
VERTEX_POSE B6 0.521445 0.945058 0.403969 0.914773 -0.914773 0.403969
VERTEX_POSE B7 0.972286 -0.599327 0.127886 -0.991789 -0.991789 -0.127886
VERTEX_POSE B8 0.843298 0.335435 0.962995 0.269518 -0.269518 0.962995
VERTEX_POSE B9 -0.218890 -0.017637 0.625821 -0.779967 -0.779967 -0.625821
VERTEX_POSE B10 0.512294 -0.785442 0.612981 -0.790098 -0.790098 -0.612981
VERTEX_POSE B11 0.206477 0.224137 0.439065 -0.898455 0.898455 0.439065
VERTEX_POSE B12 -0.271014 -0.656938 -0.166633 0.986019 0.986019 0.166633
VERTEX_POSE B13 0.816071 0.783393 -0.888602 -0.458679 0.458679 -0.888602
VERTEX_POSE B14 -0.960571 -0.021158 -0.797585 -0.603207 0.603207 -0.797585
VERTEX_POSE B15 -0.637053 0.117465 -0.739375 0.673294 0.673294 0.739375
VERTEX_POSE B16 -0.207035 0.904863 0.545978 0.837800 -0.837800 0.545978
VERTEX_POSE B17 -0.414457 -0.715865 -0.667834 0.744310 0.744310 0.667834
VERTEX_POSE B18 -0.063671 -0.007523 -0.841893 -0.539644 0.539644 -0.841893
VERTEX_POSE B19 0.974644 -0.750087 -0.693210 -0.720736 0.720736 -0.693210
VERTEX_POSE B20 -0.289525 0.149689 -0.511694 0.859168 0.859168 0.511694
VERTEX_POSE B21 -0.269045 -0.808715 -0.863484 -0.504377 0.504377 -0.863484
VERTEX_POSE B22 -0.698977 0.170000 -0.290985 -0.956728 -0.956728 0.290985
VERTEX_POSE B23 -0.126207 0.730817 -0.543815 -0.839205 -0.839205 0.543815
VERTEX_POSE B24 0.171120 0.457816 0.657093 0.753809 -0.753809 0.657093
VERTEX_POSE B25 0.534484 0.700557 -0.837497 -0.546442 0.546442 -0.837497
VERTEX_POSE B26 0.597064 0.006859 -0.283356 0.959015 0.959015 0.283356
VERTEX_POSE B27 -0.309383 -0.134057 -0.002585 0.999997 0.999997 0.002585
VERTEX_POSE B28 -0.108909 0.000618 0.033600 0.999435 -0.999435 0.033600
VERTEX_POSE B29 0.000784 0.427162 0.839398 0.543518 0.543518 -0.839398
VERTEX_POSE B30 0.988723 -0.944988 -0.381939 0.924187 -0.924187 -0.381939
VERTEX_POSE B31 0.249723 0.952771 -0.030841 -0.999524 0.999524 -0.030841
VERTEX_POSE B32 -0.084017 0.507102 0.157284 0.987553 -0.987553 0.157284
VERTEX_POSE B33 -0.239686 -0.001894 0.216359 0.976314 -0.976314 0.216359
VERTEX_POSE B34 -0.946198 -0.124002 0.946614 0.322370 0.322370 -0.946614
VERTEX_POSE B35 0.990080 -0.191567 0.730824 -0.682566 0.682566 0.730824
VERTEX_POSE B36 -0.328456 -0.480740 0.053611 0.998562 0.998562 -0.053611
VERTEX_POSE B37 0.575247 -0.178945 -0.725623 0.688093 0.688093 0.725623
VERTEX_POSE B38 0.962366 0.209106 -0.905153 -0.425085 0.425085 -0.905153
VERTEX_POSE B39 -0.485159 0.854695 0.952067 -0.305890 -0.305890 -0.952067
VERTEX_POSE B40 -0.643643 0.803418 -0.024720 -0.999694 0.999694 -0.024720
VERTEX_POSE B41 0.474660 0.423664 -0.207301 -0.978277 -0.978277 0.207301
VERTEX_POSE B42 0.721318 0.078832 -0.766056 -0.642773 0.642773 -0.766056
VERTEX_POSE B43 0.085343 -0.853520 0.982252 0.187566 0.187566 -0.982252
VERTEX_POSE B44 0.290730 0.207057 -0.955686 0.294390 -0.294390 -0.955686
VERTEX_POSE B45 0.760747 -0.942326 0.723567 0.690254 -0.690254 0.723567
VERTEX_POSE B46 0.448290 0.263945 0.480457 -0.877018 0.877018 0.480457
VERTEX_POSE B47 -0.916304 0.111920 -0.029374 -0.999568 -0.999568 0.029374
VERTEX_POSE B48 -0.653710 -0.658191 0.458948 -0.888463 -0.888463 -0.458948
VERTEX_POSE B49 -0.615380 -0.743578 -0.253301 0.967387 -0.967387 -0.253301
VERTEX_POSE B50 -0.941661 0.361833 -0.288929 0.957351 0.957351 0.288929
VERTEX_POSE B51 0.056766 0.491498 -0.525815 -0.850599 -0.850599 0.525815
VERTEX_POSE B52 0.115574 -0.552293 0.946490 -0.322735 -0.322735 -0.946490
VERTEX_POSE B53 -0.640638 -0.468167 0.903923 -0.427694 -0.427694 -0.903923
VERTEX_POSE B54 0.930559 0.222316 -0.833557 0.552433 -0.552433 -0.833557
VERTEX_POSE B55 -0.713306 0.905524 -0.611806 0.791008 -0.791008 -0.611806
VERTEX_POSE B56 0.893846 -0.767610 0.639978 0.768393 -0.768393 0.639978
VERTEX_POSE B57 0.527623 -0.770825 0.441577 0.897223 0.897223 -0.441577
VERTEX_POSE B58 -0.022689 -0.228533 -0.998482 -0.055075 0.055075 -0.998482
VERTEX_POSE B59 -0.215062 0.233007 0.992830 -0.119538 0.119538 0.992830
VERTEX_POSE B60 -0.471593 0.656337 -0.693412 -0.720541 -0.720541 0.693412
VERTEX_POSE B61 -0.033965 -0.173521 0.996061 0.088674 -0.088674 0.996061
VERTEX_POSE B62 -0.965340 0.185778 0.609598 -0.792711 -0.792711 -0.609598
VERTEX_POSE B63 0.444389 0.163439 0.983367 -0.181632 -0.181632 -0.983367
VERTEX_POSE B64 0.726349 0.824585 -0.333662 -0.942693 0.942693 -0.333662
VERTEX_POSE B65 -0.911538 -0.938225 -0.358441 -0.933552 0.933552 -0.358441
VERTEX_POSE B66 0.434469 0.971872 0.998415 -0.056273 -0.056273 -0.998415
VERTEX_POSE B67 -0.602108 -0.656155 -0.604794 0.796382 0.796382 0.604794
VERTEX_POSE B68 0.663709 -0.117169 -0.775013 0.631946 -0.631946 -0.775013
VERTEX_POSE B69 0.396836 0.180978 -0.999810 0.019507 0.019507 0.999810
VERTEX_POSE B70 -0.087267 -0.801460 0.990065 0.140613 -0.140613 0.990065
VERTEX_POSE B71 -0.979934 -0.313751 -0.718234 0.695801 0.695801 0.718234
VERTEX_POSE B72 -0.128504 -0.395358 -0.821479 0.570239 0.570239 0.821479
VERTEX_POSE B73 -0.365949 0.277372 0.826261 -0.563288 -0.563288 -0.826261
VERTEX_POSE B74 0.105409 -0.167271 0.139006 -0.990292 -0.990292 -0.139006
VERTEX_POSE B75 -0.837774 0.811698 0.373021 0.927823 0.927823 -0.373021
VERTEX_POSE B76 -0.605202 0.335046 0.811733 -0.584029 0.584029 0.811733
VERTEX_POSE B77 -0.446301 -0.903326 -0.777988 -0.628280 -0.628280 0.777988
VERTEX_POSE B78 -0.754078 -0.076382 0.936040 -0.351893 0.351893 0.936040
VERTEX_POSE B79 -0.258911 0.676855 0.587041 -0.809557 -0.809557 -0.587041
VERTEX_POSE B80 -0.061681 -0.646903 0.606266 -0.795262 -0.795262 -0.606266
VERTEX_POSE B81 -0.695739 -0.714549 -0.999628 0.027287 0.027287 0.999628
VERTEX_POSE B82 0.797855 0.168353 0.783959 -0.620812 -0.620812 -0.783959
VERTEX_POSE B83 -0.946107 -0.199196 0.201049 0.979581 -0.979581 0.201049
VERTEX_POSE B84 -0.336378 -0.182716 -0.999789 -0.020558 -0.020558 0.999789
VERTEX_POSE B85 0.728413 -0.609331 -0.883551 0.468335 0.468335 0.883551
VERTEX_POSE B86 -0.659412 -0.293672 0.980968 0.194171 0.194171 -0.980968
VERTEX_POSE B87 -0.442531 0.049674 -0.708755 -0.705455 0.705455 -0.708755
VERTEX_POSE B88 0.256036 -0.380156 -0.432714 -0.901531 -0.901531 0.432714
VERTEX_POSE B89 0.317899 0.477795 0.182423 0.983220 -0.983220 0.182423
VERTEX_POSE B90 0.342406 -0.717319 -0.681245 0.732056 -0.732056 -0.681245
VERTEX_POSE B91 0.784443 -0.723819 -0.492329 -0.870409 0.870409 -0.492329
VERTEX_POSE B92 -0.716066 -0.695727 -0.610767 -0.791811 0.791811 -0.610767
VERTEX_POSE B93 0.377066 0.468459 -0.054689 0.998503 0.998503 0.054689
VERTEX_POSE B94 0.228832 0.439620 0.555045 -0.831820 -0.831820 -0.555045
VERTEX_POSE B95 -0.989718 -0.871142 -0.660563 -0.750770 0.750770 -0.660563
VERTEX_POSE B96 0.465529 0.530234 0.238055 -0.971252 -0.971252 -0.238055
VERTEX_POSE B97 -0.336698 0.411492 0.241125 -0.970494 0.970494 0.241125
VERTEX_POSE B98 -0.591825 -0.527297 0.704832 -0.709374 0.709374 0.704832
VERTEX_POSE B99 0.129238 -0.586936 -0.848347 0.529440 -0.529440 -0.848347
VERTEX_POSE B100 -0.939863 -0.407530 0.521117 -0.853485 0.853485 0.521117
VERTEX_POSE B101 0.320908 -0.328757 0.092315 -0.995730 0.995730 0.092315
VERTEX_POSE B102 0.149304 0.099313 0.270572 -0.962700 -0.962700 -0.270572
VERTEX_POSE B103 -0.068367 0.197112 -0.242630 -0.970119 0.970119 -0.242630
VERTEX_POSE B104 0.954959 0.948614 -0.599719 -0.800211 -0.800211 0.599719
VERTEX_POSE B105 -0.745287 0.932043 0.794497 0.607268 0.607268 -0.794497
VERTEX_POSE B106 0.093859 0.008810 0.841366 -0.540466 0.540466 0.841366
VERTEX_POSE B107 -0.650242 0.283660 0.720379 0.693580 -0.693580 0.720379
VERTEX_POSE B108 -0.191588 -0.971283 0.587361 -0.809325 -0.809325 -0.587361
VERTEX_POSE B109 0.339780 0.932428 0.749886 -0.661567 -0.661567 -0.749886
VERTEX_POSE B110 0.090847 -0.039485 0.908231 0.418469 0.418469 -0.908231
VERTEX_POSE B111 0.746731 -0.618186 -0.410134 -0.912025 -0.912025 0.410134
VERTEX_POSE B112 0.644041 -0.782120 -0.655349 0.755326 -0.755326 -0.655349
VERTEX_POSE B113 -0.111299 -0.871132 0.244740 0.969589 -0.969589 0.244740
VERTEX_POSE B114 0.800624 0.182618 0.810751 -0.585391 -0.585391 -0.810751
VERTEX_POSE B115 -0.692337 0.035164 0.737100 0.675783 -0.675783 0.737100
VERTEX_POSE B116 -0.382886 -0.480463 0.964088 0.265583 -0.265583 0.964088
VERTEX_POSE B117 -0.858788 0.888946 0.953268 -0.302127 -0.302127 -0.953268
VERTEX_POSE B118 -0.134868 -0.915163 -0.906164 -0.422927 -0.422927 0.906164
VERTEX_POSE B119 0.873151 0.139382 0.944510 0.328483 -0.328483 0.944510
VERTEX_POSE B120 0.459111 0.366741 0.925306 0.379221 0.379221 -0.925306
VERTEX_POSE B121 -0.792462 -0.632482 -0.388394 -0.921493 0.921493 -0.388394
VERTEX_POSE B122 0.657593 0.415562 -0.957977 0.286845 -0.286845 -0.957977
VERTEX_POSE B123 0.743045 0.671014 -0.770768 0.637116 -0.637116 -0.770768
VERTEX_POSE B124 0.584605 0.835977 0.840133 0.542380 0.542380 -0.840133
VERTEX_POSE B125 -0.113574 -0.144818 0.937437 0.348155 -0.348155 0.937437
VERTEX_POSE B126 0.753327 0.799872 0.385355 -0.922768 -0.922768 -0.385355
VERTEX_POSE B127 0.050133 0.366211 0.089855 -0.995955 -0.995955 -0.089855
VERTEX_POSE B128 0.549727 -0.733326 -0.412831 0.910807 0.910807 0.412831
VERTEX_POSE B129 -0.838498 -0.727424 -0.817219 -0.576328 -0.576328 0.817219
VERTEX_POSE B130 -0.820629 0.779275 -0.196617 0.980480 0.980480 0.196617
VERTEX_POSE B131 0.609865 -0.140856 0.369633 -0.929178 0.929178 0.369633
VERTEX_POSE B132 0.482410 -0.056182 -0.942216 -0.335005 -0.335005 0.942216
VERTEX_POSE B133 0.328675 -0.121412 0.791037 -0.611768 0.611768 0.791037
VERTEX_POSE B134 -0.458503 -0.943745 0.041380 -0.999144 0.999144 0.041380
VERTEX_POSE B135 0.437369 -0.107567 -0.741742 -0.670685 0.670685 -0.741742
VERTEX_POSE B136 0.583387 -0.189369 0.676286 -0.736639 0.736639 0.676286
VERTEX_POSE B137 0.635356 0.065065 -0.681156 0.732138 0.732138 0.681156
VERTEX_POSE B138 0.787127 -0.823907 0.917708 -0.397255 0.397255 0.917708
VERTEX_POSE B139 -0.608201 -0.160652 -0.638516 0.769608 -0.769608 -0.638516
VERTEX_POSE B140 -0.024863 -0.002506 -0.432268 -0.901745 0.901745 -0.432268
VERTEX_POSE B141 -0.122026 0.136608 -0.798853 -0.601526 0.601526 -0.798853
VERTEX_POSE B142 -0.861470 0.221162 0.395625 0.918412 0.918412 -0.395625
VERTEX_POSE B143 -0.380822 0.215373 0.447154 -0.894457 0.894457 0.447154
VERTEX_POSE B144 0.766675 0.265476 0.951334 0.308162 0.308162 -0.951334
VERTEX_POSE B145 0.939155 -0.596219 0.453337 0.891339 0.891339 -0.453337
VERTEX_POSE B146 -0.073159 -0.749463 0.148517 0.988910 0.988910 -0.148517
VERTEX_POSE B147 -0.616211 0.785014 -0.822056 -0.569406 0.569406 -0.822056
VERTEX_POSE B148 -0.919634 -0.707273 -0.999999 0.001038 0.001038 0.999999
VERTEX_POSE B149 0.791973 -0.664626 0.948504 -0.316766 -0.316766 -0.948504
VERTEX_POSE B150 -0.743060 -0.075605 -0.474116 0.880462 -0.880462 -0.474116
VERTEX_POSE B151 0.539477 0.659468 0.882670 0.469994 0.469994 -0.882670
VERTEX_POSE B152 0.999511 -0.297108 0.310711 -0.950504 -0.950504 -0.310711
VERTEX_POSE B153 0.914533 -0.660043 0.082617 -0.996581 -0.996581 -0.082617
VERTEX_POSE B154 0.282522 0.330482 -0.577288 -0.816541 0.816541 -0.577288
VERTEX_POSE B155 0.584116 -0.461131 -0.189616 0.981858 0.981858 0.189616
VERTEX_POSE B156 -0.199041 0.195139 0.824307 0.566144 -0.566144 0.824307
VERTEX_POSE B157 0.035849 0.130354 -0.446298 -0.894884 0.894884 -0.446298
VERTEX_POSE B158 -0.365750 0.905079 -0.659136 0.752024 0.752024 0.659136
VERTEX_POSE B159 -0.649314 0.461813 -0.102345 0.994749 -0.994749 -0.102345
VERTEX_POSE B160 0.197350 0.402929 -0.330301 0.943876 0.943876 0.330301
VERTEX_POSE B161 -0.186379 0.684354 0.990137 -0.140105 0.140105 0.990137
VERTEX_POSE B162 0.960551 -0.679043 0.389644 0.920965 0.920965 -0.389644
VERTEX_POSE C0 -0.320240 -0.653252 0.971281 -0.237934 -0.237934 -0.971281
VERTEX_POSE C1 -0.857705 -0.437057 0.737432 0.675421 -0.675421 0.737432
VERTEX_POSE C2 -0.497952 -0.622788 0.669580 0.742740 -0.742740 0.669580
VERTEX_POSE C3 -0.882871 0.239181 0.912429 -0.409235 -0.409235 -0.912429
VERTEX_POSE C4 0.725682 0.373574 0.152810 -0.988256 -0.988256 -0.152810
VERTEX_POSE C5 -0.862595 0.442277 0.998097 -0.061660 -0.061660 -0.998097
VERTEX_POSE C6 0.904256 0.415273 -0.253692 -0.967285 -0.967285 0.253692
VERTEX_POSE C7 -0.882518 -0.787078 0.999941 -0.010888 -0.010888 -0.999941
VERTEX_POSE C8 0.112541 -0.560229 -0.756799 -0.653647 -0.653647 0.756799
VERTEX_POSE C9 -0.217771 -0.448119 -0.596202 -0.802834 0.802834 -0.596202
VERTEX_POSE C10 -0.743988 0.434085 -0.342261 0.939605 0.939605 0.342261
VERTEX_POSE C11 0.731719 0.655145 0.064380 0.997925 0.997925 -0.064380
VERTEX_POSE C12 -0.451096 0.817357 -0.461621 -0.887077 -0.887077 0.461621
VERTEX_POSE C13 -0.804834 0.837866 0.947589 -0.319493 0.319493 0.947589
VERTEX_POSE C14 -0.341440 0.905681 0.867934 0.496679 0.496679 -0.867934
VERTEX_POSE C15 -0.067306 0.602370 -0.860892 0.508787 -0.508787 -0.860892
VERTEX_POSE C16 -0.724467 -0.869407 0.910807 0.412833 -0.412833 0.910807
VERTEX_POSE C17 -0.549467 -0.758944 0.393245 -0.919434 -0.919434 -0.393245
VERTEX_POSE C18 0.189634 -0.473234 -0.554997 -0.831852 0.831852 -0.554997
VERTEX_POSE C19 0.815010 0.790060 0.360144 0.932897 0.932897 -0.360144
VERTEX_POSE C20 -0.549956 -0.056052 -0.626801 -0.779179 0.779179 -0.626801
VERTEX_POSE C21 0.104167 -0.133277 -0.905526 -0.424290 0.424290 -0.905526
VERTEX_POSE C22 0.097532 0.120542 0.754536 -0.656259 0.656259 0.754536
VERTEX_POSE C23 -0.965839 0.482816 0.344095 0.938935 -0.938935 0.344095
VERTEX_POSE C24 0.905126 -0.938138 0.823436 0.567410 0.567410 -0.823436
VERTEX_POSE C25 -0.866620 -0.749104 -0.535214 -0.844716 0.844716 -0.535214
VERTEX_POSE C26 -0.331590 0.387896 -0.345190 0.938533 0.938533 0.345190
VERTEX_POSE C27 -0.744188 0.523675 -0.827406 -0.561604 -0.561604 0.827406
VERTEX_POSE C28 0.330731 0.653825 -0.667130 0.744942 0.744942 0.667130
VERTEX_POSE C29 0.482031 0.072250 0.125531 0.992090 0.992090 -0.125531
VERTEX_POSE C30 -0.783637 0.844632 0.732078 -0.681220 -0.681220 -0.732078
VERTEX_POSE C31 -0.989509 -0.999427 0.998427 -0.056065 -0.056065 -0.998427
VERTEX_POSE C32 0.624326 0.635192 0.726773 -0.686878 0.686878 0.726773
VERTEX_POSE C33 -0.281589 -0.778157 0.693415 -0.720539 0.720539 0.693415
VERTEX_POSE C34 -0.872380 0.239754 0.226142 0.974094 -0.974094 0.226142
VERTEX_POSE C35 0.350008 0.008766 -0.759503 0.650504 -0.650504 -0.759503
VERTEX_POSE C36 -0.144184 0.664121 -0.803469 -0.595346 0.595346 -0.803469
VERTEX_POSE C37 -0.968124 -0.344973 -0.086366 -0.996263 -0.996263 0.086366
VERTEX_POSE C38 0.467490 0.221689 0.211148 0.977454 0.977454 -0.211148
VERTEX_POSE C39 0.968357 -0.896108 0.721017 -0.692918 -0.692918 -0.721017
VERTEX_POSE C40 -0.185895 0.206908 0.648432 0.761273 0.761273 -0.648432
VERTEX_POSE C41 0.723502 -0.344227 -0.618810 -0.785540 0.785540 -0.618810
VERTEX_POSE C42 0.700076 0.759036 0.805227 -0.592966 -0.592966 -0.805227
VERTEX_POSE C43 0.363010 0.024265 -0.603665 -0.797238 -0.797238 0.603665
VERTEX_POSE C44 0.918668 -0.506361 -0.754815 0.655938 0.655938 0.754815
VERTEX_POSE C45 -0.641364 0.664718 -0.999998 -0.002130 -0.002130 0.999998
VERTEX_POSE C46 -0.704297 -0.373365 -0.632195 0.774810 0.774810 0.632195
VERTEX_POSE C47 -0.805800 -0.375768 -0.682542 -0.730847 -0.730847 0.682542
VERTEX_POSE C48 -0.190831 0.905773 -0.978423 -0.206613 0.206613 -0.978423
VERTEX_POSE C49 0.485337 0.153401 -0.562206 0.826997 -0.826997 -0.562206
VERTEX_POSE C50 -0.990790 -0.585708 -0.971674 0.236326 0.236326 0.971674
VERTEX_POSE C51 0.259213 -0.150279 0.975204 0.221307 -0.221307 0.975204
VERTEX_POSE C52 -0.410496 -0.979876 0.824714 -0.565550 0.565550 0.824714
VERTEX_POSE C53 0.106742 0.534834 0.473854 0.880603 -0.880603 0.473854
VERTEX_POSE C54 0.293374 -0.667463 -0.685066 -0.728481 -0.728481 0.685066
VERTEX_POSE C55 -0.505371 -0.918014 0.510576 0.859832 -0.859832 0.510576
VERTEX_POSE C56 0.240122 0.785730 0.425847 -0.904795 0.904795 0.425847
VERTEX_POSE C57 0.961784 0.720433 -0.793073 -0.609127 0.609127 -0.793073
VERTEX_POSE C58 -0.249559 0.605661 -0.765225 0.643762 -0.643762 -0.765225
VERTEX_POSE C59 -0.429147 0.439555 -0.778676 0.627426 0.627426 0.778676
VERTEX_POSE C60 0.443815 -0.207317 -0.787284 0.616590 -0.616590 -0.787284
VERTEX_POSE C61 -0.033196 0.450293 -0.892378 0.451289 0.451289 0.892378
VERTEX_POSE C62 -0.418656 0.440128 -0.829257 -0.558867 0.558867 -0.829257
VERTEX_POSE C63 0.068141 -0.572125 -0.766592 -0.642135 0.642135 -0.766592
VERTEX_POSE C64 0.685215 0.672136 0.975336 0.220726 0.220726 -0.975336
VERTEX_POSE C65 -0.291036 -0.320118 -0.959364 0.282173 -0.282173 -0.959364
VERTEX_POSE C66 -0.581851 0.436641 0.251736 0.967796 0.967796 -0.251736
VERTEX_POSE C67 -0.458969 0.336257 -0.446804 -0.894632 0.894632 -0.446804
VERTEX_POSE C68 -0.259161 0.334909 -0.628421 0.777873 0.777873 0.628421
VERTEX_POSE C69 0.885639 -0.341670 0.924817 0.380412 -0.380412 0.924817
VERTEX_POSE C70 -0.490612 0.440149 -0.587728 0.809059 -0.809059 -0.587728
VERTEX_POSE C71 0.554945 -0.458183 -0.771704 0.635982 -0.635982 -0.771704
VERTEX_POSE C72 0.609141 0.314103 0.763746 -0.645517 -0.645517 -0.763746
VERTEX_POSE C73 -0.790536 0.199185 -0.131141 -0.991364 -0.991364 0.131141
VERTEX_POSE C74 -0.082046 0.566082 0.999348 0.036106 0.036106 -0.999348
VERTEX_POSE C75 0.527808 0.807743 0.317791 -0.948161 -0.948161 -0.317791
VERTEX_POSE C76 -0.431900 -0.136098 -0.729798 0.683663 -0.683663 -0.729798
VERTEX_POSE C77 0.213658 -0.807283 0.897760 -0.440485 -0.440485 -0.897760
VERTEX_POSE C78 0.722008 -0.568026 0.603407 -0.797433 -0.797433 -0.603407
VERTEX_POSE C79 0.377269 -0.230324 0.996060 -0.088686 0.088686 0.996060
VERTEX_POSE C80 -0.301005 0.346118 0.955463 -0.295112 0.295112 0.955463
VERTEX_POSE C81 0.731218 -0.153734 -0.623348 -0.781944 0.781944 -0.623348
VERTEX_POSE C82 -0.363518 0.619397 -0.645028 -0.764159 -0.764159 0.645028
VERTEX_POSE C83 0.288498 0.366242 -0.996602 -0.082370 -0.082370 0.996602
VERTEX_POSE C84 -0.162040 -0.618900 -0.496765 -0.867885 -0.867885 0.496765
VERTEX_POSE C85 0.929856 0.951934 0.466362 0.884594 -0.884594 0.466362
VERTEX_POSE C86 0.783128 0.448228 0.552049 0.833812 -0.833812 0.552049
VERTEX_POSE C87 -0.921918 -0.833170 0.904450 0.426581 0.426581 -0.904450
VERTEX_POSE C88 0.891640 0.672367 0.242847 0.970065 -0.970065 0.242847
VERTEX_POSE C89 -0.466431 0.053889 0.627833 -0.778348 -0.778348 -0.627833
VERTEX_POSE C90 -0.351065 0.606385 -0.329382 -0.944197 -0.944197 0.329382
VERTEX_POSE C91 0.335455 -0.534951 0.237118 0.971481 0.971481 -0.237118
VERTEX_POSE C92 0.500373 -0.495818 -0.322543 -0.946555 0.946555 -0.322543
VERTEX_POSE C93 0.230279 0.046513 -0.791148 0.611625 0.611625 0.791148
VERTEX_POSE C94 -0.596404 -0.107076 -0.878108 0.478462 0.478462 0.878108
VERTEX_POSE C95 0.185589 -0.823681 -0.961688 0.274146 0.274146 0.961688
VERTEX_POSE C96 0.939242 0.726395 0.973172 0.230078 0.230078 -0.973172
VERTEX_POSE C97 -0.178255 -0.670434 -0.059809 -0.998210 -0.998210 0.059809
VERTEX_POSE C98 0.726620 0.512576 0.531961 -0.846769 0.846769 0.531961
VERTEX_POSE C99 -0.319918 0.061304 -0.773849 -0.633371 0.633371 -0.773849
VERTEX_POSE C100 -0.292616 -0.012104 -0.893861 -0.448344 0.448344 -0.893861
VERTEX_POSE C101 -0.763991 -0.047275 -0.686343 -0.727278 0.727278 -0.686343
VERTEX_POSE C102 -0.764974 0.603120 -0.991914 -0.126911 0.126911 -0.991914
VERTEX_POSE C103 -0.683476 -0.698001 0.919507 -0.393075 0.393075 0.919507
VERTEX_POSE C104 -0.554527 -0.848091 0.726095 -0.687595 -0.687595 -0.726095
VERTEX_POSE C105 0.152980 0.169202 0.889238 -0.457445 -0.457445 -0.889238
VERTEX_POSE C106 0.844332 -0.890258 0.249340 -0.968416 0.968416 0.249340
VERTEX_POSE C107 0.013573 0.015812 0.841899 -0.539635 0.539635 0.841899
VERTEX_POSE C108 -0.633362 0.361919 -0.725785 0.687922 0.687922 0.725785
VERTEX_POSE C109 0.566341 -0.458284 0.795958 -0.605352 -0.605352 -0.795958
VERTEX_POSE C110 -0.609158 0.785487 0.484383 -0.874856 0.874856 0.484383
VERTEX_POSE C111 0.065633 -0.291963 -0.995599 0.093720 0.093720 0.995599
VERTEX_POSE C112 0.297559 0.387982 -0.331469 0.943466 -0.943466 -0.331469
VERTEX_POSE C113 0.027325 0.404884 0.719535 -0.694456 0.694456 0.719535
VERTEX_POSE C114 -0.645869 -0.925721 -0.228699 -0.973497 -0.973497 0.228699
VERTEX_POSE C115 -0.864481 0.769083 -0.451884 -0.892077 0.892077 -0.451884
VERTEX_POSE C116 -0.042820 0.356818 -0.298787 -0.954320 -0.954320 0.298787
VERTEX_POSE C117 -0.862741 0.522507 -0.587215 -0.809431 0.809431 -0.587215
VERTEX_POSE C118 -0.786399 0.935912 0.683970 -0.729510 0.729510 0.683970
VERTEX_POSE C119 -0.151180 0.029185 0.726228 0.687454 -0.687454 0.726228
VERTEX_POSE C120 -0.329172 -0.423603 -0.664286 0.747478 0.747478 0.664286
VERTEX_POSE C121 -0.137464 0.542297 0.570117 -0.821563 0.821563 0.570117
VERTEX_POSE C122 -0.815725 0.494234 0.067475 0.997721 -0.997721 0.067475
VERTEX_POSE C123 -0.828799 0.080579 -0.890455 0.455072 0.455072 0.890455
VERTEX_POSE C124 -0.907185 -0.411190 0.621185 0.783664 -0.783664 0.621185
VERTEX_POSE C125 -0.412129 -0.612841 -0.996723 0.080888 -0.080888 -0.996723
VERTEX_POSE C126 0.356790 0.256898 -0.993624 -0.112742 -0.112742 0.993624
VERTEX_POSE C127 -0.967943 -0.684795 -0.593902 -0.804537 -0.804537 0.593902
VERTEX_POSE C128 0.409615 -0.283276 -0.369230 0.929338 0.929338 0.369230
VERTEX_POSE C129 0.083410 -0.230526 -1.000000 0.000886 -0.000886 -1.000000
VERTEX_POSE C130 -0.287862 0.376509 -0.744319 -0.667825 0.667825 -0.744319
VERTEX_POSE C131 -0.883001 0.704620 0.988019 0.154335 0.154335 -0.988019
VERTEX_POSE C132 0.319419 0.722199 0.460061 -0.887887 0.887887 0.460061
VERTEX_POSE C133 -0.052836 -0.020371 0.816747 0.576996 -0.576996 0.816747
VERTEX_POSE C134 -0.566477 -0.993381 -0.408531 0.912744 -0.912744 -0.408531
VERTEX_POSE C135 0.764892 0.874108 -0.974856 -0.222837 -0.222837 0.974856
VERTEX_POSE C136 -0.899855 -0.851169 -0.985421 0.170134 -0.170134 -0.985421
VERTEX_POSE C137 -0.722145 -0.883639 0.648355 0.761338 0.761338 -0.648355
VERTEX_POSE C138 -0.221535 -0.110080 -0.967299 0.253639 -0.253639 -0.967299
VERTEX_POSE C139 -0.533217 0.510750 0.998033 -0.062692 -0.062692 -0.998033
VERTEX_POSE C140 0.844196 -0.341923 0.405392 0.914143 -0.914143 0.405392
VERTEX_POSE C141 0.169307 -0.324593 -0.471902 0.881651 -0.881651 -0.471902
VERTEX_POSE C142 0.532416 -0.781212 -0.176223 -0.984350 -0.984350 0.176223
VERTEX_POSE C143 0.141755 -0.953940 -0.907300 0.420484 -0.420484 -0.907300
VERTEX_POSE C144 -0.803368 -0.919709 -0.694844 -0.719160 -0.719160 0.694844
VERTEX_POSE C145 0.886547 -0.706933 0.927672 -0.373396 -0.373396 -0.927672
VERTEX_POSE C146 0.277275 0.815142 -0.961007 -0.276523 -0.276523 0.961007
VERTEX_POSE C147 0.153812 0.437109 0.819098 0.573653 -0.573653 0.819098
VERTEX_POSE C148 -0.976194 0.815574 0.911827 0.410575 -0.410575 0.911827
VERTEX_POSE C149 0.490876 0.751055 -0.124732 -0.992191 -0.992191 0.124732
VERTEX_POSE C150 -0.997367 -0.533706 -0.023636 0.999721 -0.999721 -0.023636
VERTEX_POSE C151 -0.305366 -0.608029 0.968416 -0.249340 0.249340 0.968416
VERTEX_POSE C152 -0.646588 0.293352 -0.663500 -0.748176 0.748176 -0.663500
VERTEX_POSE C153 -0.813092 0.960528 -0.410584 -0.911823 0.911823 -0.410584
VERTEX_POSE C154 -0.134165 0.472550 -0.739233 0.673449 -0.673449 -0.739233
VERTEX_POSE C155 -0.553773 0.882163 -0.626433 0.779475 -0.779475 -0.626433
VERTEX_POSE C156 -0.225222 -0.652313 0.716012 -0.698088 0.698088 0.716012
VERTEX_POSE C157 -0.777375 -0.270551 0.656832 -0.754037 -0.754037 -0.656832
VERTEX_POSE C158 -0.521717 -0.802632 -0.282834 0.959169 -0.959169 -0.282834
VERTEX_POSE C159 -0.815607 0.064411 0.960467 -0.278395 -0.278395 -0.960467
VERTEX_POSE C160 0.306035 0.498923 -0.220804 0.975318 0.975318 0.220804
VERTEX_POSE C161 0.190421 0.573876 0.955319 0.295576 -0.295576 0.955319
VERTEX_POSE C162 -0.698608 -0.230968 -0.456166 0.889895 -0.889895 -0.456166
VERTEX_POSE C163 -0.374546 0.221121 -0.999670 0.025687 0.025687 0.999670
VERTEX_POSE C164 -0.862414 -0.446495 -0.646307 0.763077 -0.763077 -0.646307
VERTEX_POSE C165 -0.265085 -0.224349 -0.007118 0.999975 -0.999975 -0.007118
VERTEX_POSE C166 -0.609655 0.095229 0.661521 -0.749927 0.749927 0.661521
VERTEX_POSE C167 -0.762269 -0.297664 -0.092384 0.995723 -0.995723 -0.092384
VERTEX_POSE C168 0.012771 -0.107988 -0.494482 0.869188 -0.869188 -0.494482
VERTEX_POSE C169 0.168810 0.985149 -0.384885 0.922965 0.922965 0.384885
VERTEX_POSE C170 -0.295486 -0.786914 0.981969 0.189042 0.189042 -0.981969
VERTEX_POSE C171 -0.143033 0.550090 -0.317930 0.948114 -0.948114 -0.317930
VERTEX_POSE C172 -0.661882 -0.339444 0.747136 -0.664672 -0.664672 -0.747136
VERTEX_POSE C173 -0.763071 -0.568126 0.734679 -0.678415 -0.678415 -0.734679
VERTEX_POSE C174 0.998722 0.596149 -0.672263 -0.740313 -0.740313 0.672263
VERTEX_POSE C175 -0.465251 -0.259152 0.888478 -0.458919 -0.458919 -0.888478
VERTEX_POSE C176 -0.876524 -0.275059 0.084348 0.996436 -0.996436 0.084348
VERTEX_POSE C177 0.275997 0.411292 0.698872 -0.715247 -0.715247 -0.698872
VERTEX_POSE C178 0.688562 -0.822043 -0.396828 -0.917893 0.917893 -0.396828
VERTEX_POSE C179 -0.852718 -0.459485 -0.539676 -0.841873 -0.841873 0.539676
VERTEX_POSE C180 -0.233127 0.162347 0.053016 0.998594 -0.998594 0.053016
VERTEX_POSE C181 0.691194 -0.355749 -0.972353 -0.233515 -0.233515 0.972353
VERTEX_POSE C182 -0.158085 -0.067514 0.870492 0.492182 -0.492182 0.870492
VERTEX_POSE C183 0.120285 -0.544301 -0.218097 -0.975927 -0.975927 0.218097
VERTEX_POSE C184 0.878102 -0.395221 -0.631469 0.775401 -0.775401 -0.631469
VERTEX_POSE C185 0.707750 -0.594963 -0.002798 -0.999996 -0.999996 0.002798
VERTEX_POSE C186 0.566511 -0.662138 -0.863908 -0.503650 0.503650 -0.863908
VERTEX_POSE C187 -0.347120 -0.047534 0.326148 -0.945319 0.945319 0.326148
VERTEX_POSE C188 0.930375 0.134485 0.201714 -0.979445 -0.979445 -0.201714
VERTEX_POSE C189 -0.955205 -0.464771 -0.525072 0.851058 0.851058 0.525072
VERTEX_POSE C190 -0.162727 -0.983122 -0.537591 -0.843206 0.843206 -0.537591
VERTEX_POSE C191 0.236410 -0.366592 -0.984955 0.172810 0.172810 0.984955
VERTEX_POSE C192 0.235216 -0.890895 0.766663 -0.642050 -0.642050 -0.766663
VERTEX_POSE C193 0.138665 -0.214091 0.680872 0.732402 -0.732402 0.680872
VERTEX_POSE C194 0.861864 0.854529 -0.770319 0.637659 -0.637659 -0.770319
VERTEX_POSE C195 0.372802 -0.337390 0.695193 0.718824 0.718824 -0.695193
VERTEX_POSE C196 0.873581 0.561560 0.313517 0.949583 0.949583 -0.313517
VERTEX_POSE C197 -0.747791 -0.050241 -0.792390 -0.610015 -0.610015 0.792390
VERTEX_POSE C198 0.610533 0.364947 0.544223 -0.838941 -0.838941 -0.544223
VERTEX_POSE D0 -0.113649 -0.546428 -0.257864 0.966181 -0.966181 -0.257864
VERTEX_POSE D1 0.421020 -0.065092 -0.868616 -0.495486 0.495486 -0.868616
VERTEX_POSE D2 -0.684954 0.578033 -0.960937 0.276768 -0.276768 -0.960937
VERTEX_POSE D3 0.743318 -0.996338 -0.899803 0.436296 -0.436296 -0.899803
VERTEX_POSE D4 0.759137 0.595464 -0.389555 0.921003 0.921003 0.389555
VERTEX_POSE D5 -0.448024 -0.990093 0.943967 0.330039 -0.330039 0.943967
VERTEX_POSE D6 0.742041 0.599811 -0.745795 0.666175 -0.666175 -0.745795
VERTEX_POSE D7 -0.706113 -0.663689 0.924553 -0.381052 0.381052 0.924553
VERTEX_POSE D8 -0.324548 -0.265152 0.787244 0.616642 -0.616642 0.787244
VERTEX_POSE D9 0.018038 0.011103 -0.349660 -0.936877 0.936877 -0.349660
VERTEX_POSE D10 0.982448 -0.485732 -0.796265 -0.604948 0.604948 -0.796265
VERTEX_POSE D11 -0.177266 0.275363 0.887209 -0.461367 0.461367 0.887209
VERTEX_POSE D12 0.784911 -0.826550 -0.997123 0.075804 -0.075804 -0.997123
VERTEX_POSE D13 0.673642 0.158519 -0.632538 -0.774529 -0.774529 0.632538
VERTEX_POSE D14 0.664649 -0.792151 0.682194 0.731171 0.731171 -0.682194
VERTEX_POSE D15 -0.094804 -0.370851 -0.504976 -0.863133 0.863133 -0.504976
VERTEX_POSE D16 0.551744 0.763299 0.586289 0.810102 0.810102 -0.586289
VERTEX_POSE D17 0.372400 -0.387114 0.669911 0.742441 -0.742441 0.669911
VERTEX_POSE D18 -0.528293 -0.032990 0.907799 0.419405 -0.419405 0.907799
VERTEX_POSE D19 -0.795376 -0.284235 -0.578548 -0.815649 0.815649 -0.578548
VERTEX_POSE D20 0.302775 0.747371 0.653066 -0.757301 -0.757301 -0.653066
VERTEX_POSE D21 -0.483498 0.502239 0.558023 0.829826 0.829826 -0.558023
VERTEX_POSE D22 0.041898 -0.267358 0.543415 -0.839464 -0.839464 -0.543415
VERTEX_POSE D23 -0.460815 -0.619220 -0.762831 0.646598 -0.646598 -0.762831
VERTEX_POSE D24 0.751718 0.611345 0.983783 0.179362 0.179362 -0.983783
VERTEX_POSE D25 -0.819437 0.518552 0.576949 -0.816780 -0.816780 -0.576949
VERTEX_POSE D26 -0.598951 -0.764691 -0.989583 -0.143960 -0.143960 0.989583
VERTEX_POSE D27 0.124520 -0.726045 -0.797727 -0.603019 -0.603019 0.797727
VERTEX_POSE D28 -0.945856 0.080112 -0.275699 -0.961244 -0.961244 0.275699
VERTEX_POSE D29 -0.346741 0.185068 -0.347576 -0.937652 -0.937652 0.347576
VERTEX_POSE D30 -0.264948 0.638902 0.994504 -0.104703 -0.104703 -0.994504
VERTEX_POSE D31 -0.059505 0.533684 -0.316405 -0.948624 0.948624 -0.316405
VERTEX_POSE D32 -0.925722 -0.880025 0.810803 0.585318 0.585318 -0.810803
VERTEX_POSE D33 0.050099 0.216935 -0.994985 -0.100027 -0.100027 0.994985
VERTEX_POSE D34 -0.316187 0.537346 0.807398 -0.590007 -0.590007 -0.807398
VERTEX_POSE D35 0.833415 0.715439 0.265483 0.964116 -0.964116 0.265483
VERTEX_POSE D36 0.602074 0.226842 0.901471 0.432839 -0.432839 0.901471
VERTEX_POSE D37 -0.574146 0.137157 0.880837 0.473419 0.473419 -0.880837
VERTEX_POSE D38 -0.872698 -0.948249 0.807591 -0.589743 0.589743 0.807591
VERTEX_POSE D39 -0.722474 0.961690 -0.913969 0.405784 0.405784 0.913969
VERTEX_POSE D40 0.443891 -0.851740 0.679265 0.733893 0.733893 -0.679265
VERTEX_POSE D41 -0.890250 -0.433981 0.950172 0.311725 0.311725 -0.950172
VERTEX_POSE D42 0.100260 0.237053 -0.318510 0.947920 -0.947920 -0.318510
VERTEX_POSE D43 0.228802 -0.678291 -0.704418 -0.709785 0.709785 -0.704418
VERTEX_POSE D44 0.783393 0.724538 -0.029135 0.999575 0.999575 0.029135
VERTEX_POSE D45 -0.235091 0.444902 -0.207161 -0.978307 -0.978307 0.207161
VERTEX_POSE D46 -0.866002 -0.049142 -0.897772 0.440460 -0.440460 -0.897772
VERTEX_POSE D47 0.335137 0.487837 0.381050 0.924554 -0.924554 0.381050
VERTEX_POSE D48 -0.862691 -0.942212 0.868966 0.494871 0.494871 -0.868966
VERTEX_POSE D49 -0.394295 0.917868 0.154603 -0.987977 0.987977 0.154603
VERTEX_POSE D50 0.539761 -0.796398 -0.931513 -0.363707 -0.363707 0.931513
VERTEX_POSE D51 0.440084 0.805160 -0.455371 0.890302 -0.890302 -0.455371
VERTEX_POSE D52 0.122206 0.420108 0.071604 0.997433 0.997433 -0.071604
VERTEX_POSE D53 -0.418341 -0.063756 0.164056 0.986451 0.986451 -0.164056
VERTEX_POSE D54 0.979269 -0.814061 0.990752 -0.135687 0.135687 0.990752
VERTEX_POSE D55 -0.126076 0.031452 -0.667493 0.744616 -0.744616 -0.667493
VERTEX_POSE D56 -0.237778 -0.545205 -0.417787 -0.908545 0.908545 -0.417787
VERTEX_POSE D57 -0.619682 -0.578752 0.989603 -0.143825 -0.143825 -0.989603
VERTEX_POSE D58 0.998444 0.305407 -0.545138 0.838346 -0.838346 -0.545138
VERTEX_POSE D59 -0.183635 0.534907 0.987456 -0.157893 0.157893 0.987456
VERTEX_POSE D60 0.033577 0.606316 0.195742 -0.980655 0.980655 0.195742
VERTEX_POSE D61 -0.266504 -0.055691 -0.962290 0.272024 0.272024 0.962290
VERTEX_POSE D62 0.756860 0.068591 0.914060 0.405579 -0.405579 0.914060
VERTEX_POSE D63 0.107855 0.726291 0.886203 -0.463296 0.463296 0.886203
VERTEX_POSE D64 0.783595 -0.838756 -0.209232 -0.977866 0.977866 -0.209232
VERTEX_POSE D65 -0.559326 -0.394063 0.996516 -0.083406 -0.083406 -0.996516
VERTEX_POSE D66 -0.058729 0.441730 -0.993318 -0.115411 -0.115411 0.993318
VERTEX_POSE D67 0.385669 0.388086 -0.501361 -0.865238 0.865238 -0.501361
VERTEX_POSE D68 -0.133473 0.743093 0.515030 0.857172 -0.857172 0.515030
VERTEX_POSE D69 0.068573 0.493481 0.886372 -0.462973 0.462973 0.886372
VERTEX_POSE D70 0.663195 0.349776 -0.881953 0.471338 0.471338 0.881953
VERTEX_POSE D71 -0.689581 0.891353 0.816962 -0.576691 -0.576691 -0.816962
VERTEX_POSE D72 0.178323 -0.940500 -0.971913 -0.235341 -0.235341 0.971913
VERTEX_POSE D73 -0.236544 -0.413171 0.404236 -0.914655 -0.914655 -0.404236
VERTEX_POSE D74 0.539221 -0.786938 -0.758848 -0.651267 -0.651267 0.758848
VERTEX_POSE D75 -0.038285 0.784038 0.177199 0.984175 -0.984175 0.177199
VERTEX_POSE D76 0.528365 -0.968268 0.589057 -0.808092 0.808092 0.589057
VERTEX_POSE D77 0.673218 0.163920 0.455296 0.890340 0.890340 -0.455296
VERTEX_POSE D78 -0.703148 0.271875 -0.660834 -0.750532 -0.750532 0.660834
VERTEX_POSE D79 0.665674 -0.910480 -0.989500 0.144536 -0.144536 -0.989500
VERTEX_POSE D80 -0.721077 0.081788 -0.922504 -0.385986 -0.385986 0.922504
VERTEX_POSE D81 0.836613 0.475476 0.932472 0.361242 0.361242 -0.932472
VERTEX_POSE D82 0.105758 0.894680 -0.570776 -0.821106 0.821106 -0.570776
VERTEX_POSE D83 0.401129 -0.498105 0.997995 0.063299 -0.063299 0.997995
VERTEX_POSE D84 -0.581728 -0.588280 0.879393 -0.476096 -0.476096 -0.879393
VERTEX_POSE D85 0.085027 -0.919381 -0.425860 -0.904789 0.904789 -0.425860
VERTEX_POSE D86 -0.724946 0.533348 -0.618685 0.785639 -0.785639 -0.618685
VERTEX_POSE D87 0.180494 -0.133484 -0.324713 -0.945813 0.945813 -0.324713
VERTEX_POSE D88 0.465345 -0.498133 -0.448104 -0.893982 0.893982 -0.448104
VERTEX_POSE D89 -0.726502 -0.161245 -0.951452 -0.307796 0.307796 -0.951452
VERTEX_POSE D90 0.996859 -0.598577 0.658286 0.752768 0.752768 -0.658286
VERTEX_POSE D91 -0.501078 -0.891817 0.488110 -0.872782 0.872782 0.488110
VERTEX_POSE D92 0.006994 0.783064 -0.994517 0.104575 0.104575 0.994517
VERTEX_POSE D93 0.753719 0.470014 0.858365 -0.513039 -0.513039 -0.858365
VERTEX_POSE D94 0.606778 0.834474 0.365068 0.930981 -0.930981 0.365068
VERTEX_POSE D95 -0.209411 0.944309 0.239482 0.970901 -0.970901 0.239482
VERTEX_POSE D96 -0.805607 -0.924049 0.999971 0.007607 -0.007607 0.999971
VERTEX_POSE D97 -0.451952 0.276204 0.265217 0.964189 0.964189 -0.265217
VERTEX_POSE D98 -0.823742 0.332395 0.637636 -0.770338 -0.770338 -0.637636
VERTEX_POSE D99 0.060920 0.819044 0.329512 0.944151 -0.944151 0.329512
VERTEX_POSE D100 0.616621 -0.230315 -0.895353 0.445358 0.445358 0.895353
VERTEX_POSE D101 0.839453 -0.317828 0.842538 0.538636 -0.538636 0.842538
VERTEX_POSE D102 0.371339 0.710396 -0.343468 -0.939164 0.939164 -0.343468
VERTEX_POSE D103 -0.205056 -0.170815 -0.233854 0.972272 -0.972272 -0.233854
VERTEX_POSE D104 -0.397091 0.269001 -0.999668 -0.025764 -0.025764 0.999668
VERTEX_POSE D105 -0.089441 0.923458 0.235682 0.971830 0.971830 -0.235682
VERTEX_POSE D106 0.756659 -0.386777 -0.591354 -0.806412 -0.806412 0.591354
VERTEX_POSE D107 -0.868726 0.300733 0.998551 0.053805 -0.053805 0.998551
VERTEX_POSE D108 -0.416223 0.087378 -0.470234 0.882542 0.882542 0.470234
VERTEX_POSE D109 -0.946489 0.885098 -0.385351 0.922770 0.922770 0.385351
VERTEX_POSE D110 0.796948 0.390252 0.574335 -0.818621 -0.818621 -0.574335
VERTEX_POSE D111 -0.137300 -0.830834 -0.208398 -0.978044 -0.978044 0.208398
VERTEX_POSE D112 0.890125 0.360574 0.999221 -0.039465 0.039465 0.999221
VERTEX_POSE D113 -0.097294 0.284932 -0.466126 0.884718 -0.884718 -0.466126
VERTEX_POSE D114 -0.736171 -0.328939 -0.946137 0.323766 -0.323766 -0.946137
VERTEX_POSE D115 -0.691603 0.772295 -0.618361 0.785894 -0.785894 -0.618361
VERTEX_POSE D116 0.987733 0.365551 -0.691066 -0.722792 -0.722792 0.691066
VERTEX_POSE D117 -0.461117 -0.795591 0.549002 0.835821 0.835821 -0.549002
VERTEX_POSE D118 0.488891 -0.361190 0.883935 0.467609 0.467609 -0.883935
VERTEX_POSE D119 0.453078 0.867418 0.178607 0.983920 0.983920 -0.178607
VERTEX_POSE D120 -0.187620 0.043164 0.539235 0.842155 -0.842155 0.539235
VERTEX_POSE D121 0.485750 0.040233 0.950644 -0.310285 -0.310285 -0.950644
VERTEX_POSE D122 0.952001 0.975600 -0.998966 0.045466 0.045466 0.998966
VERTEX_POSE D123 0.819374 -0.173772 -0.860603 0.509277 0.509277 0.860603
VERTEX_POSE E0 0.239469 -0.489753 -0.928195 0.372095 0.372095 0.928195
VERTEX_POSE E1 0.558778 0.810074 -0.294833 0.955549 0.955549 0.294833
VERTEX_POSE E2 -0.390037 -0.229463 -0.713271 -0.700888 -0.700888 0.713271
VERTEX_POSE E3 0.433862 -0.413802 -0.715521 0.698591 -0.698591 -0.715521
VERTEX_POSE E4 -0.893173 0.086278 -0.453531 -0.891240 0.891240 -0.453531
VERTEX_POSE E5 -0.213779 -0.897068 0.911528 0.411237 0.411237 -0.911528
VERTEX_POSE E6 -0.505218 -0.594758 0.999998 0.001800 0.001800 -0.999998
VERTEX_POSE E7 0.723448 0.855963 -0.862930 -0.505323 -0.505323 0.862930
VERTEX_POSE E8 -0.374326 -0.214896 0.994163 0.107885 0.107885 -0.994163
VERTEX_POSE E9 0.866121 -0.884362 0.340032 -0.940414 0.940414 0.340032
VERTEX_POSE E10 -0.481609 -0.314852 0.976737 -0.214440 0.214440 0.976737
VERTEX_POSE E11 0.228583 -0.945895 -0.001197 0.999999 0.999999 0.001197
VERTEX_POSE E12 -0.223319 -0.960904 -0.508764 -0.860906 -0.860906 0.508764
VERTEX_POSE E13 -0.724950 0.298371 0.964287 -0.264859 0.264859 0.964287
VERTEX_POSE E14 0.359857 0.354837 0.777809 -0.628501 -0.628501 -0.777809
VERTEX_POSE E15 0.360458 0.126475 0.637116 -0.770768 0.770768 0.637116
VERTEX_POSE E16 -0.671438 0.183469 -0.386467 -0.922303 -0.922303 0.386467
VERTEX_POSE E17 0.156805 -0.254910 -0.972526 -0.232796 0.232796 -0.972526
VERTEX_POSE E18 -0.776842 0.295641 -0.891800 -0.452429 -0.452429 0.891800
VERTEX_POSE E19 -0.781314 -0.455957 -0.906261 -0.422718 0.422718 -0.906261
VERTEX_POSE E20 -0.940489 -0.969978 -0.215534 0.976496 -0.976496 -0.215534
VERTEX_POSE E21 -0.513012 0.966702 0.919947 -0.392042 0.392042 0.919947
VERTEX_POSE E22 -0.472917 -0.683663 -0.834251 0.551384 -0.551384 -0.834251
VERTEX_POSE E23 -0.952756 0.395572 -0.484673 0.874695 0.874695 0.484673
VERTEX_POSE E24 0.025871 -0.828889 -0.872574 -0.488482 -0.488482 0.872574
VERTEX_POSE E25 -0.984026 -0.044852 -0.653397 -0.757015 -0.757015 0.653397
VERTEX_POSE E26 0.500322 0.262990 -0.682210 0.731157 -0.731157 -0.682210
VERTEX_POSE E27 0.838251 0.214275 -0.992765 -0.120074 -0.120074 0.992765
VERTEX_POSE E28 0.501723 0.995381 0.700569 -0.713585 0.713585 0.700569
VERTEX_POSE E29 0.452323 0.238590 0.978475 0.206364 0.206364 -0.978475
VERTEX_POSE E30 0.657625 -0.959497 -0.694162 0.719819 -0.719819 -0.694162
VERTEX_POSE E31 -0.258807 -0.494372 0.791346 0.611368 0.611368 -0.791346
VERTEX_POSE E32 0.011101 0.048664 0.703108 0.711084 0.711084 -0.703108
VERTEX_POSE E33 -0.732411 -0.188960 0.824314 0.566133 0.566133 -0.824314
VERTEX_POSE E34 -0.824945 0.091826 -0.066862 0.997762 0.997762 0.066862
VERTEX_POSE E35 0.117928 -0.865057 -0.924478 0.381235 -0.381235 -0.924478
VERTEX_POSE E36 0.053810 -0.086028 0.958934 0.283631 0.283631 -0.958934
VERTEX_POSE E37 -0.330163 0.497068 -0.104989 0.994473 -0.994473 -0.104989
VERTEX_POSE E38 -0.158624 0.990906 0.570060 0.821603 -0.821603 0.570060
VERTEX_POSE E39 0.679484 0.699076 0.990082 -0.140493 0.140493 0.990082
VERTEX_POSE E40 -0.464042 0.612706 0.973815 -0.227340 -0.227340 -0.973815
VERTEX_POSE E41 0.359767 -0.323946 0.905446 -0.424461 0.424461 0.905446
VERTEX_POSE E42 -0.091932 0.753181 -0.997104 -0.076055 -0.076055 0.997104
VERTEX_POSE E43 0.312639 0.651802 0.815576 -0.578650 0.578650 0.815576
VERTEX_POSE E44 0.634818 0.974425 0.789816 0.613344 0.613344 -0.789816
VERTEX_POSE E45 -0.732075 0.108018 0.409177 -0.912455 0.912455 0.409177
VERTEX_POSE E46 -0.326903 -0.221723 -0.818961 -0.573849 -0.573849 0.818961
VERTEX_POSE E47 0.963380 0.157893 -0.520785 -0.853688 -0.853688 0.520785
VERTEX_POSE E48 0.424730 0.853108 0.047125 -0.998889 0.998889 0.047125
VERTEX_POSE E49 -0.103745 -0.926083 0.905581 0.424173 -0.424173 0.905581
VERTEX_POSE E50 -0.817934 0.701936 0.569502 0.821990 0.821990 -0.569502
VERTEX_POSE E51 0.484241 0.883129 -0.627204 0.778855 -0.778855 -0.627204
VERTEX_POSE E52 0.383243 -0.959381 0.816310 -0.577614 -0.577614 -0.816310
VERTEX_POSE E53 -0.290851 -0.981727 0.065162 -0.997875 -0.997875 -0.065162
VERTEX_POSE E54 0.531485 0.278702 0.799923 0.600102 -0.600102 0.799923
VERTEX_POSE E55 -0.590887 -0.788270 0.653716 0.756740 -0.756740 0.653716
VERTEX_POSE E56 -0.274877 -0.026579 0.878504 -0.477735 0.477735 0.878504
VERTEX_POSE E57 0.031807 -0.458308 -0.902884 -0.429883 0.429883 -0.902884
VERTEX_POSE E58 -0.752635 0.426004 -0.968587 0.248676 -0.248676 -0.968587
VERTEX_POSE E59 -0.773154 -0.031198 -0.552385 0.833589 -0.833589 -0.552385
VERTEX_POSE E60 -0.515870 0.780282 0.993508 -0.113760 -0.113760 -0.993508
VERTEX_POSE E61 0.904990 0.466507 -0.683438 -0.730009 -0.730009 0.683438
VERTEX_POSE E62 -0.031961 0.474430 -0.920574 -0.390569 0.390569 -0.920574
VERTEX_POSE E63 0.495231 -0.171054 0.993046 -0.117726 0.117726 0.993046
VERTEX_POSE E64 -0.827421 -0.722453 0.464534 -0.885555 0.885555 0.464534
VERTEX_POSE E65 0.143094 -0.433743 0.998525 -0.054300 0.054300 0.998525
VERTEX_POSE E66 -0.386841 -0.036111 -0.416214 0.909267 0.909267 0.416214
VERTEX_POSE E67 0.226388 0.191520 0.284481 -0.958682 -0.958682 -0.284481
VERTEX_POSE E68 0.812931 -0.936676 -0.289519 -0.957172 -0.957172 0.289519
VERTEX_POSE E69 0.454535 -0.045205 -0.518373 -0.855155 0.855155 -0.518373
VERTEX_POSE E70 -0.094128 -0.109404 0.626286 -0.779594 -0.779594 -0.626286
VERTEX_POSE E71 -0.651111 0.676030 0.863676 0.504047 0.504047 -0.863676
VERTEX_POSE E72 -0.185698 0.630849 -0.524355 0.851500 -0.851500 -0.524355
VERTEX_POSE E73 0.813940 -0.356223 0.944696 0.327947 0.327947 -0.944696
VERTEX_POSE E74 0.661528 0.327832 0.347894 0.937534 -0.937534 0.347894
VERTEX_POSE E75 -0.550880 0.605273 0.999342 -0.036262 -0.036262 -0.999342
VERTEX_POSE E76 -0.918135 0.751795 -0.402339 0.915491 -0.915491 -0.402339
VERTEX_POSE E77 -0.665375 -0.893891 0.864613 0.502438 0.502438 -0.864613
VERTEX_POSE E78 -0.587501 -0.236833 -0.965938 -0.258773 0.258773 -0.965938
VERTEX_POSE E79 0.506595 0.604903 -0.499823 -0.866128 -0.866128 0.499823
VERTEX_POSE E80 0.230880 -0.819973 -0.762755 0.646687 0.646687 0.762755
VERTEX_POSE E81 -0.405435 -0.534897 0.974492 0.224424 -0.224424 0.974492
VERTEX_POSE E82 -0.009164 0.488033 0.692786 -0.721143 0.721143 0.692786
VERTEX_POSE E83 -0.385877 -0.779354 0.497667 -0.867368 0.867368 0.497667
VERTEX_POSE E84 0.303715 -0.516624 -0.545304 -0.838238 -0.838238 0.545304
VERTEX_POSE E85 -0.477680 -0.233265 -0.464046 -0.885811 0.885811 -0.464046
VERTEX_POSE E86 0.023236 -0.567624 -0.341813 0.939768 -0.939768 -0.341813
VERTEX_POSE E87 -0.971163 0.456797 0.555427 0.831565 0.831565 -0.555427
VERTEX_POSE E88 0.554127 0.308426 0.998236 -0.059363 -0.059363 -0.998236
VERTEX_POSE E89 0.270600 0.858380 0.998577 0.053334 -0.053334 0.998577
VERTEX_POSE E90 -0.744316 -0.574401 -0.985148 -0.171705 -0.171705 0.985148
VERTEX_POSE E91 -0.961744 0.088708 -0.905171 0.425047 -0.425047 -0.905171
VERTEX_POSE E92 0.175590 0.324888 -0.693549 -0.720409 -0.720409 0.693549
VERTEX_POSE E93 0.223722 0.900029 -0.941914 -0.335854 -0.335854 0.941914
VERTEX_POSE E94 0.533487 0.917655 0.071231 -0.997460 -0.997460 -0.071231
VERTEX_POSE E95 0.348169 0.602435 -0.991920 -0.126866 -0.126866 0.991920
VERTEX_POSE E96 -0.633184 -0.533714 -0.820915 -0.571050 -0.571050 0.820915
VERTEX_POSE E97 -0.853354 -0.118456 -0.944605 0.328208 -0.328208 -0.944605
VERTEX_POSE E98 -0.425443 -0.206045 -0.906081 0.423104 0.423104 0.906081
VERTEX_POSE E99 -0.820253 -0.470390 -0.675919 0.736976 0.736976 0.675919
VERTEX_POSE E100 0.601181 0.836339 0.880450 -0.474139 0.474139 0.880450
VERTEX_POSE E101 0.480430 0.684551 0.019643 0.999807 0.999807 -0.019643
VERTEX_POSE E102 -0.471364 -0.794360 -0.884343 -0.466837 -0.466837 0.884343
VERTEX_POSE E103 -0.584517 0.467188 -0.386929 0.922109 -0.922109 -0.386929
VERTEX_POSE E104 0.294370 -0.671672 0.196577 -0.980488 0.980488 0.196577
VERTEX_POSE E105 -0.809836 0.533473 -0.993008 -0.118051 0.118051 -0.993008
VERTEX_POSE E106 -0.135397 0.072461 -0.322570 -0.946545 -0.946545 0.322570
VERTEX_POSE E107 0.376235 -0.919876 -0.759950 0.649982 -0.649982 -0.759950
VERTEX_POSE E108 -0.475212 0.639582 -0.906038 -0.423195 -0.423195 0.906038
VERTEX_POSE E109 0.277103 0.835628 0.871098 0.491109 -0.491109 0.871098
VERTEX_POSE E110 -0.117170 0.685027 -0.558840 -0.829275 -0.829275 0.558840
VERTEX_POSE E111 0.755668 0.819608 -0.745202 -0.666839 0.666839 -0.745202
VERTEX_POSE E112 0.871668 -0.699270 0.554568 -0.832138 -0.832138 -0.554568
VERTEX_POSE E113 0.873665 0.173060 -0.909091 0.416597 0.416597 0.909091
VERTEX_POSE E114 -0.630209 -0.959746 0.474891 -0.880045 0.880045 0.474891
VERTEX_POSE E115 0.175383 -0.215894 -0.676156 0.736758 -0.736758 -0.676156
VERTEX_POSE E116 -0.604014 0.939794 0.183329 -0.983052 -0.983052 -0.183329
VERTEX_POSE E117 0.393027 -0.527370 0.396486 -0.918041 0.918041 0.396486
VERTEX_POSE E118 0.204220 -0.759097 0.549046 -0.835792 0.835792 0.549046
VERTEX_POSE E119 0.950113 0.248220 -0.477571 -0.878593 0.878593 -0.477571
VERTEX_POSE E120 -0.336373 -0.668990 0.155606 -0.987819 -0.987819 -0.155606
VERTEX_POSE E121 0.459904 -0.333499 0.475537 -0.879696 0.879696 0.475537
VERTEX_POSE E122 0.988369 -0.663071 0.500763 0.865584 -0.865584 0.500763
VERTEX_POSE E123 0.839218 0.655898 0.670947 0.741505 -0.741505 0.670947
VERTEX_POSE E124 -0.316374 -0.433470 -0.977225 0.212207 -0.212207 -0.977225
VERTEX_POSE E125 0.521856 -0.745416 -0.975725 -0.218999 -0.218999 0.975725
VERTEX_POSE E126 0.187387 0.258333 -0.831275 -0.555861 0.555861 -0.831275
VERTEX_POSE E127 0.050442 0.032816 0.102353 0.994748 -0.994748 0.102353
VERTEX_POSE E128 0.668503 0.136128 0.379917 0.925021 -0.925021 0.379917
VERTEX_POSE E129 0.761944 -0.947712 -0.700523 0.713630 -0.713630 -0.700523
VERTEX_POSE E130 0.230189 0.562426 -0.603341 0.797484 0.797484 0.603341
VERTEX_POSE E131 0.269684 -0.027534 -0.980913 -0.194449 0.194449 -0.980913
VERTEX_POSE E132 0.242374 0.736839 0.238011 0.971262 0.971262 -0.238011
VERTEX_POSE E133 0.758825 0.768066 -0.999846 0.017561 0.017561 0.999846
VERTEX_POSE E134 0.685168 -0.560346 -0.715611 -0.698499 0.698499 -0.715611
VERTEX_POSE E135 -0.463256 -0.934833 -0.910826 0.412790 -0.412790 -0.910826
VERTEX_POSE E136 0.948989 0.301539 0.441115 -0.897450 0.897450 0.441115
VERTEX_POSE E137 -0.450229 0.512115 0.636668 0.771138 0.771138 -0.636668
VERTEX_POSE E138 0.912979 -0.854709 0.692271 -0.721637 0.721637 0.692271
VERTEX_POSE E139 -0.526223 -0.058879 0.070435 0.997516 0.997516 -0.070435
VERTEX_POSE E140 0.826874 0.347743 0.527698 0.849432 0.849432 -0.527698
VERTEX_POSE E141 -0.204191 0.830318 -0.478012 -0.878354 -0.878354 0.478012
VERTEX_POSE E142 -0.770555 -0.239271 -0.717076 -0.696995 0.696995 -0.717076
VERTEX_POSE E143 0.698542 0.648473 -0.255753 0.966742 -0.966742 -0.255753
VERTEX_POSE E144 -0.330526 0.003377 0.654052 0.756449 0.756449 -0.654052
VERTEX_POSE E145 -0.400764 -0.199017 -0.196757 -0.980452 0.980452 -0.196757
VERTEX_POSE E146 -0.126075 -0.567422 -0.066483 0.997788 -0.997788 -0.066483
VERTEX_POSE E147 0.065460 -0.056829 0.982580 0.185839 0.185839 -0.982580
VERTEX_POSE E148 0.992263 0.273614 0.234951 0.972007 0.972007 -0.234951
VERTEX_POSE E149 -0.921855 -0.326519 0.328332 0.944562 0.944562 -0.328332
VERTEX_POSE E150 0.015573 -0.808608 -0.027466 -0.999623 0.999623 -0.027466
VERTEX_POSE E151 -0.344110 0.604624 -0.990374 -0.138420 -0.138420 0.990374
VERTEX_POSE E152 0.538049 0.339982 -0.728015 0.685561 -0.685561 -0.728015
VERTEX_POSE E153 0.003942 -0.471679 0.248455 0.968643 0.968643 -0.248455
VERTEX_POSE E154 -0.504892 0.260522 -0.789450 0.613814 0.613814 0.789450
VERTEX_POSE E155 -0.778325 0.906513 0.901643 -0.432481 0.432481 0.901643
VERTEX_POSE E156 -0.474201 -0.217096 0.077253 -0.997011 -0.997011 -0.077253
VERTEX_POSE E157 0.682495 -0.481145 -0.999556 -0.029812 0.029812 -0.999556
VERTEX_POSE E158 0.272118 -0.060671 -0.965957 0.258702 0.258702 0.965957
VERTEX_POSE E159 -0.805699 0.919032 0.894719 -0.446630 -0.446630 -0.894719
VERTEX_POSE E160 0.444440 -0.428857 0.699119 -0.715006 -0.715006 -0.699119
VERTEX_POSE E161 -0.497693 -0.498245 -0.833199 -0.552973 -0.552973 0.833199
VERTEX_POSE E162 0.463986 -0.108502 0.895668 0.444723 0.444723 -0.895668
VERTEX_POSE E163 -0.313186 -0.692018 0.189694 -0.981843 0.981843 0.189694
VERTEX_POSE E164 -0.738868 -0.730179 0.963742 0.266837 -0.266837 0.963742
VERTEX_POSE E165 0.149153 0.331152 0.887860 0.460113 0.460113 -0.887860
VERTEX_POSE E166 0.223558 -0.626851 0.025722 0.999669 0.999669 -0.025722
VERTEX_POSE E167 -0.789880 0.571360 0.801771 0.597631 -0.597631 0.801771
VERTEX_POSE E168 0.698924 -0.156733 0.973942 0.226795 -0.226795 0.973942
VERTEX_POSE E169 0.136537 -0.481560 -0.211768 0.977320 0.977320 0.211768
VERTEX_POSE E170 -0.316103 -0.487520 0.080897 -0.996722 0.996722 0.080897
VERTEX_POSE E171 0.525798 -0.808990 0.832537 -0.553969 -0.553969 -0.832537
VERTEX_POSE E172 0.932346 -0.651242 -0.108238 -0.994125 0.994125 -0.108238
VERTEX_POSE E173 -0.086657 0.273209 0.295656 -0.955294 0.955294 0.295656
VERTEX_POSE E174 0.224340 0.839482 0.799546 -0.600605 -0.600605 -0.799546
VERTEX_POSE E175 -0.398179 0.352135 -0.803904 -0.594759 -0.594759 0.803904
VERTEX_POSE E176 0.512579 -0.925807 -0.912654 -0.408733 -0.408733 0.912654
VERTEX_POSE E177 -0.901735 -0.727939 -0.122897 -0.992419 -0.992419 0.122897
VERTEX_POSE E178 0.667281 -0.704693 -0.580267 -0.814427 0.814427 -0.580267
VERTEX_POSE E179 0.504842 0.347806 -0.309239 -0.950984 0.950984 -0.309239
VERTEX_POSE E180 -0.823590 -0.054458 0.740110 -0.672485 0.672485 0.740110
VERTEX_POSE E181 -0.317146 -0.513302 0.176074 -0.984377 0.984377 0.176074
VERTEX_POSE E182 -0.839268 -0.047570 -0.739644 -0.672998 -0.672998 0.739644
VERTEX_POSE E183 0.714459 -0.714476 0.866940 0.498412 0.498412 -0.866940
VERTEX_POSE E184 0.686796 0.015019 -0.815427 -0.578859 0.578859 -0.815427
VERTEX_POSE E185 -0.344159 -0.787048 0.248140 0.968724 0.968724 -0.248140
VERTEX_POSE E186 0.936134 -0.807963 0.693449 0.720506 0.720506 -0.693449
VERTEX_POSE E187 -0.787406 0.797923 0.770457 0.637491 -0.637491 0.770457
VERTEX_POSE E188 -0.661664 -0.268193 0.883820 0.467828 -0.467828 0.883820
VERTEX_POSE E189 0.208252 0.131365 -0.188207 -0.982129 -0.982129 0.188207
VERTEX_POSE E190 -0.593105 0.716955 -0.590257 0.807215 0.807215 0.590257
VERTEX_POSE E191 0.782775 0.302950 0.942043 -0.335493 -0.335493 -0.942043
VERTEX_POSE E192 0.710559 0.633120 -0.678162 -0.734913 -0.734913 0.678162
VERTEX_POSE E193 0.870881 -0.391547 0.507313 0.861762 0.861762 -0.507313
VERTEX_POSE E194 -0.530411 0.610932 -0.005415 0.999985 0.999985 0.005415
VERTEX_POSE E195 0.971690 0.902941 0.987081 -0.160220 0.160220 0.987081
VERTEX_POSE E196 0.020034 0.939605 -0.909868 -0.414897 0.414897 -0.909868
VERTEX_POSE E197 0.693147 0.984082 0.995604 -0.093658 0.093658 0.995604
VERTEX_POSE E198 -0.818189 0.474301 0.186793 0.982399 -0.982399 0.186793
VERTEX_POSE E199 -0.281042 -0.217127 -0.885436 0.464761 0.464761 0.885436
VERTEX_POSE E200 -0.170315 -0.497478 -0.939451 0.342683 0.342683 0.939451
VERTEX_POSE E201 -0.134292 0.986781 -0.918770 -0.394793 0.394793 -0.918770
VERTEX_POSE E202 -0.755244 -0.026118 0.100763 0.994910 0.994910 -0.100763
VERTEX_POSE E203 -0.237969 -0.148720 0.208517 -0.978019 -0.978019 -0.208517
VERTEX_POSE E204 0.779051 0.259991 0.475259 -0.879846 -0.879846 -0.475259
VERTEX_POSE E205 0.469097 -0.186636 0.758445 0.651737 -0.651737 0.758445
VERTEX_POSE E206 0.363851 -0.796585 0.999825 0.018698 0.018698 -0.999825
VERTEX_POSE E207 0.291630 0.334184 -0.965845 0.259119 0.259119 0.965845
VERTEX_POSE E208 0.567362 0.085425 0.566788 0.823864 -0.823864 0.566788
VERTEX_POSE E209 0.031132 -0.501278 -0.885390 -0.464850 -0.464850 0.885390
VERTEX_POSE E210 -0.203528 -0.318010 0.520360 0.853947 -0.853947 0.520360
VERTEX_POSE E211 0.743772 -0.969033 0.991829 0.127576 -0.127576 0.991829
VERTEX_POSE E212 0.713986 -0.014580 -0.224709 0.974426 -0.974426 -0.224709
VERTEX_POSE E213 -0.042796 0.634421 0.891055 0.453896 0.453896 -0.891055
VERTEX_POSE E214 0.458231 -0.683509 0.895093 0.445879 -0.445879 0.895093
VERTEX_POSE E215 0.400781 -0.999561 0.623022 -0.782204 0.782204 0.623022
VERTEX_POSE E216 0.613045 0.847373 0.614145 0.789193 0.789193 -0.614145
VERTEX_POSE E217 0.394366 -0.491473 -0.493117 -0.869963 -0.869963 0.493117
VERTEX_POSE E218 0.613375 0.798362 0.835804 0.549027 0.549027 -0.835804
VERTEX_POSE E219 0.951380 -0.420820 0.239724 -0.970841 0.970841 0.239724
VERTEX_POSE E220 -0.397382 0.639893 0.727208 -0.686418 -0.686418 -0.727208
VERTEX_POSE E221 -0.979729 0.515317 0.995524 0.094513 -0.094513 0.995524
VERTEX_POSE E222 0.734156 0.882130 0.306787 0.951778 -0.951778 0.306787
VERTEX_POSE E223 -0.686824 0.273013 -0.593791 -0.804619 0.804619 -0.593791
VERTEX_POSE E224 0.891152 -0.876230 0.698441 -0.715668 -0.715668 -0.698441
VERTEX_POSE E225 -0.796255 0.493063 0.390398 0.920646 -0.920646 0.390398
VERTEX_POSE E226 -0.715133 0.175954 -0.886026 0.463635 0.463635 0.886026
VERTEX_POSE E227 -0.088814 -0.936624 0.731149 -0.682218 0.682218 0.731149
VERTEX_POSE E228 0.896892 0.477144 -0.170946 -0.985280 -0.985280 0.170946
VERTEX_POSE E229 -0.533323 -0.349745 -0.241402 -0.970425 -0.970425 0.241402
VERTEX_POSE E230 0.630144 -0.153752 0.958352 0.285590 -0.285590 0.958352
VERTEX_POSE E231 -0.273423 0.979666 -0.902641 0.430393 0.430393 0.902641
VERTEX_POSE E232 0.332385 -0.362964 -0.645492 -0.763767 -0.763767 0.645492
VERTEX_POSE E233 0.874901 0.820130 0.961949 -0.273229 0.273229 0.961949
VERTEX_POSE E234 0.488607 -0.169054 0.314123 -0.949382 0.949382 0.314123
VERTEX_POSE E235 0.111436 0.897027 0.395887 0.918299 0.918299 -0.395887
VERTEX_POSE E236 0.343997 -0.366505 -0.743990 -0.668191 -0.668191 0.743990
VERTEX_POSE E237 -0.147541 0.034361 0.707313 -0.706900 0.706900 0.707313
VERTEX_POSE E238 -0.596935 0.231210 -0.984745 -0.174004 -0.174004 0.984745
VERTEX_POSE E239 -0.088641 0.718920 0.741438 0.671022 -0.671022 0.741438
VERTEX_POSE E240 0.883591 0.533083 0.608554 -0.793513 0.793513 0.608554
VERTEX_POSE E241 0.199537 0.913200 0.235371 0.971906 -0.971906 0.235371
VERTEX_POSE E242 -0.344869 0.749887 0.930017 -0.367517 0.367517 0.930017
VERTEX_POSE E243 0.597576 -0.481497 -0.886611 -0.462516 -0.462516 0.886611
VERTEX_POSE E244 -0.843259 0.547621 -0.910724 0.413016 0.413016 0.910724
VERTEX_POSE E245 -0.886638 -0.933622 -0.874067 -0.485805 -0.485805 0.874067
VERTEX_POSE E246 -0.001643 -0.481058 -0.773982 -0.633208 0.633208 -0.773982
VERTEX_POSE E247 0.769785 0.394994 0.939256 0.343218 -0.343218 0.939256
VERTEX_POSE E248 0.507728 -0.425095 0.797841 0.602867 -0.602867 0.797841
VERTEX_POSE E249 -0.388267 -0.682696 0.858279 0.513184 0.513184 -0.858279
VERTEX_POSE E250 0.721166 0.974174 -0.292238 -0.956346 -0.956346 0.292238
VERTEX_POSE E251 -0.889655 -0.785202 -0.150102 0.988671 -0.988671 -0.150102
VERTEX_POSE E252 -0.367997 0.832622 -0.343334 0.939213 -0.939213 -0.343334
VERTEX_POSE E253 0.455322 0.856305 -0.828372 0.560179 -0.560179 -0.828372
VERTEX_POSE E254 -0.576478 0.487811 -0.048871 0.998805 0.998805 0.048871
VERTEX_POSE E255 -0.476845 0.956392 -0.717789 -0.696261 -0.696261 0.717789
VERTEX_POSE E256 0.659067 0.349367 -0.744497 0.667625 -0.667625 -0.744497
VERTEX_POSE E257 -0.291611 -0.336235 -0.166767 0.985996 -0.985996 -0.166767
VERTEX_POSE E258 0.434341 -0.980232 0.992594 0.121476 -0.121476 0.992594
VERTEX_POSE E259 0.555959 -0.173488 0.734845 0.678235 -0.678235 0.734845
VERTEX_POSE E260 0.175066 0.314020 -0.950445 -0.310893 -0.310893 0.950445
VERTEX_POSE E261 0.064485 -0.133984 -0.990576 0.136965 -0.136965 -0.990576
VERTEX_POSE E262 -0.717464 -0.193822 0.564691 0.825302 -0.825302 0.564691
VERTEX_POSE E263 -0.492549 0.951056 0.067429 -0.997724 -0.997724 -0.067429
VERTEX_POSE E264 -0.060614 -0.313854 -0.636067 -0.771634 0.771634 -0.636067
VERTEX_POSE E265 0.771143 0.637124 0.767908 0.640560 -0.640560 0.767908
VERTEX_POSE E266 0.618887 0.848083 0.005571 -0.999984 0.999984 0.005571
VERTEX_POSE E267 -0.716617 0.319641 0.679033 -0.734108 -0.734108 -0.679033
VERTEX_POSE E268 -0.376398 -0.328514 -0.842727 0.538341 0.538341 0.842727
VERTEX_POSE E269 -0.978047 0.079293 0.758885 0.651225 -0.651225 0.758885
VERTEX_POSE E270 0.194742 0.038561 0.172181 0.985065 0.985065 -0.172181
VERTEX_POSE E271 -0.492808 -0.795431 -0.971938 0.235238 0.235238 0.971938
VERTEX_POSE E272 0.221490 -0.007506 -0.253503 0.967335 0.967335 0.253503
VERTEX_POSE E273 0.849873 -0.211552 0.732149 -0.681144 -0.681144 -0.732149
VERTEX_POSE E274 -0.895232 -0.276929 -0.950783 0.309857 0.309857 0.950783
VERTEX_POSE E275 0.378231 -0.459885 0.050645 -0.998717 -0.998717 -0.050645
VERTEX_POSE E276 0.963235 -0.145174 0.969786 -0.243957 0.243957 0.969786
VERTEX_POSE E277 0.103126 0.242013 0.958658 -0.284560 0.284560 0.958658
VERTEX_POSE E278 0.148016 0.935109 -0.721296 -0.692627 -0.692627 0.721296
VERTEX_POSE E279 0.470963 0.429732 0.588065 0.808813 0.808813 -0.588065
VERTEX_POSE E280 0.714859 0.559318 -0.768498 -0.639852 0.639852 -0.768498
VERTEX_POSE E281 -0.130818 0.909283 0.426831 0.904331 -0.904331 0.426831
VERTEX_POSE E282 0.581309 0.644530 0.321651 -0.946858 0.946858 0.321651
VERTEX_POSE E283 -0.653138 0.391939 0.604205 0.796829 0.796829 -0.604205
VERTEX_POSE E284 -0.675497 0.765587 0.988744 -0.149620 -0.149620 -0.988744
VERTEX_POSE E285 -0.995170 0.132341 0.627301 -0.778777 -0.778777 -0.627301
VERTEX_POSE E286 -0.129983 0.348331 -0.289607 0.957146 0.957146 0.289607
VERTEX_POSE E287 0.983570 0.114955 -0.644258 0.764808 0.764808 0.644258
VERTEX_POSE E288 -0.286781 0.796106 -0.471993 0.881602 -0.881602 -0.471993
VERTEX_POSE E289 -0.695642 0.368099 -0.764888 -0.644163 -0.644163 0.764888
VERTEX_POSE E290 0.539529 0.941466 -0.542005 -0.840375 0.840375 -0.542005
VERTEX_POSE E291 0.888285 0.110126 -0.003559 -0.999994 0.999994 -0.003559
VERTEX_POSE E292 0.368844 -0.765885 0.457603 -0.889157 0.889157 0.457603
VERTEX_POSE E293 0.822064 -0.252355 0.378684 0.925526 0.925526 -0.378684
VERTEX_POSE E294 -0.604264 0.061182 -0.456919 -0.889508 -0.889508 0.456919
VERTEX_POSE E295 -0.691770 -0.079739 0.946684 0.322164 0.322164 -0.946684
VERTEX_POSE E296 0.593207 -0.615231 0.265345 -0.964153 0.964153 0.265345
VERTEX_POSE E297 -0.985376 -0.090735 0.127608 -0.991825 0.991825 0.127608
VERTEX_POSE E298 -0.408387 -0.760097 -0.554604 -0.832114 -0.832114 0.554604
VERTEX_POSE E299 -0.783191 0.056255 0.564871 -0.825179 0.825179 0.564871
VERTEX_POSE E300 -0.963424 0.988558 -0.462492 -0.886624 0.886624 -0.462492
VERTEX_POSE E301 0.786356 0.278464 -0.282145 0.959372 0.959372 0.282145
VERTEX_POSE E302 -0.275999 0.260823 0.929942 0.367707 -0.367707 0.929942
VERTEX_POSE E303 0.258066 -0.018949 0.658201 -0.752842 0.752842 0.658201
VERTEX_POSE E304 0.636229 -0.933088 0.470155 0.882584 -0.882584 0.470155
VERTEX_POSE E305 -0.171230 0.983895 0.698597 -0.715515 -0.715515 -0.698597
VERTEX_POSE E306 -0.363704 0.521166 -0.641170 -0.767399 0.767399 -0.641170
VERTEX_POSE E307 0.599464 -0.078262 -0.741606 0.670836 0.670836 0.741606
VERTEX_POSE E308 0.931896 0.225908 0.291170 0.956671 0.956671 -0.291170
VERTEX_POSE E309 0.784312 0.456275 0.718626 -0.695397 0.695397 0.718626
VERTEX_POSE E310 0.070427 -0.648530 -0.925988 0.377553 -0.377553 -0.925988
VERTEX_POSE E311 0.646754 -0.214774 0.740466 0.672094 0.672094 -0.740466
VERTEX_POSE E312 -0.346506 0.365557 0.484943 -0.874546 0.874546 0.484943
VERTEX_POSE E313 -0.348264 0.996000 0.569475 0.822009 0.822009 -0.569475
VERTEX_POSE E314 0.993616 -0.822835 0.781695 0.623661 -0.623661 0.781695
VERTEX_POSE E315 -0.022002 0.131145 0.755822 -0.654778 -0.654778 -0.755822
VERTEX_POSE E316 -0.343434 0.128341 0.897734 0.440537 0.440537 -0.897734
VERTEX_POSE E317 -0.136367 0.525496 -0.321862 0.946787 0.946787 0.321862
VERTEX_POSE E318 -0.038432 -0.753901 -0.382591 0.923918 0.923918 0.382591
VERTEX_POINT L6 0.369785 -0.075554
VERTEX_POINT L7 0.167992 -0.106405
VERTEX_POINT L8 -0.498903 -0.812435
VERTEX_POINT L9 0.258070 -0.965428
VERTEX_POINT L10 -0.463164 0.127710
VERTEX_POINT L11 -0.676839 -0.064790
VERTEX_POINT L12 0.653806 0.095754
VERTEX_POINT L13 -0.154934 -0.952029
VERTEX_POINT L14 0.916368 0.319979
VERTEX_POINT L15 0.668430 -0.994982
VERTEX_POINT L16 0.436679 -0.712126
VERTEX_POINT L17 -0.866822 -0.623766
VERTEX_POINT L18 0.705006 0.993576
VERTEX_POINT L19 0.223034 0.566338
VERTEX_POINT L20 -0.142821 0.637057
VERTEX_BEARING C4 B3 -0.747873 0.663842
VERTEX_BEARING C5 B4 0.711550 0.702636
VERTEX_BEARING C6 B5 0.009774 -0.999952
VERTEX_BEARING C7 B6 0.616248 -0.787552
VERTEX_BEARING C8 B7 -0.707098 -0.707115
VERTEX_BEARING C10 B8 0.434742 -0.900555
VERTEX_BEARING C11 B10 0.996700 0.081176
VERTEX_BEARING C12 B11 -0.996563 -0.082837
VERTEX_BEARING C13 B12 -0.002587 0.999997
VERTEX_BEARING C15 B13 0.357833 -0.933786
VERTEX_BEARING C19 B14 -0.583909 0.811819
VERTEX_BEARING C21 B15 -0.566227 0.824249
VERTEX_BEARING C23 B16 0.532211 -0.846612
VERTEX_BEARING C25 B17 -0.543980 -0.839098
VERTEX_BEARING C26 B18 0.584508 -0.811388
VERTEX_BEARING C27 B19 0.101529 -0.994833
VERTEX_BEARING C28 B20 0.945302 -0.326196
VERTEX_BEARING C30 B21 -0.018573 0.999828
VERTEX_BEARING C32 B22 0.718142 0.695897
VERTEX_BEARING C33 B23 0.473250 -0.880928
VERTEX_BEARING C34 B24 -0.395962 -0.918267
VERTEX_BEARING C35 B25 -0.233227 -0.972422
VERTEX_BEARING C36 B26 -0.539050 0.842274
VERTEX_BEARING C37 B27 -0.617620 -0.786476
VERTEX_BEARING C38 B28 0.368093 -0.929789
VERTEX_BEARING C39 B29 -0.893214 0.449633
VERTEX_BEARING C40 B30 0.970968 -0.239211
VERTEX_BEARING C41 B31 0.443753 -0.896149
VERTEX_BEARING C42 B32 0.515895 -0.856652
VERTEX_BEARING C43 B33 -0.602721 -0.797952
VERTEX_BEARING C44 B34 -0.441814 0.897107
VERTEX_BEARING C45 B35 0.634691 0.772766
VERTEX_BEARING C46 B36 -0.609587 -0.792719
VERTEX_BEARING C47 B37 0.668390 -0.743811
VERTEX_BEARING C48 B38 0.147777 -0.989021
VERTEX_BEARING C49 B39 -0.601280 -0.799038
VERTEX_BEARING C50 B40 -0.092192 -0.995741
VERTEX_BEARING C52 B41 0.003885 0.999992
VERTEX_BEARING C54 B42 0.401827 0.915716
VERTEX_BEARING C55 B43 0.839288 -0.543687
VERTEX_BEARING C56 B44 -0.659146 0.752015
VERTEX_BEARING C57 B45 0.926254 0.376901
VERTEX_BEARING C58 B46 -0.375782 0.926708
VERTEX_BEARING C59 B47 0.640962 -0.767573
VERTEX_BEARING C60 B48 -0.843530 0.537081
VERTEX_BEARING C61 B49 -0.602746 0.797933
VERTEX_BEARING C62 B50 -0.709662 -0.704543
VERTEX_BEARING C63 B51 0.801872 -0.597496
VERTEX_BEARING C64 B52 0.379031 0.925384
VERTEX_BEARING C65 B53 -0.696732 -0.717331
VERTEX_BEARING C66 B54 0.639314 -0.768945
VERTEX_BEARING C75 B55 -0.802755 -0.596310
VERTEX_BEARING C76 B56 0.337792 -0.941221
VERTEX_BEARING C77 B57 0.806912 -0.590672
VERTEX_BEARING C78 B58 -0.582809 0.812609
VERTEX_BEARING C79 B59 -0.980092 0.198543
VERTEX_BEARING C80 B60 0.712094 0.702084
VERTEX_BEARING C81 B61 -0.181143 0.983457
VERTEX_BEARING C82 B62 0.678513 0.734588
VERTEX_BEARING C83 B63 0.432630 0.901572
VERTEX_BEARING C84 B64 0.535429 -0.844580
VERTEX_BEARING C85 B65 -0.943828 0.330437
VERTEX_BEARING C86 B66 0.172663 0.984981
VERTEX_BEARING C87 B67 0.952414 -0.304807
VERTEX_BEARING C88 B68 0.893057 0.449943
VERTEX_BEARING C89 B69 -0.636787 -0.771040
VERTEX_BEARING B110 C101 -0.975983 0.217845
VERTEX_BEARING B111 C102 -0.081488 -0.996674
VERTEX_BEARING B112 C103 0.461453 0.887165
VERTEX_BEARING B113 C104 0.796226 -0.605000
VERTEX_BEARING B114 C105 -0.209557 -0.977796
VERTEX_BEARING B115 C106 0.704345 0.709858
VERTEX_BEARING B116 C107 0.301081 0.953599
VERTEX_BEARING B117 C108 0.640436 -0.768011
VERTEX_BEARING B118 C109 -0.058068 0.998313
VERTEX_BEARING B119 C110 0.785573 0.618769
VERTEX_BEARING B120 C111 0.743184 -0.669088
VERTEX_BEARING B121 C112 0.680803 -0.732467
VERTEX_BEARING B122 C113 0.548980 0.835836
VERTEX_BEARING B123 C114 0.266820 0.963746
VERTEX_BEARING B124 C116 0.949973 -0.312332
VERTEX_BEARING D29 E112 -0.274664 -0.961540
VERTEX_BEARING D32 E113 0.534609 -0.845100
VERTEX_BEARING D33 E114 0.287402 0.957810
VERTEX_BEARING D34 E115 -0.610030 -0.792378
VERTEX_BEARING D35 E116 -0.827466 0.561516
VERTEX_BEARING D36 E117 0.553909 -0.832577
VERTEX_BEARING D37 E118 -0.623026 -0.782201
VERTEX_BEARING D38 E119 0.493622 0.869677
VERTEX_BEARING D39 E120 -0.019195 -0.999816
VERTEX_BEARING D40 E121 0.768654 -0.639665
VERTEX_BEARING D41 E122 -0.518757 0.854922
VERTEX_BEARING D42 E123 0.668976 0.743284
VERTEX_BEARING D43 E124 0.038664 -0.999252
VERTEX_BEARING D44 E125 -0.564396 -0.825504
VERTEX_BEARING D45 E126 0.661750 -0.749724
VERTEX_BEARING D46 E127 0.290645 -0.956831
VERTEX_BEARING D47 E128 0.116339 0.993210
VERTEX_BEARING D48 E129 -0.993891 -0.110365
VERTEX_BEARING D49 E130 -0.660164 0.751122
VERTEX_BEARING D50 E131 -0.281529 0.959553
VERTEX_BEARING D51 E132 0.087813 0.996137
VERTEX_BEARING D52 E133 0.999135 -0.041590
VERTEX_BEARING D53 E134 0.818620 0.574336
VERTEX_BEARING D54 E135 -0.468182 0.883632
VERTEX_BEARING D55 E136 -0.391986 -0.919971
VERTEX_BEARING D56 E137 0.982141 -0.188145
VERTEX_BEARING D57 E138 -0.453964 0.891020
VERTEX_BEARING D58 E139 -0.986603 0.163141
VERTEX_BEARING D59 E140 -0.554668 -0.832072
VERTEX_BEARING D61 E141 0.680358 0.732880
VERTEX_BEARING D62 E142 -0.620835 0.783941
VERTEX_BEARING D63 E143 0.645183 -0.764028
VERTEX_BEARING D64 E144 0.288692 -0.957422
VERTEX_BEARING D65 E145 0.995051 0.099369
VERTEX_BEARING D66 E146 0.999995 -0.003074
VERTEX_BEARING D67 E147 0.644495 0.764609
VERTEX_BEARING D68 E148 -0.310073 0.950713
VERTEX_BEARING D69 E149 -0.877429 0.479706
VERTEX_BEARING D70 E150 -0.999994 -0.003404
VERTEX_BEARING D71 E151 0.876428 0.481533
VERTEX_BEARING D72 E152 -0.767293 0.641297
VERTEX_BEARING D73 E153 0.714426 -0.699711
VERTEX_BEARING D74 E154 0.313996 -0.949424
VERTEX_BEARING D75 E155 0.529849 0.848092
VERTEX_BEARING D76 E156 0.999929 -0.011919
VERTEX_BEARING D77 E157 -0.815524 0.578723
VERTEX_BEARING D78 E158 -0.473976 0.880538
VERTEX_BEARING D79 E159 -0.058966 -0.998260
VERTEX_BEARING D80 E160 -0.685245 -0.728313
VERTEX_BEARING A11 C14 0.563679 0.825994
VERTEX_BEARING A13 C18 0.749586 -0.661907
VERTEX_BEARING A14 C20 0.499464 0.866335
VERTEX_BEARING A17 C24 0.091006 -0.995850
VERTEX_BEARING A19 C26 0.560729 -0.827999
VERTEX_BEARING A20 C27 -0.853464 0.521152
VERTEX_BEARING A22 C29 0.994399 -0.105694
VERTEX_BEARING A23 C31 -0.999987 -0.005123
VERTEX_BEARING A137 C90 -0.632754 0.774353
VERTEX_BEARING A141 C91 -0.513148 0.858300
VERTEX_BEARING A142 C92 0.778505 0.627639
VERTEX_BEARING A143 C93 -0.854501 0.519450
VERTEX_BEARING A144 C94 -0.266637 0.963797
VERTEX_BEARING A145 C95 -0.027460 -0.999623
VERTEX_BEARING A146 C96 0.770480 0.637464
VERTEX_BEARING A173 C97 -0.973557 -0.228446
VERTEX_BEARING A174 C98 -0.968440 0.249249
VERTEX_BEARING A175 C99 0.722789 0.691069
VERTEX_BEARING A176 C100 0.128276 -0.991739
VERTEX_BEARING C132 A205 0.471340 -0.881951
VERTEX_BEARING A212 C151 -0.794735 -0.606957
VERTEX_BEARING A213 C153 -0.092007 0.995758
VERTEX_BEARING A214 C156 0.604003 0.796982
VERTEX_BEARING A215 C158 0.959425 -0.281966
VERTEX_BEARING A216 C159 -0.875253 -0.483666
VERTEX_BEARING E0 C0 0.089543 0.995983
VERTEX_BEARING E1 C1 0.310970 0.950420
VERTEX_BEARING E2 C2 -0.580394 0.814336
VERTEX_BEARING E3 C3 0.976490 0.215562
VERTEX_BEARING E8 C7 -0.740411 -0.672155
VERTEX_BEARING E9 C9 -0.355977 -0.934495
VERTEX_BEARING E10 C10 -0.256348 -0.966584
VERTEX_BEARING E11 C11 0.957296 -0.289109
VERTEX_BEARING E13 C13 -0.685843 -0.727749
VERTEX_BEARING E14 C14 0.900183 -0.435512
VERTEX_BEARING E15 C16 0.931272 -0.364326
VERTEX_BEARING E20 C22 -0.676144 0.736769
VERTEX_BEARING E229 C134 0.882244 0.470792
VERTEX_BEARING E263 C160 -0.527041 0.849840
VERTEX_BEARING E295 C172 -0.243883 0.969805
VERTEX_BEARING E300 C178 -0.852509 0.522712
VERTEX_BEARING E305 C184 -0.963739 0.266845
VERTEX_BEARING E310 C190 0.647742 -0.761859
VERTEX_BEARING A2 D0 0.237825 0.971308
VERTEX_BEARING A3 D1 0.298592 0.954381
VERTEX_BEARING A4 D2 0.097124 -0.995272
VERTEX_BEARING A6 D3 0.294185 -0.955748
VERTEX_BEARING A7 D4 -0.807196 -0.590284
VERTEX_BEARING A8 D5 -0.889627 0.456687
VERTEX_BEARING A9 D6 -0.660874 -0.750496
VERTEX_BEARING A11 D7 0.698591 -0.715521
VERTEX_BEARING A17 D8 -0.741875 0.670538
VERTEX_BEARING A20 D9 0.315126 -0.949050
VERTEX_BEARING A26 D10 0.113875 -0.993495
VERTEX_BEARING A131 D11 0.810177 -0.586185
VERTEX_BEARING A136 D12 0.555566 -0.831473
VERTEX_BEARING A138 D13 -0.672488 0.740108
VERTEX_BEARING A139 D15 0.029133 -0.999576
VERTEX_BEARING A140 D17 0.765045 -0.643977
VERTEX_BEARING D28 A152 0.983761 0.179484
VERTEX_BEARING D29 A154 0.642794 -0.766039
VERTEX_BEARING D30 A155 -0.947694 -0.319180
VERTEX_BEARING D31 A156 -0.598411 0.801189
VERTEX_BEARING A259 D121 0.489275 0.872130
VERTEX_BEARING A260 D122 -0.999458 -0.032927
VERTEX_BEARING A265 D123 -0.459616 -0.888117
VERTEX_BEARING E252 B128 -0.231078 -0.972935
VERTEX_BEARING E253 B129 -0.118550 -0.992948
VERTEX_BEARING E254 B130 -0.754528 0.656267
VERTEX_BEARING E255 B131 0.326470 0.945208
VERTEX_BEARING E256 B132 0.706299 0.707914
VERTEX_BEARING E257 B133 -0.998996 -0.044801
VERTEX_BEARING E258 B134 0.924074 0.382213
VERTEX_BEARING E259 B135 0.505207 -0.862998
VERTEX_BEARING E260 B136 0.666398 -0.745596
VERTEX_BEARING E261 B137 -0.657525 -0.753433
VERTEX_BEARING E262 B138 -0.784103 -0.620631
VERTEX_BEARING E263 B139 0.001790 -0.999998
VERTEX_BEARING E264 B140 -0.862878 -0.505413
VERTEX_BEARING E265 B141 -0.266309 0.963888
VERTEX_BEARING E266 B142 0.664343 -0.747428
VERTEX_BEARING E268 B143 0.935670 0.352876
VERTEX_BEARING E269 B144 0.249902 0.968271
VERTEX_BEARING E271 B145 -0.571410 -0.820665
VERTEX_BEARING E272 B146 -0.040774 0.999168
VERTEX_BEARING E273 B147 -0.162537 0.986702
VERTEX_BEARING E274 B148 -0.996846 0.079360
VERTEX_BEARING E275 B149 0.074900 0.997191
VERTEX_BEARING E279 B150 0.766309 -0.642472
VERTEX_BEARING E280 B151 0.810309 0.586003
VERTEX_BEARING E281 B152 -0.998333 -0.057721
VERTEX_BEARING E282 B153 0.935597 -0.353070
VERTEX_BEARING E283 B154 -0.787431 -0.616403
VERTEX_BEARING E284 B155 0.680848 -0.732425
VERTEX_BEARING E288 B157 -0.694431 -0.719559
VERTEX_BEARING E289 B158 -0.571784 0.820404
VERTEX_BEARING E292 B159 0.920880 -0.389847
VERTEX_BEARING E293 B160 0.301440 -0.953485
VERTEX_BEARING E294 B161 0.616774 -0.787141
VERTEX_BEARING E295 B162 -0.587022 -0.809571
VERTEX_BEARING A12 E16 -0.672002 -0.740550
VERTEX_BEARING A13 E17 0.571514 0.820592
VERTEX_BEARING E18 A14 0.147191 0.989108
VERTEX_BEARING A15 E19 0.832814 0.553553
VERTEX_BEARING E20 A16 -0.007936 -0.999969
VERTEX_BEARING A17 E21 -0.660544 0.750788
VERTEX_BEARING E22 A18 -0.515988 -0.856596
VERTEX_BEARING A20 E23 0.990913 -0.134501
VERTEX_BEARING E24 A21 0.786858 0.617134
VERTEX_BEARING E26 A24 -0.164927 -0.986306
VERTEX_BEARING A25 E27 -0.976388 -0.216022
VERTEX_BEARING A26 E30 0.131259 -0.991348
VERTEX_BEARING E31 A27 -0.143856 -0.989599
VERTEX_BEARING A28 E32 0.362320 -0.932054
VERTEX_BEARING A29 E34 0.946423 -0.322930
VERTEX_BEARING A32 E37 0.650122 0.759830
VERTEX_BEARING A33 E38 -0.731365 -0.681986
VERTEX_BEARING A34 E40 0.745145 0.666903
VERTEX_BEARING A38 E44 -0.118639 0.992937
VERTEX_BEARING A39 E46 0.881352 -0.472461
VERTEX_BEARING A40 E48 0.888581 0.458720
VERTEX_BEARING A48 E56 0.971514 -0.236982
VERTEX_BEARING A61 E68 0.322462 0.946582
VERTEX_BEARING A64 E71 0.758364 0.651831
VERTEX_BEARING A70 E76 0.526987 0.849873
VERTEX_BEARING A74 E77 0.555457 0.831545
VERTEX_BEARING A75 E78 -0.993370 -0.114962
VERTEX_BEARING A76 E79 0.196120 0.980580
VERTEX_BEARING A77 E80 -0.411535 -0.911394
VERTEX_BEARING A78 E81 -0.999813 -0.019363
VERTEX_BEARING A79 E82 0.491229 -0.871031
VERTEX_BEARING A80 E83 0.390289 -0.920692
VERTEX_BEARING A81 E84 0.998544 -0.053939
VERTEX_BEARING A82 E85 -0.953291 0.302052
VERTEX_BEARING A83 E86 0.073115 -0.997323
VERTEX_BEARING A84 E87 -0.171369 0.985207
VERTEX_BEARING A85 E88 0.461753 -0.887008
VERTEX_BEARING A86 E89 0.583920 -0.811811
VERTEX_BEARING A87 E90 -0.683848 -0.729625
VERTEX_BEARING A88 E91 0.009302 -0.999957
VERTEX_BEARING A89 E92 -0.981194 0.193022
VERTEX_BEARING A90 E93 -0.971538 0.236884
VERTEX_BEARING A91 E94 -0.717748 -0.696303
VERTEX_BEARING A94 E95 0.808143 0.588986
VERTEX_BEARING A95 E96 0.900160 0.435560
VERTEX_BEARING A96 E97 0.990523 -0.137347
VERTEX_BEARING A98 E98 0.593031 0.805180
VERTEX_BEARING A103 E99 0.849826 0.527064
VERTEX_BEARING A104 E100 0.926772 -0.375625
VERTEX_BEARING A105 E101 -0.999223 0.039424
VERTEX_BEARING A106 E102 0.696702 -0.717361
VERTEX_BEARING A107 E103 0.413580 0.910468
VERTEX_BEARING A108 E104 0.683171 0.730259
VERTEX_BEARING E207 A186 0.154143 0.988049
VERTEX_BEARING E208 A187 0.282802 0.959178
VERTEX_BEARING E209 A188 0.014682 0.999892
VERTEX_BEARING E210 A189 -0.907245 0.420603
VERTEX_BEARING E211 A190 0.840383 -0.541993
VERTEX_BEARING E212 A191 -0.993550 0.113393
VERTEX_BEARING E213 A192 0.457309 0.889308
VERTEX_BEARING E214 A193 0.875632 0.482979
VERTEX_BEARING E215 A194 0.985448 0.169978
VERTEX_BEARING E216 A195 -0.581191 -0.813768
VERTEX_BEARING E217 A196 0.870658 -0.491888
VERTEX_BEARING E218 A197 -0.694025 -0.719951
VERTEX_BEARING E219 A198 0.568058 -0.822988
VERTEX_BEARING E220 A199 -0.174755 0.984612
VERTEX_BEARING E221 A200 0.898470 -0.439036
VERTEX_BEARING E223 A201 -0.333898 -0.942609
VERTEX_BEARING E224 A202 0.224306 -0.974519
VERTEX_BEARING E225 A203 -0.847807 -0.530306
VERTEX_BEARING E226 A204 0.384616 0.923077
VERTEX_BEARING E227 A206 0.937734 0.347354
VERTEX_BEARING E228 A207 -0.936329 -0.351125
VERTEX_BEARING E230 A208 -0.983218 0.182434
VERTEX_BEARING E232 A209 0.824244 -0.566234
VERTEX_BEARING E233 A210 -0.406082 0.913837
VERTEX_BEARING E234 A211 0.747188 -0.664612
VERTEX_BEARING E266 A226 0.495657 -0.868519
VERTEX_BEARING E311 A266 -0.651314 -0.758808
VERTEX_BEARING A0 B0 0.942601 0.333920
VERTEX_BEARING A1 B1 0.453175 -0.891421
VERTEX_BEARING A2 B2 0.839617 -0.543179
VERTEX_BEARING A3 B3 0.971287 0.237911
VERTEX_BEARING A8 B9 -0.611286 0.791410
VERTEX_BEARING A245 B156 0.120544 0.992708
