VERTEX_POSE A0 -0.421166 -0.936746 0.832558 0.553938 -0.553938 0.832558
VERTEX_POSE A1 -0.971127 -0.270174 0.851289 0.524697 -0.524697 0.851289
VERTEX_POSE A2 -0.557762 0.804539 -0.698781 -0.715336 0.715336 -0.698781
VERTEX_POSE A3 -0.590588 -0.731817 0.811212 0.584753 0.584753 -0.811212
VERTEX_POSE A4 0.921087 0.501906 0.019993 0.999800 -0.999800 0.019993
VERTEX_POSE A5 -0.166569 0.702164 0.035287 0.999377 0.999377 -0.035287
VERTEX_POSE A6 -0.858384 0.241803 0.385954 0.922518 -0.922518 0.385954
VERTEX_POSE A7 0.092013 0.910694 0.995396 -0.095850 -0.095850 -0.995396
VERTEX_POSE A8 0.331824 0.973952 -0.826929 -0.562307 -0.562307 0.826929
VERTEX_POSE A9 0.873717 0.138109 -0.948692 -0.316201 -0.316201 0.948692
VERTEX_POSE A10 0.878419 -0.743646 0.922753 0.385392 -0.385392 0.922753
VERTEX_POSE A11 -0.334525 -0.322410 0.666905 -0.745143 -0.745143 -0.666905
VERTEX_POSE A12 0.361035 0.744243 -0.720211 -0.693755 0.693755 -0.720211
VERTEX_POSE A13 0.476742 0.697397 -0.146315 -0.989238 -0.989238 0.146315
VERTEX_POSE A14 -0.262691 -0.345859 0.667413 0.744688 -0.744688 0.667413
VERTEX_POSE A15 -0.002196 0.666602 0.914614 0.404327 -0.404327 0.914614
VERTEX_POSE A16 -0.811906 -0.730059 -0.448308 -0.893879 -0.893879 0.448308
VERTEX_POSE A17 0.216493 0.785061 -0.999420 -0.034049 -0.034049 0.999420
VERTEX_POSE A18 0.018884 0.601472 0.589326 0.807895 -0.807895 0.589326
VERTEX_POSE A19 -0.939945 -0.935583 0.333665 0.942692 -0.942692 0.333665
VERTEX_POSE A20 -0.692975 -0.985366 0.974257 0.225438 -0.225438 0.974257
VERTEX_POSE A21 0.968955 -0.089491 0.876827 0.480806 0.480806 -0.876827
VERTEX_POSE A22 -0.333821 -0.072084 0.855551 0.517719 0.517719 -0.855551
VERTEX_POSE A23 -0.815756 0.776314 -0.156371 0.987698 -0.987698 -0.156371
VERTEX_POSE A24 -0.966129 -0.448839 -0.490658 -0.871352 0.871352 -0.490658
VERTEX_POSE A25 0.039506 -0.055329 -0.655091 0.755550 -0.755550 -0.655091
VERTEX_POSE A26 0.709114 -0.040157 -0.856332 0.516425 -0.516425 -0.856332
VERTEX_POSE A27 0.809268 -0.728659 -0.993193 0.116478 -0.116478 -0.993193
VERTEX_POSE A28 0.139861 -0.860022 -0.980013 0.198933 0.198933 0.980013
VERTEX_POSE A29 -0.606478 -0.142482 0.875966 0.482374 -0.482374 0.875966
VERTEX_POSE A30 0.231822 -0.927906 -0.760431 -0.649418 -0.649418 0.760431
VERTEX_POSE A31 0.718695 -0.796767 -0.214536 -0.976716 0.976716 -0.214536
VERTEX_POSE A32 -0.577605 0.587344 0.987190 -0.159548 0.159548 0.987190
VERTEX_POSE A33 0.674060 0.876633 0.902170 -0.431380 -0.431380 -0.902170
VERTEX_POSE A34 -0.871893 -0.528584 0.084851 -0.996394 0.996394 0.084851
VERTEX_POSE A35 -0.656518 0.089250 -0.801254 -0.598324 0.598324 -0.801254
VERTEX_POSE A36 -0.492509 0.578798 -0.780375 -0.625312 -0.625312 0.780375
VERTEX_POSE A37 -0.730278 0.713219 -0.983591 0.180413 0.180413 0.983591
VERTEX_POSE A38 0.435496 -0.000056 0.691706 -0.722179 0.722179 0.691706
VERTEX_POSE A39 0.839315 0.552750 -0.304546 -0.952498 0.952498 -0.304546
VERTEX_POSE A40 -0.856561 -0.148672 -0.347203 -0.937790 -0.937790 0.347203
VERTEX_POSE A41 0.313914 0.256298 -0.491060 0.871126 0.871126 0.491060
VERTEX_POSE A42 -0.495211 -0.769661 -0.693761 0.720205 -0.720205 -0.693761
VERTEX_POSE A43 0.504474 -0.404429 -0.946112 -0.323840 0.323840 -0.946112
VERTEX_POSE A44 -0.209344 -0.046305 0.320904 -0.947112 0.947112 0.320904
VERTEX_POSE A45 0.242099 -0.115520 -0.723111 0.690732 -0.690732 -0.723111
VERTEX_POSE A46 -0.497722 -0.737828 -0.036363 0.999339 0.999339 0.036363
VERTEX_POSE A47 -0.021249 0.223637 0.994687 -0.102944 0.102944 0.994687
VERTEX_POSE A48 -0.541408 -0.330459 -0.983918 0.178623 0.178623 0.983918
VERTEX_POSE A49 0.521163 0.863644 0.571778 0.820408 0.820408 -0.571778
VERTEX_POSE A50 0.038806 0.288054 0.364999 -0.931008 -0.931008 -0.364999
VERTEX_POSE A51 -0.234383 -0.315825 -0.455563 0.890203 0.890203 0.455563
VERTEX_POSE A52 0.490117 -0.225847 -0.902219 0.431279 -0.431279 -0.902219
VERTEX_POSE A53 0.704985 -0.784029 0.527810 -0.849362 0.849362 0.527810
VERTEX_POSE A54 -0.050139 -0.539511 0.598877 0.800841 0.800841 -0.598877
VERTEX_POSE A55 0.523988 0.325314 -0.909406 -0.415910 -0.415910 0.909406
VERTEX_POSE A56 -0.255508 0.160641 0.135564 -0.990769 -0.990769 -0.135564
VERTEX_POSE A57 -0.341025 0.420332 0.966305 -0.257401 -0.257401 -0.966305
VERTEX_POSE A58 0.333257 0.596655 0.894519 -0.447030 0.447030 0.894519
VERTEX_POSE A59 0.884353 0.300620 0.632994 -0.774156 -0.774156 -0.632994
VERTEX_POSE A60 0.052498 -0.722150 -0.164903 0.986310 0.986310 0.164903
VERTEX_POSE A61 -0.434921 0.668749 0.740381 0.672187 -0.672187 0.740381
VERTEX_POSE A62 0.603047 0.503853 0.597870 0.801593 -0.801593 0.597870
VERTEX_POSE A63 0.474893 0.865194 0.052017 0.998646 -0.998646 0.052017
VERTEX_POSE A64 -0.760861 0.545382 0.497031 -0.867733 0.867733 0.497031
VERTEX_POSE A65 0.731154 0.975269 0.661811 -0.749671 -0.749671 -0.661811
VERTEX_POSE A66 0.818375 -0.045556 -0.821124 -0.570750 -0.570750 0.821124
VERTEX_POSE A67 -0.253371 0.124180 0.794998 -0.606612 0.606612 0.794998
VERTEX_POSE A68 -0.999124 0.688488 0.434927 -0.900466 -0.900466 -0.434927
VERTEX_POSE A69 0.253871 0.954388 -0.941820 -0.336117 0.336117 -0.941820
VERTEX_POSE A70 -0.414056 -0.323071 -0.997931 0.064297 0.064297 0.997931
VERTEX_POSE A71 -0.855685 -0.460185 0.035811 0.999359 0.999359 -0.035811
VERTEX_POSE A72 -0.432215 0.210686 0.847341 -0.531049 -0.531049 -0.847341
VERTEX_POSE A73 0.090734 -0.092731 -0.906879 0.421391 0.421391 0.906879
VERTEX_POSE A74 0.648790 0.135386 0.994048 0.108947 -0.108947 0.994048
VERTEX_POSE A75 0.358441 -0.835619 0.271306 -0.962493 0.962493 0.271306
VERTEX_POSE A76 -0.667168 0.791749 0.474193 0.880421 -0.880421 0.474193
VERTEX_POSE A77 -0.848932 0.397558 -0.651781 -0.758407 0.758407 -0.651781
VERTEX_POSE A78 -0.662808 0.388018 0.906772 -0.421622 -0.421622 -0.906772
VERTEX_POSE A79 -0.208576 -0.538710 0.237916 -0.971286 -0.971286 -0.237916
VERTEX_POSE A80 0.672231 0.261202 0.475245 -0.879854 -0.879854 -0.475245
VERTEX_POSE A81 0.375998 -0.323928 -0.353137 0.935572 -0.935572 -0.353137
VERTEX_POSE A82 0.557041 0.145465 -0.597490 -0.801876 -0.801876 0.597490
VERTEX_POSE A83 0.162348 -0.964645 -0.797314 0.603565 -0.603565 -0.797314
VERTEX_POSE A84 0.080983 -0.107957 -0.253435 -0.967353 -0.967353 0.253435
VERTEX_POSE A85 -0.493098 0.605954 0.698206 0.715897 -0.715897 0.698206
VERTEX_POSE A86 -0.313664 0.360669 0.987670 -0.156551 -0.156551 -0.987670
VERTEX_POSE A87 0.825475 -0.947315 -0.328595 0.944471 -0.944471 -0.328595
VERTEX_POSE A88 0.165877 0.026286 0.973821 0.227314 -0.227314 0.973821
VERTEX_POSE A89 -0.980407 -0.042677 -0.582750 0.812652 0.812652 0.582750
VERTEX_POSE A90 0.709827 0.353304 -0.995276 -0.097084 -0.097084 0.995276
VERTEX_POSE A91 -0.781625 0.304136 0.756758 0.653695 -0.653695 0.756758
VERTEX_POSE A92 -0.415328 -0.373928 -0.758826 0.651293 -0.651293 -0.758826
VERTEX_POSE A93 0.312875 -0.142843 -0.802977 0.596009 0.596009 0.802977
VERTEX_POSE A94 0.693268 0.169330 -0.793300 0.608831 0.608831 0.793300
VERTEX_POSE A95 -0.176189 -0.828547 0.139346 0.990244 0.990244 -0.139346
VERTEX_POSE A96 0.044028 -0.167574 0.959180 0.282795 -0.282795 0.959180
VERTEX_POSE A97 0.511643 -0.876226 0.548909 0.835882 -0.835882 0.548909
VERTEX_POSE A98 0.570440 0.295633 -0.678914 0.734218 0.734218 0.678914
VERTEX_POSE A99 0.044905 -0.479086 0.634535 0.772894 -0.772894 0.634535
VERTEX_POSE A100 -0.234487 -0.921838 -0.819097 0.573655 -0.573655 -0.819097
VERTEX_POSE A101 -0.843615 0.972562 -0.539823 -0.841778 -0.841778 0.539823
VERTEX_POSE A102 0.189220 0.060729 0.896076 0.443900 -0.443900 0.896076
VERTEX_POSE A103 0.333298 0.288848 0.531313 0.847175 0.847175 -0.531313
VERTEX_POSE A104 0.247118 -0.120169 0.970305 0.241883 -0.241883 0.970305
VERTEX_POSE A105 -0.161990 -0.803885 -0.655848 -0.754893 -0.754893 0.655848
VERTEX_POSE A106 -0.308261 0.453229 0.655209 -0.755448 0.755448 0.655209
VERTEX_POSE A107 0.579950 -0.328420 -0.275269 0.961367 0.961367 0.275269
VERTEX_POSE A108 -0.010922 0.593673 0.847000 -0.531593 -0.531593 -0.847000
VERTEX_POSE A109 0.028931 -0.158752 0.497166 -0.867655 0.867655 0.497166
VERTEX_POSE A110 -0.628626 0.132870 -0.846882 0.531780 0.531780 0.846882
VERTEX_POSE A111 -0.338692 -0.145125 -0.879739 0.475456 0.475456 0.879739
VERTEX_POSE A112 -0.595071 0.517320 -0.655026 0.755606 0.755606 0.655026
VERTEX_POSE A113 0.928415 -0.721665 0.972674 -0.232176 -0.232176 -0.972674
VERTEX_POSE A114 0.823656 -0.109770 -0.091605 -0.995795 -0.995795 0.091605
VERTEX_POSE A115 0.485912 -0.590637 -0.919257 0.393658 -0.393658 -0.919257
VERTEX_POSE A116 -0.564683 0.884288 0.860924 -0.508734 0.508734 0.860924
VERTEX_POSE A117 -0.490007 -0.749101 0.999232 0.039179 -0.039179 0.999232
VERTEX_POSE A118 0.311387 -0.537952 0.815253 0.579105 -0.579105 0.815253
VERTEX_POSE A119 0.601194 -0.089426 0.388776 0.921332 -0.921332 0.388776
VERTEX_POSE A120 -0.470414 0.208222 -0.722203 0.691681 0.691681 0.722203
VERTEX_POSE A121 0.021214 0.815352 0.246064 -0.969254 -0.969254 -0.246064
VERTEX_POSE A122 0.819568 -0.785290 -0.996724 0.080881 -0.080881 -0.996724
VERTEX_POSE A123 0.114258 0.834293 0.741349 -0.671119 0.671119 0.741349
VERTEX_POSE A124 -0.665912 -0.327490 -0.928090 0.372357 0.372357 0.928090
VERTEX_POSE A125 0.512836 0.384040 -0.731825 -0.681493 0.681493 -0.731825
VERTEX_POSE A126 0.938069 -0.994253 -0.955404 -0.295302 0.295302 -0.955404
VERTEX_POSE A127 0.378117 0.504936 -0.686618 0.727019 -0.727019 -0.686618
VERTEX_POSE A128 0.024478 0.507814 0.454123 -0.890939 0.890939 0.454123
VERTEX_POSE A129 0.508510 0.301380 -0.977970 -0.208744 -0.208744 0.977970
VERTEX_POSE A130 -0.576979 -0.974151 0.366729 -0.930328 0.930328 0.366729
VERTEX_POSE A131 0.789992 0.585976 0.559625 -0.828746 -0.828746 -0.559625
VERTEX_POSE A132 0.664894 0.273942 -0.999962 0.008726 0.008726 0.999962
VERTEX_POSE A133 0.612242 0.086578 -0.917369 -0.398038 -0.398038 0.917369
VERTEX_POSE A134 0.123290 -0.125176 -0.932186 0.361979 0.361979 0.932186
VERTEX_POSE A135 -0.087988 -0.846227 -0.996142 0.087751 -0.087751 -0.996142
VERTEX_POSE A136 -0.549749 0.282693 -0.250369 0.968150 0.968150 0.250369
VERTEX_POSE A137 0.815029 -0.671946 -0.086141 0.996283 0.996283 0.086141
VERTEX_POSE A138 -0.508037 -0.174647 -0.327455 -0.944867 -0.944867 0.327455
VERTEX_POSE A139 0.439329 -0.123634 0.792699 0.609613 -0.609613 0.792699
VERTEX_POSE A140 -0.156040 0.169301 -0.944907 -0.327338 -0.327338 0.944907
VERTEX_POSE A141 -0.136663 0.958222 -0.983888 0.178784 -0.178784 -0.983888
VERTEX_POSE A142 -0.899362 0.731241 -0.574285 -0.818656 0.818656 -0.574285
VERTEX_POSE A143 0.248888 -0.313378 0.984745 0.174001 -0.174001 0.984745
VERTEX_POSE A144 -0.208248 -0.763443 -0.748880 -0.662706 -0.662706 0.748880
VERTEX_POSE A145 0.924294 -0.378529 0.596467 0.802638 0.802638 -0.596467
VERTEX_POSE A146 -0.265200 0.095985 -0.995422 0.095578 0.095578 0.995422
VERTEX_POSE A147 0.227068 -0.879155 -0.984482 -0.175483 0.175483 -0.984482
VERTEX_POSE A148 -0.565713 -0.127630 0.963975 -0.265993 -0.265993 -0.963975
VERTEX_POSE A149 -0.953813 0.558032 0.999173 0.040655 0.040655 -0.999173
VERTEX_POSE A150 -0.171738 0.031420 0.610345 -0.792136 -0.792136 -0.610345
VERTEX_POSE A151 -0.036127 -0.919408 0.952149 0.305635 -0.305635 0.952149
VERTEX_POSE A152 0.067400 0.373384 0.446134 0.894966 0.894966 -0.446134
VERTEX_POSE A153 -0.352170 0.246130 -0.994883 0.101033 -0.101033 -0.994883
VERTEX_POSE A154 -0.921869 0.914885 -0.360199 -0.932875 -0.932875 0.360199
VERTEX_POSE A155 0.401489 -0.954106 -0.999627 -0.027300 -0.027300 0.999627
VERTEX_POSE A156 -0.839334 -0.369830 -0.669847 -0.742499 -0.742499 0.669847
VERTEX_POSE A157 -0.983799 0.920632 0.178827 0.983880 0.983880 -0.178827
VERTEX_POSE A158 -0.220394 0.550830 -0.931543 0.363631 0.363631 0.931543
VERTEX_POSE A159 0.185145 -0.862016 -0.725457 0.688268 -0.688268 -0.725457
VERTEX_POSE A160 0.524711 0.222012 -0.458106 0.888897 0.888897 0.458106
VERTEX_POSE A161 0.202627 0.576679 0.318401 0.947956 0.947956 -0.318401
VERTEX_POSE A162 -0.024864 0.723961 -0.871735 0.489977 -0.489977 -0.871735
VERTEX_POSE A163 0.189605 -0.504045 -0.820685 -0.571380 -0.571380 0.820685
VERTEX_POSE A164 -0.185131 -0.336743 0.995603 0.093675 0.093675 -0.995603
VERTEX_POSE A165 -0.901574 -0.401215 0.142466 0.989800 -0.989800 0.142466
VERTEX_POSE A166 -0.898383 -0.350272 -0.291216 0.956657 -0.956657 -0.291216
VERTEX_POSE A167 0.265120 0.945950 -0.514023 -0.857776 0.857776 -0.514023
VERTEX_POSE A168 0.913455 -0.073161 0.950977 -0.309261 0.309261 0.950977
VERTEX_POSE A169 -0.406420 0.475080 -0.784316 -0.620362 -0.620362 0.784316
VERTEX_POSE A170 -0.295551 -0.177684 0.998604 -0.052823 -0.052823 -0.998604
VERTEX_POSE A171 -0.242586 -0.903860 0.821535 -0.570158 0.570158 0.821535
VERTEX_POSE A172 0.456916 0.433303 -0.276354 -0.961056 0.961056 -0.276354
VERTEX_POSE A173 -0.194913 -0.446443 0.729778 0.683684 -0.683684 0.729778
VERTEX_POSE A174 -0.993698 -0.217238 -0.096781 -0.995306 -0.995306 0.096781
VERTEX_POSE A175 -0.751332 0.669860 -0.187990 0.982171 0.982171 0.187990
VERTEX_POSE A176 -0.270619 0.175028 0.404585 -0.914500 -0.914500 -0.404585
VERTEX_POSE A177 -0.258898 0.878746 -0.075037 -0.997181 -0.997181 0.075037
VERTEX_POSE A178 0.475736 0.790705 0.109219 -0.994018 -0.994018 -0.109219
VERTEX_POSE A179 0.163667 -0.952601 -0.950267 0.311437 0.311437 0.950267
VERTEX_POSE A180 -0.212711 0.436779 -0.729848 0.683609 0.683609 0.729848
VERTEX_POSE A181 -0.696002 -0.177875 -0.908777 0.417281 -0.417281 -0.908777
VERTEX_POSE A182 -0.872459 -0.872010 -0.869800 0.493405 -0.493405 -0.869800
VERTEX_POSE A183 0.854690 -0.189837 0.993127 0.117044 0.117044 -0.993127
VERTEX_POSE A184 -0.048172 -0.931746 -0.645906 -0.763417 0.763417 -0.645906
VERTEX_POSE A185 -0.794328 -0.957124 -0.173730 0.984793 -0.984793 -0.173730
VERTEX_POSE A186 0.256178 -0.143943 0.595245 0.803544 -0.803544 0.595245
VERTEX_POSE A187 0.112495 -0.301576 -0.982967 0.183781 -0.183781 -0.982967
VERTEX_POSE A188 -0.778127 0.963508 -0.969351 -0.245678 -0.245678 0.969351
VERTEX_POSE A189 -0.964216 -0.593113 -0.643431 0.765504 0.765504 0.643431
VERTEX_POSE A190 -0.702361 -0.163592 -0.745168 -0.666877 -0.666877 0.745168
VERTEX_POSE A191 0.746583 0.185521 0.353861 -0.935298 0.935298 0.353861
VERTEX_POSE A192 0.238411 0.983566 -0.761022 -0.648726 -0.648726 0.761022
VERTEX_POSE A193 0.272776 -0.439631 -0.725681 0.688031 -0.688031 -0.725681
VERTEX_POSE A194 -0.063812 0.681475 -0.994272 -0.106881 0.106881 -0.994272
VERTEX_POSE A195 -0.946720 -0.353177 -0.756668 0.653799 -0.653799 -0.756668
VERTEX_POSE A196 0.371201 0.159154 0.953279 -0.302092 0.302092 0.953279
VERTEX_POSE A197 0.037805 -0.668797 -0.840011 -0.542569 0.542569 -0.840011
VERTEX_POSE A198 0.318400 -0.407227 -0.415500 -0.909593 0.909593 -0.415500
VERTEX_POSE A199 0.284656 -0.914008 -0.710066 -0.704135 -0.704135 0.710066
VERTEX_POSE A200 0.631385 0.806283 0.268938 0.963158 0.963158 -0.268938
VERTEX_POSE A201 -0.977151 0.415089 0.361755 -0.932273 -0.932273 -0.361755
VERTEX_POSE A202 -0.957930 -0.817867 0.819668 -0.572839 0.572839 0.819668
VERTEX_POSE A203 0.088301 0.239585 0.458194 0.888852 -0.888852 0.458194
VERTEX_POSE A204 -0.172064 0.968646 0.611607 -0.791162 -0.791162 -0.611607
VERTEX_POSE A205 -0.951628 -0.035106 0.267837 0.963464 -0.963464 0.267837
VERTEX_POSE A206 0.336969 -0.090555 0.159265 0.987236 -0.987236 0.159265
VERTEX_POSE A207 0.557316 0.143675 0.985205 -0.171380 -0.171380 -0.985205
VERTEX_POSE A208 -0.210525 -0.156359 -0.822418 0.568884 0.568884 0.822418
VERTEX_POSE A209 -0.187294 -0.299850 0.450596 -0.892728 0.892728 0.450596
VERTEX_POSE A210 -0.279016 0.191073 -0.975572 -0.219681 0.219681 -0.975572
VERTEX_POSE A211 0.576764 -0.719580 0.547427 0.836854 -0.836854 0.547427
VERTEX_POSE A212 0.116704 0.522275 -0.427134 0.904188 0.904188 0.427134
VERTEX_POSE A213 -0.151476 0.319064 -0.691184 0.722679 0.722679 0.691184
VERTEX_POSE A214 0.431454 0.090583 -0.929001 0.370078 -0.370078 -0.929001
VERTEX_POSE A215 -0.931468 0.590529 -0.990239 -0.139377 -0.139377 0.990239
VERTEX_POSE A216 0.054196 0.361939 -0.667360 -0.744735 -0.744735 0.667360
VERTEX_POSE A217 -0.312368 0.946640 0.651693 -0.758483 -0.758483 -0.651693
VERTEX_POSE A218 0.181027 -0.711047 0.774865 -0.632127 -0.632127 -0.774865
VERTEX_POSE A219 0.276069 0.325448 -0.963546 0.267542 0.267542 0.963546
VERTEX_POSE A220 -0.276584 -0.646473 0.847959 -0.530062 0.530062 0.847959
VERTEX_POSE A221 0.478666 0.125361 0.270583 0.962697 -0.962697 0.270583
VERTEX_POSE A222 0.022652 -0.489032 0.219577 -0.975595 0.975595 0.219577
VERTEX_POSE A223 0.961827 -0.662907 0.217990 -0.975951 -0.975951 -0.217990
VERTEX_POSE A224 -0.248558 0.685730 -0.985794 0.167961 -0.167961 -0.985794
VERTEX_POSE A225 0.958841 -0.807557 0.280798 -0.959767 -0.959767 -0.280798
VERTEX_POSE A226 -0.984893 -0.016084 0.089806 -0.995959 -0.995959 -0.089806
VERTEX_POSE A227 -0.877357 -0.155117 0.199294 0.979940 -0.979940 0.199294
VERTEX_POSE A228 -0.003354 -0.476354 -0.932413 0.361394 -0.361394 -0.932413
VERTEX_POSE A229 0.333507 0.576689 0.801143 -0.598474 -0.598474 -0.801143
VERTEX_POSE A230 0.407299 -0.069124 0.912414 0.409268 -0.409268 0.912414
VERTEX_POSE A231 -0.371969 -0.670071 0.999379 -0.035232 0.035232 0.999379
VERTEX_POSE A232 0.356356 -0.008222 -0.964892 0.262645 -0.262645 -0.964892
VERTEX_POSE A233 0.449369 0.113008 -0.190779 0.981633 0.981633 0.190779
VERTEX_POSE A234 0.716332 0.569514 -0.862308 -0.506384 0.506384 -0.862308
VERTEX_POSE A235 -0.815708 -0.039576 0.307192 0.951648 -0.951648 0.307192
VERTEX_POSE A236 0.497741 -0.922097 -0.576754 0.816918 -0.816918 -0.576754
VERTEX_POSE A237 0.053302 -0.521041 0.974058 -0.226297 0.226297 0.974058
VERTEX_POSE A238 0.741608 -0.895902 -0.746323 -0.665584 -0.665584 0.746323
VERTEX_POSE A239 -0.712784 -0.078456 0.999175 -0.040622 0.040622 0.999175
VERTEX_POSE A240 0.866007 0.179109 0.743044 -0.669242 0.669242 0.743044
VERTEX_POSE A241 -0.537408 0.295171 0.991952 -0.126616 0.126616 0.991952
VERTEX_POSE A242 0.863980 0.201963 0.154634 0.987972 0.987972 -0.154634
VERTEX_POSE A243 -0.017289 -0.298616 -0.708420 -0.705791 0.705791 -0.708420
VERTEX_POSE A244 0.311116 -0.385765 0.059238 0.998244 0.998244 -0.059238
VERTEX_POSE A245 0.295434 -0.707454 0.917014 -0.398854 -0.398854 -0.917014
VERTEX_POSE A246 0.051244 -0.708087 0.662435 0.749120 -0.749120 0.662435
VERTEX_POSE A247 -0.634687 0.976174 -0.104004 0.994577 0.994577 0.104004
VERTEX_POSE A248 0.983066 -0.760814 -0.442517 -0.896760 -0.896760 0.442517
VERTEX_POSE A249 -0.767729 -0.419134 0.346187 -0.938165 -0.938165 -0.346187
VERTEX_POSE A250 0.641382 0.301622 0.251920 0.967748 0.967748 -0.251920
VERTEX_POSE A251 -0.293518 -0.407288 -0.920930 -0.389727 0.389727 -0.920930
VERTEX_POSE A252 0.710937 0.706226 0.449014 0.893525 0.893525 -0.449014
VERTEX_POSE A253 -0.335966 0.812590 0.727326 0.686292 0.686292 -0.727326
VERTEX_POSE A254 -0.331691 -0.070195 0.999421 0.034032 0.034032 -0.999421
VERTEX_POSE A255 -0.537621 0.391956 -0.748678 0.662934 -0.662934 -0.748678
VERTEX_POSE A256 -0.377125 -0.994967 -0.650318 0.759662 0.759662 0.650318
VERTEX_POSE A257 -0.316583 0.913721 -0.260079 -0.965587 0.965587 -0.260079
VERTEX_POSE A258 -0.414978 -0.763161 -0.578134 -0.815942 -0.815942 0.578134
VERTEX_POSE A259 0.619520 -0.471321 0.416548 0.909114 0.909114 -0.416548
VERTEX_POSE A260 -0.983076 0.490409 -0.226934 -0.973910 0.973910 -0.226934
VERTEX_POSE A261 0.992321 0.167715 0.789631 0.613583 -0.613583 0.789631
VERTEX_POSE A262 -0.752449 -0.141392 0.881858 -0.471516 -0.471516 -0.881858
VERTEX_POSE A263 0.373280 -0.517813 0.466180 0.884690 -0.884690 0.466180
VERTEX_POSE A264 0.441690 -0.719276 -0.457663 0.889126 0.889126 0.457663
VERTEX_POSE A265 0.963883 -0.571878 -0.495989 0.868329 -0.868329 -0.495989
VERTEX_POSE A266 0.557572 0.442611 0.986299 0.164965 0.164965 -0.986299
VERTEX_POSE A267 -0.060568 -0.641373 0.699487 0.714645 -0.714645 0.699487
VERTEX_POSE A268 0.017185 -0.092918 0.996312 0.085800 0.085800 -0.996312
VERTEX_POSE A269 0.299181 0.546709 -0.255613 0.966779 0.966779 0.255613
VERTEX_POSE A270 0.226648 0.280170 -0.975461 0.220171 0.220171 0.975461
VERTEX_POSE A271 -0.116807 -0.913809 0.828325 0.560248 0.560248 -0.828325
VERTEX_POSE A272 0.761772 -0.158120 -0.910073 0.414448 0.414448 0.910073
VERTEX_POSE A273 0.090628 -0.517866 -0.152169 0.988354 0.988354 0.152169
VERTEX_POSE A274 0.865904 -0.212425 -0.491942 0.870628 0.870628 0.491942
VERTEX_POSE B0 0.072889 0.456115 0.166348 0.986067 0.986067 -0.166348
VERTEX_POSE B1 -0.613938 -0.225321 0.951789 0.306752 0.306752 -0.951789
VERTEX_POSE B2 -0.082853 0.079488 -0.437808 0.899068 -0.899068 -0.437808
VERTEX_POSE B3 0.438201 0.432290 0.419417 0.907794 -0.907794 0.419417
VERTEX_POSE B4 -0.630872 0.013865 0.181769 0.983341 -0.983341 0.181769
VERTEX_POSE B5 0.149418 0.660353 0.942689 -0.333672 -0.333672 -0.942689
VERTEX_POSE B6 0.079583 -0.266088 0.990862 -0.134883 -0.134883 -0.990862
VERTEX_POSE B7 0.075610 0.606578 0.233836 -0.972276 -0.972276 -0.233836
VERTEX_POSE B8 -0.139645 0.366580 0.573663 0.819092 -0.819092 0.573663
VERTEX_POSE B9 0.743617 -0.453498 -0.233582 -0.972337 0.972337 -0.233582
VERTEX_POSE B10 0.743920 -0.463617 -0.115009 -0.993364 0.993364 -0.115009
VERTEX_POSE B11 0.322734 -0.241464 0.538569 -0.842582 0.842582 0.538569
VERTEX_POSE B12 -0.633509 -0.448465 0.125926 -0.992040 -0.992040 -0.125926
VERTEX_POSE B13 -0.572664 -0.549897 0.902909 -0.429832 -0.429832 -0.902909
VERTEX_POSE B14 0.907756 -0.004625 0.777542 -0.628831 -0.628831 -0.777542
VERTEX_POSE B15 0.986012 0.080215 0.958632 -0.284648 0.284648 0.958632
VERTEX_POSE B16 -0.555740 0.940513 0.802986 0.595998 -0.595998 0.802986
VERTEX_POSE B17 0.900077 -0.836910 0.730175 -0.683261 0.683261 0.730175
VERTEX_POSE B18 -0.766437 0.938823 0.573316 -0.819334 -0.819334 -0.573316
VERTEX_POSE B19 0.817541 -0.577300 -0.875093 0.483955 -0.483955 -0.875093
VERTEX_POSE B20 0.341767 -0.556186 0.252273 -0.967656 0.967656 0.252273
VERTEX_POSE B21 -0.802554 -0.633055 -0.877973 -0.478711 0.478711 -0.877973
VERTEX_POSE B22 0.375113 0.865310 -0.019827 -0.999803 -0.999803 0.019827
VERTEX_POSE B23 -0.718801 -0.197560 -0.711793 -0.702389 0.702389 -0.711793
VERTEX_POSE B24 0.214631 0.274027 0.456983 -0.889475 0.889475 0.456983
VERTEX_POSE B25 -0.325706 0.412019 -0.316921 -0.948452 -0.948452 0.316921
VERTEX_POSE B26 0.507847 -0.917389 -0.588650 -0.808388 0.808388 -0.588650
VERTEX_POSE B27 -0.902176 0.360218 -0.354509 0.935053 -0.935053 -0.354509
VERTEX_POSE B28 -0.563934 -0.746100 -0.999514 0.031159 0.031159 0.999514
VERTEX_POSE B29 -0.401524 -0.435256 0.922183 -0.386754 0.386754 0.922183
VERTEX_POSE B30 0.963728 -0.852206 0.410125 0.912029 0.912029 -0.410125
VERTEX_POSE B31 0.508955 0.710015 0.956709 -0.291047 0.291047 0.956709
VERTEX_POSE B32 -0.015462 0.339424 0.366253 0.930515 0.930515 -0.366253
VERTEX_POSE B33 -0.119125 0.227282 0.968646 -0.248444 0.248444 0.968646
VERTEX_POSE B34 -0.052844 0.142305 0.878906 -0.476995 0.476995 0.878906
VERTEX_POSE B35 0.353666 -0.646711 -0.605626 -0.795750 -0.795750 0.605626
VERTEX_POSE B36 -0.969707 -0.112365 -0.956803 0.290738 0.290738 0.956803
VERTEX_POSE B37 -0.973261 0.876217 0.534935 0.844893 -0.844893 0.534935
VERTEX_POSE B38 -0.570724 0.959866 -0.814426 0.580268 -0.580268 -0.814426
VERTEX_POSE B39 -0.109352 -0.745785 -0.046945 -0.998897 -0.998897 0.046945
VERTEX_POSE B40 0.770356 -0.577282 -0.995612 0.093577 -0.093577 -0.995612
VERTEX_POSE B41 -0.826804 -0.503751 -0.131856 -0.991269 0.991269 -0.131856
VERTEX_POSE B42 -0.786618 0.012751 0.939941 0.341338 0.341338 -0.939941
VERTEX_POSE B43 -0.863153 -0.025746 -0.916311 0.400466 -0.400466 -0.916311
VERTEX_POSE B44 -0.399468 -0.053648 -0.289037 0.957318 -0.957318 -0.289037
VERTEX_POSE B45 -0.878862 -0.991874 0.721887 0.692011 0.692011 -0.721887
VERTEX_POSE B46 -0.877141 -0.945531 0.699405 0.714726 0.714726 -0.699405
VERTEX_POSE B47 0.044793 -0.113135 -0.999889 -0.014875 -0.014875 0.999889
VERTEX_POSE B48 -0.978785 -0.828783 -0.018838 -0.999823 0.999823 -0.018838
VERTEX_POSE B49 -0.643578 0.993291 0.038237 -0.999269 0.999269 0.038237
VERTEX_POSE B50 -0.137666 0.309565 -0.897982 0.440033 0.440033 0.897982
VERTEX_POSE B51 0.362982 -0.384969 -0.061524 -0.998106 0.998106 -0.061524
VERTEX_POSE B52 -0.446132 -0.639763 0.846655 0.532143 0.532143 -0.846655
VERTEX_POSE B53 -0.762553 0.174875 -0.942094 -0.335349 0.335349 -0.942094
VERTEX_POSE B54 0.644181 0.417471 0.861478 0.507795 -0.507795 0.861478
VERTEX_POSE B55 0.768499 0.634264 -0.797513 0.603301 0.603301 0.797513
VERTEX_POSE B56 -0.088260 -0.413106 -0.287678 0.957727 0.957727 0.287678
VERTEX_POSE B57 0.152029 0.500082 -0.524220 -0.851583 0.851583 -0.524220
VERTEX_POSE B58 0.866323 -0.005518 0.577183 -0.816615 0.816615 0.577183
VERTEX_POSE B59 0.347806 -0.159206 -0.693384 0.720569 0.720569 0.693384
VERTEX_POSE B60 0.750504 -0.935174 -0.005412 -0.999985 -0.999985 0.005412
VERTEX_POSE B61 0.830051 0.142276 -0.678209 -0.734869 0.734869 -0.678209
VERTEX_POSE B62 -0.143239 -0.449191 0.436204 0.899848 0.899848 -0.436204
VERTEX_POSE B63 -0.264958 0.404250 -0.258617 0.965980 0.965980 0.258617
VERTEX_POSE B64 -0.289074 -0.630442 0.134816 -0.990871 -0.990871 -0.134816
VERTEX_POSE B65 0.803917 0.693114 -0.375695 0.926743 -0.926743 -0.375695
VERTEX_POSE B66 -0.911292 0.757538 0.804537 0.593903 0.593903 -0.804537
VERTEX_POSE B67 -0.258781 0.257193 0.827329 0.561717 0.561717 -0.827329
VERTEX_POSE B68 0.830656 0.569331 0.695687 -0.718345 -0.718345 -0.695687
VERTEX_POSE B69 -0.482016 0.717405 -0.977455 -0.211146 -0.211146 0.977455
VERTEX_POSE B70 0.631868 0.511407 0.903069 -0.429495 0.429495 0.903069
VERTEX_POSE B71 0.601012 0.992049 -0.748776 0.662823 0.662823 0.748776
VERTEX_POSE B72 -0.308820 -0.786346 -0.974929 0.222516 -0.222516 -0.974929
VERTEX_POSE B73 0.845250 -0.475842 -0.790397 0.612595 -0.612595 -0.790397
VERTEX_POSE B74 0.737859 -0.033697 -0.966618 0.256221 0.256221 0.966618
VERTEX_POSE B75 0.291713 0.160007 0.835547 -0.549419 0.549419 0.835547
VERTEX_POSE B76 0.966387 -0.467715 0.075067 -0.997178 -0.997178 -0.075067
VERTEX_POSE B77 0.860718 0.020772 -0.104773 -0.994496 0.994496 -0.104773
VERTEX_POSE B78 -0.663495 -0.953128 0.615036 -0.788499 0.788499 0.615036
VERTEX_POSE B79 0.987602 -0.296499 0.812243 -0.583319 -0.583319 -0.812243
VERTEX_POSE B80 -0.782861 0.014063 -0.781816 0.623510 -0.623510 -0.781816
VERTEX_POSE B81 0.198839 0.356436 -0.831406 -0.555666 -0.555666 0.831406
VERTEX_POSE B82 0.350585 0.318532 0.700489 -0.713664 -0.713664 -0.700489
VERTEX_POSE B83 -0.228993 0.374300 -0.656798 -0.754067 -0.754067 0.656798
VERTEX_POSE B84 0.436286 -0.468689 -0.258545 -0.965999 -0.965999 0.258545
VERTEX_POSE B85 -0.005234 -0.263997 0.588764 -0.808305 -0.808305 -0.588764
VERTEX_POSE B86 -0.460494 0.008564 0.799853 0.600196 -0.600196 0.799853
VERTEX_POSE B87 -0.651974 0.118205 -0.999946 -0.010419 0.010419 -0.999946
VERTEX_POSE B88 -0.853205 -0.763916 0.198807 -0.980039 0.980039 0.198807
VERTEX_POSE B89 -0.594171 -0.996954 -0.827659 -0.561231 -0.561231 0.827659
VERTEX_POSE B90 0.695832 0.958999 0.923849 0.382756 -0.382756 0.923849
VERTEX_POSE B91 0.897299 -0.699090 0.996804 -0.079880 0.079880 0.996804
VERTEX_POSE B92 -0.764120 0.145322 -0.991524 0.129920 -0.129920 -0.991524
VERTEX_POSE B93 -0.447406 -0.490191 0.284860 0.958569 -0.958569 0.284860
VERTEX_POSE B94 -0.367659 0.705160 0.875248 -0.483674 -0.483674 -0.875248
VERTEX_POSE B95 -0.053193 0.514880 -0.577710 -0.816242 0.816242 -0.577710
VERTEX_POSE B96 -0.643489 -0.797077 -0.992631 0.121175 0.121175 0.992631
VERTEX_POSE B97 -0.278951 0.462698 0.846695 0.532078 -0.532078 0.846695
VERTEX_POSE B98 0.688026 -0.227928 0.440179 0.897910 0.897910 -0.440179
VERTEX_POSE B99 -0.812833 0.772253 0.823016 -0.568018 -0.568018 -0.823016
VERTEX_POSE B100 0.239033 0.180103 0.572561 0.819862 -0.819862 0.572561
VERTEX_POSE B101 0.319894 -0.716520 -0.538119 0.842869 0.842869 0.538119
VERTEX_POSE B102 0.788179 0.764303 0.787763 0.615978 -0.615978 0.787763
VERTEX_POSE B103 0.930214 0.393757 0.958772 -0.284175 -0.284175 -0.958772
VERTEX_POSE B104 0.165143 -0.192362 0.906024 -0.423227 0.423227 0.906024
VERTEX_POSE B105 0.526038 -0.269394 -0.332290 0.943177 0.943177 0.332290
VERTEX_POSE B106 0.221926 -0.446236 0.739295 0.673381 0.673381 -0.739295
VERTEX_POSE B107 0.131530 0.339923 -0.097138 0.995271 0.995271 0.097138
VERTEX_POSE B108 0.386755 0.751377 0.152246 0.988343 0.988343 -0.152246
VERTEX_POSE B109 0.558432 -0.399365 0.997767 0.066786 0.066786 -0.997767
VERTEX_POSE B110 0.119133 -0.956576 -0.203568 -0.979061 0.979061 -0.203568
VERTEX_POSE B111 0.603894 -0.234560 0.997976 -0.063597 -0.063597 -0.997976
VERTEX_POSE B112 -0.242729 0.957072 0.949518 -0.313713 0.313713 0.949518
VERTEX_POSE B113 -0.530283 0.361956 -0.611380 0.791337 0.791337 0.611380
VERTEX_POSE B114 -0.625099 -0.860260 0.709935 -0.704268 -0.704268 -0.709935
VERTEX_POSE B115 -0.806443 -0.511617 0.644956 0.764219 0.764219 -0.644956
VERTEX_POSE B116 0.464483 -0.902042 -0.003464 -0.999994 0.999994 -0.003464
VERTEX_POSE B117 -0.085593 0.148304 -0.548737 -0.835995 0.835995 -0.548737
VERTEX_POSE B118 -0.458417 0.606588 0.629830 -0.776733 -0.776733 -0.629830
VERTEX_POSE B119 0.611278 -0.665958 -0.036516 0.999333 -0.999333 -0.036516
VERTEX_POSE B120 0.320237 0.151350 0.400831 -0.916152 -0.916152 -0.400831
VERTEX_POSE B121 -0.762585 0.565587 0.975814 -0.218601 -0.218601 -0.975814
VERTEX_POSE B122 0.508577 -0.365047 0.683715 0.729749 0.729749 -0.683715
VERTEX_POSE B123 0.556117 -0.703328 -0.327334 -0.944909 -0.944909 0.327334
VERTEX_POSE B124 -0.209991 -0.924604 0.982605 -0.185706 -0.185706 -0.982605
VERTEX_POSE B125 -0.859082 -0.659888 -0.650574 -0.759443 0.759443 -0.650574
VERTEX_POSE B126 -0.497076 0.811552 -0.672682 -0.739931 0.739931 -0.672682
VERTEX_POSE B127 0.146520 -0.721681 0.699162 -0.714963 -0.714963 -0.699162
VERTEX_POSE B128 -0.138033 0.802811 0.351404 0.936224 0.936224 -0.351404
VERTEX_POSE B129 -0.809050 -0.416376 0.996332 -0.085575 -0.085575 -0.996332
VERTEX_POSE B130 0.333687 -0.949428 0.989601 -0.143841 -0.143841 -0.989601
VERTEX_POSE B131 -0.899000 -0.017086 -0.973753 0.227607 -0.227607 -0.973753
VERTEX_POSE B132 0.510843 -0.132896 0.818725 0.574186 0.574186 -0.818725
VERTEX_POSE B133 0.121866 0.814875 0.744325 0.667818 -0.667818 0.744325
VERTEX_POSE B134 -0.968786 -0.623329 -0.525658 -0.850696 0.850696 -0.525658
VERTEX_POSE B135 -0.324014 0.674742 0.916040 0.401086 -0.401086 0.916040
VERTEX_POSE B136 -0.352097 -0.454520 0.276332 -0.961062 0.961062 0.276332
VERTEX_POSE B137 0.253140 -0.069565 0.610982 -0.791645 -0.791645 -0.610982
VERTEX_POSE B138 0.807517 0.014665 0.858989 -0.511995 -0.511995 -0.858989
VERTEX_POSE B139 -0.965341 -0.703142 -0.729256 0.684241 0.684241 0.729256
VERTEX_POSE B140 -0.188428 0.531070 0.358312 0.933602 0.933602 -0.358312
VERTEX_POSE B141 -0.073351 0.058089 0.546241 -0.837628 -0.837628 -0.546241
VERTEX_POSE B142 0.638553 0.062298 0.973547 -0.228487 -0.228487 -0.973547
VERTEX_POSE B143 0.568843 0.488142 -0.961536 -0.274680 0.274680 -0.961536
VERTEX_POSE B144 0.396367 -0.579956 -0.910520 -0.413466 -0.413466 0.910520
VERTEX_POSE B145 -0.986546 0.202038 0.653540 0.756892 -0.756892 0.653540
VERTEX_POSE B146 0.762400 0.976525 0.296484 0.955038 -0.955038 0.296484
VERTEX_POSE B147 -0.139150 -0.481997 -0.882259 0.470765 -0.470765 -0.882259
VERTEX_POSE B148 -0.072139 -0.649659 -0.148970 -0.988842 0.988842 -0.148970
VERTEX_POSE B149 -0.696017 0.583113 -0.382347 0.924019 0.924019 0.382347
VERTEX_POSE B150 -0.527872 -0.147955 -0.937482 -0.348034 0.348034 -0.937482
VERTEX_POSE B151 -0.751902 0.501691 -0.809870 -0.586609 -0.586609 0.809870
VERTEX_POSE B152 -0.458602 0.148700 0.581044 -0.813872 -0.813872 -0.581044
VERTEX_POSE B153 0.980704 0.486998 0.371836 0.928298 0.928298 -0.371836
VERTEX_POSE B154 0.804215 0.798363 0.641623 -0.767020 0.767020 0.641623
VERTEX_POSE B155 0.331406 0.224096 -0.992678 -0.120788 0.120788 -0.992678
VERTEX_POSE B156 -0.878378 0.827110 0.462210 -0.886770 -0.886770 -0.462210
VERTEX_POSE B157 -0.692861 0.609915 -0.580110 0.814538 0.814538 0.580110
VERTEX_POSE B158 -0.522074 0.502415 -0.576036 0.817425 -0.817425 -0.576036
VERTEX_POSE B159 -0.016411 0.629921 -0.463102 0.886305 -0.886305 -0.463102
VERTEX_POSE B160 -0.501912 -0.806461 0.155029 0.987910 -0.987910 0.155029
VERTEX_POSE B161 0.811613 0.552987 0.957533 -0.288322 -0.288322 -0.957533
VERTEX_POSE B162 0.084589 -0.387165 -0.096582 0.995325 0.995325 0.096582
VERTEX_POSE C0 -0.991068 0.060643 0.456419 -0.889765 -0.889765 -0.456419
VERTEX_POSE C1 -0.066522 0.367862 -0.310102 0.950703 0.950703 0.310102
VERTEX_POSE C2 0.115803 -0.010494 0.697167 -0.716908 0.716908 0.697167
VERTEX_POSE C3 -0.315082 -0.264615 -0.505777 -0.862665 0.862665 -0.505777
VERTEX_POSE C4 0.581382 0.913342 0.994469 -0.105027 0.105027 0.994469
VERTEX_POSE C5 -0.631057 0.919941 0.948851 0.315724 0.315724 -0.948851
VERTEX_POSE C6 -0.507565 0.750050 0.727971 -0.685608 -0.685608 -0.727971
VERTEX_POSE C7 0.616040 -0.789801 -0.120447 -0.992720 -0.992720 0.120447
VERTEX_POSE C8 0.180515 0.451011 0.798684 0.601751 0.601751 -0.798684
VERTEX_POSE C9 0.419084 -0.191861 -0.436953 -0.899484 -0.899484 0.436953
VERTEX_POSE C10 0.254593 0.272497 -0.735685 0.677324 -0.677324 -0.735685
VERTEX_POSE C11 -0.250642 -0.060846 0.994053 -0.108894 -0.108894 -0.994053
VERTEX_POSE C12 -0.184549 0.228184 -0.437851 0.899048 0.899048 0.437851
VERTEX_POSE C13 0.268047 -0.525465 -0.874106 0.485735 -0.485735 -0.874106
VERTEX_POSE C14 -0.488242 -0.084322 -0.432474 0.901646 0.901646 0.432474
VERTEX_POSE C15 0.676301 0.746186 0.443246 0.896400 0.896400 -0.443246
VERTEX_POSE C16 -0.804092 -0.175124 0.706292 0.707921 -0.707921 0.706292
VERTEX_POSE C17 -0.184259 -0.501209 0.986352 0.164650 -0.164650 0.986352
VERTEX_POSE C18 -0.851571 -0.401769 -0.900109 -0.435665 0.435665 -0.900109
VERTEX_POSE C19 -0.555994 -0.673433 -0.859773 0.510677 -0.510677 -0.859773
VERTEX_POSE C20 0.357138 0.647491 0.666930 0.745121 0.745121 -0.666930
VERTEX_POSE C21 -0.870867 -0.914771 -0.906687 0.421804 -0.421804 -0.906687
VERTEX_POSE C22 -0.751779 -0.875070 -0.846013 0.533162 -0.533162 -0.846013
VERTEX_POSE C23 -0.311456 -0.128413 0.470559 0.882369 0.882369 -0.470559
VERTEX_POSE C24 -0.749245 0.912339 -0.697988 0.716109 0.716109 0.697988
VERTEX_POSE C25 -0.444640 0.734844 -0.900942 0.433939 0.433939 0.900942
VERTEX_POSE C26 0.166470 -0.625998 0.350411 -0.936596 -0.936596 -0.350411
VERTEX_POSE C27 0.234344 0.542260 0.722191 0.691694 -0.691694 0.722191
VERTEX_POSE C28 0.053448 0.928383 0.230648 0.973037 0.973037 -0.230648
VERTEX_POSE C29 -0.021917 0.926989 0.983607 -0.180328 0.180328 0.983607
VERTEX_POSE C30 -0.681067 -0.844906 -0.190312 0.981724 -0.981724 -0.190312
VERTEX_POSE C31 0.062380 -0.010974 -0.940374 0.340143 -0.340143 -0.940374
VERTEX_POSE C32 0.911561 0.294851 0.471820 0.881695 -0.881695 0.471820
VERTEX_POSE C33 0.434735 0.144600 -0.940887 -0.338722 -0.338722 0.940887
VERTEX_POSE C34 0.747298 0.724411 -0.428449 -0.903566 -0.903566 0.428449
VERTEX_POSE C35 0.492943 0.208193 0.295962 0.955200 0.955200 -0.295962
VERTEX_POSE C36 0.803678 0.064541 -0.987726 0.156195 -0.156195 -0.987726
VERTEX_POSE C37 -0.760267 0.474462 0.725023 -0.688724 -0.688724 -0.725023
VERTEX_POSE C38 0.108983 0.418392 -0.956623 -0.291328 -0.291328 0.956623
VERTEX_POSE C39 -0.015807 -0.484447 -0.798838 0.601546 -0.601546 -0.798838
VERTEX_POSE C40 0.658817 -0.717399 -0.850695 -0.525659 0.525659 -0.850695
VERTEX_POSE C41 -0.636424 -0.309111 -0.846825 0.531871 -0.531871 -0.846825
VERTEX_POSE C42 0.733551 0.454706 0.385470 0.922720 0.922720 -0.385470
VERTEX_POSE C43 -0.525732 0.510784 0.270294 0.962778 0.962778 -0.270294
VERTEX_POSE C44 0.631623 0.165424 0.982547 -0.186015 -0.186015 -0.982547
VERTEX_POSE C45 -0.754691 -0.629615 0.948210 0.317645 0.317645 -0.948210
VERTEX_POSE C46 -0.849431 0.256970 -0.801656 0.597785 0.597785 0.801656
VERTEX_POSE C47 0.827531 0.990300 -0.799040 0.601278 0.601278 0.799040
VERTEX_POSE C48 0.061050 -0.130824 0.953147 -0.302507 0.302507 0.953147
VERTEX_POSE C49 -0.701002 0.855202 -0.933312 -0.359067 -0.359067 0.933312
VERTEX_POSE C50 -0.728463 -0.683133 0.917876 0.396867 -0.396867 0.917876
VERTEX_POSE C51 -0.581812 -0.483333 -0.696169 0.717878 0.717878 0.696169
VERTEX_POSE C52 -0.571868 0.940430 -0.965088 -0.261926 0.261926 -0.965088
VERTEX_POSE C53 -0.480242 -0.558204 -0.407164 0.913355 -0.913355 -0.407164
VERTEX_POSE C54 0.106733 0.388254 0.438860 0.898556 -0.898556 0.438860
VERTEX_POSE C55 -0.321113 0.852769 0.360996 -0.932567 0.932567 0.360996
VERTEX_POSE C56 0.075118 -0.823359 -0.963711 -0.266948 0.266948 -0.963711
VERTEX_POSE C57 -0.726797 0.762257 0.583873 0.811845 0.811845 -0.583873
VERTEX_POSE C58 0.913231 0.395029 -0.881354 0.472456 0.472456 0.881354
VERTEX_POSE C59 -0.871434 -0.894976 0.681266 -0.732036 0.732036 0.681266
VERTEX_POSE C60 0.251286 0.689246 -0.558805 0.829299 -0.829299 -0.558805
VERTEX_POSE C61 -0.767836 0.550123 -0.936387 -0.350968 -0.350968 0.936387
VERTEX_POSE C62 0.190946 0.094050 -0.565429 -0.824797 -0.824797 0.565429
VERTEX_POSE C63 0.162847 -0.015904 -0.801988 -0.597339 -0.597339 0.801988
VERTEX_POSE C64 0.666899 -0.305277 0.749092 -0.662466 0.662466 0.749092
VERTEX_POSE C65 -0.061756 -0.181538 -0.509891 -0.860239 0.860239 -0.509891
VERTEX_POSE C66 -0.344210 -0.807711 -0.996772 0.080287 0.080287 0.996772
VERTEX_POSE C67 0.470577 0.759265 -0.982173 0.187977 -0.187977 -0.982173
VERTEX_POSE C68 0.177976 -0.707077 -0.062755 0.998029 0.998029 0.062755
VERTEX_POSE C69 0.764773 0.610681 -0.936913 -0.349563 -0.349563 0.936913
VERTEX_POSE C70 -0.545230 -0.725182 -0.691975 -0.721922 0.721922 -0.691975
VERTEX_POSE C71 -0.163207 -0.424476 -0.864784 -0.502145 0.502145 -0.864784
VERTEX_POSE C72 -0.871652 -0.698430 0.906212 -0.422823 0.422823 0.906212
VERTEX_POSE C73 -0.811678 0.729524 0.619603 -0.784915 0.784915 0.619603
VERTEX_POSE C74 0.311062 -0.913691 0.575499 -0.817803 0.817803 0.575499
VERTEX_POSE C75 0.759971 0.466994 0.461881 -0.886942 0.886942 0.461881
VERTEX_POSE C76 -0.566369 -0.900091 0.885583 -0.464481 0.464481 0.885583
VERTEX_POSE C77 0.461631 0.343279 0.699006 -0.715115 -0.715115 -0.699006
VERTEX_POSE C78 0.587502 0.457294 0.307746 0.951469 0.951469 -0.307746
VERTEX_POSE C79 0.494681 -0.030915 0.326537 -0.945184 0.945184 0.326537
VERTEX_POSE C80 0.760629 0.198481 0.132457 0.991189 -0.991189 0.132457
VERTEX_POSE C81 0.859039 0.774160 0.574268 0.818667 -0.818667 0.574268
VERTEX_POSE C82 0.912869 0.485752 0.308005 -0.951385 -0.951385 -0.308005
VERTEX_POSE C83 -0.811239 0.138911 -0.756403 0.654106 0.654106 0.756403
VERTEX_POSE C84 -0.621203 -0.784044 0.324149 -0.946006 0.946006 0.324149
VERTEX_POSE C85 0.019602 -0.125994 -0.732132 -0.681163 0.681163 -0.732132
VERTEX_POSE C86 -0.132352 -0.008320 -0.452168 -0.891933 0.891933 -0.452168
VERTEX_POSE C87 0.453915 -0.607403 -0.406752 -0.913539 0.913539 -0.406752
VERTEX_POSE C88 0.292805 -0.363737 0.057648 -0.998337 -0.998337 -0.057648
VERTEX_POSE C89 -0.219121 -0.613292 -0.414910 -0.909862 -0.909862 0.414910
VERTEX_POSE C90 0.582481 -0.502379 -0.555895 0.831252 0.831252 0.555895
VERTEX_POSE C91 -0.455909 -0.674492 0.635005 0.772508 -0.772508 0.635005
VERTEX_POSE C92 0.013042 0.936831 0.379627 -0.925140 0.925140 0.379627
VERTEX_POSE C93 -0.226574 0.591672 0.629029 -0.777382 0.777382 0.629029
VERTEX_POSE C94 0.706939 0.309604 -0.679020 -0.734120 -0.734120 0.679020
VERTEX_POSE C95 -0.320059 -0.368445 0.026365 0.999652 -0.999652 0.026365
VERTEX_POSE C96 0.711670 -0.589867 -0.758439 -0.651744 -0.651744 0.758439
VERTEX_POSE C97 -0.637272 0.501893 -0.122086 0.992520 -0.992520 -0.122086
VERTEX_POSE C98 -0.849482 -0.609180 0.549908 -0.835225 0.835225 0.549908
VERTEX_POSE C99 -0.110354 -0.296943 0.971889 -0.235438 0.235438 0.971889
VERTEX_POSE C100 -0.872499 0.112574 -0.656974 0.753914 -0.753914 -0.656974
VERTEX_POSE C101 -0.394712 -0.334363 -0.465714 0.884935 0.884935 0.465714
VERTEX_POSE C102 0.726440 0.278581 -0.830520 -0.556989 -0.556989 0.830520
VERTEX_POSE C103 -0.744151 0.414144 -0.648791 0.760966 -0.760966 -0.648791
VERTEX_POSE C104 -0.206390 -0.604839 -0.946263 0.323398 -0.323398 -0.946263
VERTEX_POSE C105 0.037501 0.364889 0.873989 -0.485946 -0.485946 -0.873989
VERTEX_POSE C106 -0.984180 -0.118863 -0.068482 -0.997652 0.997652 -0.068482
VERTEX_POSE C107 0.227241 -0.504930 -0.399738 0.916630 0.916630 0.399738
VERTEX_POSE C108 -0.500867 -0.291832 0.428662 0.903465 -0.903465 0.428662
VERTEX_POSE C109 0.603322 -0.661569 -0.524611 0.851342 -0.851342 -0.524611
VERTEX_POSE C110 -0.278078 0.464154 -0.504044 0.863678 0.863678 0.504044
VERTEX_POSE C111 -0.740238 0.906649 0.890447 -0.455086 0.455086 0.890447
VERTEX_POSE C112 0.462362 -0.887409 -0.418276 0.908320 0.908320 0.418276
VERTEX_POSE C113 -0.365208 -0.050094 -0.871279 0.490788 0.490788 0.871279
VERTEX_POSE C114 -0.551477 0.045560 -0.846095 -0.533031 -0.533031 0.846095
VERTEX_POSE C115 0.841159 -0.671453 -0.994220 0.107360 0.107360 0.994220
VERTEX_POSE C116 0.654394 0.823912 0.561688 0.827349 0.827349 -0.561688
VERTEX_POSE C117 0.316170 -0.962760 0.113016 0.993593 0.993593 -0.113016
VERTEX_POSE C118 0.295074 -0.278855 0.823841 0.566820 -0.566820 0.823841
VERTEX_POSE C119 -0.052801 -0.539826 0.182941 0.983124 0.983124 -0.182941
VERTEX_POSE C120 -0.902951 -0.576052 0.989925 0.141589 0.141589 -0.989925
VERTEX_POSE C121 -0.122446 0.218766 -0.500018 -0.866015 -0.866015 0.500018
VERTEX_POSE C122 0.491291 -0.214317 0.944722 0.327873 0.327873 -0.944722
VERTEX_POSE C123 0.110091 -0.639221 -0.889661 0.456622 0.456622 0.889661
VERTEX_POSE C124 0.650981 -0.189563 -0.733538 0.679648 -0.679648 -0.733538
VERTEX_POSE C125 0.198230 -0.904713 -0.965950 -0.258728 -0.258728 0.965950
VERTEX_POSE C126 0.790032 -0.007666 -0.897960 0.440077 0.440077 0.897960
VERTEX_POSE C127 0.362651 0.220571 -0.797534 0.603274 0.603274 0.797534
VERTEX_POSE C128 0.560958 0.597180 -0.901848 -0.432054 0.432054 -0.901848
VERTEX_POSE C129 0.940550 0.383154 0.983035 0.183416 0.183416 -0.983035
VERTEX_POSE C130 -0.747703 0.923627 0.385028 0.922905 -0.922905 0.385028
VERTEX_POSE C131 0.688459 -0.290247 -0.779710 -0.626141 0.626141 -0.779710
VERTEX_POSE C132 -0.454161 -0.951209 -0.387653 0.921806 -0.921806 -0.387653
VERTEX_POSE C133 0.978737 0.202208 -0.548374 -0.836233 -0.836233 0.548374
VERTEX_POSE C134 0.944308 -0.876103 -0.548448 0.836184 -0.836184 -0.548448
VERTEX_POSE C135 0.339449 -0.556048 -0.998346 0.057496 0.057496 0.998346
VERTEX_POSE C136 0.016238 -0.432903 -0.998474 0.055225 -0.055225 -0.998474
VERTEX_POSE C137 0.960129 0.005035 -0.556574 0.830798 -0.830798 -0.556574
VERTEX_POSE C138 -0.433310 -0.060978 0.848954 0.528466 0.528466 -0.848954
VERTEX_POSE C139 0.515371 0.275266 -0.600132 -0.799901 -0.799901 0.600132
VERTEX_POSE C140 0.563451 0.343466 -0.992301 -0.123851 0.123851 -0.992301
VERTEX_POSE C141 0.288612 -0.596823 -0.915456 0.402417 -0.402417 -0.915456
VERTEX_POSE C142 0.775133 0.181915 0.999356 -0.035886 0.035886 0.999356
VERTEX_POSE C143 0.025813 0.456057 0.855802 -0.517303 0.517303 0.855802
VERTEX_POSE C144 0.923404 0.353083 0.478895 -0.877872 -0.877872 -0.478895
VERTEX_POSE C145 -0.776345 -0.772525 -0.991928 0.126805 -0.126805 -0.991928
VERTEX_POSE C146 -0.133028 0.784604 0.605141 -0.796119 0.796119 0.605141
VERTEX_POSE C147 0.577798 0.176994 -0.999813 -0.019350 0.019350 -0.999813
VERTEX_POSE C148 0.539826 -0.735286 -0.600909 -0.799318 -0.799318 0.600909
VERTEX_POSE C149 -0.837955 -0.494251 -0.880056 -0.474870 0.474870 -0.880056
VERTEX_POSE C150 -0.475002 0.637169 -0.584472 -0.811414 0.811414 -0.584472
VERTEX_POSE C151 0.636874 -0.311338 0.240251 -0.970711 -0.970711 -0.240251
VERTEX_POSE C152 0.039600 0.724514 0.355443 -0.934698 0.934698 0.355443
VERTEX_POSE C153 -0.983711 -0.577149 -0.833142 0.553059 -0.553059 -0.833142
VERTEX_POSE C154 -0.253035 0.049442 0.770906 -0.636949 0.636949 0.770906
VERTEX_POSE C155 -0.309419 -0.465048 0.121177 -0.992631 -0.992631 -0.121177
VERTEX_POSE C156 0.214518 -0.481862 0.281413 -0.959587 0.959587 0.281413
VERTEX_POSE C157 -0.463003 -0.958224 0.854790 0.518973 -0.518973 0.854790
VERTEX_POSE C158 -0.946768 0.755522 -0.983216 -0.182444 -0.182444 0.983216
VERTEX_POSE C159 -0.224524 -0.884682 -0.632381 0.774657 0.774657 0.632381
VERTEX_POSE C160 -0.522453 0.424930 0.042430 -0.999099 0.999099 0.042430
VERTEX_POSE C161 -0.694471 0.679150 0.806461 -0.591287 0.591287 0.806461
VERTEX_POSE C162 -0.536065 -0.174929 -0.237959 0.971275 0.971275 0.237959
VERTEX_POSE C163 0.023386 0.473721 0.659375 0.751814 0.751814 -0.659375
VERTEX_POSE C164 -0.715734 -0.118642 -0.603239 0.797560 -0.797560 -0.603239
VERTEX_POSE C165 -0.591756 -0.051032 -0.349216 -0.937042 -0.937042 0.349216
VERTEX_POSE C166 -0.637165 0.917673 -0.570074 0.821593 -0.821593 -0.570074
VERTEX_POSE C167 0.300504 0.448455 0.460896 -0.887454 0.887454 0.460896
VERTEX_POSE C168 -0.631627 0.954003 0.984801 0.173684 0.173684 -0.984801
VERTEX_POSE C169 -0.070475 -0.143305 -0.835528 0.549448 -0.549448 -0.835528
VERTEX_POSE C170 -0.184125 -0.276279 0.423432 -0.905928 0.905928 0.423432
VERTEX_POSE C171 0.931824 0.297469 0.982257 0.187537 -0.187537 0.982257
VERTEX_POSE C172 -0.781863 0.259872 -0.089789 0.995961 0.995961 0.089789
VERTEX_POSE C173 -0.408992 0.905636 -0.154837 0.987940 0.987940 0.154837
VERTEX_POSE C174 -0.042363 -0.246475 0.445830 -0.895118 -0.895118 -0.445830
VERTEX_POSE C175 -0.858459 -0.387046 -0.372822 -0.927903 0.927903 -0.372822
VERTEX_POSE C176 -0.185337 -0.866889 0.336520 -0.941676 0.941676 0.336520
VERTEX_POSE C177 0.824609 -0.461871 0.395089 -0.918643 0.918643 0.395089
VERTEX_POSE C178 0.719339 0.789949 -0.612923 -0.790143 -0.790143 0.612923
VERTEX_POSE C179 -0.645511 -0.602175 -0.997765 -0.066826 -0.066826 0.997765
VERTEX_POSE C180 0.986654 0.043878 0.985087 0.172055 -0.172055 0.985087
VERTEX_POSE C181 -0.755663 0.427118 0.340139 -0.940375 -0.940375 -0.340139
VERTEX_POSE C182 0.991363 0.086487 -0.817006 0.576629 -0.576629 -0.817006
VERTEX_POSE C183 0.026254 -0.231608 0.206172 0.978516 -0.978516 0.206172
VERTEX_POSE C184 -0.739375 0.849969 -0.855871 0.517189 -0.517189 -0.855871
VERTEX_POSE C185 -0.261672 -0.864071 0.477774 -0.878483 -0.878483 -0.477774
VERTEX_POSE C186 0.716834 0.303344 0.464664 0.885487 0.885487 -0.464664
VERTEX_POSE C187 0.475144 -0.631893 0.598813 -0.800889 0.800889 0.598813
VERTEX_POSE C188 0.275326 -0.822295 0.246146 0.969233 -0.969233 0.246146
VERTEX_POSE C189 0.770066 0.058866 -0.310849 -0.950459 -0.950459 0.310849
VERTEX_POSE C190 -0.749380 -0.516575 -0.686580 0.727054 0.727054 0.686580
VERTEX_POSE C191 0.752873 0.602635 -0.713715 -0.700436 -0.700436 0.713715
VERTEX_POSE C192 -0.924405 -0.261984 0.998456 0.055543 0.055543 -0.998456
VERTEX_POSE C193 -0.285445 0.308496 -0.634378 -0.773023 -0.773023 0.634378
VERTEX_POSE C194 -0.223741 0.076356 0.973301 0.229532 0.229532 -0.973301
VERTEX_POSE C195 -0.640140 0.619373 -0.972433 0.233182 0.233182 0.972433
VERTEX_POSE C196 0.122799 -0.742535 0.605898 0.795542 -0.795542 0.605898
VERTEX_POSE C197 0.139094 -0.005971 0.606104 0.795385 0.795385 -0.606104
VERTEX_POSE C198 0.660365 0.067828 -0.554217 -0.832372 0.832372 -0.554217
VERTEX_POSE D0 0.491172 -0.788532 0.576158 0.817338 0.817338 -0.576158
VERTEX_POSE D1 -0.931381 0.850724 0.960441 -0.278484 0.278484 0.960441
VERTEX_POSE D2 -0.523760 0.791549 0.962271 -0.272094 -0.272094 -0.962271
VERTEX_POSE D3 0.422996 0.508936 -0.884882 0.465815 -0.465815 -0.884882
VERTEX_POSE D4 -0.713244 0.110596 0.375743 0.926724 -0.926724 0.375743
VERTEX_POSE D5 0.067248 0.697185 0.192615 0.981274 -0.981274 0.192615
VERTEX_POSE D6 -0.619367 -0.737538 0.697738 -0.716353 0.716353 0.697738
VERTEX_POSE D7 -0.571703 0.723550 -0.702447 0.711736 -0.711736 -0.702447
VERTEX_POSE D8 0.881911 0.830296 -0.996814 0.079767 0.079767 0.996814
VERTEX_POSE D9 -0.794758 -0.199409 -0.938765 0.344559 -0.344559 -0.938765
VERTEX_POSE D10 -0.852364 0.513499 -0.564413 0.825493 0.825493 0.564413
VERTEX_POSE D11 -0.763600 -0.771879 0.378451 0.925621 -0.925621 0.378451
VERTEX_POSE D12 -0.808104 0.844469 0.610019 0.792387 0.792387 -0.610019
VERTEX_POSE D13 -0.608027 -0.059384 -0.417843 -0.908519 -0.908519 0.417843
VERTEX_POSE D14 -0.772237 0.314608 0.430531 0.902576 -0.902576 0.430531
VERTEX_POSE D15 0.218149 -0.387139 -0.274984 -0.961449 0.961449 -0.274984
VERTEX_POSE D16 -0.347402 -0.209415 0.397723 -0.917506 -0.917506 -0.397723
VERTEX_POSE D17 -0.033908 0.450536 -0.253226 0.967407 -0.967407 -0.253226
VERTEX_POSE D18 -0.065017 0.916205 0.589381 -0.807855 0.807855 0.589381
VERTEX_POSE D19 -0.872258 0.158692 -0.532729 -0.846286 0.846286 -0.532729
VERTEX_POSE D20 -0.758583 0.628241 -0.744133 -0.668032 -0.668032 0.744133
VERTEX_POSE D21 -0.294951 -0.024929 -0.899269 0.437396 0.437396 0.899269
VERTEX_POSE D22 -0.621638 0.642117 -0.929309 -0.369303 0.369303 -0.929309
VERTEX_POSE D23 0.994290 0.230876 0.470820 -0.882229 -0.882229 -0.470820
VERTEX_POSE D24 -0.219356 0.713087 0.544805 0.838563 0.838563 -0.544805
VERTEX_POSE D25 0.092917 -0.049386 -0.976048 -0.217554 -0.217554 0.976048
VERTEX_POSE D26 -0.229450 -0.692768 0.569376 0.822077 -0.822077 0.569376
VERTEX_POSE D27 0.140504 0.332460 -0.770514 -0.637423 0.637423 -0.770514
VERTEX_POSE D28 -0.784284 0.208079 0.838193 0.545374 0.545374 -0.838193
VERTEX_POSE D29 0.909644 0.301261 -0.293571 -0.955937 0.955937 -0.293571
VERTEX_POSE D30 -0.199132 -0.599711 0.452020 -0.892008 0.892008 0.452020
VERTEX_POSE D31 0.706888 0.419546 -0.976883 -0.213775 -0.213775 0.976883
VERTEX_POSE D32 0.978263 0.151985 -0.802640 -0.596463 -0.596463 0.802640
VERTEX_POSE D33 0.277108 -0.808162 -0.790941 0.611892 -0.611892 -0.790941
VERTEX_POSE D34 0.129884 -0.071517 -0.890775 0.454444 -0.454444 -0.890775
VERTEX_POSE D35 -0.734982 -0.737419 -0.426494 -0.904490 -0.904490 0.426494
VERTEX_POSE D36 -0.655644 0.889023 0.758250 -0.651964 0.651964 0.758250
VERTEX_POSE D37 0.510517 0.190944 0.992298 -0.123874 0.123874 0.992298
VERTEX_POSE D38 -0.306685 0.986131 0.537682 0.843148 0.843148 -0.537682
VERTEX_POSE D39 -0.773733 0.719319 0.706903 0.707311 -0.707311 0.706903
VERTEX_POSE D40 0.715759 0.991535 0.012048 0.999927 0.999927 -0.012048
VERTEX_POSE D41 -0.159049 0.499630 -0.994226 0.107310 -0.107310 -0.994226
VERTEX_POSE D42 -0.537333 0.947440 0.720178 -0.693790 -0.693790 -0.720178
VERTEX_POSE D43 0.907655 0.836004 0.978256 0.207401 -0.207401 0.978256
VERTEX_POSE D44 0.232924 -0.559754 -0.969761 0.244057 -0.244057 -0.969761
VERTEX_POSE D45 -0.309570 0.262047 0.288135 0.957590 0.957590 -0.288135
VERTEX_POSE D46 0.125804 -0.551135 0.616256 0.787546 0.787546 -0.616256
VERTEX_POSE D47 0.885522 0.230831 0.199586 -0.979880 -0.979880 -0.199586
VERTEX_POSE D48 0.656522 -0.287416 -0.732099 0.681198 0.681198 0.732099
VERTEX_POSE D49 -0.939213 -0.634930 0.835818 -0.549007 -0.549007 -0.835818
VERTEX_POSE D50 -0.986736 -0.610476 -0.443841 -0.896105 0.896105 -0.443841
VERTEX_POSE D51 0.897939 -0.659175 0.529255 -0.848463 0.848463 0.529255
VERTEX_POSE D52 -0.234164 0.340141 -0.884991 0.465608 -0.465608 -0.884991
VERTEX_POSE D53 -0.608374 -0.968359 0.892875 -0.450304 -0.450304 -0.892875
VERTEX_POSE D54 0.892230 0.571701 -0.999975 -0.007049 -0.007049 0.999975
VERTEX_POSE D55 0.546480 0.053228 -0.670789 0.741648 0.741648 0.670789
VERTEX_POSE D56 0.484543 -0.017745 -0.185901 -0.982568 -0.982568 0.185901
VERTEX_POSE D57 -0.337220 0.878933 -0.606353 -0.795195 0.795195 -0.606353
VERTEX_POSE D58 -0.313016 -0.614312 -0.208445 -0.978034 0.978034 -0.208445
VERTEX_POSE D59 0.700259 -0.809667 -0.294430 0.955673 -0.955673 -0.294430
VERTEX_POSE D60 -0.427577 0.180194 0.937642 -0.347602 0.347602 0.937642
VERTEX_POSE D61 0.487852 -0.214023 0.953271 -0.302118 -0.302118 -0.953271
VERTEX_POSE D62 0.407147 0.609880 0.620497 0.784209 -0.784209 0.620497
VERTEX_POSE D63 -0.449314 -0.667821 -0.844684 -0.535265 0.535265 -0.844684
VERTEX_POSE D64 -0.235039 -0.022185 -0.720501 -0.693454 -0.693454 0.720501
VERTEX_POSE D65 -0.462968 -0.461638 -0.477885 0.878422 -0.878422 -0.477885
VERTEX_POSE D66 -0.184296 -0.405240 0.449206 0.893428 -0.893428 0.449206
VERTEX_POSE D67 0.109316 -0.133162 0.347031 0.937854 -0.937854 0.347031
VERTEX_POSE D68 -0.952451 0.729307 -0.357027 -0.934094 -0.934094 0.357027
VERTEX_POSE D69 0.509019 -0.419109 -0.998246 0.059195 0.059195 0.998246
VERTEX_POSE D70 0.335584 -0.413843 0.700938 -0.713222 -0.713222 -0.700938
VERTEX_POSE D71 0.763308 0.720842 -0.455792 -0.890086 -0.890086 0.455792
VERTEX_POSE D72 -0.650030 -0.919479 -0.988258 0.152794 0.152794 0.988258
VERTEX_POSE D73 0.798251 -0.466403 -0.434225 -0.900804 0.900804 -0.434225
VERTEX_POSE D74 0.670963 0.556846 -0.632611 0.774470 -0.774470 -0.632611
VERTEX_POSE D75 0.582894 -0.479233 -0.681314 -0.731991 0.731991 -0.681314
VERTEX_POSE D76 -0.511319 0.795644 0.780662 0.624954 0.624954 -0.780662
VERTEX_POSE D77 -0.203233 -0.994289 0.478291 0.878201 0.878201 -0.478291
VERTEX_POSE D78 0.468416 0.751598 0.498010 0.867171 0.867171 -0.498010
VERTEX_POSE D79 -0.854797 -0.491772 0.624738 -0.780834 -0.780834 -0.624738
VERTEX_POSE D80 -0.142446 -0.629220 -0.620273 -0.784386 0.784386 -0.620273
VERTEX_POSE D81 0.481680 -0.858879 0.925230 0.379407 0.379407 -0.925230
VERTEX_POSE D82 -0.956858 -0.150947 0.083052 0.996545 -0.996545 0.083052
VERTEX_POSE D83 0.623391 0.710921 0.869514 0.493909 0.493909 -0.869514
VERTEX_POSE D84 0.873306 -0.827238 -0.951620 0.307278 0.307278 0.951620
VERTEX_POSE D85 0.935372 -0.579246 -0.006960 -0.999976 0.999976 -0.006960
VERTEX_POSE D86 0.169871 -0.235851 0.978774 -0.204944 -0.204944 -0.978774
VERTEX_POSE D87 0.357849 0.155017 -0.977360 0.211581 -0.211581 -0.977360
VERTEX_POSE D88 -0.401848 -0.700313 0.878893 -0.477019 -0.477019 -0.878893
VERTEX_POSE D89 0.856855 0.149837 0.849664 -0.527324 -0.527324 -0.849664
VERTEX_POSE D90 0.058108 0.345350 -0.824993 0.565143 -0.565143 -0.824993
VERTEX_POSE D91 0.170575 0.479882 -0.843639 -0.536911 0.536911 -0.843639
VERTEX_POSE D92 0.344707 0.935813 -0.287601 0.957750 -0.957750 -0.287601
VERTEX_POSE D93 -0.534745 -0.044770 -0.983329 -0.181835 0.181835 -0.983329
VERTEX_POSE D94 0.721261 0.812061 -0.062222 -0.998062 0.998062 -0.062222
VERTEX_POSE D95 -0.890332 -0.086372 -0.857118 0.515120 0.515120 0.857118
VERTEX_POSE D96 0.002287 0.493592 -0.742692 -0.669633 0.669633 -0.742692
VERTEX_POSE D97 -0.463035 -0.593180 -0.598469 0.801146 0.801146 0.598469
VERTEX_POSE D98 0.218984 0.780466 -0.599618 -0.800287 0.800287 -0.599618
VERTEX_POSE D99 0.049836 0.222899 -0.598836 0.800872 -0.800872 -0.598836
VERTEX_POSE D100 -0.954015 -0.012289 0.999090 -0.042658 -0.042658 -0.999090
VERTEX_POSE D101 -0.445432 -0.633377 0.332116 0.943239 0.943239 -0.332116
VERTEX_POSE D102 -0.186856 -0.056259 0.056516 -0.998402 -0.998402 -0.056516
VERTEX_POSE D103 -0.604045 0.068232 -0.688792 -0.724959 0.724959 -0.688792
VERTEX_POSE D104 -0.647182 -0.099780 0.923669 0.383191 0.383191 -0.923669
VERTEX_POSE D105 -0.515892 -0.499413 -0.410491 -0.911865 -0.911865 0.410491
VERTEX_POSE D106 0.978850 0.588998 -0.486649 0.873598 -0.873598 -0.486649
VERTEX_POSE D107 -0.158501 -0.304136 0.314897 0.949126 0.949126 -0.314897
VERTEX_POSE D108 0.280875 -0.493703 0.996532 -0.083214 0.083214 0.996532
VERTEX_POSE D109 0.447266 0.340596 0.726449 -0.687220 -0.687220 -0.726449
VERTEX_POSE D110 -0.013298 0.204092 -0.289073 -0.957307 -0.957307 0.289073
VERTEX_POSE D111 -0.861571 -0.122923 -0.742744 -0.669575 -0.669575 0.742744
VERTEX_POSE D112 -0.071054 0.481718 -0.781922 0.623377 0.623377 0.781922
VERTEX_POSE D113 0.029845 -0.946855 0.873640 -0.486573 0.486573 0.873640
VERTEX_POSE D114 0.761820 -0.412002 0.691403 -0.722469 -0.722469 -0.691403
VERTEX_POSE D115 -0.197747 0.654480 -0.645535 0.763730 -0.763730 -0.645535
VERTEX_POSE D116 -0.034783 -0.526101 0.778153 0.628075 -0.628075 0.778153
VERTEX_POSE D117 -0.068309 0.352147 -0.201590 -0.979470 0.979470 -0.201590
VERTEX_POSE D118 -0.839899 -0.190503 -0.600575 0.799569 -0.799569 -0.600575
VERTEX_POSE D119 0.563369 -0.226413 -0.357660 0.933852 0.933852 0.357660
VERTEX_POSE D120 -0.211454 -0.498016 0.787476 0.616345 0.616345 -0.787476
VERTEX_POSE D121 0.218209 -0.845153 0.552733 -0.833359 -0.833359 -0.552733
VERTEX_POSE D122 -0.266056 -0.746532 0.912827 -0.408347 -0.408347 -0.912827
VERTEX_POSE D123 -0.866747 -0.562203 0.835024 -0.550213 0.550213 0.835024
VERTEX_POSE E0 0.683465 0.110077 0.975642 -0.219367 -0.219367 -0.975642
VERTEX_POSE E1 -0.544795 -0.934471 -0.772023 0.635594 -0.635594 -0.772023
VERTEX_POSE E2 -0.757079 0.351425 0.940505 0.339780 0.339780 -0.940505
VERTEX_POSE E3 -0.314248 -0.396331 -0.427786 -0.903880 -0.903880 0.427786
VERTEX_POSE E4 -0.007829 -0.527651 0.896819 -0.442398 -0.442398 -0.896819
VERTEX_POSE E5 0.461905 0.131891 -0.998889 -0.047131 -0.047131 0.998889
VERTEX_POSE E6 0.735588 0.826568 0.132474 -0.991186 -0.991186 -0.132474
VERTEX_POSE E7 0.038155 0.460061 -0.725682 -0.688031 0.688031 -0.725682
VERTEX_POSE E8 -0.983527 0.498514 -0.994724 -0.102586 -0.102586 0.994724
VERTEX_POSE E9 -0.451268 -0.229692 0.550980 -0.834518 0.834518 0.550980
VERTEX_POSE E10 0.434111 -0.471708 -0.613791 -0.789468 -0.789468 0.613791
VERTEX_POSE E11 -0.630709 -0.601266 -0.980797 0.195032 0.195032 0.980797
VERTEX_POSE E12 0.032840 0.270895 -0.537916 -0.842998 0.842998 -0.537916
VERTEX_POSE E13 0.412960 -0.882709 0.997343 -0.072845 -0.072845 -0.997343
VERTEX_POSE E14 0.210790 0.094598 0.749891 0.661561 0.661561 -0.749891
VERTEX_POSE E15 -0.686286 0.777192 0.822392 0.568921 -0.568921 0.822392
VERTEX_POSE E16 -0.139774 0.457887 0.218766 -0.975777 -0.975777 -0.218766
VERTEX_POSE E17 -0.802507 -0.701310 0.948327 -0.317294 0.317294 0.948327
VERTEX_POSE E18 -0.547857 -0.345731 0.719343 0.694655 0.694655 -0.719343
VERTEX_POSE E19 0.789173 -0.060395 -0.997800 -0.066298 0.066298 -0.997800
VERTEX_POSE E20 0.227338 -0.648165 0.828946 -0.559329 -0.559329 -0.828946
VERTEX_POSE E21 -0.786037 0.242268 -0.980313 0.197449 0.197449 0.980313
VERTEX_POSE E22 -0.408575 -0.405915 -0.798177 -0.602423 -0.602423 0.798177
VERTEX_POSE E23 -0.807445 -0.174265 0.943687 0.330839 -0.330839 0.943687
VERTEX_POSE E24 0.145654 -0.405585 0.949445 0.313932 0.313932 -0.949445
VERTEX_POSE E25 -0.248473 0.403582 0.844116 0.536161 -0.536161 0.844116
VERTEX_POSE E26 0.755924 0.599321 0.950798 0.309812 -0.309812 0.950798
VERTEX_POSE E27 0.934200 0.096398 0.426254 0.904604 0.904604 -0.426254
VERTEX_POSE E28 0.969736 0.558429 0.999376 0.035328 0.035328 -0.999376
VERTEX_POSE E29 -0.510132 0.852790 -0.864343 0.502903 0.502903 0.864343
VERTEX_POSE E30 -0.932548 0.534195 -0.502807 -0.864399 -0.864399 0.502807
VERTEX_POSE E31 0.653201 -0.331494 0.882897 -0.469566 -0.469566 -0.882897
VERTEX_POSE E32 -0.054927 0.918319 -0.336942 0.941525 -0.941525 -0.336942
VERTEX_POSE E33 -0.689627 -0.114380 0.534375 -0.845247 -0.845247 -0.534375
VERTEX_POSE E34 -0.661047 0.272175 -0.636381 0.771375 0.771375 0.636381
VERTEX_POSE E35 0.937244 -0.609332 0.921728 -0.387837 0.387837 0.921728
VERTEX_POSE E36 0.772278 -0.982490 0.763463 0.645851 0.645851 -0.763463
VERTEX_POSE E37 -0.925460 0.098742 -0.283331 -0.959022 0.959022 -0.283331
VERTEX_POSE E38 -0.024601 0.850729 0.822822 0.568299 -0.568299 0.822822
VERTEX_POSE E39 0.788750 0.516024 0.235952 0.971765 -0.971765 0.235952
VERTEX_POSE E40 -0.376728 0.869051 -0.378700 -0.925519 0.925519 -0.378700
VERTEX_POSE E41 -0.590490 -0.620979 -0.172831 0.984951 -0.984951 -0.172831
VERTEX_POSE E42 -0.841959 0.914758 -0.954037 -0.299690 0.299690 -0.954037
VERTEX_POSE E43 0.656112 0.139946 -0.128451 -0.991716 -0.991716 0.128451
VERTEX_POSE E44 0.822470 -0.503688 0.983279 -0.182107 0.182107 0.983279
VERTEX_POSE E45 0.368831 0.009355 0.824032 0.566543 0.566543 -0.824032
VERTEX_POSE E46 0.969826 -0.082862 -0.954910 -0.296894 0.296894 -0.954910
VERTEX_POSE E47 -0.317304 0.954199 0.852066 0.523434 0.523434 -0.852066
VERTEX_POSE E48 0.566324 0.308045 -0.922240 -0.386617 -0.386617 0.922240
VERTEX_POSE E49 -0.578031 0.571407 0.968174 0.250277 0.250277 -0.968174
VERTEX_POSE E50 -0.528131 -0.106196 -0.998142 -0.060925 -0.060925 0.998142
VERTEX_POSE E51 -0.206338 0.659881 -0.617539 -0.786540 0.786540 -0.617539
VERTEX_POSE E52 -0.364068 -0.186325 -0.168763 0.985657 -0.985657 -0.168763
VERTEX_POSE E53 0.063294 0.487889 -0.932771 -0.360470 0.360470 -0.932771
VERTEX_POSE E54 -0.013783 -0.514385 -0.636870 0.770971 -0.770971 -0.636870
VERTEX_POSE E55 0.781586 0.408090 0.999468 0.032617 0.032617 -0.999468
VERTEX_POSE E56 0.814821 -0.108529 0.750071 -0.661358 -0.661358 -0.750071
VERTEX_POSE E57 -0.257859 -0.915063 -0.670838 0.741604 0.741604 0.670838
VERTEX_POSE E58 0.715786 -0.495512 0.238562 0.971127 -0.971127 0.238562
VERTEX_POSE E59 0.784557 -0.550100 -0.983905 -0.178691 -0.178691 0.983905
VERTEX_POSE E60 0.232008 0.937726 0.999918 0.012810 0.012810 -0.999918
VERTEX_POSE E61 0.783238 -0.961317 0.728664 -0.684871 -0.684871 -0.728664
VERTEX_POSE E62 0.437757 0.118406 -0.930959 -0.365123 -0.365123 0.930959
VERTEX_POSE E63 -0.822919 0.856045 -0.927038 -0.374966 -0.374966 0.927038
VERTEX_POSE E64 -0.906389 -0.075697 0.554799 0.831985 -0.831985 0.554799
VERTEX_POSE E65 0.776710 -0.609419 0.085493 -0.996339 0.996339 0.085493
VERTEX_POSE E66 -0.885675 -0.753287 0.935319 0.353805 -0.353805 0.935319
VERTEX_POSE E67 0.865889 -0.058187 -0.436905 0.899508 0.899508 0.436905
VERTEX_POSE E68 0.851250 0.489323 -0.994208 0.107476 -0.107476 -0.994208
VERTEX_POSE E69 0.089724 -0.902558 0.931131 -0.364684 0.364684 0.931131
VERTEX_POSE E70 0.654639 -0.542163 -0.544204 0.838953 0.838953 0.544204
VERTEX_POSE E71 -0.525478 0.358374 -0.297620 -0.954684 0.954684 -0.297620
VERTEX_POSE E72 0.499234 -0.523537 0.387077 0.922047 0.922047 -0.387077
VERTEX_POSE E73 0.812680 -0.627405 -0.874949 -0.484215 0.484215 -0.874949
VERTEX_POSE E74 -0.869366 -0.501680 0.559194 -0.829037 -0.829037 -0.559194
VERTEX_POSE E75 0.321704 -0.027225 0.768034 -0.640409 0.640409 0.768034
VERTEX_POSE E76 0.181512 0.381950 0.960284 0.279023 -0.279023 0.960284
VERTEX_POSE E77 -0.899540 0.415458 0.181151 0.983455 0.983455 -0.181151
VERTEX_POSE E78 -0.995600 -0.073026 -0.933812 0.357763 0.357763 0.933812
VERTEX_POSE E79 -0.252164 -0.310004 -0.603678 -0.797228 -0.797228 0.603678
VERTEX_POSE E80 -0.477571 -0.013135 0.916619 0.399762 0.399762 -0.916619
VERTEX_POSE E81 -0.523731 0.820778 -0.921573 -0.388205 -0.388205 0.921573
VERTEX_POSE E82 0.541498 -0.650124 -0.777793 0.628521 -0.628521 -0.777793
VERTEX_POSE E83 0.158362 0.800540 -0.996628 0.082049 -0.082049 -0.996628
VERTEX_POSE E84 0.539563 0.308667 0.846551 -0.532307 -0.532307 -0.846551
VERTEX_POSE E85 -0.472285 -0.164509 0.787366 -0.616486 -0.616486 -0.787366
VERTEX_POSE E86 -0.060052 0.208630 0.852692 0.522415 0.522415 -0.852692
VERTEX_POSE E87 0.354383 -0.799862 -0.543538 0.839384 -0.839384 -0.543538
VERTEX_POSE E88 0.269855 -0.079572 0.560358 -0.828250 0.828250 0.560358
VERTEX_POSE E89 -0.344266 0.713118 -0.825422 -0.564516 0.564516 -0.825422
VERTEX_POSE E90 0.138940 -0.349962 -0.155907 0.987772 -0.987772 -0.155907
VERTEX_POSE E91 -0.498136 -0.141846 0.270616 -0.962687 0.962687 0.270616
VERTEX_POSE E92 -0.561028 0.751801 -0.988569 -0.150770 -0.150770 0.988569
VERTEX_POSE E93 -0.423303 0.768444 0.984962 0.172769 -0.172769 0.984962
VERTEX_POSE E94 -0.321055 -0.285801 0.154132 -0.988050 0.988050 0.154132
VERTEX_POSE E95 -0.467417 -0.323896 -0.647303 -0.762233 0.762233 -0.647303
VERTEX_POSE E96 -0.646593 -0.840975 0.946469 -0.322794 0.322794 0.946469
VERTEX_POSE E97 -0.206730 -0.039088 0.592609 -0.805490 -0.805490 -0.592609
VERTEX_POSE E98 -0.601528 0.617917 -0.354765 0.934955 -0.934955 -0.354765
VERTEX_POSE E99 -0.795342 0.648348 0.585352 -0.810780 0.810780 0.585352
VERTEX_POSE E100 0.882993 0.058354 0.968209 -0.250144 0.250144 0.968209
VERTEX_POSE E101 -0.946889 -0.924246 -0.491482 0.870888 0.870888 0.491482
VERTEX_POSE E102 -0.320820 0.006722 -0.769631 0.638489 0.638489 0.769631
VERTEX_POSE E103 0.382227 0.534817 -0.556119 0.831103 0.831103 0.556119
VERTEX_POSE E104 0.865791 -0.551651 0.687049 -0.726611 0.726611 0.687049
VERTEX_POSE E105 -0.190186 0.505042 0.751516 -0.659714 -0.659714 -0.751516
VERTEX_POSE E106 -0.296069 -0.492409 -0.960759 -0.277386 -0.277386 0.960759
VERTEX_POSE E107 0.047303 0.830299 -0.996326 0.085639 0.085639 0.996326
VERTEX_POSE E108 -0.089726 -0.079500 -0.945390 -0.325943 -0.325943 0.945390
VERTEX_POSE E109 -0.291669 0.434565 0.997900 -0.064773 -0.064773 -0.997900
VERTEX_POSE E110 0.795139 -0.479705 -0.884348 -0.466829 0.466829 -0.884348
VERTEX_POSE E111 0.432704 0.907366 0.407897 -0.913028 0.913028 0.407897
VERTEX_POSE E112 0.184599 0.255343 0.427775 -0.903885 -0.903885 -0.427775
VERTEX_POSE E113 0.336637 -0.129829 -0.636407 -0.771353 0.771353 -0.636407
VERTEX_POSE E114 -0.408935 0.707906 0.718780 -0.695237 -0.695237 -0.718780
VERTEX_POSE E115 -0.275838 -0.435991 -0.987032 -0.160524 0.160524 -0.987032
VERTEX_POSE E116 0.864352 0.705663 0.285442 0.958396 0.958396 -0.285442
VERTEX_POSE E117 0.531013 -0.083464 -0.631118 0.775687 0.775687 0.631118
VERTEX_POSE E118 -0.921455 -0.235853 -0.838060 0.545577 0.545577 0.838060
VERTEX_POSE E119 0.134207 -0.373910 0.521093 0.853500 0.853500 -0.521093
VERTEX_POSE E120 -0.813253 -0.370345 -0.971358 -0.237622 -0.237622 0.971358
VERTEX_POSE E121 0.217485 0.414185 -0.994282 -0.106785 0.106785 -0.994282
VERTEX_POSE E122 0.636071 0.484245 -0.829991 -0.557777 0.557777 -0.829991
VERTEX_POSE E123 -0.374281 -0.618544 0.378954 -0.925415 -0.925415 -0.378954
VERTEX_POSE E124 0.794183 0.182629 -0.432638 0.901568 0.901568 0.432638
VERTEX_POSE E125 -0.684984 -0.801556 0.527438 0.849594 0.849594 -0.527438
VERTEX_POSE E126 0.158302 0.057560 0.994666 0.103150 0.103150 -0.994666
VERTEX_POSE E127 -0.852410 0.341654 0.600250 0.799813 -0.799813 0.600250
VERTEX_POSE E128 0.108285 0.159356 -0.201766 -0.979434 -0.979434 0.201766
VERTEX_POSE E129 0.556774 -0.324523 0.850052 -0.526699 -0.526699 -0.850052
VERTEX_POSE E130 -0.647752 -0.009999 -0.892686 -0.450680 0.450680 -0.892686
VERTEX_POSE E131 -0.008721 -0.782290 -0.999957 0.009300 0.009300 0.999957
VERTEX_POSE E132 0.609885 -0.248768 0.983828 -0.179118 0.179118 0.983828
VERTEX_POSE E133 0.031427 0.996724 0.789894 -0.613243 -0.613243 -0.789894
VERTEX_POSE E134 -0.626494 0.752526 -0.984637 0.174617 -0.174617 -0.984637
VERTEX_POSE E135 0.475676 0.199581 0.999853 0.017165 -0.017165 0.999853
VERTEX_POSE E136 0.841242 0.501766 -0.592871 -0.805298 -0.805298 0.592871
VERTEX_POSE E137 0.077436 -0.739883 0.765296 -0.643679 0.643679 0.765296
VERTEX_POSE E138 -0.477021 0.029880 -0.846653 0.532146 0.532146 0.846653
VERTEX_POSE E139 -0.248484 -0.577734 0.749600 0.661891 -0.661891 0.749600
VERTEX_POSE E140 0.785767 0.694682 -0.991045 -0.133530 0.133530 -0.991045
VERTEX_POSE E141 -0.681882 0.550175 -0.008198 -0.999966 -0.999966 0.008198
VERTEX_POSE E142 -0.815781 -0.670368 0.735488 0.677538 0.677538 -0.735488
VERTEX_POSE E143 -0.029634 -0.049975 0.422773 -0.906236 -0.906236 -0.422773
VERTEX_POSE E144 0.654754 -0.579654 0.631516 0.775363 0.775363 -0.631516
VERTEX_POSE E145 -0.224715 -0.962462 -0.174592 0.984641 0.984641 0.174592
VERTEX_POSE E146 0.694528 0.514035 -0.985074 0.172129 -0.172129 -0.985074
VERTEX_POSE E147 0.519106 -0.873991 -0.362050 -0.932159 -0.932159 0.362050
VERTEX_POSE E148 -0.693702 -0.045926 0.820614 -0.571483 0.571483 0.820614
VERTEX_POSE E149 0.773073 -0.721818 -0.293119 -0.956076 -0.956076 0.293119
VERTEX_POSE E150 -0.346687 -0.247901 0.392254 -0.919857 0.919857 0.392254
VERTEX_POSE E151 -0.506955 0.583729 0.623964 -0.781453 0.781453 0.623964
VERTEX_POSE E152 -0.009442 0.692367 -0.939983 -0.341222 -0.341222 0.939983
VERTEX_POSE E153 -0.710616 -0.763656 -0.693846 -0.720123 0.720123 -0.693846
VERTEX_POSE E154 0.118764 0.965185 0.989240 -0.146299 -0.146299 -0.989240
VERTEX_POSE E155 -0.215259 -0.125005 -0.704125 -0.710076 0.710076 -0.704125
VERTEX_POSE E156 -0.395601 -0.565212 0.999745 -0.022563 0.022563 0.999745
VERTEX_POSE E157 -0.722933 0.022745 -0.936877 -0.349659 -0.349659 0.936877
VERTEX_POSE E158 -0.067669 -0.783351 -0.398748 -0.917061 -0.917061 0.398748
VERTEX_POSE E159 0.712684 0.594144 -0.923168 -0.384396 0.384396 -0.923168
VERTEX_POSE E160 0.833841 0.698222 0.599120 0.800659 0.800659 -0.599120
VERTEX_POSE E161 0.284578 0.206651 -0.585440 -0.810715 0.810715 -0.585440
VERTEX_POSE E162 -0.296037 0.811853 0.464169 0.885746 -0.885746 0.464169
VERTEX_POSE E163 0.443726 -0.550546 -0.995423 0.095562 -0.095562 -0.995423
VERTEX_POSE E164 -0.683994 0.203374 -0.548620 -0.836072 0.836072 -0.548620
VERTEX_POSE E165 0.077469 0.564380 0.340420 -0.940273 -0.940273 -0.340420
VERTEX_POSE E166 -0.080598 0.649035 -0.677555 -0.735472 0.735472 -0.677555
VERTEX_POSE E167 -0.842753 -0.294860 -0.890338 -0.455300 0.455300 -0.890338
VERTEX_POSE E168 -0.845095 0.824497 0.119429 0.992843 -0.992843 0.119429
VERTEX_POSE E169 0.442381 -0.321085 0.751853 0.659331 -0.659331 0.751853
VERTEX_POSE E170 -0.091237 0.127406 0.956522 0.291659 0.291659 -0.956522
VERTEX_POSE E171 0.940671 0.519180 0.860723 0.509074 -0.509074 0.860723
VERTEX_POSE E172 0.760499 -0.770910 -0.455982 0.889989 -0.889989 -0.455982
VERTEX_POSE E173 0.092983 0.457038 0.995504 0.094718 0.094718 -0.995504
VERTEX_POSE E174 -0.088963 -0.530795 0.746302 -0.665608 -0.665608 -0.746302
VERTEX_POSE E175 0.415253 -0.350564 -0.599304 0.800522 -0.800522 -0.599304
VERTEX_POSE E176 0.868268 0.494576 -0.999326 0.036713 0.036713 0.999326
VERTEX_POSE E177 -0.394434 0.983239 0.998412 0.056331 -0.056331 0.998412
VERTEX_POSE E178 -0.065641 -0.224555 -0.321081 0.947052 0.947052 0.321081
VERTEX_POSE E179 -0.825434 -0.551350 0.611946 0.790900 0.790900 -0.611946
VERTEX_POSE E180 -0.621361 -0.738579 -0.901566 0.432642 -0.432642 -0.901566
VERTEX_POSE E181 0.587672 0.527544 -0.751160 -0.660120 0.660120 -0.751160
VERTEX_POSE E182 -0.332389 -0.967621 0.943043 -0.332672 -0.332672 -0.943043
VERTEX_POSE E183 0.369197 0.953788 0.223471 0.974711 -0.974711 0.223471
VERTEX_POSE E184 0.877056 0.763888 -0.442956 -0.896543 0.896543 -0.442956
VERTEX_POSE E185 0.786376 0.997564 -0.649505 0.760357 -0.760357 -0.649505
VERTEX_POSE E186 -0.846062 -0.171217 0.459909 -0.887966 0.887966 0.459909
VERTEX_POSE E187 -0.518544 -0.801325 0.308350 0.951273 -0.951273 0.308350
VERTEX_POSE E188 -0.936558 0.020309 -0.635371 -0.772207 -0.772207 0.635371
VERTEX_POSE E189 0.086269 0.045432 -0.001522 -0.999999 -0.999999 0.001522
VERTEX_POSE E190 -0.805860 0.792819 -0.470592 0.882351 -0.882351 -0.470592
VERTEX_POSE E191 0.897283 -0.281469 0.769591 -0.638537 -0.638537 -0.769591
VERTEX_POSE E192 -0.629152 -0.747917 -0.817487 0.575947 0.575947 0.817487
VERTEX_POSE E193 -0.101897 0.604672 0.503442 0.864029 0.864029 -0.503442
VERTEX_POSE E194 0.341009 0.167985 0.954594 0.297909 -0.297909 0.954594
VERTEX_POSE E195 -0.313147 0.455457 0.017016 0.999855 0.999855 -0.017016
VERTEX_POSE E196 0.975572 0.169052 -0.171760 0.985139 -0.985139 -0.171760
VERTEX_POSE E197 -0.739589 -0.182980 -0.518700 -0.854956 0.854956 -0.518700
VERTEX_POSE E198 -0.155899 -0.839403 -0.921454 0.388488 -0.388488 -0.921454
VERTEX_POSE E199 -0.869524 -0.006451 -0.260005 -0.965607 -0.965607 0.260005
VERTEX_POSE E200 0.702792 0.495934 0.254122 -0.967172 0.967172 0.254122
VERTEX_POSE E201 0.752864 0.288003 -0.571743 -0.820433 -0.820433 0.571743
VERTEX_POSE E202 -0.928852 -0.487271 -0.915352 0.402654 -0.402654 -0.915352
VERTEX_POSE E203 0.463291 0.725024 -0.995876 0.090723 -0.090723 -0.995876
VERTEX_POSE E204 -0.154153 -0.254959 0.174412 -0.984673 -0.984673 -0.174412
VERTEX_POSE E205 -0.017815 -0.018067 -0.630608 0.776101 -0.776101 -0.630608
VERTEX_POSE E206 -0.121456 -0.625540 0.767860 -0.640618 0.640618 0.767860
VERTEX_POSE E207 -0.285885 -0.760384 0.973861 -0.227144 -0.227144 -0.973861
VERTEX_POSE E208 0.587751 -0.034827 -0.145427 0.989369 -0.989369 -0.145427
VERTEX_POSE E209 0.812903 0.149904 -0.860766 -0.509001 -0.509001 0.860766
VERTEX_POSE E210 -0.111320 -0.311733 -0.694980 0.719029 -0.719029 -0.694980
VERTEX_POSE E211 0.966390 0.226594 0.958403 0.285418 0.285418 -0.958403
VERTEX_POSE E212 0.400576 -0.322552 0.335442 0.942061 0.942061 -0.335442
VERTEX_POSE E213 0.556292 -0.279354 0.913752 -0.406273 0.406273 0.913752
VERTEX_POSE E214 0.335587 0.180381 -0.993170 0.116675 -0.116675 -0.993170
VERTEX_POSE E215 0.277632 -0.558664 0.718860 0.695155 0.695155 -0.718860
VERTEX_POSE E216 0.342667 -0.281790 -0.633133 0.774043 0.774043 0.633133
VERTEX_POSE E217 0.489525 -0.990836 -0.982956 0.183839 -0.183839 -0.982956
VERTEX_POSE E218 0.759087 -0.359989 -0.770373 -0.637593 -0.637593 0.770373
VERTEX_POSE E219 0.406109 0.738520 0.733084 0.680138 -0.680138 0.733084
VERTEX_POSE E220 -0.424206 0.054596 -0.357533 -0.933900 -0.933900 0.357533
VERTEX_POSE E221 0.953227 -0.567171 -0.789230 -0.614097 0.614097 -0.789230
VERTEX_POSE E222 0.303392 -0.542949 0.826882 -0.562375 -0.562375 -0.826882
VERTEX_POSE E223 -0.053358 0.306679 0.129468 -0.991584 -0.991584 -0.129468
VERTEX_POSE E224 -0.148670 -0.962498 -0.848310 -0.529499 -0.529499 0.848310
VERTEX_POSE E225 -0.355599 0.625036 -0.641181 0.767389 -0.767389 -0.641181
VERTEX_POSE E226 0.633495 -0.237864 0.232431 -0.972613 0.972613 0.232431
VERTEX_POSE E227 -0.173098 0.206553 -0.544279 0.838904 0.838904 0.544279
VERTEX_POSE E228 -0.095188 -0.557944 -0.566324 -0.824183 -0.824183 0.566324
VERTEX_POSE E229 -0.522404 -0.077268 0.698558 0.715553 0.715553 -0.698558
VERTEX_POSE E230 -0.042622 -0.799898 -0.035765 -0.999360 0.999360 -0.035765
VERTEX_POSE E231 -0.392396 0.937991 -0.598756 0.800932 0.800932 0.598756
VERTEX_POSE E232 -0.769540 -0.789265 -0.999778 -0.021068 0.021068 -0.999778
VERTEX_POSE E233 0.028526 -0.287169 0.810035 -0.586381 0.586381 0.810035
VERTEX_POSE E234 -0.929105 0.663015 0.956469 -0.291834 0.291834 0.956469
VERTEX_POSE E235 0.076307 -0.044224 -0.855554 -0.517714 -0.517714 0.855554
VERTEX_POSE E236 -0.989289 0.694764 -0.999898 0.014290 -0.014290 -0.999898
VERTEX_POSE E237 -0.050561 -0.962526 -0.263496 0.964661 0.964661 0.263496
VERTEX_POSE E238 0.790422 0.195392 -0.860207 -0.509944 0.509944 -0.860207
VERTEX_POSE E239 0.598462 -0.340063 -0.499653 -0.866226 -0.866226 0.499653
VERTEX_POSE E240 -0.237658 0.187379 0.335733 -0.941957 -0.941957 -0.335733
VERTEX_POSE E241 -0.320898 0.883659 0.999997 -0.002303 -0.002303 -0.999997
VERTEX_POSE E242 0.564851 0.886530 -0.015037 -0.999887 -0.999887 0.015037
VERTEX_POSE E243 -0.837083 0.864827 -0.364107 0.931357 0.931357 0.364107
VERTEX_POSE E244 -0.764606 -0.395695 -0.724540 0.689232 -0.689232 -0.724540
VERTEX_POSE E245 -0.099562 0.066912 -0.915461 -0.402406 0.402406 -0.915461
VERTEX_POSE E246 0.440549 -0.693838 -0.656075 0.754695 -0.754695 -0.656075
VERTEX_POSE E247 0.578061 0.322515 0.083501 -0.996508 -0.996508 -0.083501
VERTEX_POSE E248 -0.610037 0.076076 -0.823902 -0.566732 -0.566732 0.823902
VERTEX_POSE E249 0.199636 -0.053827 0.977341 0.211673 0.211673 -0.977341
VERTEX_POSE E250 -0.015830 0.061035 0.188618 0.982051 0.982051 -0.188618
VERTEX_POSE E251 -0.034243 -0.869328 0.368198 0.929747 -0.929747 0.368198
VERTEX_POSE E252 0.152864 0.379003 0.848642 0.528968 0.528968 -0.848642
VERTEX_POSE E253 -0.712438 0.518086 0.840804 -0.541340 -0.541340 -0.840804
VERTEX_POSE E254 0.912399 0.437351 -0.203038 0.979171 -0.979171 -0.203038
VERTEX_POSE E255 -0.995806 0.416504 0.481254 -0.876581 0.876581 0.481254
VERTEX_POSE E256 -0.068036 0.143122 -0.232994 0.972478 0.972478 0.232994
VERTEX_POSE E257 0.545894 -0.800513 -0.821254 -0.570562 0.570562 -0.821254
VERTEX_POSE E258 -0.168904 -0.376943 0.840612 -0.541637 -0.541637 -0.840612
VERTEX_POSE E259 0.836776 0.585178 0.844860 0.534988 -0.534988 0.844860
VERTEX_POSE E260 -0.976510 0.122219 -0.641055 -0.767495 0.767495 -0.641055
VERTEX_POSE E261 0.788474 -0.176840 -0.490751 -0.871300 -0.871300 0.490751
VERTEX_POSE E262 -0.555620 0.523169 0.941413 -0.337257 -0.337257 -0.941413
VERTEX_POSE E263 -0.746050 0.332954 0.782107 0.623144 -0.623144 0.782107
VERTEX_POSE E264 -0.183000 0.535991 -0.841691 0.539960 0.539960 0.841691
VERTEX_POSE E265 -0.484725 0.186183 0.284158 -0.958778 -0.958778 -0.284158
VERTEX_POSE E266 0.330257 -0.711270 -0.619254 0.785191 -0.785191 -0.619254
VERTEX_POSE E267 -0.172289 0.230755 0.714565 0.699569 0.699569 -0.714565
VERTEX_POSE E268 0.464713 0.223658 -0.976096 0.217338 0.217338 0.976096
VERTEX_POSE E269 0.120679 0.484122 0.649765 0.760135 -0.760135 0.649765
VERTEX_POSE E270 -0.573827 0.890692 0.779428 -0.626492 -0.626492 -0.779428
VERTEX_POSE E271 -0.772945 -0.588963 0.879115 -0.476610 -0.476610 -0.879115
VERTEX_POSE E272 0.799782 0.367781 0.935970 -0.352079 0.352079 0.935970
VERTEX_POSE E273 0.991025 0.777222 -0.971612 -0.236581 -0.236581 0.971612
VERTEX_POSE E274 -0.610028 -0.724137 0.148475 -0.988916 -0.988916 -0.148475
VERTEX_POSE E275 -0.964824 0.972086 0.640340 0.768091 0.768091 -0.640340
VERTEX_POSE E276 -0.108537 -0.155866 0.096099 -0.995372 0.995372 0.096099
VERTEX_POSE E277 0.830521 -0.417974 -0.071734 -0.997424 0.997424 -0.071734
VERTEX_POSE E278 0.613237 0.294601 -0.668436 -0.743770 0.743770 -0.668436
VERTEX_POSE E279 0.281426 0.920210 -0.807324 -0.590109 0.590109 -0.807324
VERTEX_POSE E280 0.030158 0.528199 -0.236800 -0.971558 -0.971558 0.236800
VERTEX_POSE E281 -0.402593 -0.644365 0.073106 0.997324 0.997324 -0.073106
VERTEX_POSE E282 -0.752817 -0.949118 0.893021 0.450016 -0.450016 0.893021
VERTEX_POSE E283 -0.816979 -0.092798 0.697341 0.716739 -0.716739 0.697341
VERTEX_POSE E284 -0.115031 0.873721 -0.996167 0.087468 0.087468 0.996167
VERTEX_POSE E285 -0.840418 0.488233 0.901146 0.433516 -0.433516 0.901146
VERTEX_POSE E286 -0.812784 -0.676294 -0.251013 0.967984 0.967984 0.251013
VERTEX_POSE E287 0.816933 0.016843 0.662922 0.748688 -0.748688 0.662922
VERTEX_POSE E288 0.705476 0.687719 -0.832452 -0.554098 0.554098 -0.832452
VERTEX_POSE E289 0.018312 -0.053237 -0.926984 0.375100 0.375100 0.926984
VERTEX_POSE E290 0.653709 -0.397979 0.543113 0.839660 0.839660 -0.543113
VERTEX_POSE E291 0.728966 -0.190062 0.998692 0.051128 -0.051128 0.998692
VERTEX_POSE E292 -0.193214 0.769923 0.693600 -0.720360 0.720360 0.693600
VERTEX_POSE E293 -0.901911 -0.874810 -0.879646 0.475630 -0.475630 -0.879646
VERTEX_POSE E294 0.982917 -0.857108 -0.806885 0.590709 -0.590709 -0.806885
VERTEX_POSE E295 0.623786 0.305914 -0.999253 -0.038637 0.038637 -0.999253
VERTEX_POSE E296 -0.386636 0.311373 -0.424151 0.905591 0.905591 0.424151
VERTEX_POSE E297 0.313174 -0.568378 0.917438 -0.397879 -0.397879 -0.917438
VERTEX_POSE E298 -0.548502 -0.463331 -0.973288 0.229588 0.229588 0.973288
VERTEX_POSE E299 -0.921923 -0.464969 -0.746048 -0.665892 0.665892 -0.746048
VERTEX_POSE E300 -0.566147 0.915744 0.999024 0.044167 -0.044167 0.999024
VERTEX_POSE E301 -0.122329 -0.572639 0.898184 0.439620 -0.439620 0.898184
VERTEX_POSE E302 -0.694868 -0.053933 0.531674 0.846949 0.846949 -0.531674
VERTEX_POSE E303 -0.766365 0.283524 -0.810103 0.586288 -0.586288 -0.810103
VERTEX_POSE E304 -0.131304 -0.795417 0.881273 -0.472607 0.472607 0.881273
VERTEX_POSE E305 -0.304895 0.221931 0.049396 -0.998779 -0.998779 -0.049396
VERTEX_POSE E306 -0.731189 0.255610 0.984885 0.173210 0.173210 -0.984885
VERTEX_POSE E307 0.760159 0.048717 -0.985531 0.169495 -0.169495 -0.985531
VERTEX_POSE E308 -0.474374 0.803957 0.891151 0.453706 0.453706 -0.891151
VERTEX_POSE E309 0.882047 -0.449789 -0.673653 0.739048 0.739048 0.673653
VERTEX_POSE E310 0.041585 -0.031073 0.766335 0.642441 -0.642441 0.766335
VERTEX_POSE E311 0.555784 0.332156 -0.389411 -0.921064 0.921064 -0.389411
VERTEX_POSE E312 -0.520546 -0.094154 -0.220456 -0.975397 -0.975397 0.220456
VERTEX_POSE E313 0.288768 0.019808 0.950034 0.312147 -0.312147 0.950034
VERTEX_POSE E314 0.738805 -0.760643 0.855454 0.517879 -0.517879 0.855454
VERTEX_POSE E315 0.364423 -0.220433 -0.318052 0.948073 -0.948073 -0.318052
VERTEX_POSE E316 0.448350 -0.491959 0.578029 -0.816016 0.816016 0.578029
VERTEX_POSE E317 0.926021 -0.436937 -0.108304 -0.994118 -0.994118 0.108304
VERTEX_POSE E318 0.181356 0.796410 -0.872542 -0.488538 0.488538 -0.872542
VERTEX_POINT L6 0.153827 -0.804240
VERTEX_POINT L7 -0.055667 0.509826
VERTEX_POINT L8 -0.164935 -0.601569
VERTEX_POINT L9 -0.117207 0.005699
VERTEX_POINT L10 0.751119 0.279749
VERTEX_POINT L11 -0.066846 -0.476379
VERTEX_POINT L12 -0.134290 0.148591
VERTEX_POINT L13 0.374905 -0.414338
VERTEX_POINT L14 0.546518 0.834993
VERTEX_POINT L15 -0.821116 0.580213
VERTEX_POINT L16 0.826403 0.122331
VERTEX_POINT L17 0.624595 -0.629976
VERTEX_POINT L18 -0.387263 0.495957
VERTEX_POINT L19 -0.295926 0.549692
VERTEX_POINT L20 0.929728 0.316091
VERTEX_BEARING C4 B3 -0.741890 0.670522
VERTEX_BEARING C5 B4 -0.957266 -0.289210
VERTEX_BEARING C6 B5 0.455171 -0.890404
VERTEX_BEARING C7 B6 0.160370 -0.987057
VERTEX_BEARING C8 B7 -0.144557 0.989496
VERTEX_BEARING C10 B8 0.242583 0.970131
VERTEX_BEARING C11 B10 0.849243 -0.528003
VERTEX_BEARING C12 B11 0.808865 -0.587994
VERTEX_BEARING C13 B12 -0.792559 -0.609795
VERTEX_BEARING C15 B13 0.050228 -0.998738
VERTEX_BEARING C19 B14 -0.972371 -0.233442
VERTEX_BEARING C21 B15 -0.060759 0.998152
VERTEX_BEARING C23 B16 -0.354506 0.935054
VERTEX_BEARING C25 B17 -0.949771 0.312945
VERTEX_BEARING C26 B18 -0.994731 -0.102517
VERTEX_BEARING C27 B19 0.788549 0.614972
VERTEX_BEARING C28 B20 -0.103614 0.994618
VERTEX_BEARING C30 B21 -0.315093 0.949061
VERTEX_BEARING C32 B22 -0.688212 -0.725509
VERTEX_BEARING C33 B23 -0.650998 -0.759080
VERTEX_BEARING C34 B24 0.805879 0.592081
VERTEX_BEARING C35 B25 -0.909836 0.414968
VERTEX_BEARING C36 B26 0.802737 0.596334
VERTEX_BEARING C37 B27 -0.311830 0.950138
VERTEX_BEARING C38 B28 -0.731181 0.682184
VERTEX_BEARING C39 B29 0.878146 0.478392
VERTEX_BEARING C40 B30 0.995134 0.098527
VERTEX_BEARING C41 B31 0.064266 0.997933
VERTEX_BEARING C42 B32 0.788186 -0.615438
VERTEX_BEARING C43 B33 0.934940 -0.354805
VERTEX_BEARING C44 B34 -0.874340 -0.485315
VERTEX_BEARING C45 B35 -0.727185 -0.686442
VERTEX_BEARING C46 B36 0.904938 0.425544
VERTEX_BEARING C47 B37 0.833548 -0.552447
VERTEX_BEARING C48 B38 0.238983 -0.971024
VERTEX_BEARING C49 B39 -0.554633 0.832095
VERTEX_BEARING C50 B40 -0.314894 -0.949127
VERTEX_BEARING C52 B41 0.210414 -0.977612
VERTEX_BEARING C54 B42 -0.630369 0.776296
VERTEX_BEARING C55 B43 -0.112511 -0.993650
VERTEX_BEARING C56 B44 -0.997726 -0.067402
VERTEX_BEARING C57 B45 -0.915206 -0.402987
VERTEX_BEARING C58 B46 0.858288 -0.513168
VERTEX_BEARING C59 B47 -0.692744 -0.721184
VERTEX_BEARING C60 B48 -0.377063 -0.926187
VERTEX_BEARING C61 B49 -0.928053 0.372448
VERTEX_BEARING C62 B50 -0.534778 -0.844993
VERTEX_BEARING C63 B51 0.607793 0.794096
VERTEX_BEARING C64 B52 -0.900301 -0.435267
VERTEX_BEARING C65 B53 0.941063 -0.338232
VERTEX_BEARING C66 B54 0.689682 0.724112
VERTEX_BEARING C75 B55 -0.641100 -0.767458
VERTEX_BEARING C76 B56 0.568584 -0.822625
VERTEX_BEARING C77 B57 0.817852 0.575429
VERTEX_BEARING C78 B58 0.260869 -0.965374
VERTEX_BEARING C79 B59 0.568902 -0.822406
VERTEX_BEARING C80 B60 -0.210257 -0.977646
VERTEX_BEARING C81 B61 -0.640268 0.768152
VERTEX_BEARING C82 B62 -0.295617 0.955306
VERTEX_BEARING C83 B63 -0.467996 -0.883730
VERTEX_BEARING C84 B64 -0.540659 -0.841242
VERTEX_BEARING C85 B65 -0.256622 -0.966512
VERTEX_BEARING C86 B66 -0.550854 -0.834601
VERTEX_BEARING C87 B67 -0.724250 0.689538
VERTEX_BEARING C88 B68 -0.998662 0.051715
VERTEX_BEARING C89 B69 -0.947280 0.320407
VERTEX_BEARING B110 C101 0.778686 -0.627413
VERTEX_BEARING B111 C102 0.585438 0.810717
VERTEX_BEARING B112 C103 0.141640 -0.989918
VERTEX_BEARING B113 C104 0.888539 -0.458802
VERTEX_BEARING B114 C105 -0.721266 0.692658
VERTEX_BEARING B115 C106 0.901763 0.432232
VERTEX_BEARING B116 C107 0.874609 0.484829
VERTEX_BEARING B117 C108 -0.811407 -0.584481
VERTEX_BEARING B118 C109 0.749611 0.661879
VERTEX_BEARING B119 C110 -0.552837 0.833289
VERTEX_BEARING B120 C111 -0.801485 0.598015
VERTEX_BEARING B121 C112 -0.480926 -0.876761
VERTEX_BEARING B122 C113 -0.930543 0.366183
VERTEX_BEARING B123 C114 -0.061501 -0.998107
VERTEX_BEARING B124 C116 0.956957 0.290231
VERTEX_BEARING D29 E112 0.989567 0.144071
VERTEX_BEARING D32 E113 0.999879 0.015573
VERTEX_BEARING D33 E114 0.560938 0.827858
VERTEX_BEARING D34 E115 0.763120 -0.646257
VERTEX_BEARING D35 E116 -0.689781 0.724018
VERTEX_BEARING D36 E117 -0.037140 0.999310
VERTEX_BEARING D37 E118 -0.964724 0.263264
VERTEX_BEARING D38 E119 0.822166 -0.569248
VERTEX_BEARING D39 E120 0.862774 0.505589
VERTEX_BEARING D40 E121 0.325149 0.945663
VERTEX_BEARING D41 E122 0.994525 -0.104497
VERTEX_BEARING D42 E123 -0.479116 0.877752
VERTEX_BEARING D43 E124 -0.987499 -0.157624
VERTEX_BEARING D44 E125 -0.868951 -0.494898
VERTEX_BEARING D45 E126 -0.137824 -0.990457
VERTEX_BEARING D46 E127 -0.619204 -0.785230
VERTEX_BEARING D47 E128 0.769558 0.638576
VERTEX_BEARING D48 E129 -0.684261 -0.729237
VERTEX_BEARING D49 E130 0.597451 -0.801905
VERTEX_BEARING D50 E131 -0.175291 -0.984517
VERTEX_BEARING D51 E132 -0.612673 0.790337
VERTEX_BEARING D52 E133 -0.579799 0.814760
VERTEX_BEARING D53 E134 -0.309657 0.950848
VERTEX_BEARING D54 E135 -0.672891 -0.739741
VERTEX_BEARING D55 E136 -0.761361 0.648328
VERTEX_BEARING D56 E137 0.885862 0.463948
VERTEX_BEARING D57 E138 -0.550674 0.834720
VERTEX_BEARING D58 E139 0.404619 0.914486
VERTEX_BEARING D59 E140 0.769274 -0.638919
VERTEX_BEARING D61 E141 0.621192 -0.783658
VERTEX_BEARING D62 E142 0.281995 -0.959416
VERTEX_BEARING D63 E143 0.559649 0.828730
VERTEX_BEARING D64 E144 -0.280156 0.959955
VERTEX_BEARING D65 E145 -0.673150 -0.739506
VERTEX_BEARING D66 E146 -0.032877 -0.999459
VERTEX_BEARING D67 E147 0.983980 -0.178279
VERTEX_BEARING D68 E148 0.393383 0.919375
VERTEX_BEARING D69 E149 0.718074 0.695966
VERTEX_BEARING D70 E150 -0.308423 0.951249
VERTEX_BEARING D71 E151 0.211357 0.977409
VERTEX_BEARING D72 E152 -0.575517 0.817790
VERTEX_BEARING D73 E153 -0.815475 -0.578792
VERTEX_BEARING D74 E154 0.996467 0.083983
VERTEX_BEARING D75 E155 0.021809 -0.999762
VERTEX_BEARING D76 E156 -0.943636 0.330984
VERTEX_BEARING D77 E157 -0.423361 0.905961
VERTEX_BEARING D78 E158 0.564927 -0.825141
VERTEX_BEARING D79 E159 0.866144 -0.499794
VERTEX_BEARING D80 E160 -0.265722 -0.964050
VERTEX_BEARING A11 C14 -0.554723 -0.832035
VERTEX_BEARING A13 C18 -0.360663 -0.932696
VERTEX_BEARING A14 C20 0.000959 1.000000
VERTEX_BEARING A17 C24 0.584579 -0.811337
VERTEX_BEARING A19 C26 0.559978 -0.828508
VERTEX_BEARING A20 C27 0.345811 -0.938304
VERTEX_BEARING A22 C29 -0.830154 0.557534
VERTEX_BEARING A23 C31 0.034899 0.999391
VERTEX_BEARING A137 C90 0.609145 -0.793059
VERTEX_BEARING A141 C91 0.958095 0.286449
VERTEX_BEARING A142 C92 -0.460315 0.887756
VERTEX_BEARING A143 C93 0.204164 -0.978937
VERTEX_BEARING A144 C94 -0.451030 0.892509
VERTEX_BEARING A145 C95 -0.881701 0.471809
VERTEX_BEARING A146 C96 0.732394 -0.680881
VERTEX_BEARING A173 C97 -0.171860 -0.985121
VERTEX_BEARING A174 C98 -0.011606 0.999933
VERTEX_BEARING A175 C99 0.992307 0.123801
VERTEX_BEARING A176 C100 -0.648619 -0.761113
VERTEX_BEARING C132 A205 -0.967576 0.252582
VERTEX_BEARING A212 C151 -0.961675 -0.274193
VERTEX_BEARING A213 C153 0.659556 0.751656
VERTEX_BEARING A214 C156 0.278781 -0.960355
VERTEX_BEARING A215 C158 -0.635078 0.772448
VERTEX_BEARING A216 C159 -0.208967 -0.977923
VERTEX_BEARING E0 C0 -0.967290 -0.253672
VERTEX_BEARING E1 C1 0.517542 -0.855658
VERTEX_BEARING E2 C2 0.510877 -0.859654
VERTEX_BEARING E3 C3 0.922443 0.386133
VERTEX_BEARING E8 C7 0.996571 -0.082737
VERTEX_BEARING E9 C9 -0.752880 -0.658158
VERTEX_BEARING E10 C10 -0.523356 -0.852114
VERTEX_BEARING E11 C11 -0.892419 0.451207
VERTEX_BEARING E13 C13 0.201839 -0.979419
VERTEX_BEARING E14 C14 0.787252 -0.616632
VERTEX_BEARING E15 C16 0.758823 0.651296
VERTEX_BEARING E20 C22 -0.650623 -0.759401
VERTEX_BEARING E229 C134 -0.731972 0.681335
VERTEX_BEARING E263 C160 -0.935615 -0.353022
VERTEX_BEARING E295 C172 -0.837707 -0.546119
VERTEX_BEARING E300 C178 0.994728 -0.102545
VERTEX_BEARING E305 C184 0.658707 -0.752399
VERTEX_BEARING E310 C190 0.966711 0.255872
VERTEX_BEARING A2 D0 -0.995041 -0.099465
VERTEX_BEARING A3 D1 0.322538 -0.946556
VERTEX_BEARING A4 D2 0.663116 0.748517
VERTEX_BEARING A6 D3 -0.096980 0.995286
VERTEX_BEARING A7 D4 -0.610005 -0.792398
VERTEX_BEARING A8 D5 -0.481914 -0.876218
VERTEX_BEARING A9 D6 0.597590 0.801802
VERTEX_BEARING A11 D7 -0.896805 0.442425
VERTEX_BEARING A17 D8 -0.995335 0.096482
VERTEX_BEARING A20 D9 -0.780954 -0.624588
VERTEX_BEARING A26 D10 0.742920 0.669381
VERTEX_BEARING A131 D11 0.605553 -0.795805
VERTEX_BEARING A136 D12 0.978661 -0.205483
VERTEX_BEARING A138 D13 0.873800 -0.486286
VERTEX_BEARING A139 D15 -0.993440 -0.114352
VERTEX_BEARING A140 D17 -0.765221 0.643768
VERTEX_BEARING D28 A152 0.553071 0.833134
VERTEX_BEARING D29 A154 0.714113 0.700031
VERTEX_BEARING D30 A155 -0.146962 0.989142
VERTEX_BEARING D31 A156 0.767205 0.641402
VERTEX_BEARING A259 D121 -0.917761 0.397132
VERTEX_BEARING A260 D122 -0.804184 0.594380
VERTEX_BEARING A265 D123 0.635278 0.772283
VERTEX_BEARING E252 B128 0.999985 -0.005483
VERTEX_BEARING E253 B129 -0.417244 -0.908795
VERTEX_BEARING E254 B130 0.770856 0.637009
VERTEX_BEARING E255 B131 -0.585505 0.810669
VERTEX_BEARING E256 B132 -0.473100 -0.881009
VERTEX_BEARING E257 B133 0.892241 -0.451559
VERTEX_BEARING E258 B134 0.836644 -0.547747
VERTEX_BEARING E259 B135 0.864353 0.502886
VERTEX_BEARING E260 B136 0.720082 0.693889
VERTEX_BEARING E261 B137 -0.703787 -0.710411
VERTEX_BEARING E262 B138 0.628130 -0.778108
VERTEX_BEARING E263 B139 -0.894224 -0.447620
VERTEX_BEARING E264 B140 0.649926 -0.759997
VERTEX_BEARING E265 B141 0.998613 0.052645
VERTEX_BEARING E266 B142 0.678510 -0.734591
VERTEX_BEARING E268 B143 0.619581 -0.784932
VERTEX_BEARING E269 B144 -0.444596 -0.895731
VERTEX_BEARING E271 B145 -0.899814 -0.436274
VERTEX_BEARING E272 B146 0.570773 0.821108
VERTEX_BEARING E273 B147 0.885071 -0.465456
VERTEX_BEARING E274 B148 0.732556 0.680706
VERTEX_BEARING E275 B149 0.515959 -0.856614
VERTEX_BEARING E279 B150 -0.567366 0.823466
VERTEX_BEARING E280 B151 -0.942375 -0.334558
VERTEX_BEARING E281 B152 -0.077569 0.996987
VERTEX_BEARING E282 B153 -0.655135 0.755512
VERTEX_BEARING E283 B154 0.415372 -0.909652
VERTEX_BEARING E284 B155 -0.299375 0.954135
VERTEX_BEARING E288 B157 -0.882451 -0.470404
VERTEX_BEARING E289 B158 0.427314 0.904103
VERTEX_BEARING E292 B159 -0.524897 0.851166
VERTEX_BEARING E293 B160 -0.612682 0.790330
VERTEX_BEARING E294 B161 0.717213 0.696854
VERTEX_BEARING E295 B162 -0.721982 0.691912
VERTEX_BEARING A12 E16 -0.360199 0.932876
VERTEX_BEARING A13 E17 -0.453338 -0.891339
VERTEX_BEARING E18 A14 -0.729281 -0.684214
VERTEX_BEARING A15 E19 -0.687869 -0.725834
VERTEX_BEARING E20 A16 -0.277276 -0.960790
VERTEX_BEARING A17 E21 0.692371 0.721542
VERTEX_BEARING E22 A18 0.778230 0.627979
VERTEX_BEARING A20 E23 0.984859 -0.173359
VERTEX_BEARING E24 A21 -0.838534 -0.544849
VERTEX_BEARING E26 A24 -0.587008 -0.809581
VERTEX_BEARING A25 E27 0.604658 0.796485
VERTEX_BEARING A26 E30 -0.929455 -0.368935
VERTEX_BEARING E31 A27 -0.723189 -0.690651
VERTEX_BEARING A28 E32 -0.644523 0.764585
VERTEX_BEARING A29 E34 -0.783047 0.621963
VERTEX_BEARING A32 E37 0.560659 0.828047
VERTEX_BEARING A33 E38 -0.824233 -0.566251
VERTEX_BEARING A34 E40 -0.998637 -0.052194
VERTEX_BEARING A38 E44 0.036057 -0.999350
VERTEX_BEARING A39 E46 -0.154395 0.988009
VERTEX_BEARING A40 E48 -0.475597 0.879663
VERTEX_BEARING A48 E56 0.701647 -0.712524
VERTEX_BEARING A61 E68 0.868397 0.495869
VERTEX_BEARING A64 E71 0.684002 -0.729480
VERTEX_BEARING A70 E76 -0.339161 0.940728
VERTEX_BEARING A74 E77 -0.678696 -0.734420
VERTEX_BEARING A75 E78 0.374196 0.927350
VERTEX_BEARING A76 E79 0.722445 0.691428
VERTEX_BEARING A77 E80 -0.433575 0.901117
VERTEX_BEARING A78 E81 0.383802 0.923415
VERTEX_BEARING A79 E82 0.968632 -0.248498
VERTEX_BEARING A80 E83 0.401002 0.916077
VERTEX_BEARING A81 E84 -0.818853 -0.574003
VERTEX_BEARING A82 E85 0.997024 -0.077092
VERTEX_BEARING A83 E86 0.549066 0.835779
VERTEX_BEARING A84 E87 -0.278493 -0.960438
VERTEX_BEARING A85 E88 0.933468 -0.358660
VERTEX_BEARING A86 E89 -0.891865 0.452303
VERTEX_BEARING A87 E90 -0.692283 0.721626
VERTEX_BEARING A88 E91 -0.937315 0.348482
VERTEX_BEARING A89 E92 0.651835 0.758361
VERTEX_BEARING A90 E93 -0.967711 0.252063
VERTEX_BEARING A91 E94 -0.529077 -0.848574
VERTEX_BEARING A94 E95 0.586269 0.810116
VERTEX_BEARING A95 E96 -0.969263 0.246028
VERTEX_BEARING A96 E97 -0.186453 0.982464
VERTEX_BEARING A98 E98 -0.967907 0.251311
VERTEX_BEARING A103 E99 -0.372095 0.928195
VERTEX_BEARING A104 E100 0.169344 -0.985557
VERTEX_BEARING A105 E101 0.980626 0.195889
VERTEX_BEARING A106 E102 0.837925 0.545785
VERTEX_BEARING A107 E103 0.611020 -0.791615
VERTEX_BEARING A108 E104 0.971141 0.238506
VERTEX_BEARING E207 A186 0.487349 -0.873208
VERTEX_BEARING E208 A187 0.575584 -0.817743
VERTEX_BEARING E209 A188 -0.969406 -0.245461
VERTEX_BEARING E210 A189 0.898955 -0.438040
VERTEX_BEARING E211 A190 0.019754 -0.999805
VERTEX_BEARING E212 A191 0.722379 -0.691498
VERTEX_BEARING E213 A192 0.968886 -0.247506
VERTEX_BEARING E214 A193 -0.561314 0.827603
VERTEX_BEARING E215 A194 0.999352 -0.036005
VERTEX_BEARING E216 A195 0.277738 -0.960657
VERTEX_BEARING E217 A196 -0.567266 -0.823535
VERTEX_BEARING E218 A197 0.632596 0.774482
VERTEX_BEARING E219 A198 -0.310313 -0.950634
VERTEX_BEARING E220 A199 0.747649 -0.664094
VERTEX_BEARING E221 A200 0.777736 -0.628591
VERTEX_BEARING E223 A201 0.804944 0.593350
VERTEX_BEARING E224 A202 -0.688922 0.724836
VERTEX_BEARING E225 A203 0.568132 0.822938
VERTEX_BEARING E226 A204 -0.559626 -0.828745
VERTEX_BEARING E227 A206 -0.969828 0.243791
VERTEX_BEARING E228 A207 -0.723191 0.690648
VERTEX_BEARING E230 A208 0.739187 0.673500
VERTEX_BEARING E232 A209 0.116705 -0.993167
VERTEX_BEARING E233 A210 -0.159496 0.987199
VERTEX_BEARING E234 A211 -0.944868 -0.327452
VERTEX_BEARING E266 A226 0.755082 0.655630
VERTEX_BEARING E311 A266 -0.824954 0.565200
VERTEX_BEARING A0 B0 -0.537468 -0.843284
VERTEX_BEARING A1 B1 0.943957 0.330070
VERTEX_BEARING A2 B2 0.732714 0.680536
VERTEX_BEARING A3 B3 -0.977237 0.212152
VERTEX_BEARING A8 B9 -0.331666 0.943397
VERTEX_BEARING A245 B156 0.466702 0.884415
