VERTEX_POSE A0 -0.119160 0.020093 0.808668 0.588265 0.588265 -0.808668
VERTEX_POSE A1 0.686019 0.346629 0.591286 -0.806462 0.806462 0.591286
VERTEX_POSE A2 -0.081627 0.421931 -0.697665 0.716424 0.716424 0.697665
VERTEX_POSE A3 -0.861116 -0.058090 -0.544991 0.838442 -0.838442 -0.544991
VERTEX_POSE A4 0.797873 0.436115 -0.807546 -0.589804 -0.589804 0.807546
VERTEX_POSE A5 -0.990072 -0.218176 0.957000 0.290088 0.290088 -0.957000
VERTEX_POSE A6 0.325634 0.010251 -0.954094 -0.299506 -0.299506 0.954094
VERTEX_POSE A7 -0.994041 0.286783 0.801479 -0.598023 -0.598023 -0.801479
VERTEX_POSE A8 -0.952466 0.531454 -0.096914 0.995293 0.995293 0.096914
VERTEX_POSE A9 -0.780467 -0.249025 -0.104376 -0.994538 0.994538 -0.104376
VERTEX_POSE A10 -0.224908 0.879176 0.994564 0.104126 -0.104126 0.994564
VERTEX_POSE A11 0.070672 -0.489857 0.431119 -0.902295 -0.902295 -0.431119
VERTEX_POSE A12 -0.610947 -0.370282 0.910548 0.413403 0.413403 -0.910548
VERTEX_POSE A13 0.148055 0.050313 -0.276707 -0.960954 0.960954 -0.276707
VERTEX_POSE A14 0.093586 -0.323539 -0.792837 -0.609434 0.609434 -0.792837
VERTEX_POSE A15 -0.502304 0.436452 -0.451684 -0.892178 0.892178 -0.451684
VERTEX_POSE A16 -0.181780 0.190021 -0.757931 -0.652335 -0.652335 0.757931
VERTEX_POSE A17 0.658625 0.138193 0.772889 0.634541 0.634541 -0.772889
VERTEX_POSE A18 -0.514828 -0.562841 -0.999215 -0.039607 0.039607 -0.999215
VERTEX_POSE A19 -0.050550 -0.191471 -0.837711 -0.546114 0.546114 -0.837711
VERTEX_POSE A20 -0.659656 -0.890190 0.966268 -0.257539 -0.257539 -0.966268
VERTEX_POSE A21 -0.285831 0.284047 0.967608 0.252457 -0.252457 0.967608
VERTEX_POSE A22 -0.577996 -0.835060 0.783593 0.621275 -0.621275 0.783593
VERTEX_POSE A23 -0.804581 -0.699257 -0.903783 -0.427991 -0.427991 0.903783
VERTEX_POSE A24 -0.727747 0.413154 -0.627823 -0.778357 0.778357 -0.627823
VERTEX_POSE A25 -0.330681 0.090525 0.838497 -0.544907 -0.544907 -0.838497
VERTEX_POSE A26 -0.364582 0.717020 -0.873461 0.486894 0.486894 0.873461
VERTEX_POSE A27 -0.090605 0.135585 -0.364283 -0.931288 0.931288 -0.364283
VERTEX_POSE A28 0.877905 0.929821 0.038470 0.999260 -0.999260 0.038470
VERTEX_POSE A29 -0.828097 0.914407 -0.580287 0.814412 0.814412 0.580287
VERTEX_POSE A30 -0.049781 0.913944 -0.459426 0.888216 0.888216 0.459426
VERTEX_POSE A31 -0.241254 -0.050086 -0.838034 -0.545618 -0.545618 0.838034
VERTEX_POSE A32 0.857922 0.261036 0.904865 0.425698 -0.425698 0.904865
VERTEX_POSE A33 0.868592 0.335874 0.726239 -0.687443 -0.687443 -0.726239
VERTEX_POSE A34 -0.102370 0.891824 -0.226994 -0.973896 -0.973896 0.226994
VERTEX_POSE A35 0.655795 -0.302850 -0.682743 -0.730658 -0.730658 0.682743
VERTEX_POSE A36 0.878520 -0.882302 0.257714 -0.966221 0.966221 0.257714
VERTEX_POSE A37 -0.776736 -0.097924 -0.700054 0.714089 0.714089 0.700054
VERTEX_POSE A38 0.661754 0.983933 -0.553053 -0.833146 0.833146 -0.553053
VERTEX_POSE A39 0.926054 0.649152 0.115331 -0.993327 0.993327 0.115331
VERTEX_POSE A40 -0.557202 0.653051 0.596861 -0.802345 -0.802345 -0.596861
VERTEX_POSE A41 -0.563155 0.863110 -0.703271 0.710922 -0.710922 -0.703271
VERTEX_POSE A42 -0.003274 -0.840705 0.633733 0.773552 0.773552 -0.633733
VERTEX_POSE A43 -0.168149 -0.717231 0.754228 -0.656613 -0.656613 -0.754228
VERTEX_POSE A44 0.584901 -0.086577 0.745930 -0.666025 0.666025 0.745930
VERTEX_POSE A45 -0.909688 -0.164244 -0.187795 0.982208 0.982208 0.187795
VERTEX_POSE A46 0.329546 0.719221 0.999991 0.004145 -0.004145 0.999991
VERTEX_POSE A47 -0.596880 -0.896556 0.246923 0.969035 -0.969035 0.246923
VERTEX_POSE A48 0.748937 0.973949 -0.884894 -0.465792 0.465792 -0.884894
VERTEX_POSE A49 0.814719 -0.843620 0.990510 -0.137441 0.137441 0.990510
VERTEX_POSE A50 0.352571 -0.088027 0.652217 -0.758033 0.758033 0.652217
VERTEX_POSE A51 -0.910719 -0.916241 0.232013 0.972713 0.972713 -0.232013
VERTEX_POSE A52 -0.471113 0.440427 -0.329189 0.944264 0.944264 0.329189
VERTEX_POSE A53 0.774575 0.076913 0.819694 0.572802 -0.572802 0.819694
VERTEX_POSE A54 -0.715300 -0.615498 -0.957006 -0.290068 0.290068 -0.957006
VERTEX_POSE A55 -0.198860 -0.146419 0.831097 0.556128 -0.556128 0.831097
VERTEX_POSE A56 -0.556106 -0.832562 -0.216258 -0.976336 -0.976336 0.216258
VERTEX_POSE A57 -0.079882 -0.898478 0.317183 0.948364 0.948364 -0.317183
VERTEX_POSE A58 0.710534 0.989166 0.956918 -0.290357 0.290357 0.956918
VERTEX_POSE A59 -0.678200 -0.902741 -0.865114 0.501575 -0.501575 -0.865114
VERTEX_POSE A60 0.092021 -0.984071 -0.764137 -0.645054 0.645054 -0.764137
VERTEX_POSE A61 -0.339247 0.903109 0.737571 -0.675270 -0.675270 -0.737571
VERTEX_POSE A62 0.080546 0.047173 0.309172 -0.951006 0.951006 0.309172
VERTEX_POSE A63 -0.050057 0.276965 -0.688047 0.725666 0.725666 0.688047
VERTEX_POSE A64 -0.470655 0.238984 0.085515 0.996337 0.996337 -0.085515
VERTEX_POSE A65 0.978176 -0.061002 -0.787918 -0.615780 -0.615780 0.787918
VERTEX_POSE A66 -0.394262 0.974116 -0.897270 -0.441483 0.441483 -0.897270
VERTEX_POSE A67 -0.592135 0.356682 -0.978729 0.205158 -0.205158 -0.978729
VERTEX_POSE A68 -0.798560 0.841073 0.794069 -0.607828 0.607828 0.794069
VERTEX_POSE A69 -0.732508 0.958049 -0.564753 -0.825260 0.825260 -0.564753
VERTEX_POSE A70 -0.666080 0.005834 -0.506897 -0.862007 0.862007 -0.506897
VERTEX_POSE A71 -0.355762 0.494124 0.678826 0.734299 0.734299 -0.678826
VERTEX_POSE A72 -0.295663 0.821159 -0.964061 -0.265680 -0.265680 0.964061
VERTEX_POSE A73 0.330646 0.165129 0.837060 -0.547111 -0.547111 -0.837060
VERTEX_POSE A74 0.476088 0.776894 -0.320978 0.947087 0.947087 0.320978
VERTEX_POSE A75 -0.710762 -0.265419 0.626973 0.779041 -0.779041 0.626973
VERTEX_POSE A76 0.420958 -0.999116 -0.892108 0.451823 0.451823 0.892108
VERTEX_POSE A77 -0.194366 0.496115 0.740988 0.671518 0.671518 -0.740988
VERTEX_POSE A78 -0.307642 -0.161975 0.218603 -0.975814 -0.975814 -0.218603
VERTEX_POSE A79 0.169895 0.974833 0.544171 -0.838975 -0.838975 -0.544171
VERTEX_POSE A80 -0.379647 0.652496 0.600179 0.799866 -0.799866 0.600179
VERTEX_POSE A81 -0.955071 0.749999 -0.011595 -0.999933 0.999933 -0.011595
VERTEX_POSE A82 0.259177 -0.941408 0.866005 0.500036 0.500036 -0.866005
VERTEX_POSE A83 0.149240 0.092923 0.442368 0.896834 0.896834 -0.442368
VERTEX_POSE A84 0.819503 -0.173089 0.365638 0.930757 0.930757 -0.365638
VERTEX_POSE A85 0.543877 -0.556906 0.858528 -0.512766 0.512766 0.858528
VERTEX_POSE A86 0.950379 0.946504 -0.817378 0.576102 0.576102 0.817378
VERTEX_POSE A87 -0.736602 -0.005651 0.201328 -0.979524 0.979524 0.201328
VERTEX_POSE A88 -0.536005 -0.455384 0.895442 -0.445178 -0.445178 -0.895442
VERTEX_POSE A89 0.660913 0.935669 0.998416 -0.056262 0.056262 0.998416
VERTEX_POSE A90 -0.414803 0.091608 -0.561035 -0.827792 -0.827792 0.561035
VERTEX_POSE A91 0.556016 -0.439455 -0.994611 -0.103676 -0.103676 0.994611
VERTEX_POSE A92 -0.678334 0.838779 -0.989775 -0.142637 0.142637 -0.989775
VERTEX_POSE A93 0.665743 -0.861218 -0.517207 0.855861 -0.855861 -0.517207
VERTEX_POSE A94 -0.494041 0.837511 -0.999302 -0.037363 0.037363 -0.999302
VERTEX_POSE A95 -0.148988 0.077763 -0.950335 -0.311228 -0.311228 0.950335
VERTEX_POSE A96 0.643918 0.077779 0.165597 0.986194 0.986194 -0.165597
VERTEX_POSE A97 0.111697 0.811626 -0.621125 -0.783711 -0.783711 0.621125
VERTEX_POSE A98 0.258877 -0.565555 -0.784347 -0.620322 -0.620322 0.784347
VERTEX_POSE A99 0.845358 -0.081147 -0.211253 -0.977431 -0.977431 0.211253
VERTEX_POSE A100 0.379188 0.769675 0.927680 -0.373375 0.373375 0.927680
VERTEX_POSE A101 0.592796 0.440278 0.281079 -0.959685 -0.959685 -0.281079
VERTEX_POSE A102 -0.510404 -0.587023 0.611873 -0.790956 -0.790956 -0.611873
VERTEX_POSE A103 -0.916475 0.590834 -0.577986 0.816047 -0.816047 -0.577986
VERTEX_POSE A104 -0.076558 -0.394593 -0.133049 0.991109 0.991109 0.133049
VERTEX_POSE A105 0.965684 -0.810130 -0.671014 -0.741444 -0.741444 0.671014
VERTEX_POSE A106 -0.627237 -0.674585 -0.748625 -0.662994 -0.662994 0.748625
VERTEX_POSE A107 -0.655600 -0.393709 -0.857528 -0.514438 -0.514438 0.857528
VERTEX_POSE A108 -0.228682 0.685986 -0.459929 0.887956 0.887956 0.459929
VERTEX_POSE A109 0.065121 0.163441 -0.467433 0.884028 -0.884028 -0.467433
VERTEX_POSE A110 0.514296 -0.418876 -0.530674 -0.847576 -0.847576 0.530674
VERTEX_POSE A111 0.391670 0.338481 0.959775 0.280771 0.280771 -0.959775
VERTEX_POSE A112 0.110050 -0.086561 0.250951 -0.968000 -0.968000 -0.250951
VERTEX_POSE A113 -0.226527 -0.360284 -0.159750 -0.987158 0.987158 -0.159750
VERTEX_POSE A114 -0.459090 -0.568596 -0.987705 -0.156329 -0.156329 0.987705
VERTEX_POSE A115 -0.070447 0.740351 -0.675522 -0.737340 -0.737340 0.675522
VERTEX_POSE A116 -0.682651 0.082810 -0.683399 -0.730045 0.730045 -0.683399
VERTEX_POSE A117 -0.508711 -0.622093 -0.974700 0.223518 0.223518 0.974700
VERTEX_POSE A118 0.192951 -0.265300 -0.999407 0.034434 -0.034434 -0.999407
VERTEX_POSE A119 -0.218656 0.627426 0.730252 -0.683178 -0.683178 -0.730252
VERTEX_POSE A120 -0.847797 -0.686424 -0.289641 -0.957135 0.957135 -0.289641
VERTEX_POSE A121 0.778148 0.826308 -0.998726 -0.050461 0.050461 -0.998726
VERTEX_POSE A122 -0.662640 -0.812029 -0.657444 0.753503 -0.753503 -0.657444
VERTEX_POSE A123 -0.526131 -0.847645 -0.995461 -0.095166 0.095166 -0.995461
VERTEX_POSE A124 0.443891 0.965090 -0.928757 0.370690 -0.370690 -0.928757
VERTEX_POSE A125 -0.156681 -0.974518 0.586205 0.810163 0.810163 -0.586205
VERTEX_POSE A126 0.324881 0.230118 -0.621565 -0.783363 0.783363 -0.621565
VERTEX_POSE A127 0.087809 0.042869 0.757729 -0.652570 -0.652570 -0.757729
VERTEX_POSE A128 0.955016 0.837108 0.708265 0.705947 0.705947 -0.708265
VERTEX_POSE A129 -0.416242 0.664562 -0.994819 -0.101658 0.101658 -0.994819
VERTEX_POSE A130 -0.066833 0.961722 -0.714270 -0.699870 -0.699870 0.714270
VERTEX_POSE A131 0.334204 0.606783 0.358870 0.933387 0.933387 -0.358870
VERTEX_POSE A132 -0.823446 0.104841 0.452751 0.891637 -0.891637 0.452751
VERTEX_POSE A133 0.422763 -0.625301 0.620519 -0.784192 -0.784192 -0.620519
VERTEX_POSE A134 0.417729 0.197617 0.063806 0.997962 0.997962 -0.063806
VERTEX_POSE A135 0.099997 0.710248 -0.756288 0.654239 0.654239 0.756288
VERTEX_POSE A136 0.388446 -0.435431 -0.815166 -0.579227 0.579227 -0.815166
VERTEX_POSE A137 0.790492 0.523032 0.644806 -0.764346 0.764346 0.644806
VERTEX_POSE A138 0.444397 -0.683461 0.997925 0.064392 -0.064392 0.997925
VERTEX_POSE A139 -0.840236 -0.749445 -0.157214 -0.987565 0.987565 -0.157214
VERTEX_POSE A140 -0.144386 -0.313527 -0.819917 0.572482 0.572482 0.819917
VERTEX_POSE A141 -0.041307 -0.102336 0.760540 -0.649291 0.649291 0.760540
VERTEX_POSE A142 0.551434 0.589036 0.997355 -0.072678 -0.072678 -0.997355
VERTEX_POSE A143 0.965663 0.599912 0.999797 -0.020141 -0.020141 -0.999797
VERTEX_POSE A144 0.732165 0.537380 -0.897958 -0.440082 0.440082 -0.897958
VERTEX_POSE A145 -0.907655 -0.979560 0.752239 -0.658891 -0.658891 -0.752239
VERTEX_POSE A146 -0.104783 0.340263 -0.499886 0.866091 -0.866091 -0.499886
VERTEX_POSE A147 -0.950485 -0.379810 0.000516 -1.000000 1.000000 0.000516
VERTEX_POSE A148 -0.416366 -0.601653 0.519637 0.854387 0.854387 -0.519637
VERTEX_POSE A149 -0.911833 -0.925037 0.151892 -0.988397 0.988397 0.151892
VERTEX_POSE A150 -0.169141 -0.752384 0.993256 0.115940 0.115940 -0.993256
VERTEX_POSE A151 -0.264163 -0.288077 0.932298 0.361692 0.361692 -0.932298
VERTEX_POSE A152 0.866315 0.901271 0.998515 -0.054478 -0.054478 -0.998515
VERTEX_POSE A153 0.168220 -0.564413 -0.662462 0.749095 -0.749095 -0.662462
VERTEX_POSE A154 0.209707 -0.135722 -0.949661 0.313279 -0.313279 -0.949661
VERTEX_POSE A155 0.310206 0.866362 0.102178 -0.994766 -0.994766 -0.102178
VERTEX_POSE A156 -0.988461 -0.538931 0.995368 0.096143 -0.096143 0.995368
VERTEX_POSE A157 -0.465412 -0.905604 0.742189 0.670191 0.670191 -0.742189
VERTEX_POSE A158 -0.601985 -0.090769 -0.978097 0.208150 -0.208150 -0.978097
VERTEX_POSE A159 0.966554 -0.701823 -0.721162 -0.692766 -0.692766 0.721162
VERTEX_POSE A160 0.118346 0.758958 -0.681773 -0.731563 -0.731563 0.681773
VERTEX_POSE A161 0.331182 -0.129047 -0.416241 0.909254 0.909254 0.416241
VERTEX_POSE A162 0.300759 0.904960 -0.028966 -0.999580 -0.999580 0.028966
VERTEX_POSE A163 0.294900 -0.136201 -0.982930 0.183981 0.183981 0.982930
VERTEX_POSE A164 -0.246055 0.245652 0.514970 -0.857208 0.857208 0.514970
VERTEX_POSE A165 -0.281512 0.102577 -0.145553 0.989350 0.989350 0.145553
VERTEX_POSE A166 -0.605103 -0.425953 0.990992 -0.133920 -0.133920 -0.990992
VERTEX_POSE A167 -0.857609 0.810221 0.286150 0.958185 0.958185 -0.286150
VERTEX_POSE A168 -0.491020 -0.374391 0.918767 0.394800 -0.394800 0.918767
VERTEX_POSE A169 0.839294 -0.109413 0.177383 0.984142 0.984142 -0.177383
VERTEX_POSE A170 -0.697845 -0.939225 0.774745 -0.632273 0.632273 0.774745
VERTEX_POSE A171 0.364594 0.312082 0.252308 0.967647 -0.967647 0.252308
VERTEX_POSE A172 -0.202014 0.788250 -0.922060 -0.387047 -0.387047 0.922060
VERTEX_POSE A173 0.853590 0.649811 0.566121 -0.824322 0.824322 0.566121
VERTEX_POSE A174 0.330257 -0.088006 0.316850 0.948476 0.948476 -0.316850
VERTEX_POSE A175 -0.469848 0.325630 -0.432597 0.901587 -0.901587 -0.432597
VERTEX_POSE A176 0.945934 0.670251 0.923201 -0.384318 -0.384318 -0.923201
VERTEX_POSE A177 -0.774526 -0.747743 0.715219 0.698901 0.698901 -0.715219
VERTEX_POSE A178 -0.420333 0.945820 -0.096177 0.995364 0.995364 0.096177
VERTEX_POSE A179 -0.470432 -0.931402 -0.963503 -0.267698 -0.267698 0.963503
VERTEX_POSE A180 -0.686359 -0.672780 -0.894537 -0.446993 -0.446993 0.894537
VERTEX_POSE A181 0.410526 -0.806564 -0.780984 -0.624551 -0.624551 0.780984
VERTEX_POSE A182 0.265405 -0.219479 -0.293295 0.956022 -0.956022 -0.293295
VERTEX_POSE A183 -0.820043 -0.771509 0.531369 -0.847141 -0.847141 -0.531369
VERTEX_POSE A184 -0.421255 -0.370977 0.410385 -0.911912 0.911912 0.410385
VERTEX_POSE A185 -0.524888 0.644800 0.682227 -0.731140 0.731140 0.682227
VERTEX_POSE A186 0.490163 -0.905147 0.976041 -0.217589 -0.217589 -0.976041
VERTEX_POSE A187 -0.409716 0.090091 -0.786313 0.617828 -0.617828 -0.786313
VERTEX_POSE A188 0.009700 0.739196 -0.274207 0.961671 -0.961671 -0.274207
VERTEX_POSE A189 0.888178 0.004084 -0.991246 -0.132026 -0.132026 0.991246
VERTEX_POSE A190 -0.443161 0.388268 0.996730 -0.080802 -0.080802 -0.996730
VERTEX_POSE A191 -0.871955 0.498154 -0.949280 -0.314431 -0.314431 0.949280
VERTEX_POSE A192 0.219360 0.875037 -0.721093 0.692838 -0.692838 -0.721093
VERTEX_POSE A193 0.857597 0.293228 -0.997923 -0.064414 0.064414 -0.997923
VERTEX_POSE A194 0.422945 -0.638047 -0.250293 -0.968170 -0.968170 0.250293
VERTEX_POSE A195 0.973305 0.120688 -0.441732 0.897147 -0.897147 -0.441732
VERTEX_POSE A196 -0.423915 -0.604195 0.329092 0.944298 0.944298 -0.329092
VERTEX_POSE A197 0.817842 -0.063999 -0.844486 -0.535578 -0.535578 0.844486
VERTEX_POSE A198 -0.884304 -0.069091 0.084930 0.996387 0.996387 -0.084930
VERTEX_POSE A199 0.085066 0.021414 0.271565 0.962420 -0.962420 0.271565
VERTEX_POSE A200 0.657135 0.826587 -0.153377 -0.988168 -0.988168 0.153377
VERTEX_POSE A201 -0.582149 -0.008316 -0.785067 -0.619410 -0.619410 0.785067
VERTEX_POSE A202 -0.550340 -0.666504 0.865192 -0.501441 0.501441 0.865192
VERTEX_POSE A203 -0.544878 0.614838 -0.996026 0.089058 0.089058 0.996026
VERTEX_POSE A204 -0.728560 -0.358504 -0.251039 -0.967977 0.967977 -0.251039
VERTEX_POSE A205 0.779917 0.245489 -0.112544 0.993647 0.993647 0.112544
VERTEX_POSE A206 -0.014726 -0.059532 0.974481 -0.224471 0.224471 0.974481
VERTEX_POSE A207 -0.782625 -0.688254 0.398335 0.917240 -0.917240 0.398335
VERTEX_POSE A208 -0.994609 0.497746 0.360285 0.932842 -0.932842 0.360285
VERTEX_POSE A209 0.564940 -0.113712 -0.328546 -0.944488 0.944488 -0.328546
VERTEX_POSE A210 -0.253057 -0.619656 0.785852 0.618415 0.618415 -0.785852
VERTEX_POSE A211 -0.680967 0.824966 0.975990 0.217817 -0.217817 0.975990
VERTEX_POSE A212 -0.024534 0.079724 0.129412 -0.991591 0.991591 0.129412
VERTEX_POSE A213 -0.987652 0.160865 0.870220 0.492663 0.492663 -0.870220
VERTEX_POSE A214 -0.501011 -0.946543 0.815449 -0.578829 0.578829 0.815449
VERTEX_POSE A215 0.554212 0.708747 -0.080954 -0.996718 0.996718 -0.080954
VERTEX_POSE A216 -0.512540 -0.194335 0.012192 0.999926 -0.999926 0.012192
VERTEX_POSE A217 0.989152 -0.851690 -0.814151 0.580653 0.580653 0.814151
VERTEX_POSE A218 -0.855504 -0.201162 -0.682722 -0.730678 -0.730678 0.682722
VERTEX_POSE A219 0.497160 -0.455139 0.980873 0.194650 0.194650 -0.980873
VERTEX_POSE A220 0.877330 0.152394 0.644413 -0.764678 -0.764678 -0.644413
VERTEX_POSE A221 -0.298665 -0.812894 -0.998869 -0.047550 -0.047550 0.998869
VERTEX_POSE A222 0.625205 -0.956985 0.212320 0.977200 -0.977200 0.212320
VERTEX_POSE A223 0.096690 0.027430 -0.924244 0.381802 -0.381802 -0.924244
VERTEX_POSE A224 -0.441068 0.480334 0.811495 0.584359 -0.584359 0.811495
VERTEX_POSE A225 0.048150 -0.595032 0.989773 -0.142649 -0.142649 -0.989773
VERTEX_POSE A226 0.069995 -0.851882 -0.356719 0.934212 0.934212 0.356719
VERTEX_POSE A227 0.135017 0.876139 -0.570927 -0.821001 0.821001 -0.570927
VERTEX_POSE A228 -0.134009 0.340969 -0.805614 0.592441 -0.592441 -0.805614
VERTEX_POSE A229 0.185691 0.079027 0.690004 0.723805 0.723805 -0.690004
VERTEX_POSE A230 -0.779917 -0.102447 -0.202253 0.979333 -0.979333 -0.202253
VERTEX_POSE A231 -0.476873 0.167556 -0.724188 -0.689602 0.689602 -0.724188
VERTEX_POSE A232 0.603542 -0.929289 0.333518 0.942744 0.942744 -0.333518
VERTEX_POSE A233 -0.330257 0.231048 0.437698 0.899122 -0.899122 0.437698
VERTEX_POSE A234 -0.021752 -0.217606 -0.668724 -0.743511 -0.743511 0.668724
VERTEX_POSE A235 0.874982 -0.287793 0.085192 0.996365 0.996365 -0.085192
VERTEX_POSE A236 -0.550340 -0.523462 -0.264838 0.964293 0.964293 0.264838
VERTEX_POSE A237 0.963522 0.722862 -0.979207 0.202864 0.202864 0.979207
VERTEX_POSE A238 -0.907643 0.023953 0.938482 0.345329 -0.345329 0.938482
VERTEX_POSE A239 -0.544949 0.974284 0.703517 0.710679 -0.710679 0.703517
VERTEX_POSE A240 0.528462 -0.390850 -0.693298 0.720651 0.720651 0.693298
VERTEX_POSE A241 -0.160701 0.404297 -0.486488 0.873687 0.873687 0.486488
VERTEX_POSE A242 -0.225916 0.799250 0.132591 -0.991171 -0.991171 -0.132591
VERTEX_POSE A243 -0.496071 0.688873 -0.032612 0.999468 0.999468 0.032612
VERTEX_POSE A244 -0.148353 -0.434837 -0.514404 0.857548 0.857548 0.514404
VERTEX_POSE A245 0.273073 0.852707 0.905193 0.425000 -0.425000 0.905193
VERTEX_POSE A246 -0.941859 0.397620 -0.283328 0.959023 0.959023 0.283328
VERTEX_POSE A247 0.339107 0.370828 -0.277015 -0.960866 -0.960866 0.277015
VERTEX_POSE A248 0.262226 -0.998983 -0.022860 0.999739 -0.999739 -0.022860
VERTEX_POSE A249 -0.797363 -0.803542 0.869929 0.493176 0.493176 -0.869929
VERTEX_POSE A250 -0.163733 0.915688 -0.605653 -0.795729 -0.795729 0.605653
VERTEX_POSE A251 0.139556 0.153411 0.924566 -0.381022 0.381022 0.924566
VERTEX_POSE A252 -0.096029 -0.616436 0.410828 0.911713 -0.911713 0.410828
VERTEX_POSE A253 -0.538528 0.958703 -0.559007 -0.829163 0.829163 -0.559007
VERTEX_POSE A254 -0.763754 -0.819159 0.375928 -0.926649 0.926649 0.375928
VERTEX_POSE A255 0.462903 0.863898 0.688508 0.725229 0.725229 -0.688508
VERTEX_POSE A256 0.509622 -0.636329 0.850470 0.526024 -0.526024 0.850470
VERTEX_POSE A257 0.306241 -0.671041 -0.764485 0.644641 0.644641 0.764485
VERTEX_POSE A258 -0.402080 0.740037 -0.848974 0.528435 0.528435 0.848974
VERTEX_POSE A259 -0.624387 0.704640 -0.318766 -0.947833 0.947833 -0.318766
VERTEX_POSE A260 -0.508068 0.407986 -0.097203 -0.995265 -0.995265 0.097203
VERTEX_POSE A261 -0.181997 -0.362410 0.660342 0.750965 -0.750965 0.660342
VERTEX_POSE A262 -0.101260 -0.127804 -0.494548 -0.869151 -0.869151 0.494548
VERTEX_POSE A263 -0.904526 0.478697 0.738388 0.674376 0.674376 -0.738388
VERTEX_POSE A264 0.487746 0.868639 -0.324545 0.945870 0.945870 0.324545
VERTEX_POSE A265 0.876988 0.654590 0.780228 -0.625496 0.625496 0.780228
VERTEX_POSE A266 0.970456 -0.809096 -0.473051 -0.881035 0.881035 -0.473051
VERTEX_POSE A267 0.937406 -0.654823 0.777804 0.628507 0.628507 -0.777804
VERTEX_POSE A268 0.840510 0.377451 -0.742137 -0.670248 -0.670248 0.742137
VERTEX_POSE A269 -0.937187 0.214857 0.915965 -0.401257 -0.401257 -0.915965
VERTEX_POSE A270 -0.607543 -0.680539 -0.984267 0.176690 -0.176690 -0.984267
VERTEX_POSE A271 0.368973 0.986601 0.956355 -0.292207 -0.292207 -0.956355
VERTEX_POSE A272 -0.097888 -0.380845 0.215758 -0.976447 -0.976447 -0.215758
VERTEX_POSE A273 0.166541 -0.881289 0.407878 0.913036 0.913036 -0.407878
VERTEX_POSE A274 0.872902 0.675474 0.537639 -0.843175 -0.843175 -0.537639
VERTEX_POSE B0 0.753760 0.184318 0.909220 0.416317 0.416317 -0.909220
VERTEX_POSE B1 -0.560386 0.971418 0.455414 -0.890280 -0.890280 -0.455414
VERTEX_POSE B2 0.931042 0.073094 -0.372051 0.928212 -0.928212 -0.372051
VERTEX_POSE B3 0.092867 -0.444855 0.330851 -0.943683 0.943683 0.330851
VERTEX_POSE B4 0.701840 0.972435 0.674281 -0.738475 0.738475 0.674281
VERTEX_POSE B5 -0.866321 0.269552 -0.336802 -0.941576 -0.941576 0.336802
VERTEX_POSE B6 0.929134 -0.529167 0.828669 -0.559739 0.559739 0.828669
VERTEX_POSE B7 -0.158604 0.125846 -0.965362 0.260916 0.260916 0.965362
VERTEX_POSE B8 0.037650 0.653117 -0.774981 -0.631984 0.631984 -0.774981
VERTEX_POSE B9 -0.609394 -0.570464 -0.511190 0.859467 -0.859467 -0.511190
VERTEX_POSE B10 0.077642 0.306687 0.962684 -0.270626 -0.270626 -0.962684
VERTEX_POSE B11 -0.499447 0.517015 0.995440 -0.095385 0.095385 0.995440
VERTEX_POSE B12 0.900228 -0.206792 0.846333 0.532654 -0.532654 0.846333
VERTEX_POSE B13 -0.616116 0.635646 -0.893460 0.449143 -0.449143 -0.893460
VERTEX_POSE B14 0.098473 0.257052 -0.463294 -0.886204 -0.886204 0.463294
VERTEX_POSE B15 -0.724159 -0.502152 0.724020 -0.689779 0.689779 0.724020
VERTEX_POSE B16 -0.124184 0.043632 0.895870 -0.444316 0.444316 0.895870
VERTEX_POSE B17 0.916476 0.894643 -0.412966 -0.910746 -0.910746 0.412966
VERTEX_POSE B18 0.174580 0.370044 -0.864753 0.502198 -0.502198 -0.864753
VERTEX_POSE B19 -0.028710 -0.477670 -0.976594 -0.215089 0.215089 -0.976594
VERTEX_POSE B20 0.404222 0.763281 -0.543001 0.839732 0.839732 0.543001
VERTEX_POSE B21 0.051568 0.024633 0.317212 -0.948354 0.948354 0.317212
VERTEX_POSE B22 -0.058253 -0.286766 0.823320 0.567578 0.567578 -0.823320
VERTEX_POSE B23 0.341628 -0.891542 -0.026315 0.999654 -0.999654 -0.026315
VERTEX_POSE B24 -0.107921 -0.597916 -0.946290 0.323318 0.323318 0.946290
VERTEX_POSE B25 0.004560 0.928092 0.950556 -0.310552 0.310552 0.950556
VERTEX_POSE B26 0.734085 -0.572082 -0.072253 0.997386 0.997386 0.072253
VERTEX_POSE B27 -0.738949 -0.611315 -0.776336 -0.630319 0.630319 -0.776336
VERTEX_POSE B28 0.906672 -0.452754 -0.894787 -0.446493 0.446493 -0.894787
VERTEX_POSE B29 -0.099374 -0.453371 0.997482 -0.070923 0.070923 0.997482
VERTEX_POSE B30 -0.866047 -0.935841 0.973508 0.228651 0.228651 -0.973508
VERTEX_POSE B31 0.660432 0.731564 0.276329 0.961063 0.961063 -0.276329
VERTEX_POSE B32 0.340241 -0.481953 0.781566 -0.623822 -0.623822 -0.781566
VERTEX_POSE B33 -0.935005 0.137254 0.720133 0.693836 -0.693836 0.720133
VERTEX_POSE B34 -0.246701 -0.713291 -0.835368 -0.549692 -0.549692 0.835368
VERTEX_POSE B35 0.042081 -0.509518 -0.915934 0.401329 0.401329 0.915934
VERTEX_POSE B36 -0.801326 -0.593194 -0.756774 0.653677 -0.653677 -0.756774
VERTEX_POSE B37 -0.317566 -0.242458 0.647598 -0.761982 -0.761982 -0.647598
VERTEX_POSE B38 0.883477 0.616328 -0.078157 0.996941 0.996941 0.078157
VERTEX_POSE B39 0.236324 -0.940077 -0.984954 0.172816 -0.172816 -0.984954
VERTEX_POSE B40 0.073040 0.187079 0.317358 -0.948306 0.948306 0.317358
VERTEX_POSE B41 -0.038881 -0.076985 -0.182366 -0.983231 0.983231 -0.182366
VERTEX_POSE B42 0.736877 0.576937 0.230682 0.973029 0.973029 -0.230682
VERTEX_POSE B43 -0.026733 0.980287 -0.851021 0.525132 0.525132 0.851021
VERTEX_POSE B44 0.345003 -0.441338 -0.994439 0.105317 -0.105317 -0.994439
VERTEX_POSE B45 -0.164650 -0.166010 -0.356336 -0.934358 0.934358 -0.356336
VERTEX_POSE B46 0.249108 -0.521866 -0.832334 0.554275 0.554275 0.832334
VERTEX_POSE B47 -0.779181 0.602294 0.709897 -0.704306 0.704306 0.709897
VERTEX_POSE B48 -0.248174 -0.271368 -0.751031 0.660267 0.660267 0.751031
VERTEX_POSE B49 -0.576312 0.848178 0.942929 -0.332994 0.332994 0.942929
VERTEX_POSE B50 0.192109 -0.875376 -0.673611 -0.739086 0.739086 -0.673611
VERTEX_POSE B51 -0.843951 -0.508086 -0.880934 -0.473239 0.473239 -0.880934
VERTEX_POSE B52 0.475256 -0.127188 -0.855883 0.517170 -0.517170 -0.855883
VERTEX_POSE B53 -0.866144 -0.162142 -0.237841 0.971304 -0.971304 -0.237841
VERTEX_POSE B54 0.497677 -0.399628 0.887569 -0.460676 0.460676 0.887569
VERTEX_POSE B55 -0.632665 0.274896 0.960359 -0.278767 -0.278767 -0.960359
VERTEX_POSE B56 0.138415 -0.234050 0.251918 -0.967749 -0.967749 -0.251918
VERTEX_POSE B57 0.231762 0.028290 -0.458139 -0.888881 0.888881 -0.458139
VERTEX_POSE B58 -0.371613 0.663581 0.009438 0.999955 -0.999955 0.009438
VERTEX_POSE B59 0.045087 0.313197 -0.065851 0.997829 -0.997829 -0.065851
VERTEX_POSE B60 -0.867611 0.574919 -0.958736 0.284299 -0.284299 -0.958736
VERTEX_POSE B61 -0.237661 0.727741 0.847014 0.531570 -0.531570 0.847014
VERTEX_POSE B62 -0.294481 0.044761 -0.279318 0.960199 0.960199 0.279318
VERTEX_POSE B63 0.472629 -0.907034 0.975499 0.220005 -0.220005 0.975499
VERTEX_POSE B64 -0.172665 -0.135006 0.981858 -0.189619 0.189619 0.981858
VERTEX_POSE B65 0.458819 0.331470 0.911610 -0.411057 -0.411057 -0.911610
VERTEX_POSE B66 -0.485290 -0.416551 0.030841 -0.999524 0.999524 0.030841
VERTEX_POSE B67 0.026008 0.271800 0.597776 0.801663 0.801663 -0.597776
VERTEX_POSE B68 -0.858748 -0.910988 -0.937088 -0.349093 -0.349093 0.937088
VERTEX_POSE B69 -0.601813 -0.800223 0.498977 0.866615 0.866615 -0.498977
VERTEX_POSE B70 -0.737668 0.331723 0.978911 -0.204289 -0.204289 -0.978911
VERTEX_POSE B71 0.214292 0.276091 -0.838863 0.544343 0.544343 0.838863
VERTEX_POSE B72 0.359305 0.122792 -0.197800 0.980242 0.980242 0.197800
VERTEX_POSE B73 0.999209 -0.091340 0.129114 -0.991630 -0.991630 -0.129114
VERTEX_POSE B74 -0.812441 0.256378 -0.299930 -0.953961 0.953961 -0.299930
VERTEX_POSE B75 -0.295692 0.681454 0.933651 0.358183 0.358183 -0.933651
VERTEX_POSE B76 -0.165441 0.742650 0.690181 0.723636 -0.723636 0.690181
VERTEX_POSE B77 0.436667 0.734512 -0.207902 -0.978150 -0.978150 0.207902
VERTEX_POSE B78 -0.074873 0.283748 0.655830 0.754909 -0.754909 0.655830
VERTEX_POSE B79 0.586385 -0.528717 0.960667 -0.277702 -0.277702 -0.960667
VERTEX_POSE B80 0.860355 0.582690 -0.806908 0.590677 0.590677 0.806908
VERTEX_POSE B81 -0.882764 0.408373 -0.902570 -0.430543 -0.430543 0.902570
VERTEX_POSE B82 0.742434 -0.036804 0.684798 0.728733 0.728733 -0.684798
VERTEX_POSE B83 0.335611 -0.544498 -0.582721 0.812672 -0.812672 -0.582721
VERTEX_POSE B84 -0.748909 -0.753769 -0.666436 0.745562 0.745562 0.666436
VERTEX_POSE B85 0.240111 0.563568 0.952640 -0.304100 -0.304100 -0.952640
VERTEX_POSE B86 0.702946 0.730398 -0.004288 -0.999991 -0.999991 0.004288
VERTEX_POSE B87 0.389507 0.012181 0.763483 0.645828 -0.645828 0.763483
VERTEX_POSE B88 -0.528127 -0.408142 0.795065 0.606524 0.606524 -0.795065
VERTEX_POSE B89 -0.668667 0.393979 0.785260 -0.619166 0.619166 0.785260
VERTEX_POSE B90 -0.565406 -0.674622 0.933163 0.359453 0.359453 -0.933163
VERTEX_POSE B91 -0.395738 -0.833223 -0.852782 0.522267 -0.522267 -0.852782
VERTEX_POSE B92 0.093672 0.121720 -0.483245 -0.875485 0.875485 -0.483245
VERTEX_POSE B93 0.140113 0.370138 0.944637 -0.328118 -0.328118 -0.944637
VERTEX_POSE B94 -0.923109 -0.740257 -0.448416 0.893825 0.893825 0.448416
VERTEX_POSE B95 0.921007 0.986715 0.705531 0.708680 -0.708680 0.705531
VERTEX_POSE B96 -0.401068 -0.298392 -0.486447 -0.873710 -0.873710 0.486447
VERTEX_POSE B97 -0.408398 -0.156808 0.999766 0.021646 0.021646 -0.999766
VERTEX_POSE B98 -0.052985 0.258515 0.999680 -0.025302 -0.025302 -0.999680
VERTEX_POSE B99 -0.259816 -0.209380 0.540071 -0.841620 -0.841620 -0.540071
VERTEX_POSE B100 -0.010212 0.042969 -0.813377 0.581737 0.581737 0.813377
VERTEX_POSE B101 0.209348 -0.409762 -0.866458 -0.499250 0.499250 -0.866458
VERTEX_POSE B102 0.954476 -0.933289 -0.014856 -0.999890 -0.999890 0.014856
VERTEX_POSE B103 -0.650906 -0.834239 -0.765296 0.643679 0.643679 0.765296
VERTEX_POSE B104 0.208557 0.498898 0.617027 0.786942 -0.786942 0.617027
VERTEX_POSE B105 -0.857964 0.323088 -0.728799 0.684728 0.684728 0.728799
VERTEX_POSE B106 0.053402 0.847215 0.292898 -0.956144 0.956144 0.292898
VERTEX_POSE B107 -0.956885 0.241549 -0.356052 0.934466 0.934466 0.356052
VERTEX_POSE B108 0.578703 0.057600 0.153360 -0.988170 -0.988170 -0.153360
VERTEX_POSE B109 0.978528 0.130964 -0.819735 0.572743 0.572743 0.819735
VERTEX_POSE B110 0.629501 0.712831 -0.715294 -0.698823 0.698823 -0.715294
VERTEX_POSE B111 0.439058 -0.359709 -0.997913 0.064570 -0.064570 -0.997913
VERTEX_POSE B112 -0.904236 -0.460663 -0.527053 -0.849832 0.849832 -0.527053
VERTEX_POSE B113 0.371935 -0.323972 -0.326954 -0.945040 -0.945040 0.326954
VERTEX_POSE B114 -0.225331 0.095793 0.531433 -0.847100 -0.847100 -0.531433
VERTEX_POSE B115 -0.653145 -0.214432 -0.838542 0.544837 -0.544837 -0.838542
VERTEX_POSE B116 -0.387955 -0.760404 0.881570 0.472054 -0.472054 0.881570
VERTEX_POSE B117 -0.522385 -0.173809 0.992357 0.123398 0.123398 -0.992357
VERTEX_POSE B118 0.736362 0.797749 0.366490 -0.930422 0.930422 0.366490
VERTEX_POSE B119 0.083919 -0.168546 0.345032 0.938591 -0.938591 0.345032
VERTEX_POSE B120 -0.191052 -0.779830 0.876514 0.481377 -0.481377 0.876514
VERTEX_POSE B121 -0.829044 -0.876874 0.994245 0.107131 -0.107131 0.994245
VERTEX_POSE B122 0.688181 -0.001769 -0.437943 -0.899003 0.899003 -0.437943
VERTEX_POSE B123 0.902621 0.341890 -0.337616 0.941284 0.941284 0.337616
VERTEX_POSE B124 0.311069 0.493265 0.480127 0.877199 -0.877199 0.480127
VERTEX_POSE B125 0.765072 0.257974 0.677614 0.735418 0.735418 -0.677614
VERTEX_POSE B126 0.823628 0.328605 0.810059 0.586349 0.586349 -0.810059
VERTEX_POSE B127 0.910001 -0.805128 -0.681489 -0.731829 -0.731829 0.681489
VERTEX_POSE B128 -0.643326 -0.898834 -0.941410 0.337265 -0.337265 -0.941410
VERTEX_POSE B129 -0.229357 -0.412880 -0.983764 0.179468 0.179468 0.983764
VERTEX_POSE B130 -0.349815 -0.014508 0.929348 -0.369206 0.369206 0.929348
VERTEX_POSE B131 0.346462 0.144134 -0.061772 0.998090 -0.998090 -0.061772
VERTEX_POSE B132 0.979991 0.177358 0.579034 -0.815303 0.815303 0.579034
VERTEX_POSE B133 -0.395338 0.052203 0.269915 0.962884 -0.962884 0.269915
VERTEX_POSE B134 0.695555 0.309896 -0.495827 -0.868421 0.868421 -0.495827
VERTEX_POSE B135 0.188547 -0.323744 0.985369 -0.170437 0.170437 0.985369
VERTEX_POSE B136 -0.253303 -0.624709 0.746448 0.665443 -0.665443 0.746448
VERTEX_POSE B137 -0.251043 0.157111 0.786063 -0.618146 0.618146 0.786063
VERTEX_POSE B138 0.231663 0.917805 0.309910 -0.950766 0.950766 0.309910
VERTEX_POSE B139 -0.674600 0.432891 -0.901212 -0.433378 0.433378 -0.901212
VERTEX_POSE B140 -0.272515 -0.711925 0.718939 0.695073 0.695073 -0.718939
VERTEX_POSE B141 -0.138836 0.630636 -0.812399 0.583103 0.583103 0.812399
VERTEX_POSE B142 0.764458 -0.926818 -0.603310 -0.797506 -0.797506 0.603310
VERTEX_POSE B143 -0.176751 -0.172588 0.941199 0.337853 -0.337853 0.941199
VERTEX_POSE B144 -0.766902 -0.693336 0.961785 0.273805 0.273805 -0.961785
VERTEX_POSE B145 -0.460874 0.168975 -0.969687 0.244350 0.244350 0.969687
VERTEX_POSE B146 0.170105 0.612979 -0.405701 -0.914006 0.914006 -0.405701
VERTEX_POSE B147 -0.154857 -0.453740 0.596440 -0.802658 0.802658 0.596440
VERTEX_POSE B148 0.016742 0.995165 -0.287545 -0.957767 -0.957767 0.287545
VERTEX_POSE B149 -0.093534 0.410728 -0.955198 0.295968 0.295968 0.955198
VERTEX_POSE B150 0.929062 0.377713 0.121430 0.992600 -0.992600 0.121430
VERTEX_POSE B151 0.825690 -0.784665 -0.250303 0.968168 0.968168 0.250303
VERTEX_POSE B152 0.077422 0.533854 0.313620 0.949548 0.949548 -0.313620
VERTEX_POSE B153 0.617243 -0.624056 -0.753050 -0.657963 -0.657963 0.753050
VERTEX_POSE B154 0.728311 0.557226 -0.950112 0.311908 0.311908 0.950112
VERTEX_POSE B155 -0.611509 0.027119 0.592614 -0.805486 0.805486 0.592614
VERTEX_POSE B156 0.382315 0.633918 -0.224218 0.974539 -0.974539 -0.224218
VERTEX_POSE B157 0.551938 -0.114169 0.948444 0.316946 0.316946 -0.948444
VERTEX_POSE B158 -0.701508 0.221991 -0.999837 -0.018036 0.018036 -0.999837
VERTEX_POSE B159 0.738988 0.735084 0.355814 0.934557 0.934557 -0.355814
VERTEX_POSE B160 -0.677419 0.472951 -0.324872 0.945758 -0.945758 -0.324872
VERTEX_POSE B161 -0.051323 -0.792517 0.638359 0.769739 0.769739 -0.638359
VERTEX_POSE B162 0.085450 -0.120782 0.791564 -0.611086 0.611086 0.791564
VERTEX_POSE C0 -0.697428 -0.349691 -0.919260 0.393651 0.393651 0.919260
VERTEX_POSE C1 0.553339 0.259686 0.792214 -0.610243 -0.610243 -0.792214
VERTEX_POSE C2 -0.218995 -0.810886 -0.191432 0.981506 0.981506 0.191432
VERTEX_POSE C3 0.491119 0.326565 -0.454283 0.890857 0.890857 0.454283
VERTEX_POSE C4 -0.699964 0.634977 0.592657 0.805455 0.805455 -0.592657
VERTEX_POSE C5 0.529962 0.346225 -0.438149 -0.898902 0.898902 -0.438149
VERTEX_POSE C6 -0.277218 0.244370 -0.165922 0.986139 -0.986139 -0.165922
VERTEX_POSE C7 -0.374564 0.067869 -0.463338 -0.886182 0.886182 -0.463338
VERTEX_POSE C8 -0.742552 0.634300 0.993763 0.111512 -0.111512 0.993763
VERTEX_POSE C9 0.583946 -0.124994 0.912313 0.409493 0.409493 -0.912313
VERTEX_POSE C10 -0.610106 0.141051 -0.273753 -0.961800 -0.961800 0.273753
VERTEX_POSE C11 0.080697 -0.538289 -0.842034 0.539424 -0.539424 -0.842034
VERTEX_POSE C12 0.817044 0.181670 -0.770667 0.637238 -0.637238 -0.770667
VERTEX_POSE C13 -0.070980 -0.689974 -0.801922 0.597428 -0.597428 -0.801922
VERTEX_POSE C14 -0.749198 -0.925309 0.713472 -0.700684 -0.700684 -0.713472
VERTEX_POSE C15 -0.337813 0.727929 -0.714577 0.699557 -0.699557 -0.714577
VERTEX_POSE C16 0.945762 -0.694809 0.259978 0.965614 -0.965614 0.259978
VERTEX_POSE C17 0.157268 0.485419 0.945707 -0.325019 0.325019 0.945707
VERTEX_POSE C18 -0.408751 0.105643 0.471320 -0.881962 -0.881962 -0.471320
VERTEX_POSE C19 0.771452 -0.479474 0.862395 0.506236 -0.506236 0.862395
VERTEX_POSE C20 -0.765310 0.019273 0.987931 -0.154893 -0.154893 -0.987931
VERTEX_POSE C21 -0.791508 0.481587 0.022972 -0.999736 -0.999736 -0.022972
VERTEX_POSE C22 0.499762 -0.922248 0.998005 -0.063128 -0.063128 -0.998005
VERTEX_POSE C23 -0.376819 -0.953608 -0.999058 -0.043398 0.043398 -0.999058
VERTEX_POSE C24 0.590807 0.115505 0.387055 -0.922056 -0.922056 -0.387055
VERTEX_POSE C25 0.051701 -0.036417 0.156215 -0.987723 -0.987723 -0.156215
VERTEX_POSE C26 -0.078327 0.268383 -0.410379 0.911915 0.911915 0.410379
VERTEX_POSE C27 0.329795 -0.149412 0.575538 -0.817775 -0.817775 -0.575538
VERTEX_POSE C28 0.374282 -0.563466 -0.069520 0.997581 0.997581 0.069520
VERTEX_POSE C29 0.870350 0.475867 -0.947977 -0.318338 0.318338 -0.947977
VERTEX_POSE C30 -0.584755 0.729806 0.511886 -0.859053 0.859053 0.511886
VERTEX_POSE C31 0.676854 0.086842 -0.954366 -0.298640 -0.298640 0.954366
VERTEX_POSE C32 0.423689 -0.264447 0.115265 -0.993335 -0.993335 -0.115265
VERTEX_POSE C33 0.196250 0.918920 -0.496929 -0.867791 0.867791 -0.496929
VERTEX_POSE C34 0.167973 -0.586593 0.213551 -0.976932 0.976932 0.213551
VERTEX_POSE C35 0.723726 -0.629470 -0.724263 -0.689524 -0.689524 0.724263
VERTEX_POSE C36 -0.273788 0.265144 -0.200143 0.979767 0.979767 0.200143
VERTEX_POSE C37 0.890756 0.657777 -0.749022 -0.662545 -0.662545 0.749022
VERTEX_POSE C38 -0.650838 0.438399 0.980587 -0.196083 -0.196083 -0.980587
VERTEX_POSE C39 -0.016340 -0.100556 0.415970 0.909378 0.909378 -0.415970
VERTEX_POSE C40 0.474701 -0.467218 -0.895464 -0.445134 0.445134 -0.895464
VERTEX_POSE C41 -0.260944 -0.420550 0.729149 0.684355 0.684355 -0.729149
VERTEX_POSE C42 -0.935642 0.361156 -0.923557 -0.383460 0.383460 -0.923557
VERTEX_POSE C43 0.291745 0.714452 0.706966 0.707247 0.707247 -0.706966
VERTEX_POSE C44 0.668076 -0.110525 -0.335700 0.941969 0.941969 0.335700
VERTEX_POSE C45 -0.684841 0.435846 -0.812129 0.583478 0.583478 0.812129
VERTEX_POSE C46 0.953933 0.442381 0.767795 -0.640696 -0.640696 -0.767795
VERTEX_POSE C47 0.613838 0.194666 -0.998455 -0.055562 0.055562 -0.998455
VERTEX_POSE C48 0.472428 -0.078735 -0.256902 0.966437 0.966437 0.256902
VERTEX_POSE C49 -0.454818 -0.451976 -0.928522 0.371278 0.371278 0.928522
VERTEX_POSE C50 0.385290 0.715193 0.930973 -0.365087 0.365087 0.930973
VERTEX_POSE C51 0.707118 0.940538 0.402707 -0.915329 -0.915329 -0.402707
VERTEX_POSE C52 -0.246326 -0.970390 0.728214 0.685350 -0.685350 0.728214
VERTEX_POSE C53 -0.114947 0.792945 0.420492 0.907296 -0.907296 0.420492
VERTEX_POSE C54 -0.669701 0.986930 -0.913949 -0.405828 0.405828 -0.913949
VERTEX_POSE C55 -0.655519 0.145115 0.991943 0.126681 0.126681 -0.991943
VERTEX_POSE C56 0.936753 -0.243472 0.218782 -0.975774 -0.975774 -0.218782
VERTEX_POSE C57 0.251972 0.255313 -0.994624 0.103552 -0.103552 -0.994624
VERTEX_POSE C58 0.674275 0.995703 0.792121 0.610364 0.610364 -0.792121
VERTEX_POSE C59 0.311035 0.193062 -0.711761 0.702422 0.702422 0.711761
VERTEX_POSE C60 0.122322 -0.268821 0.812139 -0.583464 -0.583464 -0.812139
VERTEX_POSE C61 -0.910480 0.725509 0.132941 0.991124 -0.991124 0.132941
VERTEX_POSE C62 -0.012111 -0.720096 -0.684696 0.728829 -0.728829 -0.684696
VERTEX_POSE C63 -0.453989 0.466732 0.430526 0.902578 0.902578 -0.430526
VERTEX_POSE C64 0.285770 0.644429 -0.961467 -0.274919 0.274919 -0.961467
VERTEX_POSE C65 -0.844138 -0.306689 0.586563 -0.809904 0.809904 0.586563
VERTEX_POSE C66 -0.730263 0.837262 0.723322 -0.690511 -0.690511 -0.723322
VERTEX_POSE C67 -0.988018 -0.090426 -0.839523 -0.543324 -0.543324 0.839523
VERTEX_POSE C68 -0.953382 -0.648912 0.892028 0.451981 0.451981 -0.892028
VERTEX_POSE C69 -0.381101 0.275661 -0.658062 -0.752963 0.752963 -0.658062
VERTEX_POSE C70 -0.004358 0.809018 0.925499 0.378749 0.378749 -0.925499
VERTEX_POSE C71 0.521320 -0.116130 -0.608758 -0.793356 -0.793356 0.608758
VERTEX_POSE C72 0.357954 0.855111 -0.824010 0.566575 0.566575 0.824010
VERTEX_POSE C73 0.060000 0.170173 0.625558 0.780178 0.780178 -0.625558
VERTEX_POSE C74 -0.186935 -0.401678 -0.284494 -0.958678 0.958678 -0.284494
VERTEX_POSE C75 0.026031 -0.255414 -0.280645 -0.959812 0.959812 -0.280645
VERTEX_POSE C76 0.375159 -0.393980 -0.701618 -0.712553 0.712553 -0.701618
VERTEX_POSE C77 -0.233003 -0.959297 0.912175 0.409801 -0.409801 0.912175
VERTEX_POSE C78 -0.360131 0.939253 -0.981018 -0.193915 0.193915 -0.981018
VERTEX_POSE C79 -0.152413 0.527284 0.788801 -0.614649 0.614649 0.788801
VERTEX_POSE C80 0.312180 -0.411273 0.428922 -0.903342 0.903342 0.428922
VERTEX_POSE C81 -0.974841 0.654446 0.974047 -0.226344 -0.226344 -0.974047
VERTEX_POSE C82 -0.445295 0.467822 -0.945661 -0.325154 -0.325154 0.945661
VERTEX_POSE C83 -0.934146 -0.381663 -0.332097 -0.943245 0.943245 -0.332097
VERTEX_POSE C84 -0.089789 0.447391 0.823087 0.567916 -0.567916 0.823087
VERTEX_POSE C85 -0.114996 0.454752 -0.976988 0.213296 0.213296 0.976988
VERTEX_POSE C86 -0.589666 0.763452 0.165966 0.986132 -0.986132 0.165966
VERTEX_POSE C87 -0.153035 -0.796081 -0.940115 0.340856 0.340856 0.940115
VERTEX_POSE C88 -0.863024 -0.289935 -0.052099 -0.998642 -0.998642 0.052099
VERTEX_POSE C89 -0.915390 0.759155 -0.606944 0.794744 -0.794744 -0.606944
VERTEX_POSE C90 -0.842000 0.396981 -0.037766 0.999287 0.999287 0.037766
VERTEX_POSE C91 0.259298 0.441244 -0.760476 0.649366 -0.649366 -0.760476
VERTEX_POSE C92 -0.825870 0.484665 -0.787618 0.616164 0.616164 0.787618
VERTEX_POSE C93 0.145889 0.676885 -0.512322 -0.858793 -0.858793 0.512322
VERTEX_POSE C94 0.805309 -0.092023 -0.989981 0.141199 -0.141199 -0.989981
VERTEX_POSE C95 0.459900 0.129094 0.974538 0.224224 -0.224224 0.974538
VERTEX_POSE C96 0.301751 -0.629804 -0.620516 -0.784194 0.784194 -0.620516
VERTEX_POSE C97 -0.924954 -0.254761 0.499623 0.866243 0.866243 -0.499623
VERTEX_POSE C98 0.471882 -0.961332 0.912381 0.409343 -0.409343 0.912381
VERTEX_POSE C99 0.348369 -0.278716 -0.982287 0.187385 0.187385 0.982287
VERTEX_POSE C100 -0.306055 -0.979100 -0.993172 -0.116663 0.116663 -0.993172
VERTEX_POSE C101 -0.532476 0.847685 -0.829889 0.557928 0.557928 0.829889
VERTEX_POSE C102 -0.130311 0.605154 -0.625030 -0.780600 0.780600 -0.625030
VERTEX_POSE C103 -0.948101 0.876011 -0.840200 0.542276 -0.542276 -0.840200
VERTEX_POSE C104 0.527523 0.017859 -0.586967 0.809611 0.809611 0.586967
VERTEX_POSE C105 0.682754 -0.796524 0.788066 0.615591 -0.615591 0.788066
VERTEX_POSE C106 0.077930 -0.379402 0.009058 0.999959 0.999959 -0.009058
VERTEX_POSE C107 -0.097317 0.623878 -0.447630 0.894219 -0.894219 -0.447630
VERTEX_POSE C108 -0.550249 -0.755821 0.937461 0.348091 0.348091 -0.937461
VERTEX_POSE C109 0.717799 -0.440150 -0.458950 0.888462 -0.888462 -0.458950
VERTEX_POSE C110 0.750269 0.151163 -0.924266 0.381748 0.381748 0.924266
VERTEX_POSE C111 0.761931 -0.167094 1.000000 0.000373 0.000373 -1.000000
VERTEX_POSE C112 0.742957 -0.785704 -0.531951 0.846775 -0.846775 -0.531951
VERTEX_POSE C113 -0.695026 -0.381015 -0.098542 0.995133 0.995133 0.098542
VERTEX_POSE C114 0.827784 0.451243 -0.769250 -0.638948 -0.638948 0.769250
VERTEX_POSE C115 -0.346831 0.661687 -0.477423 -0.878674 -0.878674 0.477423
VERTEX_POSE C116 0.189978 -0.926263 0.783836 -0.620967 0.620967 0.783836
VERTEX_POSE C117 -0.761881 0.214696 0.439041 0.898467 -0.898467 0.439041
VERTEX_POSE C118 0.500133 0.865606 0.220355 -0.975420 0.975420 0.220355
VERTEX_POSE C119 0.326953 -0.216198 0.623546 -0.781786 0.781786 0.623546
VERTEX_POSE C120 -0.677271 -0.026149 0.900328 0.435211 -0.435211 0.900328
VERTEX_POSE C121 0.658133 0.262587 0.864214 -0.503125 -0.503125 -0.864214
VERTEX_POSE C122 -0.413749 -0.774954 -0.550476 0.834851 0.834851 0.550476
VERTEX_POSE C123 -0.503142 -0.541484 0.941249 -0.337713 0.337713 0.941249
VERTEX_POSE C124 -0.195978 -0.060527 0.363664 -0.931530 0.931530 0.363664
VERTEX_POSE C125 -0.608440 0.133023 -0.902079 0.431571 0.431571 0.902079
VERTEX_POSE C126 0.956758 0.587610 0.857559 0.514386 0.514386 -0.857559
VERTEX_POSE C127 -0.894227 0.309669 -0.164376 -0.986398 0.986398 -0.164376
VERTEX_POSE C128 -0.533394 0.878262 -0.922359 -0.386333 -0.386333 0.922359
VERTEX_POSE C129 0.428640 0.626277 0.795131 0.606438 -0.606438 0.795131
VERTEX_POSE C130 0.454142 -0.969047 0.832775 -0.553612 -0.553612 -0.832775
VERTEX_POSE C131 0.160551 0.899162 0.975482 -0.220081 -0.220081 -0.975482
VERTEX_POSE C132 0.896163 0.473963 0.297423 0.954746 0.954746 -0.297423
VERTEX_POSE C133 -0.676169 0.636108 0.684610 -0.728910 0.728910 0.684610
VERTEX_POSE C134 0.212451 0.775173 0.568074 -0.822977 -0.822977 -0.568074
VERTEX_POSE C135 0.423687 -0.508178 -0.976210 -0.216827 0.216827 -0.976210
VERTEX_POSE C136 -0.993416 0.839584 0.613577 0.789635 -0.789635 0.613577
VERTEX_POSE C137 -0.709619 -0.604230 0.360210 0.932871 -0.932871 0.360210
VERTEX_POSE C138 -0.673631 -0.884300 0.978112 0.208081 -0.208081 0.978112
VERTEX_POSE C139 -0.543665 -0.916237 -0.920766 -0.390116 0.390116 -0.920766
VERTEX_POSE C140 -0.991821 -0.044379 0.949933 -0.312453 -0.312453 -0.949933
VERTEX_POSE C141 -0.923361 0.266863 -0.860293 -0.509800 0.509800 -0.860293
VERTEX_POSE C142 -0.781734 -0.083331 -0.679845 -0.733356 -0.733356 0.679845
VERTEX_POSE C143 0.751137 0.169917 -0.144308 0.989533 0.989533 0.144308
VERTEX_POSE C144 -0.618387 0.885848 0.956875 -0.290499 0.290499 0.956875
VERTEX_POSE C145 -0.953950 -0.632087 -0.898039 -0.439915 -0.439915 0.898039
VERTEX_POSE C146 -0.595695 -0.168396 0.180838 0.983513 -0.983513 0.180838
VERTEX_POSE C147 0.571590 0.959585 0.736934 -0.675965 0.675965 0.736934
VERTEX_POSE C148 -0.715831 0.582608 0.160078 -0.987104 -0.987104 -0.160078
VERTEX_POSE C149 0.904439 -0.302789 0.956577 -0.291480 -0.291480 -0.956577
VERTEX_POSE C150 -0.101456 -0.256613 0.689010 0.724752 0.724752 -0.689010
VERTEX_POSE C151 -0.393103 -0.443541 0.993594 0.113008 -0.113008 0.993594
VERTEX_POSE C152 0.562572 0.959798 0.550024 -0.835149 0.835149 0.550024
VERTEX_POSE C153 0.484795 -0.031567 -0.522875 0.852410 0.852410 0.522875
VERTEX_POSE C154 0.103756 0.014975 0.954210 -0.299137 -0.299137 -0.954210
VERTEX_POSE C155 -0.633407 -0.100729 -0.753398 0.657564 0.657564 0.753398
VERTEX_POSE C156 0.876355 -0.898544 0.998482 -0.055075 0.055075 0.998482
VERTEX_POSE C157 0.060514 -0.397415 -0.335291 0.942115 0.942115 0.335291
VERTEX_POSE C158 -0.527634 -0.791060 -0.809073 0.587708 0.587708 0.809073
VERTEX_POSE C159 -0.657039 0.979718 -0.126609 -0.991953 0.991953 -0.126609
VERTEX_POSE C160 -0.510847 -0.771138 0.912430 0.409234 0.409234 -0.912430
VERTEX_POSE C161 0.926508 -0.760107 0.118182 0.992992 -0.992992 0.118182
VERTEX_POSE C162 0.503513 0.878880 0.994125 0.108240 0.108240 -0.994125
VERTEX_POSE C163 -0.614683 0.702825 0.998611 0.052695 -0.052695 0.998611
VERTEX_POSE C164 -0.749662 0.876001 0.977022 -0.213137 0.213137 0.977022
VERTEX_POSE C165 -0.284037 0.654053 0.800918 0.598775 0.598775 -0.800918
VERTEX_POSE C166 0.809004 -0.805354 -0.905161 0.425070 0.425070 0.905161
VERTEX_POSE C167 -0.743077 0.715585 0.989826 0.142285 -0.142285 0.989826
VERTEX_POSE C168 0.006344 -0.950177 0.836748 -0.547588 0.547588 0.836748
VERTEX_POSE C169 -0.864627 -0.689654 -0.995524 0.094510 0.094510 0.995524
VERTEX_POSE C170 -0.286742 0.799348 -0.113380 -0.993552 0.993552 -0.113380
VERTEX_POSE C171 0.014523 0.005444 -0.998368 -0.057107 0.057107 -0.998368
VERTEX_POSE C172 -0.787988 0.577209 0.019329 -0.999813 -0.999813 -0.019329
VERTEX_POSE C173 -0.068476 -0.283983 0.585107 0.810956 -0.810956 0.585107
VERTEX_POSE C174 -0.234340 -0.824639 0.551075 -0.834456 -0.834456 -0.551075
VERTEX_POSE C175 -0.406375 0.463057 0.402085 0.915603 -0.915603 0.402085
VERTEX_POSE C176 -0.022427 0.083930 0.948697 -0.316186 -0.316186 -0.948697
VERTEX_POSE C177 0.169965 0.006965 -0.653582 0.756856 -0.756856 -0.653582
VERTEX_POSE C178 -0.834785 0.422641 0.565104 -0.825019 -0.825019 -0.565104
VERTEX_POSE C179 0.261742 -0.333462 -0.904673 0.426107 0.426107 0.904673
VERTEX_POSE C180 0.074404 0.704176 0.284775 0.958595 -0.958595 0.284775
VERTEX_POSE C181 0.063759 -0.833972 0.016362 -0.999866 -0.999866 -0.016362
VERTEX_POSE C182 0.868639 0.222997 -0.720660 -0.693289 0.693289 -0.720660
VERTEX_POSE C183 -0.363025 0.663974 0.336176 0.941799 -0.941799 0.336176
VERTEX_POSE C184 -0.451446 0.134462 -0.826338 0.563175 -0.563175 -0.826338
VERTEX_POSE C185 -0.027605 -0.762028 0.966214 0.257743 -0.257743 0.966214
VERTEX_POSE C186 0.003568 -0.436756 -0.355529 -0.934665 0.934665 -0.355529
VERTEX_POSE C187 -0.575092 0.235918 0.086480 0.996254 -0.996254 0.086480
VERTEX_POSE C188 -0.967091 -0.159443 -0.303943 0.952690 0.952690 0.303943
VERTEX_POSE C189 0.475934 -0.227816 0.771254 -0.636528 0.636528 0.771254
VERTEX_POSE C190 -0.232130 0.215636 0.795614 -0.605804 0.605804 0.795614
VERTEX_POSE C191 -0.477938 0.069419 -0.614525 0.788897 -0.788897 -0.614525
VERTEX_POSE C192 0.402442 0.012077 0.939304 0.343087 0.343087 -0.939304
VERTEX_POSE C193 -0.728618 0.094516 0.880148 0.474699 -0.474699 0.880148
VERTEX_POSE C194 -0.092621 -0.227757 0.924137 0.382062 0.382062 -0.924137
VERTEX_POSE C195 0.652780 -0.111923 -0.915655 0.401965 0.401965 0.915655
VERTEX_POSE C196 -0.012654 -0.251431 -0.974885 -0.222708 -0.222708 0.974885
VERTEX_POSE C197 -0.283618 -0.033111 0.639106 0.769119 -0.769119 0.639106
VERTEX_POSE C198 0.909703 -0.396338 -0.595162 0.803606 -0.803606 -0.595162
VERTEX_POSE D0 0.993689 -0.201608 0.252378 0.967629 0.967629 -0.252378
VERTEX_POSE D1 -0.148245 0.277236 -0.683166 -0.730264 -0.730264 0.683166
VERTEX_POSE D2 -0.377039 -0.596990 -0.609029 0.793148 -0.793148 -0.609029
VERTEX_POSE D3 0.008213 0.803836 -0.331723 0.943377 0.943377 0.331723
VERTEX_POSE D4 0.063767 -0.145556 0.702168 0.712011 0.712011 -0.702168
VERTEX_POSE D5 0.554484 0.119027 0.626321 -0.779565 -0.779565 -0.626321
VERTEX_POSE D6 0.773872 0.979197 -0.882849 0.469657 0.469657 0.882849
VERTEX_POSE D7 0.657392 -0.682499 -0.999653 0.026338 0.026338 0.999653
VERTEX_POSE D8 -0.467942 -0.797044 0.014108 0.999900 -0.999900 0.014108
VERTEX_POSE D9 -0.056163 -0.013838 0.333944 -0.942593 -0.942593 -0.333944
VERTEX_POSE D10 0.822607 0.740142 -0.999955 -0.009496 -0.009496 0.999955
VERTEX_POSE D11 0.793800 -0.130506 0.954284 0.298902 0.298902 -0.954284
VERTEX_POSE D12 -0.981759 -0.309663 -0.998714 -0.050695 -0.050695 0.998714
VERTEX_POSE D13 -0.113634 0.906171 -0.975355 -0.220641 -0.220641 0.975355
VERTEX_POSE D14 0.662439 -0.907508 0.909200 -0.416361 0.416361 0.909200
VERTEX_POSE D15 -0.344784 -0.645689 -0.375622 0.926773 0.926773 0.375622
VERTEX_POSE D16 0.434920 0.040632 -0.447243 0.894412 -0.894412 -0.447243
VERTEX_POSE D17 -0.365166 -0.669536 0.622358 0.782733 -0.782733 0.622358
VERTEX_POSE D18 0.658785 -0.082445 0.894546 -0.446976 -0.446976 -0.894546
VERTEX_POSE D19 0.859828 -0.723450 -0.031877 0.999492 -0.999492 -0.031877
VERTEX_POSE D20 -0.332257 0.171020 0.916690 -0.399598 -0.399598 -0.916690
VERTEX_POSE D21 0.134719 0.689739 -0.948207 0.317652 -0.317652 -0.948207
VERTEX_POSE D22 -0.372302 0.492186 0.492917 -0.870076 -0.870076 -0.492917
VERTEX_POSE D23 0.189805 -0.759561 -0.963743 0.266832 -0.266832 -0.963743
VERTEX_POSE D24 -0.462839 -0.298185 -0.639384 0.768888 -0.768888 -0.639384
VERTEX_POSE D25 -0.100920 -0.413298 -0.424625 0.905369 0.905369 0.424625
VERTEX_POSE D26 -0.902816 0.012682 -0.987857 0.155363 -0.155363 -0.987857
VERTEX_POSE D27 -0.810059 0.589893 0.183003 -0.983112 0.983112 0.183003
VERTEX_POSE D28 0.886426 0.335271 -0.558829 -0.829283 0.829283 -0.558829
VERTEX_POSE D29 -0.186434 0.979571 0.950849 -0.309655 0.309655 0.950849
VERTEX_POSE D30 -0.900356 -0.806445 0.769101 -0.639127 0.639127 0.769101
VERTEX_POSE D31 0.880116 -0.866337 0.946164 -0.323688 0.323688 0.946164
VERTEX_POSE D32 0.665321 0.256807 -0.627004 0.779016 0.779016 0.627004
VERTEX_POSE D33 -0.277395 -0.403436 -0.829362 -0.558711 0.558711 -0.829362
VERTEX_POSE D34 -0.111672 0.937499 0.621510 0.783406 0.783406 -0.621510
VERTEX_POSE D35 -0.270912 -0.888749 0.732801 0.680443 0.680443 -0.732801
VERTEX_POSE D36 -0.722911 0.715591 -0.502159 0.864775 0.864775 0.502159
VERTEX_POSE D37 -0.337800 0.916695 0.555598 0.831451 -0.831451 0.555598
VERTEX_POSE D38 -0.613520 -0.571248 -0.644426 0.764666 0.764666 0.644426
VERTEX_POSE D39 -0.190853 0.918547 0.418753 -0.908100 0.908100 0.418753
VERTEX_POSE D40 0.606038 -0.097143 -0.153904 0.988086 0.988086 0.153904
VERTEX_POSE D41 -0.790912 -0.831105 0.979697 0.200485 0.200485 -0.979697
VERTEX_POSE D42 -0.397053 -0.211958 -0.739732 -0.672902 0.672902 -0.739732
VERTEX_POSE D43 0.624279 0.593195 0.606784 0.794867 0.794867 -0.606784
VERTEX_POSE D44 0.095454 -0.924935 -0.161593 0.986857 -0.986857 -0.161593
VERTEX_POSE D45 -0.734613 -0.119467 0.962000 -0.273049 -0.273049 -0.962000
VERTEX_POSE D46 -0.720505 0.947506 -0.099991 0.994988 -0.994988 -0.099991
VERTEX_POSE D47 -0.469626 0.115697 -0.368507 -0.929625 -0.929625 0.368507
VERTEX_POSE D48 -0.099779 0.210997 0.547481 0.836818 0.836818 -0.547481
VERTEX_POSE D49 0.938279 -0.134939 -0.518612 0.855009 -0.855009 -0.518612
VERTEX_POSE D50 -0.609798 0.392247 0.327696 0.944783 -0.944783 0.327696
VERTEX_POSE D51 0.567964 -0.617983 0.765823 -0.643051 0.643051 0.765823
VERTEX_POSE D52 0.072998 -0.445201 0.977902 -0.209063 0.209063 0.977902
VERTEX_POSE D53 0.017900 -0.115566 -0.779645 0.626222 -0.626222 -0.779645
VERTEX_POSE D54 -0.242231 -0.377544 0.811334 0.584583 0.584583 -0.811334
VERTEX_POSE D55 0.610159 0.256615 -0.413637 -0.910442 -0.910442 0.413637
VERTEX_POSE D56 0.916980 0.471136 -0.126461 0.991972 0.991972 0.126461
VERTEX_POSE D57 -0.145047 0.635138 0.960149 0.279490 -0.279490 0.960149
VERTEX_POSE D58 0.800100 -0.153493 -0.645759 0.763541 -0.763541 -0.645759
VERTEX_POSE D59 0.803406 -0.193594 -0.580085 -0.814556 -0.814556 0.580085
VERTEX_POSE D60 0.668518 0.614709 -0.195823 -0.980639 0.980639 -0.195823
VERTEX_POSE D61 0.899744 0.040062 0.955942 -0.293556 0.293556 0.955942
VERTEX_POSE D62 0.683522 -0.059931 -0.984236 -0.176863 -0.176863 0.984236
VERTEX_POSE D63 0.333839 -0.128484 -0.196206 0.980563 0.980563 0.196206
VERTEX_POSE D64 -0.377650 0.636626 -0.892556 -0.450936 0.450936 -0.892556
VERTEX_POSE D65 -0.428150 -0.122432 0.385617 0.922659 -0.922659 0.385617
VERTEX_POSE D66 -0.937072 -0.017232 -0.705766 -0.708445 -0.708445 0.705766
VERTEX_POSE D67 -0.100561 0.352217 0.943458 0.331492 0.331492 -0.943458
VERTEX_POSE D68 0.234051 -0.205737 -0.944857 0.327482 0.327482 0.944857
VERTEX_POSE D69 -0.550592 0.411520 0.556069 0.831136 0.831136 -0.556069
VERTEX_POSE D70 0.708586 0.270764 0.693491 0.720466 -0.720466 0.693491
VERTEX_POSE D71 -0.159912 0.697120 -0.741274 -0.671202 0.671202 -0.741274
VERTEX_POSE D72 -0.341504 0.580414 0.582771 -0.812637 -0.812637 -0.582771
VERTEX_POSE D73 -0.688466 -0.941194 -0.213428 0.976959 0.976959 0.213428
VERTEX_POSE D74 -0.535633 0.290315 0.800731 -0.599025 0.599025 0.800731
VERTEX_POSE D75 0.753949 0.655480 0.272419 -0.962179 0.962179 0.272419
VERTEX_POSE D76 -0.423079 -0.060661 -0.155573 -0.987824 -0.987824 0.155573
VERTEX_POSE D77 -0.256138 0.237820 0.991627 0.129132 -0.129132 0.991627
VERTEX_POSE D78 -0.715677 -0.228823 0.963154 -0.268950 -0.268950 -0.963154
VERTEX_POSE D79 0.477142 -0.849664 0.745982 -0.665966 0.665966 0.745982
VERTEX_POSE D80 -0.317859 -0.897119 -0.721360 -0.692560 -0.692560 0.721360
VERTEX_POSE D81 -0.325475 -0.836576 0.833091 0.553136 -0.553136 0.833091
VERTEX_POSE D82 0.045106 -0.467647 -0.554286 0.832326 0.832326 0.554286
VERTEX_POSE D83 0.755139 -0.342320 0.535174 -0.844742 0.844742 0.535174
VERTEX_POSE D84 0.692425 0.047858 -0.906320 -0.422592 0.422592 -0.906320
VERTEX_POSE D85 0.802875 0.154808 -0.641879 -0.766806 -0.766806 0.641879
VERTEX_POSE D86 0.365299 0.914295 -0.727416 -0.686197 0.686197 -0.727416
VERTEX_POSE D87 0.609405 -0.481006 0.498502 -0.866889 -0.866889 -0.498502
VERTEX_POSE D88 -0.342172 -0.210054 0.746561 0.665317 0.665317 -0.746561
VERTEX_POSE D89 0.165399 -0.239197 -0.995569 -0.094033 -0.094033 0.995569
VERTEX_POSE D90 0.412812 0.325400 -0.627410 0.778689 -0.778689 -0.627410
VERTEX_POSE D91 -0.673654 -0.595345 -0.233289 0.972408 -0.972408 -0.233289
VERTEX_POSE D92 0.065143 0.800865 -0.980637 0.195835 0.195835 0.980637
VERTEX_POSE D93 0.096334 -0.734531 -0.141382 -0.989955 -0.989955 0.141382
VERTEX_POSE D94 0.660186 0.276172 0.517567 0.855642 -0.855642 0.517567
VERTEX_POSE D95 0.687493 0.437491 -0.635063 -0.772461 -0.772461 0.635063
VERTEX_POSE D96 0.668184 0.143037 0.716388 -0.697702 0.697702 0.716388
VERTEX_POSE D97 0.723114 -0.741061 0.497274 -0.867594 -0.867594 -0.497274
VERTEX_POSE D98 -0.413068 -0.210293 0.777834 -0.628470 -0.628470 -0.777834
VERTEX_POSE D99 -0.097765 0.937300 -0.247275 -0.968945 -0.968945 0.247275
VERTEX_POSE D100 -0.827478 0.670459 0.011993 0.999928 -0.999928 0.011993
VERTEX_POSE D101 -0.704482 -0.939529 -0.656834 0.754035 0.754035 0.656834
VERTEX_POSE D102 0.742323 0.634420 -0.478754 0.877949 0.877949 0.478754
VERTEX_POSE D103 -0.168983 0.250873 -0.571335 -0.820717 0.820717 -0.571335
VERTEX_POSE D104 -0.392948 -0.880723 -0.232673 -0.972555 0.972555 -0.232673
VERTEX_POSE D105 -0.793311 -0.075265 0.683159 0.730270 -0.730270 0.683159
VERTEX_POSE D106 -0.415033 -0.093647 0.419060 -0.907958 0.907958 0.419060
VERTEX_POSE D107 0.183973 0.058616 -0.223006 0.974817 -0.974817 -0.223006
VERTEX_POSE D108 -0.049449 -0.837445 -0.996884 -0.078882 0.078882 -0.996884
VERTEX_POSE D109 -0.130710 0.677530 0.643717 0.765264 -0.765264 0.643717
VERTEX_POSE D110 -0.338885 0.208952 -0.625385 -0.780317 0.780317 -0.625385
VERTEX_POSE D111 0.632692 -0.734564 -0.693330 -0.720621 0.720621 -0.693330
VERTEX_POSE D112 0.543815 0.840954 -0.670419 0.741982 0.741982 0.670419
VERTEX_POSE D113 0.706221 0.741304 -0.979932 0.199332 0.199332 0.979932
VERTEX_POSE D114 0.387832 -0.076883 0.778019 0.628241 0.628241 -0.778019
VERTEX_POSE D115 0.236240 -0.111188 -0.753168 -0.657828 0.657828 -0.753168
VERTEX_POSE D116 0.509096 -0.103887 0.976679 0.214707 0.214707 -0.976679
VERTEX_POSE D117 -0.246870 -0.162588 -0.421429 -0.906861 0.906861 -0.421429
VERTEX_POSE D118 -0.154355 0.407806 -0.552970 -0.833201 -0.833201 0.552970
VERTEX_POSE D119 -0.833076 0.686059 -0.907394 -0.420282 -0.420282 0.907394
VERTEX_POSE D120 0.918529 0.598214 -0.483138 0.875544 -0.875544 -0.483138
VERTEX_POSE D121 -0.741543 -0.266794 -0.957615 0.288052 0.288052 0.957615
VERTEX_POSE D122 -0.506729 -0.909286 0.998777 -0.049432 -0.049432 -0.998777
VERTEX_POSE D123 -0.016328 0.399079 -0.851030 -0.525117 0.525117 -0.851030
VERTEX_POSE E0 0.354791 -0.001325 0.685668 -0.727915 0.727915 0.685668
VERTEX_POSE E1 -0.846543 0.366886 0.633435 0.773796 0.773796 -0.633435
VERTEX_POSE E2 -0.328835 -0.163431 0.154154 0.988047 0.988047 -0.154154
VERTEX_POSE E3 0.022975 -0.858288 0.383134 0.923693 0.923693 -0.383134
VERTEX_POSE E4 0.876570 0.625825 -0.080615 -0.996745 -0.996745 0.080615
VERTEX_POSE E5 0.258097 0.626277 0.946786 0.321864 0.321864 -0.946786
VERTEX_POSE E6 0.925209 -0.920988 0.103630 -0.994616 0.994616 0.103630
VERTEX_POSE E7 -0.950908 0.296284 -0.998854 -0.047858 -0.047858 0.998854
VERTEX_POSE E8 0.553615 0.686748 0.955257 -0.295776 -0.295776 -0.955257
VERTEX_POSE E9 0.667532 0.713432 0.275602 0.961272 -0.961272 0.275602
VERTEX_POSE E10 -0.119891 -0.452843 -0.382027 0.924151 -0.924151 -0.382027
VERTEX_POSE E11 -0.839333 0.806025 -0.532525 -0.846414 0.846414 -0.532525
VERTEX_POSE E12 0.874221 -0.361834 0.215496 0.976505 -0.976505 0.215496
VERTEX_POSE E13 0.465075 0.453510 -0.865570 0.500787 0.500787 0.865570
VERTEX_POSE E14 0.344640 -0.135359 -0.993600 -0.112956 0.112956 -0.993600
VERTEX_POSE E15 -0.175228 -0.199278 0.509989 0.860181 0.860181 -0.509989
VERTEX_POSE E16 -0.665635 0.131040 0.525002 -0.851101 0.851101 0.525002
VERTEX_POSE E17 -0.994245 -0.926407 0.743448 -0.668793 0.668793 0.743448
VERTEX_POSE E18 -0.542535 0.066158 -0.148930 0.988848 0.988848 0.148930
VERTEX_POSE E19 0.878180 -0.028006 0.963691 -0.267018 0.267018 0.963691
VERTEX_POSE E20 0.711976 0.814897 0.799992 0.600011 -0.600011 0.799992
VERTEX_POSE E21 0.845296 0.989274 0.822936 -0.568135 -0.568135 -0.822936
VERTEX_POSE E22 0.114420 0.860807 -0.508761 -0.860908 -0.860908 0.508761
VERTEX_POSE E23 0.221073 -0.288990 -0.726692 0.686963 0.686963 0.726692
VERTEX_POSE E24 -0.401574 -0.173314 -0.596327 0.802742 0.802742 0.596327
VERTEX_POSE E25 0.960065 0.268612 0.928816 -0.370540 0.370540 0.928816
VERTEX_POSE E26 0.387997 -0.602931 0.633135 -0.774041 0.774041 0.633135
VERTEX_POSE E27 -0.483045 -0.575100 -0.962437 0.271506 -0.271506 -0.962437
VERTEX_POSE E28 -0.781479 -0.998182 -0.949185 -0.314720 -0.314720 0.949185
VERTEX_POSE E29 0.881268 -0.512217 0.705688 -0.708523 0.708523 0.705688
VERTEX_POSE E30 0.500628 0.823979 0.998700 0.050969 -0.050969 0.998700
VERTEX_POSE E31 0.573312 0.000493 -0.794172 0.607694 -0.607694 -0.794172
VERTEX_POSE E32 -0.965276 0.854669 0.541517 0.840690 -0.840690 0.541517
VERTEX_POSE E33 -0.828207 -0.339451 0.038423 -0.999262 0.999262 0.038423
VERTEX_POSE E34 -0.403713 0.142205 -0.462708 0.886511 -0.886511 -0.462708
VERTEX_POSE E35 0.911294 0.480494 -0.238679 -0.971099 -0.971099 0.238679
VERTEX_POSE E36 0.429889 -0.713175 0.316257 -0.948674 -0.948674 -0.316257
VERTEX_POSE E37 -0.478504 0.221217 0.662077 0.749436 0.749436 -0.662077
VERTEX_POSE E38 0.960386 -0.223222 -0.483618 0.875279 0.875279 0.483618
VERTEX_POSE E39 -0.016495 0.973573 0.149505 0.988761 -0.988761 0.149505
VERTEX_POSE E40 -0.810972 -0.065352 -0.513292 -0.858214 -0.858214 0.513292
VERTEX_POSE E41 -0.159506 0.323935 0.622823 0.782363 0.782363 -0.622823
VERTEX_POSE E42 0.144172 0.779599 -0.443567 0.896241 0.896241 0.443567
VERTEX_POSE E43 -0.936751 0.572815 -0.975980 0.217859 0.217859 0.975980
VERTEX_POSE E44 -0.694430 -0.222555 -0.540888 0.841094 0.841094 0.540888
VERTEX_POSE E45 -0.511188 -0.355760 0.692773 -0.721156 0.721156 0.692773
VERTEX_POSE E46 -0.111979 -0.626463 -0.845990 -0.533199 -0.533199 0.845990
VERTEX_POSE E47 -0.360065 0.908485 0.988041 -0.154191 0.154191 0.988041
VERTEX_POSE E48 -0.505432 -0.282167 0.999800 0.020020 -0.020020 0.999800
VERTEX_POSE E49 0.345486 0.439694 0.298177 -0.954511 -0.954511 -0.298177
VERTEX_POSE E50 -0.481885 -0.119521 -0.149438 -0.988771 -0.988771 0.149438
VERTEX_POSE E51 -0.793456 -0.467270 -0.327656 0.944797 -0.944797 -0.327656
VERTEX_POSE E52 0.190782 0.428969 -0.896326 -0.443395 -0.443395 0.896326
VERTEX_POSE E53 0.632535 -0.258714 -0.912640 -0.408765 0.408765 -0.912640
VERTEX_POSE E54 0.427616 0.243740 0.976909 -0.213657 -0.213657 -0.976909
VERTEX_POSE E55 0.789208 -0.744345 -0.458516 -0.888686 -0.888686 0.458516
VERTEX_POSE E56 0.592599 -0.990102 0.581747 -0.813370 0.813370 0.581747
VERTEX_POSE E57 -0.184387 0.640808 -0.985711 0.168445 -0.168445 -0.985711
VERTEX_POSE E58 -0.693836 -0.319445 0.988454 -0.151523 0.151523 0.988454
VERTEX_POSE E59 0.811121 -0.988284 0.956080 0.293106 -0.293106 0.956080
VERTEX_POSE E60 -0.303119 -0.871408 -0.986815 -0.161854 -0.161854 0.986815
VERTEX_POSE E61 0.806791 -0.495465 -0.143036 -0.989718 0.989718 -0.143036
VERTEX_POSE E62 0.384432 0.012210 0.476433 -0.879211 0.879211 0.476433
VERTEX_POSE E63 -0.268395 0.983261 0.683846 0.729626 -0.729626 0.683846
VERTEX_POSE E64 0.978584 0.165083 0.377409 0.926047 -0.926047 0.377409
VERTEX_POSE E65 0.980719 -0.845585 -0.147566 -0.989052 -0.989052 0.147566
VERTEX_POSE E66 -0.357101 0.463755 0.898855 0.438246 0.438246 -0.898855
VERTEX_POSE E67 0.408473 0.451908 0.753609 -0.657323 -0.657323 -0.753609
VERTEX_POSE E68 -0.497785 0.375631 0.638469 0.769648 0.769648 -0.638469
VERTEX_POSE E69 -0.396715 -0.759467 0.844333 0.535818 0.535818 -0.844333
VERTEX_POSE E70 -0.608022 0.425482 -0.177438 0.984132 -0.984132 -0.177438
VERTEX_POSE E71 -0.308758 -0.689720 0.985498 0.169687 -0.169687 0.985498
VERTEX_POSE E72 0.443779 0.564468 -0.786210 -0.617959 -0.617959 0.786210
VERTEX_POSE E73 0.536150 0.205080 -0.424955 -0.905215 -0.905215 0.424955
VERTEX_POSE E74 -0.245509 0.883095 -0.726229 0.687453 -0.687453 -0.726229
VERTEX_POSE E75 0.749349 -0.658087 -0.997162 0.075288 0.075288 0.997162
VERTEX_POSE E76 -0.975038 0.849320 0.627224 0.778839 0.778839 -0.627224
VERTEX_POSE E77 0.642512 -0.743369 0.789341 0.613955 -0.613955 0.789341
VERTEX_POSE E78 -0.610716 -0.749602 0.829270 0.558847 0.558847 -0.829270
VERTEX_POSE E79 -0.480470 -0.432847 0.373059 0.927807 -0.927807 0.373059
VERTEX_POSE E80 -0.012002 0.696326 -0.277559 -0.960709 0.960709 -0.277559
VERTEX_POSE E81 -0.092601 0.130878 0.588436 -0.808544 -0.808544 -0.588436
VERTEX_POSE E82 -0.273927 0.099883 -0.998495 -0.054851 -0.054851 0.998495
VERTEX_POSE E83 -0.821220 0.125295 0.211462 0.977386 0.977386 -0.211462
VERTEX_POSE E84 -0.460066 0.872164 -0.218112 -0.975924 -0.975924 0.218112
VERTEX_POSE E85 -0.846310 -0.656378 0.978541 0.206050 0.206050 -0.978541
VERTEX_POSE E86 0.967988 0.380950 -0.246040 0.969260 0.969260 0.246040
VERTEX_POSE E87 -0.867467 0.882062 0.606201 -0.795311 -0.795311 -0.606201
VERTEX_POSE E88 -0.030697 0.984431 0.999311 -0.037104 -0.037104 -0.999311
VERTEX_POSE E89 -0.725849 -0.938495 0.228423 -0.973562 0.973562 0.228423
VERTEX_POSE E90 0.943653 0.893778 0.980349 0.197273 0.197273 -0.980349
VERTEX_POSE E91 0.666184 -0.886978 0.872899 -0.487900 -0.487900 -0.872899
VERTEX_POSE E92 -0.919057 -0.433961 -0.690646 -0.723193 -0.723193 0.690646
VERTEX_POSE E93 0.328086 -0.094012 -0.978654 0.205516 -0.205516 -0.978654
VERTEX_POSE E94 -0.602211 -0.903717 -0.461780 -0.886994 0.886994 -0.461780
VERTEX_POSE E95 -0.940474 0.731122 -0.012867 0.999917 -0.999917 -0.012867
VERTEX_POSE E96 0.308805 0.060403 -0.048660 -0.998815 0.998815 -0.048660
VERTEX_POSE E97 0.040688 0.560038 -0.636495 0.771281 -0.771281 -0.636495
VERTEX_POSE E98 0.467999 0.183031 0.624650 0.780904 0.780904 -0.624650
VERTEX_POSE E99 0.811020 -0.563966 0.998480 -0.055109 0.055109 0.998480
VERTEX_POSE E100 0.643973 0.800571 0.999381 -0.035170 -0.035170 -0.999381
VERTEX_POSE E101 0.859977 -0.391487 -0.228737 -0.973488 -0.973488 0.228737
VERTEX_POSE E102 -0.497738 -0.253686 -0.509935 0.860213 0.860213 0.509935
VERTEX_POSE E103 0.087752 0.365039 -0.661422 -0.750014 0.750014 -0.661422
VERTEX_POSE E104 0.396127 0.813593 0.110806 0.993842 0.993842 -0.110806
VERTEX_POSE E105 0.256753 -0.370591 -0.567195 -0.823584 0.823584 -0.567195
VERTEX_POSE E106 -0.162899 0.706952 0.439496 0.898245 0.898245 -0.439496
VERTEX_POSE E107 0.421089 0.662913 0.579294 0.815119 0.815119 -0.579294
VERTEX_POSE E108 -0.100735 -0.113960 -0.849791 0.527119 0.527119 0.849791
VERTEX_POSE E109 0.226385 0.957351 -0.092868 0.995678 -0.995678 -0.092868
VERTEX_POSE E110 0.940618 -0.769934 0.998697 0.051035 0.051035 -0.998697
VERTEX_POSE E111 0.887263 -0.417634 -0.734805 0.678278 -0.678278 -0.734805
VERTEX_POSE E112 -0.866216 0.088228 0.983688 -0.179884 0.179884 0.983688
VERTEX_POSE E113 -0.333308 0.329948 -0.067960 -0.997688 0.997688 -0.067960
VERTEX_POSE E114 -0.933958 0.707660 -0.773388 -0.633933 0.633933 -0.773388
VERTEX_POSE E115 -0.326282 -0.039608 0.823860 -0.566794 -0.566794 -0.823860
VERTEX_POSE E116 -0.179618 0.673571 0.674132 -0.738611 0.738611 0.674132
VERTEX_POSE E117 -0.965970 0.088610 -0.731182 -0.682182 -0.682182 0.731182
VERTEX_POSE E118 -0.193749 -0.157546 -0.809936 0.586519 -0.586519 -0.809936
VERTEX_POSE E119 0.789685 0.658001 -0.988515 -0.151123 0.151123 -0.988515
VERTEX_POSE E120 -0.691819 0.150115 0.998738 0.050219 0.050219 -0.998738
VERTEX_POSE E121 -0.250096 -0.263768 0.648468 -0.761242 -0.761242 -0.648468
VERTEX_POSE E122 0.455869 0.771024 -0.824554 -0.565783 0.565783 -0.824554
VERTEX_POSE E123 -0.610876 0.716154 -0.752508 0.658583 -0.658583 -0.752508
VERTEX_POSE E124 -0.922010 0.642220 0.748957 -0.662619 0.662619 0.748957
VERTEX_POSE E125 0.853657 0.867307 0.228054 0.973648 0.973648 -0.228054
VERTEX_POSE E126 -0.551350 0.447276 -0.294417 0.955677 0.955677 0.294417
VERTEX_POSE E127 0.386795 -0.297378 0.072279 0.997384 0.997384 -0.072279
VERTEX_POSE E128 -0.105655 0.427345 -0.427291 -0.904114 0.904114 -0.427291
VERTEX_POSE E129 0.916650 -0.369693 0.789094 -0.614272 0.614272 0.789094
VERTEX_POSE E130 0.197814 0.138656 0.308248 0.951306 0.951306 -0.308248
VERTEX_POSE E131 -0.461682 0.227916 0.370834 -0.928699 0.928699 0.370834
VERTEX_POSE E132 0.776626 0.238820 -0.095043 0.995473 0.995473 0.095043
VERTEX_POSE E133 0.700076 0.884970 -0.653448 -0.756972 -0.756972 0.653448
VERTEX_POSE E134 0.626070 -0.407045 0.751096 0.660193 -0.660193 0.751096
VERTEX_POSE E135 0.172753 0.052413 -0.175775 -0.984430 -0.984430 0.175775
VERTEX_POSE E136 -0.043171 -0.485621 -0.909788 0.415073 -0.415073 -0.909788
VERTEX_POSE E137 -0.536829 -0.700093 -0.986769 -0.162131 -0.162131 0.986769
VERTEX_POSE E138 -0.406158 -0.284674 0.554069 -0.832471 -0.832471 -0.554069
VERTEX_POSE E139 0.856094 0.400419 -0.324645 0.945836 -0.945836 -0.324645
VERTEX_POSE E140 0.689556 -0.742742 0.631896 -0.775053 -0.775053 -0.631896
VERTEX_POSE E141 -0.465540 -0.054608 0.540227 0.841519 0.841519 -0.540227
VERTEX_POSE E142 0.743356 0.982784 0.828421 0.560106 0.560106 -0.828421
VERTEX_POSE E143 0.823341 0.345486 -0.034170 -0.999416 0.999416 -0.034170
VERTEX_POSE E144 0.201152 -0.724660 -0.987775 0.155887 0.155887 0.987775
VERTEX_POSE E145 0.809398 0.690444 0.594271 -0.804265 -0.804265 -0.594271
VERTEX_POSE E146 -0.502941 -0.694122 0.461743 -0.887014 0.887014 0.461743
VERTEX_POSE E147 -0.978466 0.948911 0.381631 0.924315 0.924315 -0.381631
VERTEX_POSE E148 0.843428 -0.220946 0.863613 -0.504156 -0.504156 -0.863613
VERTEX_POSE E149 0.303309 0.148332 -0.990638 0.136518 0.136518 0.990638
VERTEX_POSE E150 0.811219 0.606912 -0.234183 0.972193 -0.972193 -0.234183
VERTEX_POSE E151 -0.848391 0.929169 0.992177 -0.124837 -0.124837 -0.992177
VERTEX_POSE E152 -0.946787 0.884564 -0.391760 0.920067 0.920067 0.391760
VERTEX_POSE E153 0.267087 0.377936 -0.172221 -0.985058 -0.985058 0.172221
VERTEX_POSE E154 -0.459267 0.645323 -0.314720 0.949185 -0.949185 -0.314720
VERTEX_POSE E155 -0.868797 0.526784 0.470389 0.882459 0.882459 -0.470389
VERTEX_POSE E156 0.120745 0.245243 0.999999 -0.001511 -0.001511 -0.999999
VERTEX_POSE E157 -0.010616 0.092599 0.668502 0.743710 0.743710 -0.668502
VERTEX_POSE E158 0.517998 -0.770594 -0.993894 -0.110338 0.110338 -0.993894
VERTEX_POSE E159 -0.984910 -0.327412 -0.999623 -0.027470 -0.027470 0.999623
VERTEX_POSE E160 -0.093967 0.722906 0.989710 -0.143086 0.143086 0.989710
VERTEX_POSE E161 -0.284188 0.368063 0.985652 0.168787 -0.168787 0.985652
VERTEX_POSE E162 -0.446592 0.900503 0.932135 0.362111 0.362111 -0.932135
VERTEX_POSE E163 -0.317340 -0.038274 -0.214971 0.976620 -0.976620 -0.214971
VERTEX_POSE E164 -0.584112 0.253033 -0.905631 -0.424067 -0.424067 0.905631
VERTEX_POSE E165 -0.820521 -0.506542 -0.308038 -0.951374 -0.951374 0.308038
VERTEX_POSE E166 0.855413 -0.985861 0.884231 -0.467049 0.467049 0.884231
VERTEX_POSE E167 0.372717 0.767412 0.249664 -0.968333 0.968333 0.249664
VERTEX_POSE E168 -0.357350 -0.206634 0.866088 0.499891 0.499891 -0.866088
VERTEX_POSE E169 -0.550745 -0.270535 0.071933 -0.997409 0.997409 0.071933
VERTEX_POSE E170 0.228811 0.167831 -0.011683 -0.999932 0.999932 -0.011683
VERTEX_POSE E171 -0.667794 0.050623 -0.358783 0.933421 -0.933421 -0.358783
VERTEX_POSE E172 -0.016285 0.674856 -0.814567 0.580070 0.580070 0.814567
VERTEX_POSE E173 -0.027833 0.150615 0.528639 -0.848847 0.848847 0.528639
VERTEX_POSE E174 -0.844453 -0.603890 0.019483 0.999810 -0.999810 0.019483
VERTEX_POSE E175 -0.815133 0.950197 0.686207 -0.727406 0.727406 0.686207
VERTEX_POSE E176 -0.218435 -0.158940 -0.925213 -0.379448 0.379448 -0.925213
VERTEX_POSE E177 -0.347394 -0.298012 -0.837197 -0.546901 0.546901 -0.837197
VERTEX_POSE E178 -0.793599 0.899107 0.952379 0.304916 -0.304916 0.952379
VERTEX_POSE E179 -0.375007 0.620114 0.198501 -0.980101 0.980101 0.198501
VERTEX_POSE E180 0.955915 0.850320 0.708893 0.705316 0.705316 -0.708893
VERTEX_POSE E181 -0.982380 0.506020 -0.786004 0.618221 -0.618221 -0.786004
VERTEX_POSE E182 -0.223398 0.549283 0.525028 -0.851085 -0.851085 -0.525028
VERTEX_POSE E183 -0.990872 0.734885 -0.941396 0.337304 -0.337304 -0.941396
VERTEX_POSE E184 0.284707 -0.116044 -0.971057 -0.238849 0.238849 -0.971057
VERTEX_POSE E185 0.317336 0.194605 0.362945 0.931810 -0.931810 0.362945
VERTEX_POSE E186 -0.859669 0.261669 0.509196 -0.860651 -0.860651 -0.509196
VERTEX_POSE E187 -0.594549 -0.870802 0.495054 0.868862 -0.868862 0.495054
VERTEX_POSE E188 -0.693281 -0.712796 0.748436 -0.663207 0.663207 0.748436
VERTEX_POSE E189 0.658329 0.491075 -0.881207 -0.472731 0.472731 -0.881207
VERTEX_POSE E190 -0.579458 -0.198214 0.497474 0.867479 0.867479 -0.497474
VERTEX_POSE E191 0.212753 -0.989889 -0.382442 -0.923980 0.923980 -0.382442
VERTEX_POSE E192 -0.625858 -0.140862 -0.710069 0.704132 0.704132 0.710069
VERTEX_POSE E193 -0.026050 -0.297711 0.789913 -0.613219 0.613219 0.789913
VERTEX_POSE E194 0.895412 -0.028163 -0.065214 0.997871 -0.997871 -0.065214
VERTEX_POSE E195 -0.209970 -0.887829 -0.826426 -0.563045 0.563045 -0.826426
VERTEX_POSE E196 0.153429 0.195748 0.902046 0.431639 0.431639 -0.902046
VERTEX_POSE E197 0.750825 -0.014024 0.958497 0.285102 -0.285102 0.958497
VERTEX_POSE E198 -0.837253 0.879583 0.742956 0.669341 -0.669341 0.742956
VERTEX_POSE E199 0.796079 0.989113 0.255980 0.966682 -0.966682 0.255980
VERTEX_POSE E200 -0.799920 0.715440 0.185125 -0.982715 -0.982715 -0.185125
VERTEX_POSE E201 0.391558 0.047414 0.603751 0.797173 -0.797173 0.603751
VERTEX_POSE E202 -0.871715 0.039737 -0.932779 -0.360448 0.360448 -0.932779
VERTEX_POSE E203 0.183795 0.390297 0.345003 -0.938601 0.938601 0.345003
VERTEX_POSE E204 -0.636276 -0.801971 -0.471503 0.881865 -0.881865 -0.471503
VERTEX_POSE E205 -0.716168 0.435846 0.882352 -0.470589 0.470589 0.882352
VERTEX_POSE E206 0.368662 0.340493 0.405517 0.914088 0.914088 -0.405517
VERTEX_POSE E207 0.145289 0.039089 -0.630618 0.776093 -0.776093 -0.630618
VERTEX_POSE E208 -0.063562 -0.862165 0.552626 -0.833429 0.833429 0.552626
VERTEX_POSE E209 0.575063 0.239601 -0.648323 -0.761366 0.761366 -0.648323
VERTEX_POSE E210 0.770281 -0.340797 0.767411 -0.641155 -0.641155 -0.767411
VERTEX_POSE E211 -0.107647 0.988155 0.969739 0.244142 -0.244142 0.969739
VERTEX_POSE E212 0.592683 -0.254379 -0.995376 0.096057 0.096057 0.995376
VERTEX_POSE E213 -0.453116 -0.791515 -0.739932 0.672681 0.672681 0.739932
VERTEX_POSE E214 -0.098519 0.723039 -0.515309 0.857004 0.857004 0.515309
VERTEX_POSE E215 -0.122610 0.629576 0.706796 0.707418 0.707418 -0.706796
VERTEX_POSE E216 0.864219 0.403090 0.907945 0.419090 -0.419090 0.907945
VERTEX_POSE E217 0.041812 -0.015292 0.607973 -0.793958 0.793958 0.607973
VERTEX_POSE E218 0.282841 0.758774 0.807608 -0.589719 -0.589719 -0.807608
VERTEX_POSE E219 -0.829061 0.690295 0.152530 -0.988299 -0.988299 -0.152530
VERTEX_POSE E220 -0.299858 -0.524217 -0.297725 -0.954652 0.954652 -0.297725
VERTEX_POSE E221 0.703383 -0.439440 -0.404555 0.914514 -0.914514 -0.404555
VERTEX_POSE E222 0.383691 0.700406 -0.624266 0.781212 0.781212 0.624266
VERTEX_POSE E223 0.074283 0.334921 0.866119 0.499838 -0.499838 0.866119
VERTEX_POSE E224 -0.322667 0.262850 0.755825 0.654773 0.654773 -0.755825
VERTEX_POSE E225 0.279104 -0.327757 -0.965427 0.260674 0.260674 0.965427
VERTEX_POSE E226 0.864313 0.447092 -0.695088 0.718924 0.718924 0.695088
VERTEX_POSE E227 0.830761 -0.541403 -0.033233 -0.999448 0.999448 -0.033233
VERTEX_POSE E228 0.029929 0.658218 -0.224392 0.974499 0.974499 0.224392
VERTEX_POSE E229 -0.972940 0.326675 -0.977222 0.212220 0.212220 0.977222
VERTEX_POSE E230 0.626840 -0.552289 -0.685031 0.728514 -0.728514 -0.685031
VERTEX_POSE E231 0.230009 0.373659 0.429002 -0.903303 0.903303 0.429002
VERTEX_POSE E232 0.418618 -0.625911 -0.446086 0.894990 0.894990 0.446086
VERTEX_POSE E233 0.755125 0.487447 0.564705 -0.825293 -0.825293 -0.564705
VERTEX_POSE E234 -0.586196 -0.236044 0.670649 -0.741774 -0.741774 -0.670649
VERTEX_POSE E235 0.782342 -0.427881 0.487372 -0.873194 0.873194 0.487372
VERTEX_POSE E236 -0.961043 -0.076706 -0.702069 -0.712109 0.712109 -0.702069
VERTEX_POSE E237 0.782466 -0.895551 -0.055587 -0.998454 0.998454 -0.055587
VERTEX_POSE E238 -0.072369 0.611207 0.330438 -0.943828 0.943828 0.330438
VERTEX_POSE E239 -0.024605 0.061128 -0.997400 0.072062 -0.072062 -0.997400
VERTEX_POSE E240 0.357529 0.344050 0.999268 0.038266 0.038266 -0.999268
VERTEX_POSE E241 -0.302088 -0.729590 -0.033615 -0.999435 -0.999435 0.033615
VERTEX_POSE E242 0.867747 0.049283 -0.107511 -0.994204 0.994204 -0.107511
VERTEX_POSE E243 -0.049788 -0.910329 -0.430113 -0.902775 -0.902775 0.430113
VERTEX_POSE E244 0.244796 -0.521105 0.997397 -0.072102 -0.072102 -0.997397
VERTEX_POSE E245 -0.230772 -0.227677 -0.996516 0.083399 0.083399 0.996516
VERTEX_POSE E246 0.827601 0.719247 0.105978 -0.994368 -0.994368 -0.105978
VERTEX_POSE E247 0.109015 0.881986 0.168773 0.985655 -0.985655 0.168773
VERTEX_POSE E248 0.811041 0.757030 0.612989 -0.790091 -0.790091 -0.612989
VERTEX_POSE E249 0.110442 0.478021 -0.998345 0.057517 -0.057517 -0.998345
VERTEX_POSE E250 0.279954 0.572281 -0.702076 0.712102 -0.712102 -0.702076
VERTEX_POSE E251 -0.488818 -0.767187 0.722170 0.691716 0.691716 -0.722170
VERTEX_POSE E252 -0.186175 -0.961418 0.514843 0.857285 -0.857285 0.514843
VERTEX_POSE E253 -0.336355 0.272686 -0.791532 0.611128 0.611128 0.791532
VERTEX_POSE E254 0.585466 0.567734 -0.652252 -0.758003 -0.758003 0.652252
VERTEX_POSE E255 0.491158 0.301431 0.222860 0.974850 -0.974850 0.222860
VERTEX_POSE E256 0.942749 0.944929 0.444303 0.895876 0.895876 -0.444303
VERTEX_POSE E257 0.449779 0.014826 -0.998957 -0.045652 -0.045652 0.998957
VERTEX_POSE E258 0.321919 0.760028 -0.342760 0.939423 0.939423 0.342760
VERTEX_POSE E259 -0.027322 0.603147 -0.867294 -0.497796 0.497796 -0.867294
VERTEX_POSE E260 0.476840 -0.658498 -0.711152 -0.703038 0.703038 -0.711152
VERTEX_POSE E261 -0.051241 -0.792261 0.440950 0.897532 0.897532 -0.440950
VERTEX_POSE E262 -0.797314 -0.023194 -0.979691 -0.200512 -0.200512 0.979691
VERTEX_POSE E263 -0.104542 -0.284409 0.799285 0.600952 -0.600952 0.799285
VERTEX_POSE E264 -0.296116 0.695186 -0.211489 -0.977380 -0.977380 0.211489
VERTEX_POSE E265 -0.383510 0.740761 -0.093589 -0.995611 0.995611 -0.093589
VERTEX_POSE E266 -0.322200 0.287709 0.329503 -0.944154 -0.944154 -0.329503
VERTEX_POSE E267 -0.257159 -0.381520 -0.981206 -0.192963 0.192963 -0.981206
VERTEX_POSE E268 -0.601044 0.845210 -0.724992 -0.688758 -0.688758 0.724992
VERTEX_POSE E269 0.605430 -0.101083 -0.029861 -0.999554 -0.999554 0.029861
VERTEX_POSE E270 0.718236 0.679608 -0.838100 0.545517 -0.545517 -0.838100
VERTEX_POSE E271 0.756485 0.189260 -0.705702 0.708508 -0.708508 -0.705702
VERTEX_POSE E272 -0.696657 0.169327 0.747013 -0.664810 -0.664810 -0.747013
VERTEX_POSE E273 0.585984 -0.271109 0.135098 0.990832 0.990832 -0.135098
VERTEX_POSE E274 -0.293303 0.278931 -0.793224 -0.608930 0.608930 -0.793224
VERTEX_POSE E275 0.548138 0.648222 0.999642 0.026739 -0.026739 0.999642
VERTEX_POSE E276 -0.644788 0.501213 0.615018 -0.788513 -0.788513 -0.615018
VERTEX_POSE E277 -0.465701 -0.001822 -0.290525 0.956867 0.956867 0.290525
VERTEX_POSE E278 -0.342847 0.530208 0.994170 0.107827 0.107827 -0.994170
VERTEX_POSE E279 -0.833748 0.258244 0.999769 0.021496 -0.021496 0.999769
VERTEX_POSE E280 0.644741 -0.523801 -0.063302 -0.997994 0.997994 -0.063302
VERTEX_POSE E281 0.937107 0.102489 0.971604 -0.236613 -0.236613 -0.971604
VERTEX_POSE E282 -0.322565 0.491057 0.312424 0.949943 0.949943 -0.312424
VERTEX_POSE E283 -0.541434 -0.485220 -0.925720 0.378209 -0.378209 -0.925720
VERTEX_POSE E284 -0.399248 -0.624825 -0.913249 -0.407403 0.407403 -0.913249
VERTEX_POSE E285 -0.737100 0.058792 0.872978 -0.487759 -0.487759 -0.872978
VERTEX_POSE E286 0.949724 0.816212 -0.856384 0.516340 0.516340 0.856384
VERTEX_POSE E287 -0.456499 -0.679897 -0.846384 0.532572 0.532572 0.846384
VERTEX_POSE E288 0.712679 -0.926382 -0.775998 0.630735 -0.630735 -0.775998
VERTEX_POSE E289 0.271643 0.576240 0.965708 0.259631 -0.259631 0.965708
VERTEX_POSE E290 0.516179 0.923250 -0.955403 0.295304 0.295304 0.955403
VERTEX_POSE E291 0.189519 -0.584880 -0.883549 0.468339 0.468339 0.883549
VERTEX_POSE E292 -0.779598 0.783979 -0.822468 0.568811 -0.568811 -0.822468
VERTEX_POSE E293 0.718865 -0.099944 0.876746 0.480953 -0.480953 0.876746
VERTEX_POSE E294 -0.915024 0.130710 -0.944587 0.328260 -0.328260 -0.944587
VERTEX_POSE E295 -0.075714 0.479165 0.256981 0.966416 0.966416 -0.256981
VERTEX_POSE E296 -0.664645 -0.359183 0.977367 -0.211553 0.211553 0.977367
VERTEX_POSE E297 -0.237224 -0.581580 0.315151 -0.949042 -0.949042 -0.315151
VERTEX_POSE E298 0.667127 -0.902355 -0.597923 0.801554 0.801554 0.597923
VERTEX_POSE E299 -0.265689 -0.513972 -0.416923 -0.908942 -0.908942 0.416923
VERTEX_POSE E300 -0.631794 0.317337 -0.995931 -0.090123 -0.090123 0.995931
VERTEX_POSE E301 0.385363 0.777253 0.415522 -0.909583 -0.909583 -0.415522
VERTEX_POSE E302 -0.509203 0.675288 0.978494 0.206274 0.206274 -0.978494
VERTEX_POSE E303 -0.328451 -0.513336 -0.055555 -0.998456 0.998456 -0.055555
VERTEX_POSE E304 -0.028653 -0.493856 -0.846974 -0.531634 0.531634 -0.846974
VERTEX_POSE E305 0.197494 -0.045781 -0.841660 -0.540007 0.540007 -0.841660
VERTEX_POSE E306 -0.780313 -0.865113 -0.906829 -0.421499 0.421499 -0.906829
VERTEX_POSE E307 0.326559 -0.992643 -0.702490 -0.711694 0.711694 -0.702490
VERTEX_POSE E308 0.731792 0.952396 -0.554204 0.832381 -0.832381 -0.554204
VERTEX_POSE E309 -0.123159 0.665095 -0.871298 -0.490755 -0.490755 0.871298
VERTEX_POSE E310 0.492811 0.265601 -0.676363 0.736569 0.736569 0.676363
VERTEX_POSE E311 0.376533 -0.571405 -0.671725 -0.740800 -0.740800 0.671725
VERTEX_POSE E312 -0.186052 -0.232416 0.783801 0.621012 -0.621012 0.783801
VERTEX_POSE E313 -0.829754 -0.243342 -0.153871 -0.988091 -0.988091 0.153871
VERTEX_POSE E314 0.835099 -0.056624 0.130733 0.991418 -0.991418 0.130733
VERTEX_POSE E315 0.414700 0.142758 -0.903534 -0.428516 -0.428516 0.903534
VERTEX_POSE E316 -0.566854 0.815450 0.965001 0.262246 0.262246 -0.965001
VERTEX_POSE E317 0.784823 -0.240412 0.726386 0.687287 -0.687287 0.726386
VERTEX_POSE E318 0.958201 0.462862 -0.936219 -0.351417 0.351417 -0.936219
VERTEX_POINT L6 -0.854175 0.889068
VERTEX_POINT L7 0.056466 -0.664172
VERTEX_POINT L8 0.474380 0.386112
VERTEX_POINT L9 0.335344 -0.695812
VERTEX_POINT L10 0.276867 -0.880193
VERTEX_POINT L11 0.193245 -0.713832
VERTEX_POINT L12 0.420321 0.434898
VERTEX_POINT L13 -0.798847 0.598972
VERTEX_POINT L14 0.528601 -0.073015
VERTEX_POINT L15 -0.816903 0.853318
VERTEX_POINT L16 0.868280 0.696617
VERTEX_POINT L17 -0.737088 0.413013
VERTEX_POINT L18 -0.448697 0.170655
VERTEX_POINT L19 0.253643 0.473870
VERTEX_POINT L20 -0.246291 0.088301
VERTEX_BEARING C4 B3 -0.990949 0.134236
VERTEX_BEARING C5 B4 0.274270 -0.961653
VERTEX_BEARING C6 B5 0.184854 -0.982766
VERTEX_BEARING C7 B6 0.236894 -0.971535
VERTEX_BEARING C8 B7 0.828888 -0.559415
VERTEX_BEARING C10 B8 0.167147 -0.985932
VERTEX_BEARING C11 B10 -0.849823 -0.527068
VERTEX_BEARING C12 B11 0.748560 -0.663067
VERTEX_BEARING C13 B12 0.968175 -0.250274
VERTEX_BEARING C15 B13 -0.351107 0.936335
VERTEX_BEARING C19 B14 0.996766 0.080364
VERTEX_BEARING C21 B15 0.988506 0.151184
VERTEX_BEARING C23 B16 0.994621 0.103580
VERTEX_BEARING C25 B17 -0.424044 -0.905642
VERTEX_BEARING C26 B18 0.393959 -0.919128
VERTEX_BEARING C27 B19 -0.608348 0.793670
VERTEX_BEARING C28 B20 0.073310 -0.997309
VERTEX_BEARING C30 B21 0.181667 0.983360
VERTEX_BEARING C32 B22 -0.755271 -0.655413
VERTEX_BEARING C33 B23 0.879562 -0.475783
VERTEX_BEARING C34 B24 0.345965 -0.938247
VERTEX_BEARING C35 B25 0.675316 -0.737528
VERTEX_BEARING C36 B26 0.282529 0.959259
VERTEX_BEARING C37 B27 0.850694 -0.525661
VERTEX_BEARING C38 B28 -0.548441 -0.836189
VERTEX_BEARING C39 B29 0.905054 -0.425297
VERTEX_BEARING C40 B30 0.780856 -0.624712
VERTEX_BEARING C41 B31 -0.645352 -0.763885
VERTEX_BEARING C42 B32 0.453564 -0.891224
VERTEX_BEARING C43 B33 0.719689 0.694297
VERTEX_BEARING C44 B34 0.229007 -0.973425
VERTEX_BEARING C45 B35 0.211389 0.977402
VERTEX_BEARING C46 B36 0.206659 -0.978413
VERTEX_BEARING C47 B37 -0.963206 -0.268764
VERTEX_BEARING C48 B38 -0.613912 -0.789374
VERTEX_BEARING C49 B39 -0.237712 -0.971336
VERTEX_BEARING C50 B40 0.984129 0.177457
VERTEX_BEARING C52 B41 -0.817039 -0.576583
VERTEX_BEARING C54 B42 -0.618335 -0.785915
VERTEX_BEARING C55 B43 -0.083803 0.996482
VERTEX_BEARING C56 B44 0.583855 -0.811858
VERTEX_BEARING C57 B45 -0.365128 0.930957
VERTEX_BEARING C58 B46 -0.934141 0.356904
VERTEX_BEARING C59 B47 0.731379 0.681971
VERTEX_BEARING C60 B48 0.300934 -0.953645
VERTEX_BEARING C61 B49 -0.863777 0.503874
VERTEX_BEARING C62 B50 -0.971063 -0.238823
VERTEX_BEARING C63 B51 -0.721499 -0.692415
VERTEX_BEARING C64 B52 0.969449 0.245293
VERTEX_BEARING C65 B53 -0.914049 0.405603
VERTEX_BEARING C66 B54 0.999952 0.009806
VERTEX_BEARING C75 B55 -0.896733 0.442573
VERTEX_BEARING C76 B56 0.680398 0.732843
VERTEX_BEARING C77 B57 0.932135 -0.362112
VERTEX_BEARING C78 B58 -0.707628 0.706585
VERTEX_BEARING C79 B59 -0.617698 -0.786415
VERTEX_BEARING C80 B60 -0.566436 0.824106
VERTEX_BEARING C81 B61 0.746935 -0.664898
VERTEX_BEARING C82 B62 -0.383575 -0.923510
VERTEX_BEARING C83 B63 0.836480 -0.547998
VERTEX_BEARING C84 B64 0.660919 -0.750457
VERTEX_BEARING C85 B65 0.998463 -0.055423
VERTEX_BEARING C86 B66 -0.587031 -0.809565
VERTEX_BEARING C87 B67 -0.932766 -0.360482
VERTEX_BEARING C88 B68 -0.738005 0.674795
VERTEX_BEARING C89 B69 0.614758 -0.788716
VERTEX_BEARING B110 C101 0.648023 0.761621
VERTEX_BEARING B111 C102 0.947267 -0.320444
VERTEX_BEARING B112 C103 0.792244 0.610204
VERTEX_BEARING B113 C104 -0.744693 -0.667407
VERTEX_BEARING B114 C105 -0.887457 -0.460890
VERTEX_BEARING B115 C106 0.375295 0.926905
VERTEX_BEARING B116 C107 0.052908 -0.998599
VERTEX_BEARING B117 C108 0.369003 0.929428
VERTEX_BEARING B118 C109 -0.743470 0.668769
VERTEX_BEARING B119 C110 -0.856319 -0.516448
VERTEX_BEARING B120 C111 0.714327 0.699812
VERTEX_BEARING B121 C112 -0.216759 -0.976225
VERTEX_BEARING B122 C113 -0.981421 -0.191864
VERTEX_BEARING B123 C114 -0.635266 -0.772293
VERTEX_BEARING B124 C116 0.669409 0.742894
VERTEX_BEARING D29 E112 -0.415892 0.909414
VERTEX_BEARING D32 E113 -0.134254 0.990947
VERTEX_BEARING D33 E114 0.224807 0.974403
VERTEX_BEARING D34 E115 0.982349 -0.187059
VERTEX_BEARING D35 E116 0.193159 0.981168
VERTEX_BEARING D36 E117 0.804460 0.594006
VERTEX_BEARING D37 E118 -0.912743 -0.408535
VERTEX_BEARING D38 E119 -0.465078 -0.885270
VERTEX_BEARING D39 E120 -0.727188 0.686439
VERTEX_BEARING D40 E121 0.922045 0.387082
VERTEX_BEARING D41 E122 0.936769 -0.349949
VERTEX_BEARING D42 E123 -0.959970 -0.280104
VERTEX_BEARING D43 E124 -0.477914 0.878407
VERTEX_BEARING D44 E125 -0.734056 0.679089
VERTEX_BEARING D45 E126 -0.804993 -0.593285
VERTEX_BEARING D46 E127 0.944609 -0.328198
VERTEX_BEARING D47 E128 0.998368 0.057102
VERTEX_BEARING D48 E129 0.948982 0.315329
VERTEX_BEARING D49 E130 0.606018 -0.795451
VERTEX_BEARING D50 E131 -0.769046 0.639194
VERTEX_BEARING D51 E132 -0.553777 -0.832665
VERTEX_BEARING D52 E133 -0.284798 -0.958588
VERTEX_BEARING D53 E134 0.400096 0.916473
VERTEX_BEARING D54 E135 0.630168 0.776459
VERTEX_BEARING D55 E136 0.685652 0.727930
VERTEX_BEARING D56 E137 0.816379 -0.577516
VERTEX_BEARING D57 E138 0.170096 0.985428
VERTEX_BEARING D58 E139 -0.770331 0.637644
VERTEX_BEARING D59 E140 -0.845766 0.533554
VERTEX_BEARING D61 E141 0.681419 0.731894
VERTEX_BEARING D62 E142 0.949321 -0.314309
VERTEX_BEARING D63 E143 -0.285629 0.958340
VERTEX_BEARING D64 E144 -0.912603 0.408846
VERTEX_BEARING D65 E145 -0.423291 0.905994
VERTEX_BEARING D66 E146 -0.371972 -0.928244
VERTEX_BEARING D67 E147 0.902109 -0.431509
VERTEX_BEARING D68 E148 0.977010 0.213193
VERTEX_BEARING D69 E149 -0.521173 -0.853451
VERTEX_BEARING D70 E150 -0.987522 -0.157481
VERTEX_BEARING D71 E151 -0.999956 -0.009428
VERTEX_BEARING D72 E152 -0.368558 -0.929605
VERTEX_BEARING D73 E153 0.892337 0.451369
VERTEX_BEARING D74 E154 -0.743540 0.668691
VERTEX_BEARING D75 E155 0.187054 -0.982350
VERTEX_BEARING D76 E156 -0.999443 -0.033371
VERTEX_BEARING D77 E157 -0.547651 -0.836707
VERTEX_BEARING D78 E158 -0.947293 -0.320370
VERTEX_BEARING D79 E159 -0.496752 -0.867893
VERTEX_BEARING D80 E160 -0.802378 0.596816
VERTEX_BEARING A11 C14 -0.914417 0.404774
VERTEX_BEARING A13 C18 -0.300729 0.953710
VERTEX_BEARING A14 C20 -0.520918 0.853607
VERTEX_BEARING A17 C24 0.011011 0.999939
VERTEX_BEARING A19 C26 -0.844868 0.534975
VERTEX_BEARING A20 C27 -0.888872 0.458155
VERTEX_BEARING A22 C29 -0.888558 0.458764
VERTEX_BEARING A23 C31 0.684170 0.729323
VERTEX_BEARING A137 C90 0.618309 -0.785935
VERTEX_BEARING A141 C91 -0.617755 -0.786371
VERTEX_BEARING A142 C92 -0.871836 0.489798
VERTEX_BEARING A143 C93 -0.092522 -0.995711
VERTEX_BEARING A144 C94 -0.696949 0.717121
VERTEX_BEARING A145 C95 0.549821 -0.835282
VERTEX_BEARING A146 C96 0.727104 0.686527
VERTEX_BEARING A173 C97 -0.087270 0.996185
VERTEX_BEARING A174 C98 1.000000 -0.000663
VERTEX_BEARING A175 C99 -0.122519 -0.992466
VERTEX_BEARING A176 C100 -0.469461 -0.882953
VERTEX_BEARING C132 A205 -0.278573 0.960415
VERTEX_BEARING A212 C151 -0.561780 -0.827286
VERTEX_BEARING A213 C153 -0.045324 0.998972
VERTEX_BEARING A214 C156 0.413088 -0.910691
VERTEX_BEARING A215 C158 -0.094776 -0.995499
VERTEX_BEARING A216 C159 0.303324 0.952888
VERTEX_BEARING E0 C0 -0.452980 -0.891520
VERTEX_BEARING E1 C1 0.715097 0.699025
VERTEX_BEARING E2 C2 0.675596 0.737272
VERTEX_BEARING E3 C3 0.951199 0.308577
VERTEX_BEARING E8 C7 0.888091 0.459667
VERTEX_BEARING E9 C9 0.982426 0.186655
VERTEX_BEARING E10 C10 0.732080 -0.681218
VERTEX_BEARING E11 C11 -0.999512 0.031227
VERTEX_BEARING E13 C13 -0.744399 -0.667736
VERTEX_BEARING E14 C14 -0.440602 -0.897703
VERTEX_BEARING E15 C16 -0.145017 -0.989429
VERTEX_BEARING E20 C22 0.016812 -0.999859
VERTEX_BEARING E229 C134 0.295915 0.955214
VERTEX_BEARING E263 C160 -0.269787 -0.962920
VERTEX_BEARING E295 C172 -0.793815 -0.608159
VERTEX_BEARING E300 C178 0.766254 -0.642538
VERTEX_BEARING E305 C184 0.115890 0.993262
VERTEX_BEARING E310 C190 0.639989 -0.768384
VERTEX_BEARING A2 D0 -0.618804 0.785545
VERTEX_BEARING A3 D1 -0.927647 -0.373459
VERTEX_BEARING A4 D2 -0.329471 0.944166
VERTEX_BEARING A6 D3 0.621404 0.783490
VERTEX_BEARING A7 D4 -0.799670 0.600439
VERTEX_BEARING A8 D5 0.495490 -0.868613
VERTEX_BEARING A9 D6 -0.694485 -0.719507
VERTEX_BEARING A11 D7 -0.302431 0.953171
VERTEX_BEARING A17 D8 -0.996342 -0.085461
VERTEX_BEARING A20 D9 0.159185 0.987249
VERTEX_BEARING A26 D10 -0.768198 0.640213
VERTEX_BEARING A131 D11 0.757058 0.653348
VERTEX_BEARING A136 D12 -0.868941 0.494915
VERTEX_BEARING A138 D13 -0.194454 0.980912
VERTEX_BEARING A139 D15 -0.539878 -0.841743
VERTEX_BEARING A140 D17 0.995298 0.096860
VERTEX_BEARING D28 A152 -0.997301 -0.073426
VERTEX_BEARING D29 A154 -0.322999 -0.946399
VERTEX_BEARING D30 A155 0.783473 -0.621425
VERTEX_BEARING D31 A156 0.883362 0.468691
VERTEX_BEARING A259 D121 0.859433 0.511249
VERTEX_BEARING A260 D122 -0.998072 -0.062074
VERTEX_BEARING A265 D123 -0.762422 0.647080
VERTEX_BEARING E252 B128 -0.639645 0.768671
VERTEX_BEARING E253 B129 0.999981 0.006155
VERTEX_BEARING E254 B130 0.989484 -0.144642
VERTEX_BEARING E255 B131 0.286516 -0.958075
VERTEX_BEARING E256 B132 0.876518 0.481369
VERTEX_BEARING E257 B133 0.963874 0.266357
VERTEX_BEARING E258 B134 -0.622863 -0.782331
VERTEX_BEARING E259 B135 0.345842 -0.938293
VERTEX_BEARING E260 B136 0.997107 -0.076005
VERTEX_BEARING E261 B137 -0.946752 -0.321964
VERTEX_BEARING E262 B138 0.741980 -0.670422
VERTEX_BEARING E263 B139 0.139275 -0.990254
VERTEX_BEARING E264 B140 -0.615690 -0.787988
VERTEX_BEARING E265 B141 0.527387 -0.849625
VERTEX_BEARING E266 B142 0.466309 -0.884622
VERTEX_BEARING E268 B143 0.471663 -0.881779
VERTEX_BEARING E269 B144 -0.993979 0.109570
VERTEX_BEARING E271 B145 -0.684959 -0.728581
VERTEX_BEARING E272 B146 0.691262 0.722604
VERTEX_BEARING E273 B147 0.690505 -0.723328
VERTEX_BEARING E274 B148 -0.331182 0.943567
VERTEX_BEARING E275 B149 -0.615482 0.788151
VERTEX_BEARING E279 B150 -0.908573 0.417726
VERTEX_BEARING E280 B151 -0.937843 -0.347061
VERTEX_BEARING E281 B152 -0.452424 -0.891803
VERTEX_BEARING E282 B153 0.178959 0.983857
VERTEX_BEARING E283 B154 -0.942030 0.335529
VERTEX_BEARING E284 B155 -0.458165 0.888867
VERTEX_BEARING E288 B157 -0.925505 -0.378734
VERTEX_BEARING E289 B158 0.168142 -0.985763
VERTEX_BEARING E292 B159 -0.255399 0.966836
VERTEX_BEARING E293 B160 -0.207425 -0.978251
VERTEX_BEARING E294 B161 -0.896149 0.443753
VERTEX_BEARING E295 B162 -0.741540 -0.670908
VERTEX_BEARING A12 E16 -0.979290 -0.202464
VERTEX_BEARING A13 E17 -0.634299 -0.773088
VERTEX_BEARING E18 A14 0.828646 0.559772
VERTEX_BEARING A15 E19 -0.999340 -0.036334
VERTEX_BEARING E20 A16 -0.986295 -0.164989
VERTEX_BEARING A17 E21 0.728628 -0.684909
VERTEX_BEARING E22 A18 0.051046 0.998696
VERTEX_BEARING A20 E23 -0.999118 -0.041993
VERTEX_BEARING E24 A21 -0.848318 -0.529487
VERTEX_BEARING E26 A24 0.750709 -0.660633
VERTEX_BEARING A25 E27 0.980818 0.194928
VERTEX_BEARING A26 E30 0.962199 0.272348
VERTEX_BEARING E31 A27 0.317289 -0.948329
VERTEX_BEARING A28 E32 0.590361 -0.807139
VERTEX_BEARING A29 E34 -0.698894 0.715225
VERTEX_BEARING A32 E37 -0.159549 -0.987190
VERTEX_BEARING A33 E38 0.191445 -0.981503
VERTEX_BEARING A34 E40 0.196897 0.980424
VERTEX_BEARING A38 E44 0.462340 0.886703
VERTEX_BEARING A39 E46 0.382565 -0.923929
VERTEX_BEARING A40 E48 0.736458 -0.676483
VERTEX_BEARING A48 E56 -0.778682 -0.627418
VERTEX_BEARING A61 E68 -0.660143 0.751140
VERTEX_BEARING A64 E71 -0.825020 0.565104
VERTEX_BEARING A70 E76 -0.366847 -0.930281
VERTEX_BEARING A74 E77 0.083661 -0.996494
VERTEX_BEARING A75 E78 0.627721 0.778439
VERTEX_BEARING A76 E79 0.620149 0.784484
VERTEX_BEARING A77 E80 0.998078 -0.061978
VERTEX_BEARING A78 E81 -0.940612 -0.339483
VERTEX_BEARING A79 E82 0.736300 -0.676655
VERTEX_BEARING A80 E83 -0.764863 0.644192
VERTEX_BEARING A81 E84 -0.137116 0.990555
VERTEX_BEARING A82 E85 0.724697 0.689068
VERTEX_BEARING A83 E86 -0.861876 -0.507120
VERTEX_BEARING A84 E87 -0.018764 -0.999824
VERTEX_BEARING A85 E88 0.304562 -0.952492
VERTEX_BEARING A86 E89 0.820140 -0.572162
VERTEX_BEARING A87 E90 -0.001193 0.999999
VERTEX_BEARING A88 E91 0.997073 -0.076453
VERTEX_BEARING A89 E92 0.994455 -0.105166
VERTEX_BEARING A90 E93 -0.544900 -0.838501
VERTEX_BEARING A91 E94 0.736975 -0.675920
VERTEX_BEARING A94 E95 -0.747582 0.664169
VERTEX_BEARING A95 E96 -0.874417 -0.485176
VERTEX_BEARING A96 E97 -0.667465 0.744641
VERTEX_BEARING A98 E98 0.419821 0.907607
VERTEX_BEARING A103 E99 0.620110 0.784515
VERTEX_BEARING A104 E100 0.759093 0.650982
VERTEX_BEARING A105 E101 -0.367964 0.929840
VERTEX_BEARING A106 E102 -0.878839 0.477119
VERTEX_BEARING A107 E103 0.132079 0.991239
VERTEX_BEARING A108 E104 -0.042348 0.999103
VERTEX_BEARING E207 A186 0.403348 -0.915047
VERTEX_BEARING E208 A187 0.990539 0.137233
VERTEX_BEARING E209 A188 0.634366 -0.773033
VERTEX_BEARING E210 A189 -0.984950 0.172842
VERTEX_BEARING E211 A190 -0.324911 -0.945745
VERTEX_BEARING E212 A191 0.269567 0.962982
VERTEX_BEARING E213 A192 -0.698259 -0.715845
VERTEX_BEARING E214 A193 0.246542 0.969132
VERTEX_BEARING E215 A194 0.196540 -0.980496
VERTEX_BEARING E216 A195 -0.681378 0.731931
VERTEX_BEARING E217 A196 -0.967786 -0.251773
VERTEX_BEARING E218 A197 -0.141793 0.989896
VERTEX_BEARING E219 A198 -0.492834 -0.870123
VERTEX_BEARING E220 A199 0.735558 -0.677462
VERTEX_BEARING E221 A200 -0.686867 0.726783
VERTEX_BEARING E223 A201 -0.964714 0.263300
VERTEX_BEARING E224 A202 -0.760724 -0.649075
VERTEX_BEARING E225 A203 -0.977292 -0.211899
VERTEX_BEARING E226 A204 0.614539 -0.788886
VERTEX_BEARING E227 A206 -0.628518 -0.777795
VERTEX_BEARING E228 A207 1.000000 0.000716
VERTEX_BEARING E230 A208 -0.814638 0.579970
VERTEX_BEARING E232 A209 -0.996047 -0.088824
VERTEX_BEARING E233 A210 -0.980846 -0.194784
VERTEX_BEARING E234 A211 0.798379 0.602155
VERTEX_BEARING E266 A226 0.726379 -0.687295
VERTEX_BEARING E311 A266 0.539542 -0.841959
VERTEX_BEARING A0 B0 -0.995148 -0.098386
VERTEX_BEARING A1 B1 -0.802554 0.596579
VERTEX_BEARING A2 B2 -0.448838 0.893613
VERTEX_BEARING A3 B3 0.792159 -0.610314
VERTEX_BEARING A8 B9 0.555710 -0.831376
VERTEX_BEARING A245 B156 -0.974326 -0.225142
