VERTEX_POSE A0 0.844776 -0.485558 -0.274878 0.961479 0.961479 0.274878
VERTEX_POSE A1 0.475892 -0.396819 -0.972138 -0.234410 0.234410 -0.972138
VERTEX_POSE A2 0.185822 0.027583 0.821131 0.570740 0.570740 -0.821131
VERTEX_POSE A3 0.966324 -0.438147 -0.823531 -0.567271 -0.567271 0.823531
VERTEX_POSE A4 -0.166988 0.492415 -0.682627 -0.730767 -0.730767 0.682627
VERTEX_POSE A5 0.005799 -0.044726 -0.855548 0.517724 -0.517724 -0.855548
VERTEX_POSE A6 0.180038 0.193600 -0.605476 -0.795863 -0.795863 0.605476
VERTEX_POSE A7 -0.956817 0.437756 -0.178915 0.983865 0.983865 0.178915
VERTEX_POSE A8 -0.056832 0.605411 -0.610634 -0.791913 -0.791913 0.610634
VERTEX_POSE A9 0.764928 0.251309 -0.992667 0.120880 -0.120880 -0.992667
VERTEX_POSE A10 0.856419 0.069611 0.811496 0.584358 0.584358 -0.811496
VERTEX_POSE A11 -0.404926 -0.377348 -0.192623 -0.981273 -0.981273 0.192623
VERTEX_POSE A12 -0.411445 0.796121 -0.335566 -0.942017 0.942017 -0.335566
VERTEX_POSE A13 0.071539 0.748951 -0.818895 0.573943 0.573943 0.818895
VERTEX_POSE A14 -0.822333 0.637044 0.992547 -0.121866 0.121866 0.992547
VERTEX_POSE A15 -0.140084 -0.573903 0.749108 -0.662447 -0.662447 -0.749108
VERTEX_POSE A16 -0.701244 -0.109719 -0.848315 0.529492 0.529492 0.848315
VERTEX_POSE A17 0.009161 0.259928 -0.658095 -0.752935 -0.752935 0.658095
VERTEX_POSE A18 0.297267 -0.015634 0.415341 -0.909666 -0.909666 -0.415341
VERTEX_POSE A19 -0.056323 0.745093 -0.743832 -0.668366 0.668366 -0.743832
VERTEX_POSE A20 0.392773 0.493036 -0.930571 -0.366111 -0.366111 0.930571
VERTEX_POSE A21 0.961383 -0.866322 0.880012 -0.474952 0.474952 0.880012
VERTEX_POSE A22 -0.703954 -0.038679 -0.155221 0.987880 -0.987880 -0.155221
VERTEX_POSE A23 0.803752 0.279150 -0.681860 0.731482 0.731482 0.681860
VERTEX_POSE A24 -0.457968 -0.384026 -0.565728 -0.824592 0.824592 -0.565728
VERTEX_POSE A25 -0.667091 -0.221746 -0.465753 -0.884915 -0.884915 0.465753
VERTEX_POSE A26 -0.280369 0.284795 0.901246 -0.433308 -0.433308 -0.901246
VERTEX_POSE A27 -0.690451 -0.101840 -0.894233 -0.447603 0.447603 -0.894233
VERTEX_POSE A28 -0.851947 -0.497377 -0.930451 -0.366416 0.366416 -0.930451
VERTEX_POSE A29 -0.590787 -0.535396 0.167870 -0.985809 -0.985809 -0.167870
VERTEX_POSE A30 -0.710633 0.088595 -0.245861 0.969305 -0.969305 -0.245861
VERTEX_POSE A31 0.992830 0.017065 0.102221 0.994762 -0.994762 0.102221
VERTEX_POSE A32 0.885105 0.067785 0.857089 -0.515168 -0.515168 -0.857089
VERTEX_POSE A33 0.475189 -0.883823 0.959006 0.283386 0.283386 -0.959006
VERTEX_POSE A34 0.959154 0.578918 0.909576 -0.415537 -0.415537 -0.909576
VERTEX_POSE A35 -0.281883 -0.439799 0.665668 -0.746248 0.746248 0.665668
VERTEX_POSE A36 -0.519012 0.071451 0.124748 -0.992188 0.992188 0.124748
VERTEX_POSE A37 0.139192 -0.227482 -0.706967 -0.707246 0.707246 -0.706967
VERTEX_POSE A38 -0.238700 0.997957 -0.493294 0.869863 0.869863 0.493294
VERTEX_POSE A39 0.424156 -0.323137 0.809515 -0.587099 0.587099 0.809515
VERTEX_POSE A40 -0.095880 -0.976173 0.732703 -0.680549 0.680549 0.732703
VERTEX_POSE A41 -0.382281 0.067568 -0.068954 0.997620 -0.997620 -0.068954
VERTEX_POSE A42 -0.980770 0.299514 -0.806909 0.590675 -0.590675 -0.806909
VERTEX_POSE A43 0.492675 0.819948 -0.998103 0.061562 0.061562 0.998103
VERTEX_POSE A44 0.689258 -0.183481 -0.895067 -0.445931 -0.445931 0.895067
VERTEX_POSE A45 -0.803103 -0.063442 -0.160107 0.987100 0.987100 0.160107
VERTEX_POSE A46 -0.647410 -0.753954 -0.742575 0.669763 0.669763 0.742575
VERTEX_POSE A47 0.988014 0.706800 0.667772 0.744365 -0.744365 0.667772
VERTEX_POSE A48 0.206058 -0.803514 -0.631147 0.775663 0.775663 0.631147
VERTEX_POSE A49 0.649858 0.230411 0.073835 0.997270 -0.997270 0.073835
VERTEX_POSE A50 -0.068309 0.451893 0.677003 -0.735980 -0.735980 -0.677003
VERTEX_POSE A51 -0.401169 0.689522 0.999878 0.015594 -0.015594 0.999878
VERTEX_POSE A52 0.611241 0.364090 -0.995374 -0.096074 0.096074 -0.995374
VERTEX_POSE A53 0.227737 -0.586786 0.566011 0.824397 0.824397 -0.566011
VERTEX_POSE A54 -0.597417 -0.031327 -0.888832 0.458233 0.458233 0.888832
VERTEX_POSE A55 -0.846727 0.980063 -0.390617 0.920553 0.920553 0.390617
VERTEX_POSE A56 0.560646 0.191468 0.788292 0.615301 0.615301 -0.788292
VERTEX_POSE A57 0.122214 -0.746532 -0.357806 -0.933796 -0.933796 0.357806
VERTEX_POSE A58 -0.537178 -0.121777 0.215343 0.976538 -0.976538 0.215343
VERTEX_POSE A59 0.708699 0.694091 0.605289 -0.796006 0.796006 0.605289
VERTEX_POSE A60 0.531427 -0.281928 -0.669955 0.742402 0.742402 0.669955
VERTEX_POSE A61 -0.247811 0.966818 -0.874503 0.485021 -0.485021 -0.874503
VERTEX_POSE A62 0.701529 -0.288844 0.772379 0.635162 0.635162 -0.772379
VERTEX_POSE A63 0.416531 0.785857 -0.204411 -0.978885 -0.978885 0.204411
VERTEX_POSE A64 -0.772621 -0.917005 0.334136 0.942525 -0.942525 0.334136
VERTEX_POSE A65 0.660683 -0.709927 0.888440 -0.458993 -0.458993 -0.888440
VERTEX_POSE A66 -0.865352 -0.653942 0.441144 0.897436 0.897436 -0.441144
VERTEX_POSE A67 -0.291633 0.154447 -0.757430 -0.652917 0.652917 -0.757430
VERTEX_POSE A68 -0.200126 0.062591 -0.626702 0.779259 0.779259 0.626702
VERTEX_POSE A69 -0.104052 -0.655985 -0.994347 -0.106178 0.106178 -0.994347
VERTEX_POSE A70 -0.867478 0.831309 0.669475 0.742835 0.742835 -0.669475
VERTEX_POSE A71 0.703994 0.086419 -0.346533 0.938038 0.938038 0.346533
VERTEX_POSE A72 0.513666 0.411583 -0.740590 -0.671957 0.671957 -0.740590
VERTEX_POSE A73 -0.848248 0.130823 0.989210 0.146506 0.146506 -0.989210
VERTEX_POSE A74 0.196669 -0.093633 0.923365 0.383924 0.383924 -0.923365
VERTEX_POSE A75 0.202924 -0.771897 -0.764099 -0.645099 0.645099 -0.764099
VERTEX_POSE A76 -0.651351 -0.932619 0.329892 -0.944019 0.944019 0.329892
VERTEX_POSE A77 0.549259 0.152413 -0.567456 -0.823403 0.823403 -0.567456
VERTEX_POSE A78 0.190938 0.934903 -0.966936 -0.255018 -0.255018 0.966936
VERTEX_POSE A79 0.554707 -0.736133 -0.983987 -0.178242 0.178242 -0.983987
VERTEX_POSE A80 0.199117 -0.617176 0.845349 -0.534214 0.534214 0.845349
VERTEX_POSE A81 -0.877371 0.386796 -0.964373 0.264545 -0.264545 -0.964373
VERTEX_POSE A82 -0.846462 0.953390 -0.983321 -0.181878 0.181878 -0.983321
VERTEX_POSE A83 -0.189643 0.746914 0.998728 -0.050420 -0.050420 -0.998728
VERTEX_POSE A84 0.350366 0.800010 -0.741139 -0.671352 -0.671352 0.741139
VERTEX_POSE A85 -0.443879 -0.077937 0.850196 0.526466 0.526466 -0.850196
VERTEX_POSE A86 -0.036370 0.726977 0.030465 -0.999536 -0.999536 -0.030465
VERTEX_POSE A87 -0.088988 -0.008522 0.732261 0.681024 0.681024 -0.732261
VERTEX_POSE A88 0.678335 0.175531 -0.898877 -0.438202 0.438202 -0.898877
VERTEX_POSE A89 0.426452 -0.394799 -0.013814 -0.999905 -0.999905 0.013814
VERTEX_POSE A90 -0.380289 -0.314432 0.997857 0.065437 -0.065437 0.997857
VERTEX_POSE A91 0.209761 0.893603 -0.827675 -0.561207 0.561207 -0.827675
VERTEX_POSE A92 -0.821359 -0.427981 0.828750 0.559619 0.559619 -0.828750
VERTEX_POSE A93 -0.678760 0.396724 -0.073714 0.997279 0.997279 0.073714
VERTEX_POSE A94 -0.373707 0.679460 -0.153019 0.988223 -0.988223 -0.153019
VERTEX_POSE A95 -0.593980 -0.344986 -0.114177 0.993460 0.993460 0.114177
VERTEX_POSE A96 0.981923 0.686797 -0.890060 0.455844 -0.455844 -0.890060
VERTEX_POSE A97 -0.239060 -0.974482 0.411416 -0.911447 0.911447 0.411416
VERTEX_POSE A98 0.114387 0.809461 -0.996325 -0.085656 0.085656 -0.996325
VERTEX_POSE A99 -0.218203 -0.250611 -0.015660 -0.999877 -0.999877 0.015660
VERTEX_POSE A100 0.656888 -0.630467 0.358130 0.933672 -0.933672 0.358130
VERTEX_POSE A101 0.246909 0.640770 -0.253516 -0.967331 0.967331 -0.253516
VERTEX_POSE A102 -0.514208 0.835807 -0.711028 0.703163 -0.703163 -0.711028
VERTEX_POSE A103 0.170554 0.781116 -0.999191 0.040212 0.040212 0.999191
VERTEX_POSE A104 0.398661 -0.228407 -0.984757 -0.173938 -0.173938 0.984757
VERTEX_POSE A105 0.682460 -0.257826 0.968400 -0.249403 0.249403 0.968400
VERTEX_POSE A106 -0.626521 -0.990781 0.853372 0.521302 0.521302 -0.853372
VERTEX_POSE A107 0.747310 -0.161026 0.872255 -0.489051 -0.489051 -0.872255
VERTEX_POSE A108 0.231719 0.894587 -0.233889 -0.972263 -0.972263 0.233889
VERTEX_POSE A109 0.564417 0.944122 -0.397386 -0.917652 0.917652 -0.397386
VERTEX_POSE A110 0.302017 0.102842 -0.523507 0.852021 -0.852021 -0.523507
VERTEX_POSE A111 -0.569164 -0.722589 -0.441788 -0.897120 0.897120 -0.441788
VERTEX_POSE A112 0.687046 0.330918 -0.646469 0.762940 0.762940 0.646469
VERTEX_POSE A113 0.455555 0.056231 -0.883637 0.468172 -0.468172 -0.883637
VERTEX_POSE A114 0.241193 -0.975675 0.599717 0.800212 0.800212 -0.599717
VERTEX_POSE A115 0.037412 0.130928 0.921005 0.389550 0.389550 -0.921005
VERTEX_POSE A116 -0.988324 0.978294 0.378022 -0.925797 0.925797 0.378022
VERTEX_POSE A117 -0.795177 0.751302 0.851218 0.524812 0.524812 -0.851218
VERTEX_POSE A118 0.948424 -0.877595 -0.951510 -0.307619 0.307619 -0.951510
VERTEX_POSE A119 0.690010 0.153825 -0.814561 0.580078 -0.580078 -0.814561
VERTEX_POSE A120 0.631275 -0.643498 -0.509553 0.860439 0.860439 0.509553
VERTEX_POSE A121 -0.431865 -0.192026 0.465365 -0.885119 -0.885119 -0.465365
VERTEX_POSE A122 -0.100228 0.047428 0.914536 0.404505 0.404505 -0.914536
VERTEX_POSE A123 0.809916 -0.071479 0.999457 0.032945 0.032945 -0.999457
VERTEX_POSE A124 -0.110625 -0.795303 0.048716 0.998813 -0.998813 0.048716
VERTEX_POSE A125 0.526064 -0.273112 -0.290933 0.956743 -0.956743 -0.290933
VERTEX_POSE A126 -0.784064 0.583535 0.487760 0.872978 0.872978 -0.487760
VERTEX_POSE A127 -0.128702 0.891494 0.626418 -0.779487 0.779487 0.626418
VERTEX_POSE A128 -0.712995 -0.247594 -0.989502 0.144523 -0.144523 -0.989502
VERTEX_POSE A129 0.330322 0.392995 0.997975 -0.063604 -0.063604 -0.997975
VERTEX_POSE A130 0.653096 -0.359117 -0.966708 0.255881 0.255881 0.966708
VERTEX_POSE A131 0.943893 0.121939 0.083515 0.996506 -0.996506 0.083515
VERTEX_POSE A132 -0.422769 0.033765 0.979773 0.200110 -0.200110 0.979773
VERTEX_POSE A133 -0.861113 -0.523310 -0.337921 -0.941175 0.941175 -0.337921
VERTEX_POSE A134 0.114447 -0.096944 -0.803505 0.595298 0.595298 0.803505
VERTEX_POSE A135 0.975893 0.805358 0.784361 -0.620305 0.620305 0.784361
VERTEX_POSE A136 0.821348 0.218864 0.999871 0.016072 -0.016072 0.999871
VERTEX_POSE A137 0.487926 -0.087725 0.396442 -0.918060 -0.918060 -0.396442
VERTEX_POSE A138 0.723203 -0.355668 0.950925 -0.309420 0.309420 0.950925
VERTEX_POSE A139 0.053067 0.113451 0.470015 0.882658 -0.882658 0.470015
VERTEX_POSE A140 0.052343 -0.143603 -0.759049 -0.651034 -0.651034 0.759049
VERTEX_POSE A141 0.025220 0.747174 0.547753 0.836640 0.836640 -0.547753
VERTEX_POSE A142 0.483902 0.390862 0.930732 0.365701 -0.365701 0.930732
VERTEX_POSE A143 -0.260611 -0.812685 0.957115 -0.289707 -0.289707 -0.957115
VERTEX_POSE A144 -0.519225 -0.196595 0.187718 0.982223 0.982223 -0.187718
VERTEX_POSE A145 -0.274905 0.415187 -0.641693 0.766962 -0.766962 -0.641693
VERTEX_POSE A146 0.776800 0.318242 -0.395164 0.918610 -0.918610 -0.395164
VERTEX_POSE A147 -0.507549 -0.218301 0.177616 -0.984100 0.984100 0.177616
VERTEX_POSE A148 -0.070081 0.166488 -0.517508 -0.855679 0.855679 -0.517508
VERTEX_POSE A149 0.725224 0.440647 -0.997947 -0.064039 -0.064039 0.997947
VERTEX_POSE A150 -0.817539 0.935524 -0.994625 -0.103544 0.103544 -0.994625
VERTEX_POSE A151 -0.438807 0.522991 0.792950 0.609286 -0.609286 0.792950
VERTEX_POSE A152 -0.706641 -0.751379 0.196009 -0.980602 0.980602 0.196009
VERTEX_POSE A153 0.082233 -0.017049 -0.910348 -0.413843 0.413843 -0.910348
VERTEX_POSE A154 -0.628890 -0.548488 -0.912967 0.408034 -0.408034 -0.912967
VERTEX_POSE A155 0.182734 -0.546682 -0.493043 -0.870005 0.870005 -0.493043
VERTEX_POSE A156 -0.391703 0.709839 -0.914969 0.403523 0.403523 0.914969
VERTEX_POSE A157 -0.412955 -0.964954 0.721736 -0.692169 0.692169 0.721736
VERTEX_POSE A158 -0.945967 -0.655187 0.998213 -0.059748 -0.059748 -0.998213
VERTEX_POSE A159 -0.104698 -0.537755 -0.805426 -0.592697 0.592697 -0.805426
VERTEX_POSE A160 0.917368 0.428042 -0.783150 -0.621833 0.621833 -0.783150
VERTEX_POSE A161 0.707129 -0.014304 -0.997413 0.071885 0.071885 0.997413
VERTEX_POSE A162 -0.160806 0.584185 -0.830255 0.557384 0.557384 0.830255
VERTEX_POSE A163 -0.505401 -0.538193 -0.732118 0.681178 -0.681178 -0.732118
VERTEX_POSE A164 0.846016 0.462386 -0.894980 -0.446107 -0.446107 0.894980
VERTEX_POSE A165 0.953641 -0.512760 -0.516108 -0.856523 -0.856523 0.516108
VERTEX_POSE A166 -0.529508 -0.732835 -0.153343 0.988173 0.988173 0.153343
VERTEX_POSE A167 0.667364 -0.318750 0.999516 -0.031124 0.031124 0.999516
VERTEX_POSE A168 0.441567 0.399515 0.962899 -0.269863 0.269863 0.962899
VERTEX_POSE A169 -0.806305 -0.088503 -0.126759 -0.991934 -0.991934 0.126759
VERTEX_POSE A170 -0.279569 0.794700 0.941053 -0.338258 0.338258 0.941053
VERTEX_POSE A171 -0.506090 -0.744088 -0.373207 0.927748 -0.927748 -0.373207
VERTEX_POSE A172 0.218916 -0.341329 -0.858037 0.513587 0.513587 0.858037
VERTEX_POSE A173 -0.795667 0.185562 0.424041 -0.905643 -0.905643 -0.424041
VERTEX_POSE A174 0.233298 -0.556773 0.393984 -0.919117 -0.919117 -0.393984
VERTEX_POSE A175 0.699691 0.462076 0.288721 -0.957413 0.957413 0.288721
VERTEX_POSE A176 -0.070571 -0.399251 0.970198 0.242314 0.242314 -0.970198
VERTEX_POSE A177 0.010098 0.761469 0.803153 0.595773 0.595773 -0.803153
VERTEX_POSE A178 -0.807858 -0.756225 0.328956 0.944345 -0.944345 0.328956
VERTEX_POSE A179 0.859347 0.767237 0.873404 0.486997 0.486997 -0.873404
VERTEX_POSE A180 -0.264677 0.202116 -0.781453 0.623965 0.623965 0.781453
VERTEX_POSE A181 -0.625396 -0.820701 0.595456 0.803388 0.803388 -0.595456
VERTEX_POSE A182 -0.579459 0.290228 0.617278 0.786745 -0.786745 0.617278
VERTEX_POSE A183 0.028682 0.450737 0.997616 0.069016 -0.069016 0.997616
VERTEX_POSE A184 0.456837 0.162251 0.826075 -0.563561 0.563561 0.826075
VERTEX_POSE A185 -0.208350 0.741739 0.289837 0.957076 -0.957076 0.289837
VERTEX_POSE A186 -0.788584 0.904055 -0.986136 0.165936 -0.165936 -0.986136
VERTEX_POSE A187 -0.934866 -0.127910 -0.452569 -0.891730 -0.891730 0.452569
VERTEX_POSE A188 0.378696 0.776786 0.413645 0.910438 -0.910438 0.413645
VERTEX_POSE A189 -0.734551 -0.751132 -0.849502 -0.527585 0.527585 -0.849502
VERTEX_POSE A190 -0.039565 0.334335 0.626907 0.779094 0.779094 -0.626907
VERTEX_POSE A191 0.296063 0.204828 -0.143226 -0.989690 -0.989690 0.143226
VERTEX_POSE A192 0.972578 0.234564 -0.771345 -0.636417 -0.636417 0.771345
VERTEX_POSE A193 0.799629 -0.081480 -0.999979 -0.006528 0.006528 -0.999979
VERTEX_POSE A194 0.790663 0.666635 -0.983500 0.180908 -0.180908 -0.983500
VERTEX_POSE A195 0.818594 -0.303051 -0.861108 -0.508423 0.508423 -0.861108
VERTEX_POSE A196 0.753270 0.405760 -0.182112 -0.983278 0.983278 -0.182112
VERTEX_POSE A197 -0.738845 0.933800 -0.748159 -0.663519 0.663519 -0.748159
VERTEX_POSE A198 0.485958 0.378199 -0.776137 0.630565 -0.630565 -0.776137
VERTEX_POSE A199 0.194837 -0.194725 -0.419806 0.907614 0.907614 0.419806
VERTEX_POSE A200 -0.545150 -0.154703 -0.704788 -0.709418 0.709418 -0.704788
VERTEX_POSE A201 -0.793611 0.172900 0.195454 -0.980713 0.980713 0.195454
VERTEX_POSE A202 0.688747 0.061187 0.938186 -0.346132 0.346132 0.938186
VERTEX_POSE A203 0.673766 0.503968 -0.802575 -0.596552 -0.596552 0.802575
VERTEX_POSE A204 -0.589278 -0.641538 0.990782 0.135468 -0.135468 0.990782
VERTEX_POSE A205 -0.077955 0.504414 -0.215711 0.976457 -0.976457 -0.215711
VERTEX_POSE A206 0.373457 -0.033956 -0.766719 0.641983 -0.641983 -0.766719
VERTEX_POSE A207 0.340150 -0.040789 0.596064 -0.802937 0.802937 0.596064
VERTEX_POSE A208 0.932144 0.265882 -0.230735 0.973017 0.973017 0.230735
VERTEX_POSE A209 0.565600 0.209819 0.264507 -0.964384 0.964384 0.264507
VERTEX_POSE A210 0.199497 -0.273552 0.381675 0.924296 -0.924296 0.381675
VERTEX_POSE A211 -0.332534 -0.532001 -0.414214 -0.910180 0.910180 -0.414214
VERTEX_POSE A212 0.940203 0.389118 -0.736517 -0.676419 0.676419 -0.736517
VERTEX_POSE A213 0.620038 -0.983325 -0.807149 -0.590348 0.590348 -0.807149
VERTEX_POSE A214 0.696148 0.918736 -0.223376 0.974732 0.974732 0.223376
VERTEX_POSE A215 0.397040 -0.448631 -0.705607 -0.708604 -0.708604 0.705607
VERTEX_POSE A216 -0.588312 0.758415 0.914578 0.404411 -0.404411 0.914578
VERTEX_POSE A217 0.907564 0.822791 -0.500604 0.865676 0.865676 0.500604
VERTEX_POSE A218 0.462174 0.423459 0.903822 0.427910 0.427910 -0.903822
VERTEX_POSE A219 0.790384 0.535200 0.961127 0.276105 -0.276105 0.961127
VERTEX_POSE A220 -0.826987 -0.928341 -0.956033 -0.293260 -0.293260 0.956033
VERTEX_POSE A221 -0.577391 -0.242206 -0.339475 -0.940615 -0.940615 0.339475
VERTEX_POSE A222 0.086447 -0.259972 0.511885 -0.859054 0.859054 0.511885
VERTEX_POSE A223 -0.854410 0.306223 0.680917 0.732361 -0.732361 0.680917
VERTEX_POSE A224 -0.777762 0.676314 -0.918429 0.395587 -0.395587 -0.918429
VERTEX_POSE A225 -0.122890 -0.593338 0.531331 0.847165 -0.847165 0.531331
VERTEX_POSE A226 0.964184 -0.996827 0.360994 -0.932568 0.932568 0.360994
VERTEX_POSE A227 0.975509 0.082074 -0.817062 0.576549 0.576549 0.817062
VERTEX_POSE A228 0.138265 -0.659538 0.343329 -0.939215 -0.939215 -0.343329
VERTEX_POSE A229 0.450142 0.381372 -0.430776 0.902459 0.902459 0.430776
VERTEX_POSE A230 0.170346 0.887349 -0.841315 0.540544 0.540544 0.841315
VERTEX_POSE A231 0.593115 0.185759 0.098214 -0.995165 -0.995165 -0.098214
VERTEX_POSE A232 0.656531 -0.445729 -0.554384 0.832261 -0.832261 -0.554384
VERTEX_POSE A233 -0.140907 -0.051464 -0.182152 -0.983270 -0.983270 0.182152
VERTEX_POSE A234 0.266881 -0.310274 0.971738 -0.236060 0.236060 0.971738
VERTEX_POSE A235 -0.932747 -0.087267 -0.906813 -0.421533 0.421533 -0.906813
VERTEX_POSE A236 0.781138 -0.547050 -0.946619 0.322355 0.322355 0.946619
VERTEX_POSE A237 -0.359662 0.655770 0.353684 0.935365 0.935365 -0.353684
VERTEX_POSE A238 0.407403 0.871944 0.958090 -0.286466 -0.286466 -0.958090
VERTEX_POSE A239 0.713282 0.718832 -0.379247 -0.925295 -0.925295 0.379247
VERTEX_POSE A240 -0.794062 -0.134411 0.591223 -0.806508 -0.806508 -0.591223
VERTEX_POSE A241 -0.393099 -0.401608 0.839085 -0.544001 -0.544001 -0.839085
VERTEX_POSE A242 -0.619252 -0.813169 -0.389834 0.920885 -0.920885 -0.389834
VERTEX_POSE A243 -0.853859 -0.745293 -0.160262 -0.987074 0.987074 -0.160262
VERTEX_POSE A244 -0.773061 -0.384933 -0.539540 -0.841960 0.841960 -0.539540
VERTEX_POSE A245 -0.923104 -0.894433 -0.763382 -0.645947 -0.645947 0.763382
VERTEX_POSE A246 0.543181 -0.193924 0.786122 0.618071 -0.618071 0.786122
VERTEX_POSE A247 -0.361373 -0.626518 -0.258346 0.966053 0.966053 0.258346
VERTEX_POSE A248 0.984459 0.928358 0.159311 -0.987228 -0.987228 -0.159311
VERTEX_POSE A249 0.005355 -0.770465 -0.870802 -0.491634 -0.491634 0.870802
VERTEX_POSE A250 -0.570989 0.908682 -0.346337 -0.938110 -0.938110 0.346337
VERTEX_POSE A251 -0.842528 -0.999982 0.195902 0.980624 -0.980624 0.195902
VERTEX_POSE A252 0.427964 -0.012671 0.723292 -0.690543 0.690543 0.723292
VERTEX_POSE A253 0.515458 -0.351290 -0.910225 0.414114 -0.414114 -0.910225
VERTEX_POSE A254 -0.696938 0.306241 -0.074668 0.997208 0.997208 0.074668
VERTEX_POSE A255 0.650202 -0.336357 -0.447179 -0.894445 0.894445 -0.447179
VERTEX_POSE A256 -0.607432 0.055372 0.939923 -0.341388 0.341388 0.939923
VERTEX_POSE A257 -0.732754 0.309413 -0.782326 -0.622869 -0.622869 0.782326
VERTEX_POSE A258 0.625711 0.745717 0.297010 0.954874 -0.954874 0.297010
VERTEX_POSE A259 0.530832 0.395834 -0.835675 -0.549224 -0.549224 0.835675
VERTEX_POSE A260 0.717389 -0.309215 0.945272 -0.326284 -0.326284 -0.945272
VERTEX_POSE A261 -0.203943 0.633066 0.819068 0.573696 0.573696 -0.819068
VERTEX_POSE A262 0.123947 -0.418407 0.569018 -0.822325 0.822325 0.569018
VERTEX_POSE A263 0.373920 0.245057 0.628948 -0.777447 -0.777447 -0.628948
VERTEX_POSE A264 0.655150 -0.418397 -0.357264 0.934004 0.934004 0.357264
VERTEX_POSE A265 -0.609172 0.271319 -0.504469 0.863430 0.863430 0.504469
VERTEX_POSE A266 0.441173 -0.842210 0.770460 0.637489 -0.637489 0.770460
VERTEX_POSE A267 0.436289 0.034553 0.838220 -0.545332 0.545332 0.838220
VERTEX_POSE A268 0.031166 -0.072911 0.771235 -0.636551 0.636551 0.771235
VERTEX_POSE A269 -0.151424 -0.970266 0.791291 -0.611440 0.611440 0.791291
VERTEX_POSE A270 0.149570 -0.246615 0.874375 -0.485251 -0.485251 -0.874375
VERTEX_POSE A271 0.237104 0.792678 -0.559824 0.828612 -0.828612 -0.559824
VERTEX_POSE A272 0.455477 -0.371874 0.999607 0.028028 0.028028 -0.999607
VERTEX_POSE A273 0.530318 -0.059784 -0.366485 -0.930424 0.930424 -0.366485
VERTEX_POSE A274 0.383245 -0.952614 -0.762397 0.647110 -0.647110 -0.762397
VERTEX_POSE B0 0.682416 0.243193 0.985145 -0.171726 -0.171726 -0.985145
VERTEX_POSE B1 0.607214 0.045783 -0.969054 0.246848 -0.246848 -0.969054
VERTEX_POSE B2 -0.073574 -0.146538 -0.594325 -0.804225 0.804225 -0.594325
VERTEX_POSE B3 -0.678957 0.616675 0.999880 -0.015513 0.015513 0.999880
VERTEX_POSE B4 0.591673 -0.025859 -0.217786 0.975997 -0.975997 -0.217786
VERTEX_POSE B5 0.931781 0.082997 -0.527899 0.849307 -0.849307 -0.527899
VERTEX_POSE B6 -0.249946 0.525357 0.502872 -0.864361 -0.864361 -0.502872
VERTEX_POSE B7 0.749145 -0.025841 0.833328 -0.552779 -0.552779 -0.833328
VERTEX_POSE B8 0.359745 -0.929673 -0.706961 0.707253 -0.707253 -0.706961
VERTEX_POSE B9 -0.734488 -0.825933 0.633645 -0.773624 -0.773624 -0.633645
VERTEX_POSE B10 -0.947793 -0.719601 0.713792 -0.700358 0.700358 0.713792
VERTEX_POSE B11 0.009947 -0.266030 0.950444 -0.310896 0.310896 0.950444
VERTEX_POSE B12 -0.341921 0.229439 -0.999654 0.026289 -0.026289 -0.999654
VERTEX_POSE B13 -0.680547 0.589813 0.748221 -0.663449 -0.663449 -0.748221
VERTEX_POSE B14 -0.364342 -0.520313 0.998058 0.062299 0.062299 -0.998058
VERTEX_POSE B15 -0.811089 -0.374727 0.997879 -0.065091 -0.065091 -0.997879
VERTEX_POSE B16 -0.963158 -0.719402 0.731494 -0.681848 0.681848 0.731494
VERTEX_POSE B17 0.431715 -0.887247 0.504955 -0.863146 -0.863146 -0.504955
VERTEX_POSE B18 0.312858 0.206866 -0.977430 -0.211260 -0.211260 0.977430
VERTEX_POSE B19 0.410762 0.525655 0.737727 -0.675099 -0.675099 -0.737727
VERTEX_POSE B20 0.086866 -0.305645 0.061446 -0.998110 -0.998110 -0.061446
VERTEX_POSE B21 0.703686 -0.521815 -0.996277 0.086213 0.086213 0.996277
VERTEX_POSE B22 -0.148065 0.683445 -0.666562 -0.745449 -0.745449 0.666562
VERTEX_POSE B23 -0.476846 0.728908 0.187206 0.982321 -0.982321 0.187206
VERTEX_POSE B24 -0.265148 0.405274 0.576212 -0.817300 -0.817300 -0.576212
VERTEX_POSE B25 0.700511 0.713179 -0.958160 0.286232 0.286232 0.958160
VERTEX_POSE B26 0.672725 -0.517707 0.623737 0.781634 0.781634 -0.623737
VERTEX_POSE B27 0.971956 0.197952 -0.300452 0.953797 0.953797 0.300452
VERTEX_POSE B28 0.155988 -0.658696 0.526352 -0.850267 -0.850267 -0.526352
VERTEX_POSE B29 0.203043 0.422509 -0.084225 -0.996447 0.996447 -0.084225
VERTEX_POSE B30 0.355201 0.245338 0.436390 -0.899757 -0.899757 -0.436390
VERTEX_POSE B31 -0.161596 0.584497 0.935926 0.352198 0.352198 -0.935926
VERTEX_POSE B32 -0.189743 -0.531708 -0.827903 0.560871 -0.560871 -0.827903
VERTEX_POSE B33 -0.718373 -0.901200 -0.671174 -0.741300 0.741300 -0.671174
VERTEX_POSE B34 0.159447 0.201172 0.377267 -0.926105 0.926105 0.377267
VERTEX_POSE B35 -0.598070 0.442433 -0.085853 -0.996308 0.996308 -0.085853
VERTEX_POSE B36 -0.786593 0.181797 -0.681587 0.731737 -0.731737 -0.681587
VERTEX_POSE B37 0.909501 -0.273472 -0.385925 -0.922530 -0.922530 0.385925
VERTEX_POSE B38 -0.848925 -0.583408 0.769803 -0.638282 -0.638282 -0.769803
VERTEX_POSE B39 0.573152 0.252124 0.710788 0.703406 0.703406 -0.710788
VERTEX_POSE B40 -0.824987 -0.099405 -0.292736 -0.956193 -0.956193 0.292736
VERTEX_POSE B41 -0.796718 -0.303009 -0.491202 0.871046 -0.871046 -0.491202
VERTEX_POSE B42 -0.416901 0.986093 0.989250 0.146236 0.146236 -0.989250
VERTEX_POSE B43 -0.166908 -0.869966 0.987222 -0.159351 0.159351 0.987222
VERTEX_POSE B44 -0.477265 -0.713196 0.326215 -0.945296 -0.945296 -0.326215
VERTEX_POSE B45 0.218757 -0.534220 0.467710 -0.883882 -0.883882 -0.467710
VERTEX_POSE B46 0.022004 -0.244693 -0.901662 -0.432441 0.432441 -0.901662
VERTEX_POSE B47 -0.440423 -0.432598 0.929846 -0.367948 0.367948 0.929846
VERTEX_POSE B48 -0.349528 -0.421467 -0.971894 -0.235419 0.235419 -0.971894
VERTEX_POSE B49 -0.665138 0.962173 0.721406 -0.692512 -0.692512 -0.721406
VERTEX_POSE B50 0.970339 -0.906943 -0.578353 -0.815786 -0.815786 0.578353
VERTEX_POSE B51 0.737338 0.272888 0.170328 -0.985387 -0.985387 -0.170328
VERTEX_POSE B52 -0.961452 -0.559641 -0.259471 0.965751 -0.965751 -0.259471
VERTEX_POSE B53 -0.177726 0.776502 0.290391 -0.956908 -0.956908 -0.290391
VERTEX_POSE B54 -0.739508 0.001796 0.989222 -0.146426 0.146426 0.989222
VERTEX_POSE B55 -0.226600 0.845633 0.276920 -0.960893 0.960893 0.276920
VERTEX_POSE B56 -0.477215 0.489680 0.874285 -0.485413 -0.485413 -0.874285
VERTEX_POSE B57 0.933217 0.484089 -0.967446 0.253078 -0.253078 -0.967446
VERTEX_POSE B58 -0.254644 0.043585 0.677154 -0.735841 -0.735841 -0.677154
VERTEX_POSE B59 0.678773 0.830984 -0.405679 -0.914016 0.914016 -0.405679
VERTEX_POSE B60 0.136260 -0.093401 -0.841526 0.540216 -0.540216 -0.841526
VERTEX_POSE B61 -0.899444 -0.711077 0.466487 -0.884528 -0.884528 -0.466487
VERTEX_POSE B62 -0.482823 0.415481 -0.583237 -0.812302 -0.812302 0.583237
VERTEX_POSE B63 0.946516 0.374891 0.613659 0.789571 -0.789571 0.613659
VERTEX_POSE B64 -0.617817 -0.612277 -0.781591 -0.623792 0.623792 -0.781591
VERTEX_POSE B65 0.676624 -0.383347 -0.835087 0.550118 0.550118 0.835087
VERTEX_POSE B66 -0.651554 -0.182676 0.125200 0.992132 0.992132 -0.125200
VERTEX_POSE B67 -0.404410 0.569521 0.993963 -0.109715 -0.109715 -0.993963
VERTEX_POSE B68 0.586125 0.343181 -0.400898 0.916123 -0.916123 -0.400898
VERTEX_POSE B69 -0.500479 0.233916 0.993491 -0.113913 -0.113913 -0.993491
VERTEX_POSE B70 -0.831257 -0.178355 0.074234 0.997241 -0.997241 0.074234
VERTEX_POSE B71 0.761138 -0.756224 0.999008 -0.044520 0.044520 0.999008
VERTEX_POSE B72 -0.297197 0.930908 0.829301 0.558802 0.558802 -0.829301
VERTEX_POSE B73 -0.248158 -0.192262 -0.949912 -0.312517 0.312517 -0.949912
VERTEX_POSE B74 -0.405770 -0.626190 0.723793 -0.690017 -0.690017 -0.723793
VERTEX_POSE B75 0.225538 -0.782288 0.902588 0.430506 -0.430506 0.902588
VERTEX_POSE B76 0.970599 0.273518 0.471117 -0.882071 0.882071 0.471117
VERTEX_POSE B77 0.616234 0.129118 -0.124379 0.992235 0.992235 0.124379
VERTEX_POSE B78 0.785115 -0.214886 0.779051 0.626961 -0.626961 0.779051
VERTEX_POSE B79 -0.378929 0.852051 0.403875 0.914814 0.914814 -0.403875
VERTEX_POSE B80 0.951095 0.091291 0.884161 0.467182 -0.467182 0.884161
VERTEX_POSE B81 0.755454 -0.121829 -0.869141 0.494564 0.494564 0.869141
VERTEX_POSE B82 -0.641591 0.124939 -0.999837 -0.018059 0.018059 -0.999837
VERTEX_POSE B83 0.989643 0.531650 -0.687612 -0.726078 0.726078 -0.687612
VERTEX_POSE B84 -0.422272 -0.345327 -0.693405 0.720548 -0.720548 -0.693405
VERTEX_POSE B85 -0.381099 -0.873265 0.936870 0.349678 -0.349678 0.936870
VERTEX_POSE B86 -0.236957 0.377283 -0.850480 0.526008 0.526008 0.850480
VERTEX_POSE B87 0.100513 -0.855647 -0.738604 -0.674139 -0.674139 0.738604
VERTEX_POSE B88 -0.447883 0.610824 -0.741361 -0.671107 0.671107 -0.741361
VERTEX_POSE B89 0.508399 -0.579132 0.562596 0.826732 0.826732 -0.562596
VERTEX_POSE B90 -0.220714 0.975338 0.999570 -0.029321 -0.029321 -0.999570
VERTEX_POSE B91 0.688377 -0.482577 0.206396 -0.978469 0.978469 0.206396
VERTEX_POSE B92 0.608955 -0.290209 0.083518 0.996506 0.996506 -0.083518
VERTEX_POSE B93 0.296463 0.390819 -0.986982 -0.160833 0.160833 -0.986982
VERTEX_POSE B94 0.634893 0.892314 0.649319 0.760516 0.760516 -0.649319
VERTEX_POSE B95 0.991138 0.097515 -0.994925 -0.100623 -0.100623 0.994925
VERTEX_POSE B96 -0.026913 -0.992528 -0.958650 0.284589 -0.284589 -0.958650
VERTEX_POSE B97 0.983339 -0.290362 -0.875345 -0.483499 -0.483499 0.875345
VERTEX_POSE B98 -0.413272 -0.332965 0.659615 -0.751603 -0.751603 -0.659615
VERTEX_POSE B99 -0.440788 0.350654 -0.164933 -0.986305 -0.986305 0.164933
VERTEX_POSE B100 -0.517140 0.943555 0.735547 -0.677474 0.677474 0.735547
VERTEX_POSE B101 -0.244529 0.488680 0.999972 -0.007432 0.007432 0.999972
VERTEX_POSE B102 -0.679650 0.594430 0.915149 0.403117 -0.403117 0.915149
VERTEX_POSE B103 0.185663 0.874463 -0.211844 0.977303 0.977303 0.211844
VERTEX_POSE B104 0.507312 -0.703582 -0.193317 0.981136 0.981136 0.193317
VERTEX_POSE B105 -0.085420 0.968241 0.738848 0.673872 0.673872 -0.738848
VERTEX_POSE B106 -0.588799 -0.907825 -0.550887 0.834580 -0.834580 -0.550887
VERTEX_POSE B107 0.477911 0.569936 -0.751429 -0.659814 0.659814 -0.751429
VERTEX_POSE B108 -0.469186 0.097358 0.634115 -0.773239 -0.773239 -0.634115
VERTEX_POSE B109 -0.803684 -0.122711 0.755208 -0.655485 0.655485 0.755208
VERTEX_POSE B110 -0.901018 0.421987 0.967994 0.250972 -0.250972 0.967994
VERTEX_POSE B111 -0.518091 -0.811350 0.911972 0.410252 -0.410252 0.911972
VERTEX_POSE B112 0.951771 0.755461 0.434240 -0.900797 -0.900797 -0.434240
VERTEX_POSE B113 -0.542609 -0.453074 0.988216 0.153063 0.153063 -0.988216
VERTEX_POSE B114 -0.528448 0.720299 -0.999708 -0.024172 -0.024172 0.999708
VERTEX_POSE B115 -0.470501 -0.589866 0.057768 -0.998330 -0.998330 -0.057768
VERTEX_POSE B116 0.076291 -0.326339 0.476339 -0.879262 0.879262 0.476339
VERTEX_POSE B117 0.234596 0.097582 -0.772461 0.635062 -0.635062 -0.772461
VERTEX_POSE B118 0.630012 -0.445513 0.662406 0.749145 -0.749145 0.662406
VERTEX_POSE B119 0.628408 -0.715514 -0.650915 0.759150 0.759150 0.650915
VERTEX_POSE B120 -0.257006 0.518450 0.267862 -0.963457 0.963457 0.267862
VERTEX_POSE B121 -0.590703 -0.470175 0.611236 -0.791449 -0.791449 -0.611236
VERTEX_POSE B122 0.316785 -0.198091 0.868056 0.496466 0.496466 -0.868056
VERTEX_POSE B123 -0.648050 -0.771759 -0.708970 0.705239 0.705239 0.708970
VERTEX_POSE B124 0.705760 0.920644 -0.512269 -0.858825 -0.858825 0.512269
VERTEX_POSE B125 -0.048322 -0.305777 0.993545 0.113441 -0.113441 0.993545
VERTEX_POSE B126 -0.656913 0.325756 0.874537 0.484959 0.484959 -0.874537
VERTEX_POSE B127 -0.321153 0.928116 0.601010 -0.799241 0.799241 0.601010
VERTEX_POSE B128 -0.064983 0.403861 0.581969 0.813211 -0.813211 0.581969
VERTEX_POSE B129 -0.070184 0.992791 -0.065574 -0.997848 -0.997848 0.065574
VERTEX_POSE B130 0.238059 0.278770 -0.881960 -0.471324 0.471324 -0.881960
VERTEX_POSE B131 0.417878 0.347416 0.207018 -0.978337 -0.978337 -0.207018
VERTEX_POSE B132 0.685286 0.481471 -0.970250 0.242104 -0.242104 -0.970250
VERTEX_POSE B133 0.558409 -0.126800 -0.033542 -0.999437 -0.999437 0.033542
VERTEX_POSE B134 -0.396459 0.221879 -0.379597 -0.925152 -0.925152 0.379597
VERTEX_POSE B135 0.192599 0.777889 -0.979133 -0.203223 0.203223 -0.979133
VERTEX_POSE B136 -0.527011 -0.158560 -0.995492 -0.094848 -0.094848 0.995492
VERTEX_POSE B137 0.014742 0.314054 0.945777 -0.324818 0.324818 0.945777
VERTEX_POSE B138 -0.329490 0.347826 -0.111454 -0.993770 0.993770 -0.111454
VERTEX_POSE B139 0.003802 0.938799 0.877506 0.479567 0.479567 -0.877506
VERTEX_POSE B140 0.211059 -0.808657 -0.499591 0.866262 0.866262 0.499591
VERTEX_POSE B141 -0.230508 -0.230187 -0.316124 -0.948718 0.948718 -0.316124
VERTEX_POSE B142 0.485711 -0.872552 0.454883 -0.890551 0.890551 0.454883
VERTEX_POSE B143 0.162829 0.946804 -0.837077 -0.547085 0.547085 -0.837077
VERTEX_POSE B144 0.226882 0.316739 -0.171645 0.985159 -0.985159 -0.171645
VERTEX_POSE B145 0.957264 0.847748 0.212351 -0.977193 0.977193 0.212351
VERTEX_POSE B146 0.692328 -0.643062 -0.999152 -0.041163 -0.041163 0.999152
VERTEX_POSE B147 -0.696827 0.990400 -0.877452 -0.479664 -0.479664 0.877452
VERTEX_POSE B148 0.191859 -0.054670 0.292773 0.956182 -0.956182 0.292773
VERTEX_POSE B149 0.322340 -0.088575 -0.081909 -0.996640 -0.996640 0.081909
VERTEX_POSE B150 0.931582 -0.725114 0.952082 -0.305843 0.305843 0.952082
VERTEX_POSE B151 0.934854 -0.536220 -0.713220 -0.700941 -0.700941 0.713220
VERTEX_POSE B152 0.731637 0.441250 -0.782792 -0.622283 0.622283 -0.782792
VERTEX_POSE B153 0.248366 0.076795 -0.714907 0.699220 0.699220 0.714907
VERTEX_POSE B154 -0.713197 -0.307979 -0.899468 -0.436987 -0.436987 0.899468
VERTEX_POSE B155 0.437397 0.361893 -0.749348 0.662176 -0.662176 -0.749348
VERTEX_POSE B156 -0.799956 0.771018 -0.944832 -0.327554 -0.327554 0.944832
VERTEX_POSE B157 -0.370109 -0.982223 0.823013 -0.568022 -0.568022 -0.823013
VERTEX_POSE B158 -0.883756 0.290010 0.198571 0.980086 0.980086 -0.198571
VERTEX_POSE B159 0.135061 0.174879 0.876465 0.481465 -0.481465 0.876465
VERTEX_POSE B160 0.559706 -0.989432 0.996378 -0.085032 -0.085032 -0.996378
VERTEX_POSE B161 0.354303 -0.431221 0.317343 0.948311 -0.948311 0.317343
VERTEX_POSE B162 -0.447061 -0.477705 -0.535320 0.844649 0.844649 0.535320
VERTEX_POSE C0 0.244992 0.492039 -0.870566 0.492051 -0.492051 -0.870566
VERTEX_POSE C1 -0.087289 0.441979 0.907230 0.420635 -0.420635 0.907230
VERTEX_POSE C2 0.156480 0.744174 0.984192 -0.177106 0.177106 0.984192
VERTEX_POSE C3 -0.562409 0.269929 0.971471 -0.237156 -0.237156 -0.971471
VERTEX_POSE C4 0.385700 -0.716580 0.220326 0.975426 0.975426 -0.220326
VERTEX_POSE C5 -0.828778 0.058228 -0.215072 -0.976598 -0.976598 0.215072
VERTEX_POSE C6 0.108101 -0.382246 -0.265246 0.964181 -0.964181 -0.265246
VERTEX_POSE C7 -0.610498 -0.777782 0.222297 0.974979 -0.974979 0.222297
VERTEX_POSE C8 0.382281 0.249571 -0.533036 -0.846093 0.846093 -0.533036
VERTEX_POSE C9 0.877592 0.387567 -0.752918 0.658114 -0.658114 -0.752918
VERTEX_POSE C10 0.875214 -0.650333 -0.902608 0.430464 0.430464 0.902608
VERTEX_POSE C11 -0.454890 0.196375 -0.044943 0.998990 0.998990 0.044943
VERTEX_POSE C12 0.104475 -0.295694 -0.880977 0.473158 -0.473158 -0.880977
VERTEX_POSE C13 0.832477 -0.802586 -0.529782 0.848134 0.848134 0.529782
VERTEX_POSE C14 -0.762562 0.553313 0.863807 0.503823 -0.503823 0.863807
VERTEX_POSE C15 0.407648 -0.305294 0.153524 0.988145 -0.988145 0.153524
VERTEX_POSE C16 0.024337 0.142744 -0.735430 -0.677600 -0.677600 0.735430
VERTEX_POSE C17 0.559778 -0.535262 0.218614 0.975811 -0.975811 0.218614
VERTEX_POSE C18 0.339229 -0.030408 0.692495 -0.721423 0.721423 0.692495
VERTEX_POSE C19 -0.040810 0.606524 0.765896 -0.642964 0.642964 0.765896
VERTEX_POSE C20 0.291415 0.905988 -0.895094 -0.445878 -0.445878 0.895094
VERTEX_POSE C21 -0.412404 -0.953613 -0.202504 0.979282 0.979282 0.202504
VERTEX_POSE C22 0.245994 -0.701455 0.918831 -0.394651 -0.394651 -0.918831
VERTEX_POSE C23 -0.271188 0.267881 -0.999705 0.024302 -0.024302 -0.999705
VERTEX_POSE C24 -0.212360 0.817405 -0.824211 -0.566282 -0.566282 0.824211
VERTEX_POSE C25 0.875884 -0.683678 -0.977849 0.209309 -0.209309 -0.977849
VERTEX_POSE C26 -0.154944 -0.442110 -0.853598 0.520933 -0.520933 -0.853598
VERTEX_POSE C27 0.922702 -0.007715 -0.844182 0.536057 0.536057 0.844182
VERTEX_POSE C28 0.435591 -0.673110 0.931770 0.363048 -0.363048 0.931770
VERTEX_POSE C29 -0.800642 0.126670 -0.067010 -0.997752 0.997752 -0.067010
VERTEX_POSE C30 -0.524360 0.514580 -0.845105 -0.534601 0.534601 -0.845105
VERTEX_POSE C31 -0.319417 0.818929 -0.101200 -0.994866 0.994866 -0.101200
VERTEX_POSE C32 0.112070 -0.431351 -0.879452 -0.475988 0.475988 -0.879452
VERTEX_POSE C33 0.632120 0.258755 0.701417 -0.712751 0.712751 0.701417
VERTEX_POSE C34 0.118174 0.088858 0.478139 0.878284 0.878284 -0.478139
VERTEX_POSE C35 -0.502230 -0.147931 -0.431244 0.902235 -0.902235 -0.431244
VERTEX_POSE C36 0.803342 -0.683017 0.210951 -0.977497 -0.977497 -0.210951
VERTEX_POSE C37 -0.773725 0.706612 0.064386 -0.997925 0.997925 0.064386
VERTEX_POSE C38 -0.112728 0.074287 -0.679319 0.733843 -0.733843 -0.679319
VERTEX_POSE C39 0.185623 0.566554 -0.788952 0.614454 0.614454 0.788952
VERTEX_POSE C40 -0.896133 0.094179 -1.000000 0.000179 0.000179 1.000000
VERTEX_POSE C41 -0.237514 0.423953 -0.994013 0.109262 0.109262 0.994013
VERTEX_POSE C42 0.730733 -0.237070 -0.635134 -0.772402 0.772402 -0.635134
VERTEX_POSE C43 0.208342 0.798484 0.693883 0.720088 0.720088 -0.693883
VERTEX_POSE C44 -0.405036 0.621368 -0.803284 -0.595596 -0.595596 0.803284
VERTEX_POSE C45 0.968171 -0.683757 0.681299 -0.732005 0.732005 0.681299
VERTEX_POSE C46 -0.384010 -0.506810 0.518276 -0.855214 0.855214 0.518276
VERTEX_POSE C47 0.619300 -0.235888 -0.550966 0.834528 0.834528 0.550966
VERTEX_POSE C48 0.527949 -0.219019 0.359425 -0.933174 -0.933174 -0.359425
VERTEX_POSE C49 0.955219 0.462783 0.945239 0.326378 -0.326378 0.945239
VERTEX_POSE C50 -0.421509 -0.629365 -0.895156 -0.445754 0.445754 -0.895156
VERTEX_POSE C51 -0.180636 -0.313031 -0.664019 -0.747716 -0.747716 0.664019
VERTEX_POSE C52 -0.457185 0.509170 -0.820788 0.571234 -0.571234 -0.820788
VERTEX_POSE C53 0.824484 -0.330820 0.383361 -0.923598 -0.923598 -0.383361
VERTEX_POSE C54 0.548175 0.954850 0.437305 0.899313 -0.899313 0.437305
VERTEX_POSE C55 0.330455 0.326575 -0.083440 0.996513 -0.996513 -0.083440
VERTEX_POSE C56 0.700369 -0.014498 -0.982713 -0.185135 -0.185135 0.982713
VERTEX_POSE C57 -0.606769 -0.487260 -0.706440 -0.707772 0.707772 -0.706440
VERTEX_POSE C58 0.253157 -0.681140 0.185812 -0.982585 -0.982585 -0.185812
VERTEX_POSE C59 0.135959 0.312393 -0.291259 0.956644 0.956644 0.291259
VERTEX_POSE C60 -0.407411 0.639410 -0.381698 -0.924287 -0.924287 0.381698
VERTEX_POSE C61 0.728797 0.833440 0.959413 -0.282004 0.282004 0.959413
VERTEX_POSE C62 0.816542 0.131322 -0.996660 -0.081663 -0.081663 0.996660
VERTEX_POSE C63 0.704659 -0.791941 0.931394 0.364013 -0.364013 0.931394
VERTEX_POSE C64 0.360917 0.092195 -0.493088 0.869979 -0.869979 -0.493088
VERTEX_POSE C65 -0.065284 -0.779820 0.894979 -0.446107 0.446107 0.894979
VERTEX_POSE C66 -0.797571 0.060128 0.741860 -0.670555 0.670555 0.741860
VERTEX_POSE C67 0.164260 0.409178 0.805486 0.592615 -0.592615 0.805486
VERTEX_POSE C68 0.160991 0.926792 0.679502 -0.733674 0.733674 0.679502
VERTEX_POSE C69 0.089702 -0.865585 -0.946877 0.321597 -0.321597 -0.946877
VERTEX_POSE C70 -0.650117 -0.024268 -0.998499 -0.054763 0.054763 -0.998499
VERTEX_POSE C71 0.264859 0.020971 -0.721826 -0.692074 0.692074 -0.721826
VERTEX_POSE C72 0.852188 0.558368 0.367821 -0.929897 -0.929897 -0.367821
VERTEX_POSE C73 -0.919384 0.738662 0.829295 0.558811 0.558811 -0.829295
VERTEX_POSE C74 -0.526799 -0.180545 0.256519 0.966539 -0.966539 0.256519
VERTEX_POSE C75 -0.552848 0.179736 0.324836 -0.945770 0.945770 0.324836
VERTEX_POSE C76 -0.951213 -0.945096 0.989058 0.147525 -0.147525 0.989058
VERTEX_POSE C77 0.089191 0.312646 -0.832656 -0.553791 0.553791 -0.832656
VERTEX_POSE C78 -0.933548 0.943847 -0.218423 0.975854 0.975854 0.218423
VERTEX_POSE C79 0.576736 -0.164115 -0.311711 -0.950177 0.950177 -0.311711
VERTEX_POSE C80 0.044410 -0.224572 0.479026 0.877801 -0.877801 0.479026
VERTEX_POSE C81 -0.355057 -0.685517 -0.674060 -0.738676 0.738676 -0.674060
VERTEX_POSE C82 -0.603900 0.522854 0.720487 -0.693468 -0.693468 -0.720487
VERTEX_POSE C83 0.587225 -0.715402 -0.400342 0.916366 0.916366 0.400342
VERTEX_POSE C84 -0.530573 -0.016337 -0.833580 0.552399 -0.552399 -0.833580
VERTEX_POSE C85 0.944275 0.477704 -0.729594 -0.683880 -0.683880 0.729594
VERTEX_POSE C86 -0.082319 0.611174 0.999939 -0.011003 -0.011003 -0.999939
VERTEX_POSE C87 -0.830204 0.969166 -0.204778 0.978808 0.978808 0.204778
VERTEX_POSE C88 -0.662494 0.990444 0.428533 -0.903526 0.903526 0.428533
VERTEX_POSE C89 -0.829163 0.930034 -0.520927 -0.853601 0.853601 -0.520927
VERTEX_POSE C90 0.305755 0.281558 -0.319990 -0.947421 -0.947421 0.319990
VERTEX_POSE C91 -0.069904 0.629854 0.062677 -0.998034 0.998034 0.062677
VERTEX_POSE C92 0.899635 0.763474 -0.036668 0.999327 -0.999327 -0.036668
VERTEX_POSE C93 0.122297 -0.587120 -0.925711 -0.378231 0.378231 -0.925711
VERTEX_POSE C94 -0.365245 0.837912 0.394632 0.918839 -0.918839 0.394632
VERTEX_POSE C95 0.260552 -0.144331 0.087643 0.996152 -0.996152 0.087643
VERTEX_POSE C96 -0.942986 -0.366940 0.461181 0.887306 -0.887306 0.461181
VERTEX_POSE C97 -0.162816 -0.101960 -0.981571 -0.191096 -0.191096 0.981571
VERTEX_POSE C98 -0.575188 -0.735153 0.358697 -0.933454 -0.933454 -0.358697
VERTEX_POSE C99 0.218005 -0.440147 0.684834 -0.728699 -0.728699 -0.684834
VERTEX_POSE C100 0.926886 0.032455 0.405513 -0.914089 0.914089 0.405513
VERTEX_POSE C101 -0.225305 0.240579 -0.461178 0.887308 0.887308 0.461178
VERTEX_POSE C102 -0.517136 0.580824 -0.203058 0.979167 0.979167 0.203058
VERTEX_POSE C103 0.779074 -0.409177 -0.450143 -0.892957 -0.892957 0.450143
VERTEX_POSE C104 -0.144690 -0.020760 0.010179 -0.999948 -0.999948 -0.010179
VERTEX_POSE C105 -0.043935 -0.599721 0.047837 0.998855 -0.998855 0.047837
VERTEX_POSE C106 -0.773774 0.770558 -0.743941 -0.668246 -0.668246 0.743941
VERTEX_POSE C107 -0.095903 0.034145 0.627210 0.778851 0.778851 -0.627210
VERTEX_POSE C108 -0.954745 0.712925 0.255420 -0.966830 -0.966830 -0.255420
VERTEX_POSE C109 -0.707323 0.714405 -0.963416 -0.268009 0.268009 -0.963416
VERTEX_POSE C110 -0.519167 0.870030 0.689511 0.724275 -0.724275 0.689511
VERTEX_POSE C111 0.089665 -0.511647 -0.461722 -0.887025 -0.887025 0.461722
VERTEX_POSE C112 -0.062380 -0.971112 0.923748 0.383001 -0.383001 0.923748
VERTEX_POSE C113 -0.123067 0.392884 -0.568033 -0.823006 0.823006 -0.568033
VERTEX_POSE C114 -0.323110 -0.227049 0.989877 -0.141927 0.141927 0.989877
VERTEX_POSE C115 0.407047 0.012551 -0.674765 -0.738033 0.738033 -0.674765
VERTEX_POSE C116 -0.178792 -0.129412 -0.052705 0.998610 -0.998610 -0.052705
VERTEX_POSE C117 0.594571 -0.615875 -0.249379 0.968406 0.968406 0.249379
VERTEX_POSE C118 0.576843 -0.018284 -0.975051 -0.221981 -0.221981 0.975051
VERTEX_POSE C119 0.158714 -0.138969 -0.056153 -0.998422 -0.998422 0.056153
VERTEX_POSE C120 0.765408 -0.685841 0.824530 -0.565819 -0.565819 -0.824530
VERTEX_POSE C121 -0.117402 -0.736725 0.942508 0.334185 -0.334185 0.942508
VERTEX_POSE C122 -0.911191 -0.509115 -0.196935 0.980417 -0.980417 -0.196935
VERTEX_POSE C123 0.665043 -0.922367 0.469345 -0.883015 -0.883015 -0.469345
VERTEX_POSE C124 -0.995105 -0.323845 -0.578360 -0.815781 -0.815781 0.578360
VERTEX_POSE C125 -0.276436 -0.671203 -0.149641 0.988740 0.988740 0.149641
VERTEX_POSE C126 -0.074405 -0.066699 0.689804 0.723996 -0.723996 0.689804
VERTEX_POSE C127 -0.938091 0.309215 -0.622540 -0.782588 -0.782588 0.622540
VERTEX_POSE C128 0.560748 0.226837 -0.941081 0.338181 0.338181 0.941081
VERTEX_POSE C129 0.350407 0.198148 -0.170948 -0.985280 0.985280 -0.170948
VERTEX_POSE C130 0.279913 0.869068 0.882404 -0.470492 0.470492 0.882404
VERTEX_POSE C131 0.487634 -0.740708 -0.767438 -0.641123 -0.641123 0.767438
VERTEX_POSE C132 -0.874899 -0.561273 0.977167 -0.212472 -0.212472 -0.977167
VERTEX_POSE C133 0.762777 0.449891 -0.215651 -0.976471 -0.976471 0.215651
VERTEX_POSE C134 0.266708 -0.149886 -0.218582 0.975819 0.975819 0.218582
VERTEX_POSE C135 -0.019588 0.417967 -0.323024 -0.946391 0.946391 -0.323024
VERTEX_POSE C136 -0.281158 0.850170 0.323123 -0.946357 0.946357 0.323123
VERTEX_POSE C137 0.492934 -0.379328 -0.980837 0.194828 0.194828 0.980837
VERTEX_POSE C138 0.884509 -0.547889 -0.462953 0.886383 -0.886383 -0.462953
VERTEX_POSE C139 -0.235903 0.563095 -0.999129 0.041718 -0.041718 -0.999129
VERTEX_POSE C140 0.785612 -0.664922 0.926078 0.377332 0.377332 -0.926078
VERTEX_POSE C141 -0.634658 -0.677859 -0.868895 0.494996 0.494996 0.868895
VERTEX_POSE C142 0.853762 -0.948552 -0.712712 -0.701457 0.701457 -0.712712
VERTEX_POSE C143 -0.276768 -0.636035 -0.984393 -0.175983 -0.175983 0.984393
VERTEX_POSE C144 0.242275 0.715025 0.575278 0.817958 0.817958 -0.575278
VERTEX_POSE C145 -0.469347 -0.175600 0.639690 0.768633 0.768633 -0.639690
VERTEX_POSE C146 -0.869721 0.376516 -0.685541 -0.728034 0.728034 -0.685541
VERTEX_POSE C147 -0.936517 -0.414387 0.099511 0.995036 -0.995036 0.099511
VERTEX_POSE C148 -0.874776 0.208524 0.254516 -0.967068 -0.967068 -0.254516
VERTEX_POSE C149 0.707121 -0.641767 -0.914969 0.403525 -0.403525 -0.914969
VERTEX_POSE C150 0.222196 0.446644 0.782989 0.622036 0.622036 -0.782989
VERTEX_POSE C151 0.890632 0.522683 -0.992739 -0.120285 -0.120285 0.992739
VERTEX_POSE C152 -0.410281 -0.378493 0.499869 -0.866101 0.866101 0.499869
VERTEX_POSE C153 0.311005 0.937529 -0.800202 0.599730 0.599730 0.800202
VERTEX_POSE C154 0.555675 0.600316 0.865430 0.501030 -0.501030 0.865430
VERTEX_POSE C155 -0.405386 0.297662 -0.996269 -0.086299 -0.086299 0.996269
VERTEX_POSE C156 -0.965430 -0.733674 0.896186 -0.443679 0.443679 0.896186
VERTEX_POSE C157 -0.518730 -0.466383 0.239534 -0.970888 0.970888 0.239534
VERTEX_POSE C158 -0.343477 -0.393123 0.583127 0.812381 0.812381 -0.583127
VERTEX_POSE C159 0.595318 0.493163 -0.266044 -0.963961 -0.963961 0.266044
VERTEX_POSE C160 0.831677 0.731765 -0.828978 -0.559282 0.559282 -0.828978
VERTEX_POSE C161 0.936436 -0.524055 0.469648 -0.882854 -0.882854 -0.469648
VERTEX_POSE C162 0.082952 0.752455 -0.625063 0.780574 -0.780574 -0.625063
VERTEX_POSE C163 0.956778 -0.829508 0.208837 0.977950 0.977950 -0.208837
VERTEX_POSE C164 0.699213 0.925837 0.960077 0.279734 0.279734 -0.960077
VERTEX_POSE C165 -0.650339 -0.397431 0.598811 0.800891 -0.800891 0.598811
VERTEX_POSE C166 -0.062810 0.588459 0.992478 0.122422 -0.122422 0.992478
VERTEX_POSE C167 -0.581945 0.776007 -0.527549 0.849525 -0.849525 -0.527549
VERTEX_POSE C168 0.842595 0.223241 0.994191 0.107628 -0.107628 0.994191
VERTEX_POSE C169 -0.178301 -0.959430 0.237520 0.971383 -0.971383 0.237520
VERTEX_POSE C170 0.182152 0.339102 0.643385 0.765543 -0.765543 0.643385
VERTEX_POSE C171 0.628206 0.558319 0.893943 0.448181 -0.448181 0.893943
VERTEX_POSE C172 0.187041 -0.637289 -0.844006 -0.536334 0.536334 -0.844006
VERTEX_POSE C173 0.035914 0.390550 0.802038 0.597274 0.597274 -0.802038
VERTEX_POSE C174 -0.648562 0.922284 0.965666 -0.259787 0.259787 0.965666
VERTEX_POSE C175 -0.570684 -0.922263 -0.623931 0.781480 -0.781480 -0.623931
VERTEX_POSE C176 0.566566 -0.785050 0.489304 0.872113 0.872113 -0.489304
VERTEX_POSE C177 -0.518283 0.298800 0.482483 0.875905 0.875905 -0.482483
VERTEX_POSE C178 -0.507201 -0.336650 0.676172 0.736744 -0.736744 0.676172
VERTEX_POSE C179 0.691790 0.423474 -0.638459 0.769656 -0.769656 -0.638459
VERTEX_POSE C180 -0.811162 0.657033 -0.550972 -0.834524 0.834524 -0.550972
VERTEX_POSE C181 0.714995 -0.890006 0.194230 -0.980956 0.980956 0.194230
VERTEX_POSE C182 0.582422 -0.053843 -0.885995 -0.463694 -0.463694 0.885995
VERTEX_POSE C183 -0.221443 -0.721460 0.045621 -0.998959 -0.998959 -0.045621
VERTEX_POSE C184 0.026000 -0.952478 -0.837294 -0.546753 -0.546753 0.837294
VERTEX_POSE C185 0.138097 -0.453527 0.496675 0.867937 -0.867937 0.496675
VERTEX_POSE C186 0.373171 0.576202 -0.966395 -0.257063 -0.257063 0.966395
VERTEX_POSE C187 0.060570 -0.686152 0.814895 -0.579609 0.579609 0.814895
VERTEX_POSE C188 0.619367 0.080090 0.700543 0.713610 0.713610 -0.700543
VERTEX_POSE C189 -0.970306 -0.816921 0.437457 -0.899239 -0.899239 -0.437457
VERTEX_POSE C190 -0.344112 0.807011 -0.692794 0.721135 -0.721135 -0.692794
VERTEX_POSE C191 0.451043 -0.188145 -0.938097 -0.346372 0.346372 -0.938097
VERTEX_POSE C192 0.966130 -0.340975 0.785961 0.618277 -0.618277 0.785961
VERTEX_POSE C193 0.738840 0.559466 -0.003595 0.999994 -0.999994 -0.003595
VERTEX_POSE C194 0.407822 -0.017653 0.046636 -0.998912 -0.998912 -0.046636
VERTEX_POSE C195 0.665343 -0.415139 -0.991149 -0.132754 0.132754 -0.991149
VERTEX_POSE C196 -0.911499 -0.837965 0.360976 0.932575 0.932575 -0.360976
VERTEX_POSE C197 -0.654988 -0.429194 0.884816 -0.465941 0.465941 0.884816
VERTEX_POSE C198 -0.916602 -0.639131 -0.636477 -0.771296 0.771296 -0.636477
VERTEX_POSE D0 0.931096 0.385277 0.988854 -0.148888 -0.148888 -0.988854
VERTEX_POSE D1 0.166711 -0.388624 -0.471844 0.881682 0.881682 0.471844
VERTEX_POSE D2 0.265550 0.699971 -0.905895 -0.423503 0.423503 -0.905895
VERTEX_POSE D3 0.559302 -0.056404 -0.748410 0.663236 -0.663236 -0.748410
VERTEX_POSE D4 -0.646248 -0.025913 0.313864 0.949468 0.949468 -0.313864
VERTEX_POSE D5 -0.698537 0.090521 -0.914936 0.403599 -0.403599 -0.914936
VERTEX_POSE D6 0.910740 -0.134120 -0.564548 0.825401 -0.825401 -0.564548
VERTEX_POSE D7 -0.216932 0.051824 -0.889809 -0.456333 -0.456333 0.889809
VERTEX_POSE D8 0.868030 0.305471 -0.996196 -0.087138 -0.087138 0.996196
VERTEX_POSE D9 -0.607543 -0.835320 -0.982669 0.185369 0.185369 0.982669
VERTEX_POSE D10 0.275867 0.715173 -0.948157 -0.317802 -0.317802 0.948157
VERTEX_POSE D11 0.559820 -0.271054 -0.310913 -0.950438 -0.950438 0.310913
VERTEX_POSE D12 -0.418705 0.821713 -0.608511 0.793546 0.793546 0.608511
VERTEX_POSE D13 -0.009138 0.825167 -0.782707 0.622390 0.622390 0.782707
VERTEX_POSE D14 0.142242 0.675103 0.659453 -0.751745 0.751745 0.659453
VERTEX_POSE D15 0.359853 -0.899747 0.634698 -0.772760 -0.772760 -0.634698
VERTEX_POSE D16 -0.983138 0.872689 0.841315 -0.540545 -0.540545 -0.841315
VERTEX_POSE D17 -0.719661 -0.778424 0.814315 0.580424 -0.580424 0.814315
VERTEX_POSE D18 -0.266976 0.676455 -0.695643 -0.718387 -0.718387 0.695643
VERTEX_POSE D19 0.077432 -0.813462 0.988752 -0.149568 -0.149568 -0.988752
VERTEX_POSE D20 0.899705 0.301666 0.411668 -0.911334 -0.911334 -0.411668
VERTEX_POSE D21 -0.237282 0.859534 0.191439 -0.981505 -0.981505 -0.191439
VERTEX_POSE D22 0.733320 0.993549 0.576023 0.817434 -0.817434 0.576023
VERTEX_POSE D23 0.350749 -0.886479 0.228760 0.973483 -0.973483 0.228760
VERTEX_POSE D24 -0.271153 -0.481441 -0.403774 0.914859 -0.914859 -0.403774
VERTEX_POSE D25 0.472160 0.553015 0.260850 -0.965379 -0.965379 -0.260850
VERTEX_POSE D26 -0.241430 0.095868 -0.270884 -0.962612 -0.962612 0.270884
VERTEX_POSE D27 -0.605810 0.103421 0.293873 -0.955845 -0.955845 -0.293873
VERTEX_POSE D28 0.560661 0.715051 -0.938566 0.345099 -0.345099 -0.938566
VERTEX_POSE D29 0.103582 0.666674 -0.920806 0.390021 -0.390021 -0.920806
VERTEX_POSE D30 -0.522412 0.464289 0.486654 -0.873595 -0.873595 -0.486654
VERTEX_POSE D31 0.491757 0.100327 0.993040 0.117777 0.117777 -0.993040
VERTEX_POSE D32 -0.729708 -0.721950 0.821893 0.569642 -0.569642 0.821893
VERTEX_POSE D33 0.743138 0.164260 0.098937 0.995094 -0.995094 0.098937
VERTEX_POSE D34 0.051059 -0.956077 0.864065 -0.503380 -0.503380 -0.864065
VERTEX_POSE D35 -0.375956 0.252137 -0.496215 0.868200 0.868200 0.496215
VERTEX_POSE D36 -0.955399 -0.745219 0.152592 0.988289 0.988289 -0.152592
VERTEX_POSE D37 -0.038200 -0.090197 -0.441730 -0.897148 0.897148 -0.441730
VERTEX_POSE D38 0.407112 -0.696039 -0.543157 -0.839631 -0.839631 0.543157
VERTEX_POSE D39 0.912631 0.560253 -0.994750 -0.102337 0.102337 -0.994750
VERTEX_POSE D40 0.354257 0.074483 0.931835 0.362883 0.362883 -0.931835
VERTEX_POSE D41 -0.317021 -0.980865 0.868116 -0.496361 0.496361 0.868116
VERTEX_POSE D42 0.472451 -0.710802 0.971551 -0.236830 0.236830 0.971551
VERTEX_POSE D43 0.935552 -0.103805 0.599743 0.800192 -0.800192 0.599743
VERTEX_POSE D44 0.673841 0.844302 0.333502 0.942749 0.942749 -0.333502
VERTEX_POSE D45 -0.385307 0.964301 0.565237 0.824929 0.824929 -0.565237
VERTEX_POSE D46 0.295405 -0.003552 0.521150 -0.853465 -0.853465 -0.521150
VERTEX_POSE D47 0.690703 0.716991 -0.531709 -0.846927 -0.846927 0.531709
VERTEX_POSE D48 -0.104968 -0.814123 -0.897120 0.441787 -0.441787 -0.897120
VERTEX_POSE D49 -0.971572 -0.327097 -0.971750 0.236014 0.236014 0.971750
VERTEX_POSE D50 -0.231865 0.903529 0.999728 0.023307 0.023307 -0.999728
VERTEX_POSE D51 -0.205263 0.487543 0.275887 -0.961190 0.961190 0.275887
VERTEX_POSE D52 -0.208854 -0.467562 -0.968481 -0.249089 -0.249089 0.968481
VERTEX_POSE D53 -0.498545 0.897078 -0.983836 0.179075 0.179075 0.983836
VERTEX_POSE D54 -0.854514 0.601064 0.865304 0.501247 0.501247 -0.865304
VERTEX_POSE D55 0.519993 0.050997 -0.882200 -0.470874 0.470874 -0.882200
VERTEX_POSE D56 0.973615 0.450094 -0.188939 0.981989 -0.981989 -0.188939
VERTEX_POSE D57 -0.095944 -0.303067 -0.228174 -0.973620 -0.973620 0.228174
VERTEX_POSE D58 0.914184 -0.845582 -0.303550 -0.952816 -0.952816 0.303550
VERTEX_POSE D59 0.534276 0.165144 -0.869175 -0.494505 0.494505 -0.869175
VERTEX_POSE D60 -0.992362 -0.636393 0.658572 0.752518 -0.752518 0.658572
VERTEX_POSE D61 -0.608228 0.618707 -0.862332 0.506344 -0.506344 -0.862332
VERTEX_POSE D62 0.026033 -0.734528 -0.552485 -0.833523 0.833523 -0.552485
VERTEX_POSE D63 -0.722069 -0.358343 -0.654627 -0.755952 0.755952 -0.654627
VERTEX_POSE D64 -0.865091 -0.217033 0.833754 -0.552137 0.552137 0.833754
VERTEX_POSE D65 -0.922908 -0.690606 -0.667427 0.744676 -0.744676 -0.667427
VERTEX_POSE D66 -0.098025 0.893794 0.699587 0.714547 -0.714547 0.699587
VERTEX_POSE D67 -0.820490 0.037748 0.918878 -0.394541 0.394541 0.918878
VERTEX_POSE D68 0.038892 0.219197 -0.858566 -0.512702 0.512702 -0.858566
VERTEX_POSE D69 -0.690913 -0.802245 -0.906880 0.421389 -0.421389 -0.906880
VERTEX_POSE D70 -0.907859 -0.401999 0.999040 0.043812 0.043812 -0.999040
VERTEX_POSE D71 -0.606852 -0.706321 -0.888446 -0.458980 -0.458980 0.888446
VERTEX_POSE D72 -0.007934 -0.783110 -0.969618 0.244625 -0.244625 -0.969618
VERTEX_POSE D73 0.564592 -0.112801 -0.662402 0.749149 0.749149 0.662402
VERTEX_POSE D74 -0.671300 0.189875 0.809719 0.586818 0.586818 -0.809719
VERTEX_POSE D75 -0.334093 -0.938809 0.777863 0.628434 -0.628434 0.777863
VERTEX_POSE D76 -0.820715 -0.148500 -0.313734 0.949511 0.949511 0.313734
VERTEX_POSE D77 0.624105 -0.813677 -0.250058 -0.968231 -0.968231 0.250058
VERTEX_POSE D78 -0.643390 0.778183 0.170157 0.985417 -0.985417 0.170157
VERTEX_POSE D79 0.074316 0.037378 -0.525199 -0.850980 -0.850980 0.525199
VERTEX_POSE D80 0.652533 -0.140773 -0.576841 0.816856 0.816856 0.576841
VERTEX_POSE D81 0.124745 0.681712 0.996167 0.087471 0.087471 -0.996167
VERTEX_POSE D82 0.869053 -0.475079 -0.210515 0.977591 -0.977591 -0.210515
VERTEX_POSE D83 -0.556321 0.391664 -0.789712 0.613478 0.613478 0.789712
VERTEX_POSE D84 0.626200 0.578790 -0.951138 -0.308766 0.308766 -0.951138
VERTEX_POSE D85 -0.985461 -0.874015 -0.201216 -0.979547 -0.979547 0.201216
VERTEX_POSE D86 0.963672 -0.557339 0.884633 -0.466288 -0.466288 -0.884633
VERTEX_POSE D87 0.599815 0.028883 -0.845513 -0.533954 -0.533954 0.845513
VERTEX_POSE D88 -0.081405 -0.177082 -0.786227 -0.617937 0.617937 -0.786227
VERTEX_POSE D89 0.877856 -0.402921 0.344831 -0.938665 0.938665 0.344831
VERTEX_POSE D90 0.134092 -0.805973 0.893958 0.448152 -0.448152 0.893958
VERTEX_POSE D91 -0.073766 0.186525 0.611683 -0.791103 -0.791103 -0.611683
VERTEX_POSE D92 -0.730372 -0.784214 0.982952 0.183864 0.183864 -0.982952
VERTEX_POSE D93 -0.839875 -0.540501 -0.321199 -0.947012 -0.947012 0.321199
VERTEX_POSE D94 0.204164 0.828181 -0.502378 0.864648 -0.864648 -0.502378
VERTEX_POSE D95 -0.595463 -0.001247 -0.979495 -0.201468 0.201468 -0.979495
VERTEX_POSE D96 -0.762783 -0.231107 0.796349 -0.604837 0.604837 0.796349
VERTEX_POSE D97 -0.893861 0.721975 -0.986658 0.162807 -0.162807 -0.986658
VERTEX_POSE D98 -0.415953 -0.963499 -0.967499 -0.252875 -0.252875 0.967499
VERTEX_POSE D99 0.276109 0.988090 0.694566 -0.719429 -0.719429 -0.694566
VERTEX_POSE D100 -0.584774 0.919731 -0.742497 -0.669849 0.669849 -0.742497
VERTEX_POSE D101 -0.323812 -0.365498 -0.662808 -0.748789 0.748789 -0.662808
VERTEX_POSE D102 0.669257 -0.718230 0.973173 0.230075 0.230075 -0.973173
VERTEX_POSE D103 0.407293 -0.863380 -0.682154 0.731209 0.731209 0.682154
VERTEX_POSE D104 -0.759220 0.521701 0.987449 -0.157941 0.157941 0.987449
VERTEX_POSE D105 0.997958 0.471644 0.964835 0.262855 -0.262855 0.964835
VERTEX_POSE D106 -0.926800 -0.802188 -0.698048 0.716051 0.716051 0.698048
VERTEX_POSE D107 -0.579936 -0.626798 -0.385683 0.922632 -0.922632 -0.385683
VERTEX_POSE D108 0.622062 0.657968 -0.032330 0.999477 0.999477 0.032330
VERTEX_POSE D109 -0.570190 0.975995 0.952124 -0.305711 0.305711 0.952124
VERTEX_POSE D110 0.494381 0.410579 0.565748 -0.824578 -0.824578 -0.565748
VERTEX_POSE D111 0.274596 -0.482806 -0.960873 0.276988 -0.276988 -0.960873
VERTEX_POSE D112 0.554555 0.657706 0.677886 -0.735167 -0.735167 -0.677886
VERTEX_POSE D113 0.363434 0.935500 0.442910 0.896566 -0.896566 0.442910
VERTEX_POSE D114 0.718275 0.908859 -0.182145 -0.983272 0.983272 -0.182145
VERTEX_POSE D115 0.180755 0.236496 0.919394 -0.393339 0.393339 0.919394
VERTEX_POSE D116 0.377973 -0.938515 -0.105036 -0.994468 -0.994468 0.105036
VERTEX_POSE D117 0.681947 -0.648480 0.515398 -0.856951 0.856951 0.515398
VERTEX_POSE D118 -0.219430 -0.734621 0.912173 0.409804 -0.409804 0.912173
VERTEX_POSE D119 -0.703432 -0.115597 0.936646 -0.350276 0.350276 0.936646
VERTEX_POSE D120 0.559803 -0.051401 -0.992449 -0.122655 0.122655 -0.992449
VERTEX_POSE D121 0.914662 -0.540594 0.469917 -0.882710 0.882710 0.469917
VERTEX_POSE D122 0.222802 -0.929072 -0.979362 -0.202116 -0.202116 0.979362
VERTEX_POSE D123 0.829431 0.164385 -0.906770 -0.421626 0.421626 -0.906770
VERTEX_POSE E0 -0.925213 -0.081095 -0.587465 -0.809250 -0.809250 0.587465
VERTEX_POSE E1 -0.573034 0.899109 -0.996584 0.082588 0.082588 0.996584
VERTEX_POSE E2 -0.766033 -0.836862 -0.215361 -0.976534 0.976534 -0.215361
VERTEX_POSE E3 -0.687996 0.687799 0.638117 0.769940 0.769940 -0.638117
VERTEX_POSE E4 -0.466895 0.621085 -0.999172 0.040678 -0.040678 -0.999172
VERTEX_POSE E5 -0.181986 -0.800360 -0.364527 0.931193 -0.931193 -0.364527
VERTEX_POSE E6 0.588113 0.675889 0.996417 -0.084571 0.084571 0.996417
VERTEX_POSE E7 -0.051669 0.540815 -0.480082 -0.877224 -0.877224 0.480082
VERTEX_POSE E8 0.494202 -0.165858 -0.845542 -0.533909 -0.533909 0.845542
VERTEX_POSE E9 0.257370 0.957658 -0.651706 -0.758471 0.758471 -0.651706
VERTEX_POSE E10 -0.644376 0.677436 0.424255 -0.905543 0.905543 0.424255
VERTEX_POSE E11 0.734981 -0.644157 -0.033992 -0.999422 -0.999422 0.033992
VERTEX_POSE E12 0.255327 0.429303 0.964306 -0.264789 -0.264789 -0.964306
VERTEX_POSE E13 -0.571176 0.875248 -0.456378 0.889786 0.889786 0.456378
VERTEX_POSE E14 -0.844954 -0.270956 0.362309 0.932058 -0.932058 0.362309
VERTEX_POSE E15 -0.122610 0.087270 -0.635830 0.771829 -0.771829 -0.635830
VERTEX_POSE E16 -0.141367 0.851242 0.481437 -0.876481 -0.876481 -0.481437
VERTEX_POSE E17 0.649426 -0.860376 -0.625258 -0.780418 0.780418 -0.625258
VERTEX_POSE E18 -0.848015 0.604465 -0.593428 0.804887 0.804887 0.593428
VERTEX_POSE E19 -0.586812 0.508948 -0.999384 0.035087 -0.035087 -0.999384
VERTEX_POSE E20 0.012860 -0.924876 0.635057 0.772465 0.772465 -0.635057
VERTEX_POSE E21 0.870260 0.513323 -0.954330 0.298755 0.298755 0.954330
VERTEX_POSE E22 0.593943 -0.254556 -0.998726 0.050459 0.050459 0.998726
VERTEX_POSE E23 -0.609167 -0.863391 0.988080 0.153942 0.153942 -0.988080
VERTEX_POSE E24 0.552208 0.864844 -0.320068 -0.947395 0.947395 -0.320068
VERTEX_POSE E25 -0.625487 0.010823 -0.399792 0.916606 -0.916606 -0.399792
VERTEX_POSE E26 -0.312599 0.021012 -0.269595 0.962974 0.962974 0.269595
VERTEX_POSE E27 0.112011 -0.186557 -0.158193 0.987408 -0.987408 -0.158193
VERTEX_POSE E28 -0.710825 0.470230 -0.941425 -0.337223 -0.337223 0.941425
VERTEX_POSE E29 0.910203 0.091939 0.335871 -0.941908 -0.941908 -0.335871
VERTEX_POSE E30 -0.058558 0.977829 0.891083 -0.453840 -0.453840 -0.891083
VERTEX_POSE E31 -0.636038 -0.610865 0.433358 0.901222 0.901222 -0.433358
VERTEX_POSE E32 -0.662831 -0.008951 0.374192 -0.927351 0.927351 0.374192
VERTEX_POSE E33 0.175409 -0.859033 -0.797990 0.602670 0.602670 0.797990
VERTEX_POSE E34 -0.324034 -0.923067 0.999794 -0.020311 -0.020311 -0.999794
VERTEX_POSE E35 -0.129726 -0.387867 -0.668450 0.743757 -0.743757 -0.668450
VERTEX_POSE E36 0.993423 -0.659393 -0.996683 -0.081377 -0.081377 0.996683
VERTEX_POSE E37 -0.735921 0.752822 0.786036 -0.618180 -0.618180 -0.786036
VERTEX_POSE E38 0.818605 -0.847051 0.984231 0.176887 -0.176887 0.984231
VERTEX_POSE E39 0.487625 0.174748 0.912440 -0.409210 -0.409210 -0.912440
VERTEX_POSE E40 0.521449 0.710480 0.455324 -0.890326 -0.890326 -0.455324
VERTEX_POSE E41 -0.825771 0.830384 0.865539 -0.500842 0.500842 0.865539
VERTEX_POSE E42 0.222607 0.530591 -0.434639 0.900605 0.900605 0.434639
VERTEX_POSE E43 -0.223224 0.139783 -0.624800 0.780785 0.780785 0.624800
VERTEX_POSE E44 -0.396947 0.705632 0.907367 0.420338 0.420338 -0.907367
VERTEX_POSE E45 0.377652 -0.740364 0.603444 0.797405 -0.797405 0.603444
VERTEX_POSE E46 0.654166 -0.772947 -0.997741 -0.067180 -0.067180 0.997741
VERTEX_POSE E47 0.461686 0.556874 0.974517 0.224314 0.224314 -0.974517
VERTEX_POSE E48 0.027079 -0.600741 0.924174 -0.381972 -0.381972 -0.924174
VERTEX_POSE E49 0.806151 0.831518 0.415623 0.909537 -0.909537 0.415623
VERTEX_POSE E50 0.874874 0.065823 0.099392 0.995048 -0.995048 0.099392
VERTEX_POSE E51 -0.960061 -0.525617 0.579480 -0.814987 0.814987 0.579480
VERTEX_POSE E52 0.676412 0.344842 -0.929118 -0.369783 -0.369783 0.929118
VERTEX_POSE E53 0.468817 0.811267 0.283877 -0.958861 0.958861 0.283877
VERTEX_POSE E54 -0.569228 -0.389009 -0.911139 0.412099 0.412099 0.911139
VERTEX_POSE E55 0.228619 0.209685 -0.837807 0.545966 0.545966 0.837807
VERTEX_POSE E56 0.843330 -0.177910 0.971430 -0.237325 -0.237325 -0.971430
VERTEX_POSE E57 0.118173 0.632003 0.248040 -0.968750 0.968750 0.248040
VERTEX_POSE E58 -0.659370 -0.976871 -0.872883 0.487929 0.487929 0.872883
VERTEX_POSE E59 -0.867494 -0.707680 0.694173 0.719809 0.719809 -0.694173
VERTEX_POSE E60 0.028376 -0.276057 0.836139 -0.548518 0.548518 0.836139
VERTEX_POSE E61 0.282072 -0.999043 0.535096 0.844791 0.844791 -0.535096
VERTEX_POSE E62 -0.503532 -0.318545 0.820152 0.572146 0.572146 -0.820152
VERTEX_POSE E63 0.365545 0.714991 0.261856 0.965107 0.965107 -0.261856
VERTEX_POSE E64 -0.542519 -0.858076 0.786386 0.617735 -0.617735 0.786386
VERTEX_POSE E65 0.172434 -0.241612 0.985269 0.171010 -0.171010 0.985269
VERTEX_POSE E66 -0.764181 -0.672876 -0.263416 0.964682 -0.964682 -0.263416
VERTEX_POSE E67 -0.549095 -0.517469 -0.549411 0.835552 -0.835552 -0.549411
VERTEX_POSE E68 0.436513 -0.488790 0.328861 -0.944378 -0.944378 -0.328861
VERTEX_POSE E69 -0.945576 -0.519927 0.894886 -0.446294 0.446294 0.894886
VERTEX_POSE E70 0.938530 0.657279 0.572666 -0.819789 -0.819789 -0.572666
VERTEX_POSE E71 -0.042038 -0.778309 -0.395244 0.918576 0.918576 0.395244
VERTEX_POSE E72 -0.771347 -0.689543 0.478350 0.878169 -0.878169 0.478350
VERTEX_POSE E73 0.161137 0.187870 0.992771 -0.120024 0.120024 0.992771
VERTEX_POSE E74 0.734738 0.361474 0.939065 0.343741 -0.343741 0.939065
VERTEX_POSE E75 -0.168294 -0.983910 0.421520 0.906819 0.906819 -0.421520
VERTEX_POSE E76 -0.461211 0.447506 -0.994345 -0.106202 -0.106202 0.994345
VERTEX_POSE E77 0.388904 0.588527 -0.416876 -0.908963 0.908963 -0.416876
VERTEX_POSE E78 -0.706608 0.572964 0.911629 0.411014 0.411014 -0.911629
VERTEX_POSE E79 0.565868 0.846765 -0.999902 0.013982 -0.013982 -0.999902
VERTEX_POSE E80 0.195055 0.420046 0.006092 0.999981 0.999981 -0.006092
VERTEX_POSE E81 -0.831734 -0.361214 0.985634 0.168895 0.168895 -0.985634
VERTEX_POSE E82 0.605807 -0.678852 0.791684 -0.610931 -0.610931 -0.791684
VERTEX_POSE E83 -0.128533 -0.235113 -0.927674 -0.373390 0.373390 -0.927674
VERTEX_POSE E84 0.637083 -0.549947 -0.309217 0.950992 -0.950992 -0.309217
VERTEX_POSE E85 -0.963422 -0.067861 0.531504 -0.847056 -0.847056 -0.531504
VERTEX_POSE E86 -0.899914 0.974573 -0.934827 0.355103 -0.355103 -0.934827
VERTEX_POSE E87 0.480414 0.272143 -0.730268 0.683161 0.683161 0.730268
VERTEX_POSE E88 0.154751 -0.435858 0.189459 -0.981889 0.981889 0.189459
VERTEX_POSE E89 -0.559283 0.997701 0.812092 0.583529 0.583529 -0.812092
VERTEX_POSE E90 0.612920 0.564463 0.107954 -0.994156 -0.994156 -0.107954
VERTEX_POSE E91 -0.816873 0.288085 -0.741829 0.670589 0.670589 0.741829
VERTEX_POSE E92 0.722789 0.998659 0.903921 0.427699 0.427699 -0.903921
VERTEX_POSE E93 -0.890612 -0.754082 0.919326 -0.393497 0.393497 0.919326
VERTEX_POSE E94 0.548671 0.003076 0.051255 0.998686 -0.998686 0.051255
VERTEX_POSE E95 -0.819730 -0.859417 -0.603347 -0.797479 0.797479 -0.603347
VERTEX_POSE E96 0.281822 0.004306 0.172869 -0.984945 -0.984945 -0.172869
VERTEX_POSE E97 0.784490 0.330201 0.998952 -0.045763 -0.045763 -0.998952
VERTEX_POSE E98 -0.368825 -0.376886 0.433392 -0.901206 0.901206 0.433392
VERTEX_POSE E99 -0.281665 0.515516 0.815434 -0.578850 0.578850 0.815434
VERTEX_POSE E100 0.838914 0.810274 -0.271069 -0.962560 0.962560 -0.271069
VERTEX_POSE E101 -0.430295 -0.719607 0.418929 -0.908019 -0.908019 -0.418929
VERTEX_POSE E102 0.676297 0.737207 0.977430 -0.211258 0.211258 0.977430
VERTEX_POSE E103 -0.932432 -0.879269 -0.767963 -0.640494 -0.640494 0.767963
VERTEX_POSE E104 0.730842 0.468264 0.821334 0.570448 -0.570448 0.821334
VERTEX_POSE E105 0.411035 0.098681 0.746040 0.665901 0.665901 -0.746040
VERTEX_POSE E106 -0.100726 -0.863179 0.882585 -0.470154 0.470154 0.882585
VERTEX_POSE E107 -0.730368 -0.084230 -0.862274 -0.506443 -0.506443 0.862274
VERTEX_POSE E108 -0.200062 -0.312792 0.631516 -0.775363 0.775363 0.631516
VERTEX_POSE E109 0.192666 0.709784 -0.646557 -0.762866 0.762866 -0.646557
VERTEX_POSE E110 0.835500 -0.237466 0.956802 -0.290741 0.290741 0.956802
VERTEX_POSE E111 0.994993 -0.892746 -0.420948 0.907085 0.907085 0.420948
VERTEX_POSE E112 0.360933 -0.651429 -0.940691 -0.339263 0.339263 -0.940691
VERTEX_POSE E113 0.441306 0.083682 -0.516976 0.856000 -0.856000 -0.516976
VERTEX_POSE E114 -0.133540 -0.127859 -0.306363 0.951915 0.951915 0.306363
VERTEX_POSE E115 -0.001984 -0.201376 -0.945447 -0.325777 -0.325777 0.945447
VERTEX_POSE E116 0.477885 -0.984179 0.986076 0.166298 0.166298 -0.986076
VERTEX_POSE E117 -0.033453 -0.153286 0.099209 0.995067 -0.995067 0.099209
VERTEX_POSE E118 -0.521570 -0.929232 -0.517379 0.855756 -0.855756 -0.517379
VERTEX_POSE E119 -0.367365 -0.420036 -0.451313 -0.892365 -0.892365 0.451313
VERTEX_POSE E120 0.407263 -0.155585 0.652643 -0.757665 -0.757665 -0.652643
VERTEX_POSE E121 -0.908651 0.635231 0.158337 0.987385 -0.987385 0.158337
VERTEX_POSE E122 -0.184238 0.868048 -0.945291 0.326230 -0.326230 -0.945291
VERTEX_POSE E123 0.130052 -0.156926 -0.690545 -0.723289 -0.723289 0.690545
VERTEX_POSE E124 -0.799263 0.881148 0.586145 -0.810206 -0.810206 -0.586145
VERTEX_POSE E125 -0.635566 -0.128876 -0.487068 0.873364 0.873364 0.487068
VERTEX_POSE E126 0.310322 -0.016343 -0.131670 0.991294 -0.991294 -0.131670
VERTEX_POSE E127 0.482559 -0.114546 0.937567 0.347805 -0.347805 0.937567
VERTEX_POSE E128 -0.851076 -0.798675 -0.505015 0.863111 0.863111 0.505015
VERTEX_POSE E129 0.941497 0.606771 0.515750 0.856739 -0.856739 0.515750
VERTEX_POSE E130 -0.799106 -0.599030 0.516115 0.856519 -0.856519 0.516115
VERTEX_POSE E131 0.987838 -0.988401 -0.918497 0.395429 0.395429 0.918497
VERTEX_POSE E132 -0.488798 0.887164 -0.666207 0.745767 0.745767 0.666207
VERTEX_POSE E133 0.877190 -0.861823 -0.654065 0.756439 -0.756439 -0.654065
VERTEX_POSE E134 -0.944594 -0.867670 0.942761 -0.333469 -0.333469 -0.942761
VERTEX_POSE E135 -0.757955 0.355428 -0.269247 -0.963071 0.963071 -0.269247
VERTEX_POSE E136 0.288225 0.236858 0.742340 -0.670023 -0.670023 -0.742340
VERTEX_POSE E137 -0.045320 -0.730850 0.754470 -0.656334 0.656334 0.754470
VERTEX_POSE E138 -0.488323 -0.728802 -0.763962 0.645261 -0.645261 -0.763962
VERTEX_POSE E139 -0.911837 0.924067 -0.566138 0.824311 -0.824311 -0.566138
VERTEX_POSE E140 -0.852654 0.978934 -0.962049 -0.272878 0.272878 -0.962049
VERTEX_POSE E141 -0.652824 0.033732 0.937976 0.346701 -0.346701 0.937976
VERTEX_POSE E142 -0.916843 -0.968680 -0.458856 -0.888511 0.888511 -0.458856
VERTEX_POSE E143 0.508279 -0.672495 0.857371 -0.514699 0.514699 0.857371
VERTEX_POSE E144 0.788483 -0.882586 -0.932054 0.362321 -0.362321 -0.932054
VERTEX_POSE E145 -0.050383 -0.096539 -0.865117 0.501570 -0.501570 -0.865117
VERTEX_POSE E146 -0.493705 0.126129 0.957992 -0.286795 -0.286795 -0.957992
VERTEX_POSE E147 0.266367 -0.866764 -0.110138 -0.993916 -0.993916 0.110138
VERTEX_POSE E148 0.916163 0.750175 -0.218810 0.975767 0.975767 0.218810
VERTEX_POSE E149 -0.015275 0.196897 0.700318 0.713831 0.713831 -0.700318
VERTEX_POSE E150 0.899003 -0.286801 -0.429112 -0.903251 -0.903251 0.429112
VERTEX_POSE E151 0.323427 -0.405410 -0.552457 -0.833542 -0.833542 0.552457
VERTEX_POSE E152 0.076074 -0.167873 -0.643238 -0.765666 0.765666 -0.643238
VERTEX_POSE E153 -0.285235 -0.418752 -0.819525 -0.573044 -0.573044 0.819525
VERTEX_POSE E154 -0.546521 0.437664 0.866987 0.498331 -0.498331 0.866987
VERTEX_POSE E155 0.276811 -0.286724 -0.621611 -0.783326 -0.783326 0.621611
VERTEX_POSE E156 0.079198 0.452372 0.520631 -0.853782 0.853782 0.520631
VERTEX_POSE E157 0.763801 -0.578679 0.048855 -0.998806 0.998806 0.048855
VERTEX_POSE E158 -0.240631 0.598730 -0.027597 -0.999619 -0.999619 0.027597
VERTEX_POSE E159 0.228122 0.653697 -0.817999 0.575220 -0.575220 -0.817999
VERTEX_POSE E160 0.705298 -0.971908 0.998290 0.058461 -0.058461 0.998290
VERTEX_POSE E161 -0.039737 0.999701 -0.947435 0.319948 -0.319948 -0.947435
VERTEX_POSE E162 0.215960 0.665295 0.118135 0.992998 0.992998 -0.118135
VERTEX_POSE E163 -0.783500 0.915257 0.933900 0.357534 -0.357534 0.933900
VERTEX_POSE E164 -0.162547 -0.862122 -0.373623 -0.927580 0.927580 -0.373623
VERTEX_POSE E165 0.271366 0.797625 0.381805 0.924243 0.924243 -0.381805
VERTEX_POSE E166 -0.541455 0.270685 0.457676 0.889119 0.889119 -0.457676
VERTEX_POSE E167 -0.874322 0.374736 -0.343997 -0.938971 0.938971 -0.343997
VERTEX_POSE E168 -0.773954 -0.933225 0.949633 0.313365 -0.313365 0.949633
VERTEX_POSE E169 -0.029779 0.541882 -0.374375 0.927277 0.927277 0.374375
VERTEX_POSE E170 -0.786159 0.298803 -0.977107 0.212750 0.212750 0.977107
VERTEX_POSE E171 -0.626607 -0.954290 0.765248 -0.643736 -0.643736 -0.765248
VERTEX_POSE E172 0.317398 -0.424385 0.919973 -0.391981 -0.391981 -0.919973
VERTEX_POSE E173 -0.703002 0.330123 -0.800774 -0.598966 0.598966 -0.800774
VERTEX_POSE E174 0.881672 -0.626785 0.948209 0.317648 0.317648 -0.948209
VERTEX_POSE E175 0.105881 -0.306971 -0.949894 -0.312573 0.312573 -0.949894
VERTEX_POSE E176 0.246614 -0.766415 -0.805322 -0.592837 0.592837 -0.805322
VERTEX_POSE E177 -0.612034 0.499344 -0.994390 0.105776 0.105776 0.994390
VERTEX_POSE E178 -0.627752 -0.173736 -0.623264 0.782012 0.782012 0.623264
VERTEX_POSE E179 0.162778 0.983760 0.999425 -0.033918 0.033918 0.999425
VERTEX_POSE E180 0.372691 -0.303759 -0.466276 -0.884639 -0.884639 0.466276
VERTEX_POSE E181 -0.728749 0.539464 -0.258630 0.965976 0.965976 0.258630
VERTEX_POSE E182 -0.513795 -0.421650 -0.336536 0.941671 -0.941671 -0.336536
VERTEX_POSE E183 -0.551235 0.528368 -0.826255 0.563297 -0.563297 -0.826255
VERTEX_POSE E184 -0.013985 -0.879289 -0.990399 0.138236 -0.138236 -0.990399
VERTEX_POSE E185 -0.060317 -0.983985 0.718007 -0.696036 0.696036 0.718007
VERTEX_POSE E186 0.725575 -0.758356 -0.480470 -0.877011 0.877011 -0.480470
VERTEX_POSE E187 -0.934786 0.573083 -0.126415 -0.991977 0.991977 -0.126415
VERTEX_POSE E188 -0.296516 -0.562664 0.947670 0.319251 -0.319251 0.947670
VERTEX_POSE E189 -0.515055 0.840374 0.992321 0.123688 0.123688 -0.992321
VERTEX_POSE E190 0.293336 0.226780 -0.433818 0.901000 0.901000 0.433818
VERTEX_POSE E191 -0.591219 -0.534572 -0.291958 -0.956431 -0.956431 0.291958
VERTEX_POSE E192 0.445207 0.840075 -0.999698 0.024560 -0.024560 -0.999698
VERTEX_POSE E193 -0.490704 -0.107925 -0.795415 -0.606066 0.606066 -0.795415
VERTEX_POSE E194 -0.374719 -0.619315 -0.266425 0.963856 -0.963856 -0.266425
VERTEX_POSE E195 -0.717339 0.977953 0.998957 0.045651 0.045651 -0.998957
VERTEX_POSE E196 0.780662 -0.310300 -0.872306 -0.488961 0.488961 -0.872306
VERTEX_POSE E197 0.083826 0.651370 0.772775 -0.634680 0.634680 0.772775
VERTEX_POSE E198 -0.591662 0.352689 -0.021767 0.999763 0.999763 0.021767
VERTEX_POSE E199 -0.993291 -0.243525 -0.688390 0.725340 -0.725340 -0.688390
VERTEX_POSE E200 -0.945952 0.193252 -0.581653 0.813437 -0.813437 -0.581653
VERTEX_POSE E201 -0.377821 -0.348508 -0.145549 0.989351 -0.989351 -0.145549
VERTEX_POSE E202 -0.619899 -0.197815 -0.642189 0.766546 0.766546 0.642189
VERTEX_POSE E203 0.371446 0.768867 -0.694974 -0.719035 0.719035 -0.694974
VERTEX_POSE E204 -0.080823 0.981615 -0.240410 0.970671 0.970671 0.240410
VERTEX_POSE E205 -0.738227 0.175400 -0.414895 0.909869 -0.909869 -0.414895
VERTEX_POSE E206 -0.522674 -0.538105 -0.015914 0.999873 -0.999873 -0.015914
VERTEX_POSE E207 -0.834209 -0.784800 -0.978482 -0.206333 -0.206333 0.978482
VERTEX_POSE E208 -0.350261 -0.325256 0.393565 -0.919297 0.919297 0.393565
VERTEX_POSE E209 -0.150426 0.288160 0.978390 -0.206766 0.206766 0.978390
VERTEX_POSE E210 0.328569 -0.801040 -0.166374 0.986063 0.986063 0.166374
VERTEX_POSE E211 -0.977570 0.370985 0.850066 -0.526676 0.526676 0.850066
VERTEX_POSE E212 0.120824 -0.172377 0.972132 0.234436 -0.234436 0.972132
VERTEX_POSE E213 0.814774 -0.222689 0.235364 -0.971907 0.971907 0.235364
VERTEX_POSE E214 -0.528805 -0.100647 0.643071 -0.765807 -0.765807 -0.643071
VERTEX_POSE E215 -0.893160 -0.051666 0.912576 0.408907 -0.408907 0.912576
VERTEX_POSE E216 -0.245543 -0.206675 0.980746 -0.195286 0.195286 0.980746
VERTEX_POSE E217 -0.803229 0.140998 0.931008 -0.364998 -0.364998 -0.931008
VERTEX_POSE E218 -0.827947 -0.478583 -0.840068 0.542481 -0.542481 -0.840068
VERTEX_POSE E219 0.457941 0.230661 -0.547595 0.836744 -0.836744 -0.547595
VERTEX_POSE E220 -0.318285 -0.018628 -0.083865 0.996477 0.996477 0.083865
VERTEX_POSE E221 0.465389 0.748197 0.948355 -0.317209 -0.317209 -0.948355
VERTEX_POSE E222 0.866722 0.696089 0.567825 0.823149 -0.823149 0.567825
VERTEX_POSE E223 -0.873077 -0.178553 0.725160 -0.688580 0.688580 0.725160
VERTEX_POSE E224 0.974685 -0.359727 -0.942757 0.333480 -0.333480 -0.942757
VERTEX_POSE E225 -0.507996 -0.923226 -0.586045 -0.810278 0.810278 -0.586045
VERTEX_POSE E226 -0.590417 -0.200600 0.795262 -0.606266 0.606266 0.795262
VERTEX_POSE E227 0.755348 0.329973 0.968751 -0.248037 -0.248037 -0.968751
VERTEX_POSE E228 0.575830 0.728143 0.768181 0.640233 0.640233 -0.768181
VERTEX_POSE E229 -0.182078 -0.847911 0.607204 -0.794546 -0.794546 -0.607204
VERTEX_POSE E230 0.762056 -0.913552 0.998040 -0.062581 0.062581 0.998040
VERTEX_POSE E231 0.629878 -0.078605 -0.976692 -0.214644 -0.214644 0.976692
VERTEX_POSE E232 0.440101 -0.196419 0.553181 -0.833061 0.833061 0.553181
VERTEX_POSE E233 -0.857842 -0.111367 -0.999799 -0.020050 0.020050 -0.999799
VERTEX_POSE E234 0.001323 -0.309738 0.787030 -0.616915 0.616915 0.787030
VERTEX_POSE E235 -0.640722 -0.214804 -0.925804 -0.378005 -0.378005 0.925804
VERTEX_POSE E236 -0.596069 -0.935967 -0.998980 -0.045145 -0.045145 0.998980
VERTEX_POSE E237 0.478649 0.152157 0.285209 0.958465 0.958465 -0.285209
VERTEX_POSE E238 -0.474931 0.000397 0.676500 -0.736442 0.736442 0.676500
VERTEX_POSE E239 0.053670 -0.261223 -0.823370 0.567505 -0.567505 -0.823370
VERTEX_POSE E240 -0.671777 -0.559683 -0.988500 0.151222 0.151222 0.988500
VERTEX_POSE E241 0.853639 0.199357 0.255840 -0.966719 0.966719 0.255840
VERTEX_POSE E242 0.076100 -0.890238 -0.999977 0.006769 -0.006769 -0.999977
VERTEX_POSE E243 0.449048 0.267941 -0.016459 -0.999865 -0.999865 0.016459
VERTEX_POSE E244 0.668413 0.976667 0.019190 0.999816 -0.999816 0.019190
VERTEX_POSE E245 0.547296 0.009115 -0.918873 -0.394553 -0.394553 0.918873
VERTEX_POSE E246 0.555888 -0.783725 -0.960984 0.276604 0.276604 0.960984
VERTEX_POSE E247 -0.577131 -0.230008 0.991333 -0.131375 -0.131375 -0.991333
VERTEX_POSE E248 0.744066 -0.849887 0.672200 0.740370 -0.740370 0.672200
VERTEX_POSE E249 0.727941 -0.262308 -0.909083 0.416614 -0.416614 -0.909083
VERTEX_POSE E250 0.880810 -0.999347 -0.341859 -0.939751 0.939751 -0.341859
VERTEX_POSE E251 -0.574218 0.131485 0.166620 0.986021 0.986021 -0.166620
VERTEX_POSE E252 0.193330 -0.514110 -0.962898 -0.269866 -0.269866 0.962898
VERTEX_POSE E253 0.747532 0.696742 0.862811 -0.505526 -0.505526 -0.862811
VERTEX_POSE E254 -0.447296 0.952932 0.769229 0.638973 0.638973 -0.769229
VERTEX_POSE E255 0.168015 0.126162 -0.400879 -0.916131 -0.916131 0.400879
VERTEX_POSE E256 -0.760464 0.773516 -0.986255 -0.165231 0.165231 -0.986255
VERTEX_POSE E257 -0.037712 -0.247668 -0.973127 0.230271 0.230271 0.973127
VERTEX_POSE E258 -0.076637 -0.543865 0.947556 0.319590 -0.319590 0.947556
VERTEX_POSE E259 0.815366 0.501659 -0.505572 -0.862785 -0.862785 0.505572
VERTEX_POSE E260 0.780209 -0.095579 0.715338 0.698779 0.698779 -0.715338
VERTEX_POSE E261 -0.314581 -0.457417 -0.966256 0.257584 -0.257584 -0.966256
VERTEX_POSE E262 0.445243 -0.576946 -0.136728 -0.990609 0.990609 -0.136728
VERTEX_POSE E263 0.220311 0.708002 0.699382 -0.714748 -0.714748 -0.699382
VERTEX_POSE E264 -0.172423 0.431217 -0.825902 -0.563814 0.563814 -0.825902
VERTEX_POSE E265 -0.553433 0.113316 0.709587 0.704618 -0.704618 0.709587
VERTEX_POSE E266 0.579589 -0.506802 -0.853651 -0.520845 0.520845 -0.853651
VERTEX_POSE E267 0.231508 0.495250 -0.832912 -0.553406 0.553406 -0.832912
VERTEX_POSE E268 0.925216 -0.734526 0.155479 -0.987839 -0.987839 -0.155479
VERTEX_POSE E269 -0.895342 0.493595 0.720955 0.692982 -0.692982 0.720955
VERTEX_POSE E270 -0.714822 -0.765973 -0.346103 -0.938196 0.938196 -0.346103
VERTEX_POSE E271 -0.746561 -0.294209 0.688494 -0.725242 -0.725242 -0.688494
VERTEX_POSE E272 0.958297 -0.307048 -0.665188 0.746676 0.746676 0.665188
VERTEX_POSE E273 0.361278 -0.656211 0.998378 -0.056925 0.056925 0.998378
VERTEX_POSE E274 0.702487 0.973732 -0.089170 -0.996016 0.996016 -0.089170
VERTEX_POSE E275 0.626709 -0.330381 0.134815 0.990871 0.990871 -0.134815
VERTEX_POSE E276 -0.091426 0.352904 -0.924098 0.382155 -0.382155 -0.924098
VERTEX_POSE E277 0.258375 -0.809993 0.095285 0.995450 -0.995450 0.095285
VERTEX_POSE E278 -0.950421 0.439612 0.795926 0.605394 0.605394 -0.795926
VERTEX_POSE E279 -0.347360 0.503018 0.824831 -0.565380 -0.565380 -0.824831
VERTEX_POSE E280 -0.013684 -0.072301 0.670636 -0.741787 0.741787 0.670636
VERTEX_POSE E281 0.930389 0.440265 0.271336 0.962485 -0.962485 0.271336
VERTEX_POSE E282 0.078422 -0.365497 0.742654 -0.669675 0.669675 0.742654
VERTEX_POSE E283 -0.820354 0.413588 -0.997585 0.069455 0.069455 0.997585
VERTEX_POSE E284 0.677921 0.137007 0.512186 -0.858875 0.858875 0.512186
VERTEX_POSE E285 0.631127 -0.412565 -0.751503 0.659730 -0.659730 -0.751503
VERTEX_POSE E286 0.347661 -0.460250 -0.277934 0.960600 -0.960600 -0.277934
VERTEX_POSE E287 0.917457 -0.089477 -0.994700 0.102820 0.102820 0.994700
VERTEX_POSE E288 -0.406586 0.339767 0.537089 0.843526 -0.843526 0.537089
VERTEX_POSE E289 -0.728976 -0.004115 0.624136 -0.781315 0.781315 0.624136
VERTEX_POSE E290 0.732822 -0.587818 -0.107433 0.994212 -0.994212 -0.107433
VERTEX_POSE E291 -0.626376 -0.755812 -0.007465 0.999972 -0.999972 -0.007465
VERTEX_POSE E292 -0.043557 0.538469 0.250957 0.967998 0.967998 -0.250957
VERTEX_POSE E293 0.178066 -0.164764 -0.402297 -0.915509 -0.915509 0.402297
VERTEX_POSE E294 0.593934 0.952190 0.080087 -0.996788 0.996788 0.080087
VERTEX_POSE E295 0.784020 -0.030314 0.058574 -0.998283 0.998283 0.058574
VERTEX_POSE E296 0.624632 0.948552 0.845394 -0.534143 -0.534143 -0.845394
VERTEX_POSE E297 0.173523 -0.554612 -0.946109 -0.323848 0.323848 -0.946109
VERTEX_POSE E298 0.015528 -0.535065 0.051093 -0.998694 0.998694 0.051093
VERTEX_POSE E299 0.549848 -0.785974 -0.670879 -0.741567 0.741567 -0.670879
VERTEX_POSE E300 0.278181 0.938984 -0.292398 -0.956297 0.956297 -0.292398
VERTEX_POSE E301 0.300706 -0.301038 -0.998405 0.056456 -0.056456 -0.998405
VERTEX_POSE E302 0.803287 -0.080183 -0.459948 -0.887946 0.887946 -0.459948
VERTEX_POSE E303 0.236478 -0.368064 0.368239 -0.929731 0.929731 0.368239
VERTEX_POSE E304 -0.338016 0.042751 -0.282093 0.959387 -0.959387 -0.282093
VERTEX_POSE E305 0.505774 -0.106452 0.709999 0.704202 0.704202 -0.709999
VERTEX_POSE E306 -0.136813 0.301555 0.593784 0.804624 -0.804624 0.593784
VERTEX_POSE E307 0.570558 -0.604344 -0.957414 0.288720 0.288720 0.957414
VERTEX_POSE E308 -0.235851 0.083555 0.970827 -0.239781 -0.239781 -0.970827
VERTEX_POSE E309 -0.087234 -0.258833 0.799834 -0.600222 0.600222 0.799834
VERTEX_POSE E310 -0.776801 0.898673 -0.940505 -0.339780 -0.339780 0.940505
VERTEX_POSE E311 0.750465 -0.988746 0.158949 0.987287 -0.987287 0.158949
VERTEX_POSE E312 -0.156845 -0.818568 0.946155 0.323712 0.323712 -0.946155
VERTEX_POSE E313 0.301621 -0.466824 -0.030918 -0.999522 0.999522 -0.030918
VERTEX_POSE E314 0.930111 0.424842 0.948183 0.317726 -0.317726 0.948183
VERTEX_POSE E315 -0.478924 0.318439 0.159791 -0.987151 0.987151 0.159791
VERTEX_POSE E316 -0.067252 0.120611 0.998678 -0.051398 0.051398 0.998678
VERTEX_POSE E317 0.277772 0.964593 -0.687095 -0.726567 -0.726567 0.687095
VERTEX_POSE E318 -0.561467 -0.771038 0.884726 -0.466112 -0.466112 -0.884726
VERTEX_POINT L6 0.526162 -0.539622
VERTEX_POINT L7 0.548796 -0.039522
VERTEX_POINT L8 -0.828645 -0.358857
VERTEX_POINT L9 0.899786 -0.295434
VERTEX_POINT L10 -0.494761 -0.501053
VERTEX_POINT L11 0.349420 0.476379
VERTEX_POINT L12 0.493720 -0.343244
VERTEX_POINT L13 -0.710740 0.468632
VERTEX_POINT L14 -0.025948 0.424931
VERTEX_POINT L15 -0.332757 0.102144
VERTEX_POINT L16 0.304788 0.933568
VERTEX_POINT L17 -0.476100 0.638957
VERTEX_POINT L18 0.945424 0.041128
VERTEX_POINT L19 -0.394506 -0.367470
VERTEX_POINT L20 -0.672812 -0.441226
VERTEX_BEARING C4 B3 -0.688675 -0.725070
VERTEX_BEARING C5 B4 -0.716997 -0.697076
VERTEX_BEARING C6 B5 -0.111336 0.993783
VERTEX_BEARING C7 B6 0.846754 -0.531985
VERTEX_BEARING C8 B7 0.535620 -0.844459
VERTEX_BEARING C10 B8 -0.564576 0.825381
VERTEX_BEARING C11 B10 0.491488 0.870884
VERTEX_BEARING C12 B11 0.839856 -0.542809
VERTEX_BEARING C13 B12 -0.052430 0.998625
VERTEX_BEARING C15 B13 0.005607 -0.999984
VERTEX_BEARING C19 B14 0.536251 -0.844059
VERTEX_BEARING C21 B15 -0.915749 0.401751
VERTEX_BEARING C23 B16 0.688992 0.724769
VERTEX_BEARING C25 B17 0.748405 0.663242
VERTEX_BEARING C26 B18 0.127172 -0.991881
VERTEX_BEARING C27 B19 -0.533737 -0.845651
VERTEX_BEARING C28 B20 0.878105 -0.478467
VERTEX_BEARING C30 B21 -0.498782 0.866727
VERTEX_BEARING C32 B22 0.636435 -0.771330
VERTEX_BEARING C33 B23 -0.683944 -0.729534
VERTEX_BEARING C34 B24 0.997515 -0.070448
VERTEX_BEARING C35 B25 0.603164 0.797617
VERTEX_BEARING C36 B26 0.909389 0.415946
VERTEX_BEARING C37 B27 -0.719779 -0.694203
VERTEX_BEARING C38 B28 -0.696763 -0.717302
VERTEX_BEARING C39 B29 0.675611 -0.737258
VERTEX_BEARING C40 B30 -0.648366 -0.761329
VERTEX_BEARING C41 B31 -0.928156 -0.372191
VERTEX_BEARING C42 B32 0.682658 0.730738
VERTEX_BEARING C43 B33 -0.773181 -0.634186
VERTEX_BEARING C44 B34 0.938907 0.344170
VERTEX_BEARING C45 B35 -0.780580 -0.625056
VERTEX_BEARING C46 B36 -0.800094 -0.599874
VERTEX_BEARING C47 B37 -0.961792 -0.273780
VERTEX_BEARING C48 B38 -0.855328 0.518086
VERTEX_BEARING C49 B39 0.991820 0.127645
VERTEX_BEARING C50 B40 0.145551 -0.989351
VERTEX_BEARING C52 B41 -0.995471 0.095067
VERTEX_BEARING C54 B42 0.556224 0.831032
VERTEX_BEARING C55 B43 0.934693 -0.355455
VERTEX_BEARING C56 B44 0.925811 0.377987
VERTEX_BEARING C57 B45 -0.309082 -0.951036
VERTEX_BEARING C58 B46 -0.555521 0.831503
VERTEX_BEARING C59 B47 -0.577481 -0.816404
VERTEX_BEARING C60 B48 -0.807345 0.590079
VERTEX_BEARING C61 B49 0.600943 -0.799292
VERTEX_BEARING C62 B50 0.841351 -0.540488
VERTEX_BEARING C63 B51 0.676525 -0.736419
VERTEX_BEARING C64 B52 0.783939 -0.620838
VERTEX_BEARING C65 B53 -0.728813 0.684713
VERTEX_BEARING C66 B54 0.848121 -0.529803
VERTEX_BEARING C75 B55 0.878308 0.478096
VERTEX_BEARING C76 B56 0.905365 -0.424635
VERTEX_BEARING C77 B57 0.182290 0.983245
VERTEX_BEARING C78 B58 -0.645459 -0.763795
VERTEX_BEARING C79 B59 -0.917123 -0.398604
VERTEX_BEARING C80 B60 -0.743377 -0.668873
VERTEX_BEARING C81 B61 -0.546687 -0.837337
VERTEX_BEARING C82 B62 -0.749746 0.661726
VERTEX_BEARING C83 B63 -0.758750 -0.651382
VERTEX_BEARING C84 B64 -0.592008 -0.805932
VERTEX_BEARING C85 B65 -0.902174 -0.431373
VERTEX_BEARING C86 B66 -0.901259 0.433280
VERTEX_BEARING C87 B67 -0.754464 0.656342
VERTEX_BEARING C88 B68 -0.205347 0.978689
VERTEX_BEARING C89 B69 0.605026 -0.796206
VERTEX_BEARING B110 C101 -0.452667 -0.891680
VERTEX_BEARING B111 C102 0.796706 -0.604367
VERTEX_BEARING B112 C103 0.923990 0.382418
VERTEX_BEARING B113 C104 0.813888 0.581022
VERTEX_BEARING B114 C105 0.996562 -0.082850
VERTEX_BEARING B115 C106 -0.046206 -0.998932
VERTEX_BEARING B116 C107 -0.490897 0.871218
VERTEX_BEARING B117 C108 -0.958612 -0.284716
VERTEX_BEARING B118 C109 0.991671 0.128800
VERTEX_BEARING B119 C110 -0.500523 0.865723
VERTEX_BEARING B120 C111 0.980867 0.194679
VERTEX_BEARING B121 C112 0.004387 0.999990
VERTEX_BEARING B122 C113 -0.674210 0.738539
VERTEX_BEARING B123 C114 0.902928 0.429793
VERTEX_BEARING B124 C116 0.969216 0.246211
VERTEX_BEARING D29 E112 -0.668886 -0.743365
VERTEX_BEARING D32 E113 0.326216 -0.945295
VERTEX_BEARING D33 E114 0.691132 0.722728
VERTEX_BEARING D34 E115 0.392218 0.919872
VERTEX_BEARING D35 E116 0.587745 -0.809046
VERTEX_BEARING D36 E117 0.720897 -0.693042
VERTEX_BEARING D37 E118 0.665160 -0.746701
VERTEX_BEARING D38 E119 0.969167 -0.246404
VERTEX_BEARING D39 E120 -0.718944 0.695068
VERTEX_BEARING D40 E121 0.854669 -0.519174
VERTEX_BEARING D41 E122 -0.846410 0.532531
VERTEX_BEARING D42 E123 -0.575763 -0.817616
VERTEX_BEARING D43 E124 -0.449387 0.893337
VERTEX_BEARING D44 E125 0.563297 -0.826254
VERTEX_BEARING D45 E126 0.433076 0.901357
VERTEX_BEARING D46 E127 -0.663822 0.747891
VERTEX_BEARING D47 E128 0.874768 -0.484543
VERTEX_BEARING D48 E129 0.390078 -0.920782
VERTEX_BEARING D49 E130 -0.993585 0.113086
VERTEX_BEARING D50 E131 0.707129 -0.707085
VERTEX_BEARING D51 E132 0.923043 0.384698
VERTEX_BEARING D52 E133 0.089689 0.995970
VERTEX_BEARING D53 E134 -0.528704 0.848806
VERTEX_BEARING D54 E135 0.541493 0.840705
VERTEX_BEARING D55 E136 -0.445167 -0.895448
VERTEX_BEARING D56 E137 0.984431 0.175771
VERTEX_BEARING D57 E138 0.985394 0.170290
VERTEX_BEARING D58 E139 0.871606 -0.490208
VERTEX_BEARING D59 E140 0.925898 -0.377773
VERTEX_BEARING D61 E141 0.320065 -0.947395
VERTEX_BEARING D62 E142 0.598628 0.801027
VERTEX_BEARING D63 E143 -0.982091 -0.188406
VERTEX_BEARING D64 E144 -0.999680 0.025310
VERTEX_BEARING D65 E145 0.473100 0.881009
VERTEX_BEARING D66 E146 0.660597 -0.750741
VERTEX_BEARING D67 E147 0.735107 0.677951
VERTEX_BEARING D68 E148 -0.036139 0.999347
VERTEX_BEARING D69 E149 0.225586 -0.974223
VERTEX_BEARING D70 E150 0.586785 -0.809743
VERTEX_BEARING D71 E151 0.465957 0.884807
VERTEX_BEARING D72 E152 -0.346832 0.937927
VERTEX_BEARING D73 E153 0.778789 0.627286
VERTEX_BEARING D74 E154 0.693418 0.720535
VERTEX_BEARING D75 E155 0.974443 -0.224634
VERTEX_BEARING D76 E156 0.349347 -0.936993
VERTEX_BEARING D77 E157 0.289226 0.957261
VERTEX_BEARING D78 E158 0.932115 -0.362163
VERTEX_BEARING D79 E159 0.573801 -0.818995
VERTEX_BEARING D80 E160 -0.447128 0.894470
VERTEX_BEARING A11 C14 0.795194 0.606355
VERTEX_BEARING A13 C18 0.516442 -0.856322
VERTEX_BEARING A14 C20 0.999951 -0.009904
VERTEX_BEARING A17 C24 0.118470 0.992958
VERTEX_BEARING A19 C26 0.798498 -0.601998
VERTEX_BEARING A20 C27 0.969819 -0.243825
VERTEX_BEARING A22 C29 0.695070 0.718942
VERTEX_BEARING A23 C31 0.088753 0.996054
VERTEX_BEARING A137 C90 -0.209942 0.977714
VERTEX_BEARING A141 C91 0.735822 -0.677175
VERTEX_BEARING A142 C92 -0.206770 -0.978389
VERTEX_BEARING A143 C93 0.857873 -0.513862
VERTEX_BEARING A144 C94 0.217134 -0.976142
VERTEX_BEARING A145 C95 -0.989448 0.144891
VERTEX_BEARING A146 C96 -0.846974 0.531634
VERTEX_BEARING A173 C97 -0.672732 0.739886
VERTEX_BEARING A174 C98 -0.791217 0.611535
VERTEX_BEARING A175 C99 0.999706 0.024267
VERTEX_BEARING A176 C100 0.728010 0.685566
VERTEX_BEARING C132 A205 0.379657 -0.925127
VERTEX_BEARING A212 C151 0.695402 0.718621
VERTEX_BEARING A213 C153 -0.928699 -0.370834
VERTEX_BEARING A214 C156 -0.755644 0.654983
VERTEX_BEARING A215 C158 0.906603 0.421985
VERTEX_BEARING A216 C159 -0.866496 -0.499184
VERTEX_BEARING E0 C0 0.890744 -0.454506
VERTEX_BEARING E1 C1 -0.838309 0.545195
VERTEX_BEARING E2 C2 0.734887 -0.678189
VERTEX_BEARING E3 C3 0.912268 0.409595
VERTEX_BEARING E8 C7 0.775048 0.631903
VERTEX_BEARING E9 C9 -0.729148 -0.684356
VERTEX_BEARING E10 C10 0.998601 0.052878
VERTEX_BEARING E11 C11 0.281294 -0.959622
VERTEX_BEARING E13 C13 -0.964655 0.263517
VERTEX_BEARING E14 C14 -0.450222 -0.892916
VERTEX_BEARING E15 C16 -0.853339 -0.521357
VERTEX_BEARING E20 C22 0.463903 -0.885886
VERTEX_BEARING E229 C134 -0.525840 -0.850583
VERTEX_BEARING E263 C160 0.856365 -0.516371
VERTEX_BEARING E295 C172 -0.661847 -0.749639
VERTEX_BEARING E300 C178 -0.895559 -0.444942
VERTEX_BEARING E305 C184 -0.609376 -0.792881
VERTEX_BEARING E310 C190 -0.865199 -0.501428
VERTEX_BEARING A2 D0 0.724064 -0.689732
VERTEX_BEARING A3 D1 0.643902 0.765108
VERTEX_BEARING A4 D2 -0.438621 0.898672
VERTEX_BEARING A6 D3 0.740840 -0.671682
VERTEX_BEARING A7 D4 0.920820 0.389987
VERTEX_BEARING A8 D5 -0.999968 -0.007943
VERTEX_BEARING A9 D6 0.230603 0.973048
VERTEX_BEARING A11 D7 -0.020416 0.999792
VERTEX_BEARING A17 D8 0.831060 -0.556182
VERTEX_BEARING A20 D9 0.890626 -0.454736
VERTEX_BEARING A26 D10 0.156651 0.987654
VERTEX_BEARING A131 D11 0.321617 0.946870
VERTEX_BEARING A136 D12 -0.939751 0.341859
VERTEX_BEARING A138 D13 -0.237481 -0.971392
VERTEX_BEARING A139 D15 0.967412 -0.253207
VERTEX_BEARING A140 D17 0.827445 0.561547
VERTEX_BEARING D28 A152 -0.767814 0.640672
VERTEX_BEARING D29 A154 0.875423 -0.483357
VERTEX_BEARING D30 A155 -0.669251 0.743036
VERTEX_BEARING D31 A156 -0.889948 -0.456061
VERTEX_BEARING A259 D121 -0.990851 0.134961
VERTEX_BEARING A260 D122 -0.975060 0.221939
VERTEX_BEARING A265 D123 -0.844289 -0.535888
VERTEX_BEARING E252 B128 0.661990 0.749512
VERTEX_BEARING E253 B129 0.886068 0.463555
VERTEX_BEARING E254 B130 0.958166 -0.286213
VERTEX_BEARING E255 B131 0.756251 -0.654282
VERTEX_BEARING E256 B132 0.882664 0.470004
VERTEX_BEARING E257 B133 0.476284 0.879291
VERTEX_BEARING E258 B134 -0.997165 0.075249
VERTEX_BEARING E259 B135 -0.676249 -0.736673
VERTEX_BEARING E260 B136 -0.466338 -0.884607
VERTEX_BEARING E261 B137 -0.962145 -0.272539
VERTEX_BEARING E262 B138 -0.360628 0.932710
VERTEX_BEARING E263 B139 -0.818012 -0.575201
VERTEX_BEARING E264 B140 0.650856 -0.759201
VERTEX_BEARING E265 B141 0.983609 -0.180314
VERTEX_BEARING E266 B142 0.559232 -0.829011
VERTEX_BEARING E268 B143 -0.237461 0.971397
VERTEX_BEARING E269 B144 -0.038400 0.999262
VERTEX_BEARING E271 B145 0.884807 -0.465958
VERTEX_BEARING E272 B146 0.912468 0.409149
VERTEX_BEARING E273 B147 -0.997475 -0.071020
VERTEX_BEARING E274 B148 0.564052 -0.825739
VERTEX_BEARING E275 B149 -0.467447 0.884021
VERTEX_BEARING E279 B150 -0.809457 0.587179
VERTEX_BEARING E280 B151 0.625083 0.780559
VERTEX_BEARING E281 B152 0.865884 0.500245
VERTEX_BEARING E282 B153 0.743413 -0.668833
VERTEX_BEARING E283 B154 0.762130 0.647424
VERTEX_BEARING E284 B155 0.263895 0.964551
VERTEX_BEARING E288 B157 -0.656248 0.754545
VERTEX_BEARING E289 B158 0.983255 -0.182234
VERTEX_BEARING E292 B159 0.802341 -0.596866
VERTEX_BEARING E293 B160 -0.897850 0.440301
VERTEX_BEARING E294 B161 0.594772 -0.803894
VERTEX_BEARING E295 B162 0.000771 1.000000
VERTEX_BEARING A12 E16 -0.772380 0.635161
VERTEX_BEARING A13 E17 0.623105 0.782138
VERTEX_BEARING E18 A14 -0.976713 -0.214548
VERTEX_BEARING A15 E19 -0.560259 -0.828317
VERTEX_BEARING E20 A16 0.679557 0.733623
VERTEX_BEARING A17 E21 -0.907915 0.419153
VERTEX_BEARING E22 A18 -0.486831 0.873496
VERTEX_BEARING A20 E23 -0.779427 0.626493
VERTEX_BEARING E24 A21 0.329895 0.944018
VERTEX_BEARING E26 A24 -0.685052 0.728495
VERTEX_BEARING A25 E27 0.633502 -0.773741
VERTEX_BEARING A26 E30 -0.316937 0.948447
VERTEX_BEARING E31 A27 0.849890 0.526961
VERTEX_BEARING A28 E32 -0.572358 -0.820004
VERTEX_BEARING A29 E34 -0.941166 -0.337944
VERTEX_BEARING A32 E37 0.635452 -0.772140
VERTEX_BEARING A33 E38 -0.994108 -0.108397
VERTEX_BEARING A34 E40 0.936597 -0.350407
VERTEX_BEARING A38 E44 0.789045 -0.614336
VERTEX_BEARING A39 E46 -0.842933 -0.538019
VERTEX_BEARING A40 E48 0.452279 -0.891877
VERTEX_BEARING A48 E56 0.292398 0.956297
VERTEX_BEARING A61 E68 -0.998081 -0.061925
VERTEX_BEARING A64 E71 0.028511 -0.999593
VERTEX_BEARING A70 E76 -0.987934 -0.154874
VERTEX_BEARING A74 E77 0.016787 -0.999859
VERTEX_BEARING A75 E78 -0.088222 -0.996101
VERTEX_BEARING A76 E79 -0.962114 0.272648
VERTEX_BEARING A77 E80 0.774732 0.632290
VERTEX_BEARING A78 E81 -0.973578 0.228353
VERTEX_BEARING A79 E82 0.216477 -0.976288
VERTEX_BEARING A80 E83 0.997844 0.065630
VERTEX_BEARING A81 E84 -0.953944 -0.299986
VERTEX_BEARING A82 E85 0.656959 0.753926
VERTEX_BEARING A83 E86 -0.500544 0.865711
VERTEX_BEARING A84 E87 0.748577 -0.663048
VERTEX_BEARING A85 E88 -0.829331 -0.558757
VERTEX_BEARING A86 E89 0.993092 0.117338
VERTEX_BEARING A87 E90 0.682322 0.731052
VERTEX_BEARING A88 E91 0.439591 -0.898198
VERTEX_BEARING A89 E92 -0.878212 -0.478272
VERTEX_BEARING A90 E93 0.536508 -0.843895
VERTEX_BEARING A91 E94 -0.668321 0.743873
VERTEX_BEARING A94 E95 0.505231 0.862984
VERTEX_BEARING A95 E96 0.816936 -0.576728
VERTEX_BEARING A96 E97 -0.883979 -0.467526
VERTEX_BEARING A98 E98 -0.416501 -0.909135
VERTEX_BEARING A103 E99 -0.869313 0.494262
VERTEX_BEARING A104 E100 0.939893 0.341469
VERTEX_BEARING A105 E101 -0.619974 -0.784623
VERTEX_BEARING A106 E102 -0.535672 -0.844426
VERTEX_BEARING A107 E103 0.227492 0.973780
VERTEX_BEARING A108 E104 0.651022 0.759059
VERTEX_BEARING E207 A186 -0.792471 0.609909
VERTEX_BEARING E208 A187 -0.655192 0.755462
VERTEX_BEARING E209 A188 -0.977390 -0.211446
VERTEX_BEARING E210 A189 0.880483 0.474078
VERTEX_BEARING E211 A190 0.784480 -0.620154
VERTEX_BEARING E212 A191 -0.677922 -0.735134
VERTEX_BEARING E213 A192 0.955113 -0.296241
VERTEX_BEARING E214 A193 0.662269 0.749266
VERTEX_BEARING E215 A194 0.501943 -0.864901
VERTEX_BEARING E216 A195 0.217024 0.976166
VERTEX_BEARING E217 A196 0.936871 -0.349676
VERTEX_BEARING E218 A197 -0.403147 -0.915135
VERTEX_BEARING E219 A198 0.789664 0.613540
VERTEX_BEARING E220 A199 0.999650 0.026436
VERTEX_BEARING E221 A200 -0.361300 -0.932450
VERTEX_BEARING E223 A201 0.557112 -0.830438
VERTEX_BEARING E224 A202 0.999695 0.024697
VERTEX_BEARING E225 A203 -0.891618 -0.452789
VERTEX_BEARING E226 A204 0.849139 0.528169
VERTEX_BEARING E227 A206 -0.261138 0.965302
VERTEX_BEARING E228 A207 -0.786555 -0.617520
VERTEX_BEARING E230 A208 -0.925612 -0.378474
VERTEX_BEARING E232 A209 -0.626475 -0.779442
VERTEX_BEARING E233 A210 -0.913780 0.406208
VERTEX_BEARING E234 A211 0.852320 0.523020
VERTEX_BEARING E266 A226 -0.599632 0.800276
VERTEX_BEARING E311 A266 -0.629431 -0.777056
VERTEX_BEARING A0 B0 -0.762616 0.646851
VERTEX_BEARING A1 B1 -0.084298 -0.996441
VERTEX_BEARING A2 B2 0.730360 -0.683062
VERTEX_BEARING A3 B3 0.747502 0.664259
VERTEX_BEARING A8 B9 0.967645 0.252314
VERTEX_BEARING A245 B156 0.770904 -0.636952
