VERTEX_POSE A0 0.443962 -0.333264 0.983049 -0.183345 0.183345 0.983049
VERTEX_POSE A1 -0.584644 0.297986 -0.999856 0.016958 -0.016958 -0.999856
VERTEX_POSE A2 0.547847 0.150209 -0.760990 0.648763 0.648763 0.760990
VERTEX_POSE A3 -0.754840 0.545541 0.834725 -0.550667 0.550667 0.834725
VERTEX_POSE A4 -0.055931 0.340993 -0.289150 -0.957284 -0.957284 0.289150
VERTEX_POSE A5 -0.500394 -0.822314 0.833775 -0.552105 0.552105 0.833775
VERTEX_POSE A6 -0.390260 0.511337 -0.865359 -0.501152 0.501152 -0.865359
VERTEX_POSE A7 -0.068890 -0.161695 0.947481 0.319813 -0.319813 0.947481
VERTEX_POSE A8 -0.469228 0.478699 0.702874 0.711314 0.711314 -0.702874
VERTEX_POSE A9 -0.203687 -0.691820 -0.720648 0.693301 0.693301 0.720648
VERTEX_POSE A10 -0.655370 0.358887 -0.995527 -0.094475 0.094475 -0.995527
VERTEX_POSE A11 0.425836 -0.793485 -0.991895 0.127058 0.127058 0.991895
VERTEX_POSE A12 -0.361764 -0.025757 0.939582 -0.342323 0.342323 0.939582
VERTEX_POSE A13 -0.056778 0.732473 0.831084 -0.556147 -0.556147 -0.831084
VERTEX_POSE A14 0.422368 0.095035 -0.944463 0.328619 -0.328619 -0.944463
VERTEX_POSE A15 -0.033003 -0.238859 0.990631 0.136567 0.136567 -0.990631
VERTEX_POSE A16 0.851092 0.674077 -0.497771 -0.867309 -0.867309 0.497771
VERTEX_POSE A17 0.770002 -0.300282 -0.953867 -0.300231 -0.300231 0.953867
VERTEX_POSE A18 -0.773906 -0.586652 0.000969 1.000000 -1.000000 0.000969
VERTEX_POSE A19 -0.205822 0.483810 0.705929 0.708282 0.708282 -0.705929
VERTEX_POSE A20 -0.623658 -0.645932 -0.325318 -0.945605 0.945605 -0.325318
VERTEX_POSE A21 0.538972 0.357238 0.379141 0.925339 -0.925339 0.379141
VERTEX_POSE A22 0.359142 0.966867 0.364579 0.931173 0.931173 -0.364579
VERTEX_POSE A23 -0.219260 0.512836 -0.995151 0.098358 -0.098358 -0.995151
VERTEX_POSE A24 0.298198 -0.814194 -0.575571 -0.817752 0.817752 -0.575571
VERTEX_POSE A25 -0.938887 -0.956368 -0.962143 0.272545 -0.272545 -0.962143
VERTEX_POSE A26 0.659403 -0.846528 -0.496292 -0.868156 -0.868156 0.496292
VERTEX_POSE A27 -0.468891 -0.597149 0.920466 0.390822 0.390822 -0.920466
VERTEX_POSE A28 -0.306228 0.036463 -0.613784 0.789474 0.789474 0.613784
VERTEX_POSE A29 -0.993077 0.497365 0.992796 0.119819 0.119819 -0.992796
VERTEX_POSE A30 0.212374 0.502247 -0.688875 0.724880 -0.724880 -0.688875
VERTEX_POSE A31 -0.862266 0.703198 -0.956141 0.292907 0.292907 0.956141
VERTEX_POSE A32 -0.577720 -0.204649 -0.998024 0.062834 0.062834 0.998024
VERTEX_POSE A33 -0.239779 -0.347545 0.962202 0.272338 0.272338 -0.962202
VERTEX_POSE A34 -0.617106 0.248739 -0.768472 0.639884 -0.639884 -0.768472
VERTEX_POSE A35 0.366349 -0.863656 -0.968614 0.248569 -0.248569 -0.968614
VERTEX_POSE A36 0.259828 -0.169858 0.639082 -0.769139 0.769139 0.639082
VERTEX_POSE A37 -0.007366 -0.239923 -0.803499 -0.595306 0.595306 -0.803499
VERTEX_POSE A38 -0.702541 -0.025351 0.730358 0.683065 -0.683065 0.730358
VERTEX_POSE A39 0.790599 -0.691159 0.795400 -0.606085 0.606085 0.795400
VERTEX_POSE A40 0.788947 0.068257 -0.995661 0.093053 0.093053 0.995661
VERTEX_POSE A41 -0.357911 -0.666464 0.138877 0.990310 0.990310 -0.138877
VERTEX_POSE A42 0.216436 -0.484644 0.998354 -0.057357 0.057357 0.998354
VERTEX_POSE A43 -0.572817 -0.957500 -0.853600 -0.520930 0.520930 -0.853600
VERTEX_POSE A44 0.585311 -0.933991 0.622605 -0.782536 0.782536 0.622605
VERTEX_POSE A45 -0.361196 0.610391 -0.997121 0.075824 -0.075824 -0.997121
VERTEX_POSE A46 0.394179 -0.196358 -0.810051 0.586359 -0.586359 -0.810051
VERTEX_POSE A47 0.436403 0.740086 -0.972635 -0.232339 -0.232339 0.972635
VERTEX_POSE A48 -0.591194 -0.689891 0.796951 -0.604044 -0.604044 -0.796951
VERTEX_POSE A49 0.620274 0.216989 -0.239326 0.970939 0.970939 0.239326
VERTEX_POSE A50 -0.769419 0.223896 0.849937 -0.526885 -0.526885 -0.849937
VERTEX_POSE A51 -0.214852 -0.335823 0.646957 0.762526 -0.762526 0.646957
VERTEX_POSE A52 0.159246 -0.425773 0.496653 0.867949 0.867949 -0.496653
VERTEX_POSE A53 0.589723 0.190763 -0.813333 -0.581798 0.581798 -0.813333
VERTEX_POSE A54 0.565889 -0.822987 -0.009223 0.999957 0.999957 0.009223
VERTEX_POSE A55 -0.542556 -0.239967 0.450474 0.892790 0.892790 -0.450474
VERTEX_POSE A56 0.650836 0.234395 -0.388887 -0.921285 -0.921285 0.388887
VERTEX_POSE A57 0.225291 -0.669516 -0.872283 -0.489001 0.489001 -0.872283
VERTEX_POSE A58 -0.011448 0.162884 0.990854 -0.134937 -0.134937 -0.990854
VERTEX_POSE A59 -0.655392 -0.729142 0.958947 -0.283585 -0.283585 -0.958947
VERTEX_POSE A60 0.232215 0.827849 0.856962 -0.515379 -0.515379 -0.856962
VERTEX_POSE A61 -0.799074 -0.334869 0.384562 0.923099 -0.923099 0.384562
VERTEX_POSE A62 -0.517657 0.974056 0.913265 -0.407367 0.407367 0.913265
VERTEX_POSE A63 0.654494 -0.376800 -0.741484 -0.670970 -0.670970 0.741484
VERTEX_POSE A64 -0.038852 0.317586 -0.454114 -0.890944 0.890944 -0.454114
VERTEX_POSE A65 -0.134763 0.222795 -0.824914 0.565258 0.565258 0.824914
VERTEX_POSE A66 0.020843 -0.240456 0.804518 0.593928 0.593928 -0.804518
VERTEX_POSE A67 -0.779025 -0.852272 -0.375718 -0.926734 0.926734 -0.375718
VERTEX_POSE A68 0.857871 0.982872 -0.319203 -0.947686 -0.947686 0.319203
VERTEX_POSE A69 0.318302 0.734193 -0.221078 -0.975256 0.975256 -0.221078
VERTEX_POSE A70 -0.988425 -0.543431 0.596027 -0.802965 -0.802965 -0.596027
VERTEX_POSE A71 0.646818 0.051129 0.983881 -0.178825 0.178825 0.983881
VERTEX_POSE A72 0.960392 -0.932271 -0.251998 -0.967728 -0.967728 0.251998
VERTEX_POSE A73 0.228010 -0.028076 0.479402 0.877595 0.877595 -0.479402
VERTEX_POSE A74 -0.925999 0.093629 0.514159 0.857695 0.857695 -0.514159
VERTEX_POSE A75 0.545703 -0.866262 -0.966242 -0.257635 0.257635 -0.966242
VERTEX_POSE A76 0.866814 -0.417684 -0.817393 -0.576080 -0.576080 0.817393
VERTEX_POSE A77 0.468180 0.897271 -0.767867 0.640609 0.640609 0.767867
VERTEX_POSE A78 -0.017894 0.873824 -0.962698 0.270579 0.270579 0.962698
VERTEX_POSE A79 -0.724379 -0.107576 -0.896021 0.444012 -0.444012 -0.896021
VERTEX_POSE A80 0.088454 0.114260 -0.772814 -0.634633 -0.634633 0.772814
VERTEX_POSE A81 0.212687 0.097720 0.211173 0.977449 -0.977449 0.211173
VERTEX_POSE A82 0.060769 0.556601 -0.765609 0.643306 0.643306 0.765609
VERTEX_POSE A83 -0.752300 0.688487 -0.699119 0.715005 -0.715005 -0.699119
VERTEX_POSE A84 -0.197590 -0.711516 0.999869 -0.016191 0.016191 0.999869
VERTEX_POSE A85 -0.373343 0.733614 0.979966 0.199166 -0.199166 0.979966
VERTEX_POSE A86 -0.294856 -0.551480 -0.091719 0.995785 -0.995785 -0.091719
VERTEX_POSE A87 -0.546754 0.522879 -0.078339 0.996927 0.996927 0.078339
VERTEX_POSE A88 0.851949 -0.935902 0.943616 -0.331041 -0.331041 -0.943616
VERTEX_POSE A89 0.693696 0.611404 0.627233 0.778831 0.778831 -0.627233
VERTEX_POSE A90 -0.202146 0.793736 -0.639296 0.768961 0.768961 0.639296
VERTEX_POSE A91 0.084163 0.891947 0.976892 -0.213734 -0.213734 -0.976892
VERTEX_POSE A92 0.894622 -0.723465 0.931539 -0.363641 -0.363641 -0.931539
VERTEX_POSE A93 0.280197 0.767792 -0.780530 -0.625118 -0.625118 0.780530
VERTEX_POSE A94 -0.261342 -0.484853 -0.758182 -0.652043 -0.652043 0.758182
VERTEX_POSE A95 -0.144230 0.594121 -0.084202 -0.996449 -0.996449 0.084202
VERTEX_POSE A96 -0.854566 -0.009413 0.998148 0.060829 0.060829 -0.998148
VERTEX_POSE A97 0.759501 0.274691 0.592305 0.805714 0.805714 -0.592305
VERTEX_POSE A98 0.076745 0.741849 0.234226 -0.972182 -0.972182 -0.234226
VERTEX_POSE A99 -0.996695 -0.026540 0.731089 -0.682282 0.682282 0.731089
VERTEX_POSE A100 0.077803 0.008884 0.476978 0.878915 0.878915 -0.476978
VERTEX_POSE A101 0.088319 -0.801583 -0.805775 -0.592222 0.592222 -0.805775
VERTEX_POSE A102 0.650123 -0.975411 -0.804017 0.594607 0.594607 0.804017
VERTEX_POSE A103 0.038194 0.076613 -0.584005 -0.811750 0.811750 -0.584005
VERTEX_POSE A104 -0.683670 0.170342 0.307838 -0.951439 0.951439 0.307838
VERTEX_POSE A105 0.724123 0.118218 0.010859 0.999941 0.999941 -0.010859
VERTEX_POSE A106 -0.416103 0.210351 0.917312 -0.398170 -0.398170 -0.917312
VERTEX_POSE A107 -0.816856 0.752657 -0.405668 0.914020 0.914020 0.405668
VERTEX_POSE A108 0.192304 0.015489 -0.950054 -0.312087 -0.312087 0.950054
VERTEX_POSE A109 0.566003 0.084175 -0.622957 -0.782256 -0.782256 0.622957
VERTEX_POSE A110 -0.541235 -0.354918 -0.510862 -0.859662 0.859662 -0.510862
VERTEX_POSE A111 -0.719242 -0.870251 -0.565522 -0.824733 0.824733 -0.565522
VERTEX_POSE A112 -0.221310 -0.818105 0.894690 -0.446688 0.446688 0.894690
VERTEX_POSE A113 0.519534 -0.798317 0.853124 -0.521707 0.521707 0.853124
VERTEX_POSE A114 -0.471542 0.818236 -0.260123 0.965576 0.965576 0.260123
VERTEX_POSE A115 0.581100 -0.529621 0.419631 -0.907695 0.907695 0.419631
VERTEX_POSE A116 -0.853809 0.935297 -0.751720 0.659482 0.659482 0.751720
VERTEX_POSE A117 0.233601 -0.733244 -0.239230 -0.970963 -0.970963 0.239230
VERTEX_POSE A118 -0.965654 0.993257 -0.340200 0.940353 -0.940353 -0.340200
VERTEX_POSE A119 0.998140 0.999395 0.280420 0.959878 0.959878 -0.280420
VERTEX_POSE A120 -0.072703 0.878160 0.290515 -0.956871 -0.956871 -0.290515
VERTEX_POSE A121 -0.167800 0.786993 0.485874 0.874029 0.874029 -0.485874
VERTEX_POSE A122 0.082303 0.891342 0.057990 0.998317 0.998317 -0.057990
VERTEX_POSE A123 -0.178081 -0.845305 0.428882 0.903361 0.903361 -0.428882
VERTEX_POSE A124 -0.887604 0.554785 0.978352 0.206949 -0.206949 0.978352
VERTEX_POSE A125 0.820960 -0.593511 0.658267 -0.752785 -0.752785 -0.658267
VERTEX_POSE A126 0.677689 0.748816 -0.996553 -0.082958 0.082958 -0.996553
VERTEX_POSE A127 -0.742170 -0.454627 -0.308658 0.951173 0.951173 0.308658
VERTEX_POSE A128 0.580461 0.681181 -0.756590 -0.653889 0.653889 -0.756590
VERTEX_POSE A129 -0.245566 0.490665 -0.979971 0.199141 0.199141 0.979971
VERTEX_POSE A130 -0.738865 0.518832 -0.982682 -0.185298 0.185298 -0.982682
VERTEX_POSE A131 -0.341736 -0.309935 0.560156 -0.828387 0.828387 0.560156
VERTEX_POSE A132 0.842753 0.689082 -0.217567 -0.976045 0.976045 -0.217567
VERTEX_POSE A133 0.911257 0.543421 0.609879 -0.792494 -0.792494 -0.609879
VERTEX_POSE A134 0.696458 0.766678 0.946011 0.324135 0.324135 -0.946011
VERTEX_POSE A135 -0.840917 -0.140576 -0.462191 0.886780 -0.886780 -0.462191
VERTEX_POSE A136 0.635380 -0.338361 0.724584 0.689187 0.689187 -0.724584
VERTEX_POSE A137 -0.719644 -0.022971 0.944530 -0.328424 0.328424 0.944530
VERTEX_POSE A138 -0.657773 -0.387919 0.636135 -0.771578 0.771578 0.636135
VERTEX_POSE A139 -0.172316 0.677127 -0.797948 0.602726 -0.602726 -0.797948
VERTEX_POSE A140 0.846359 -0.938796 -0.855372 -0.518015 -0.518015 0.855372
VERTEX_POSE A141 -0.199008 0.257163 0.841772 -0.539833 0.539833 0.841772
VERTEX_POSE A142 0.108442 0.806876 -0.901118 0.433573 0.433573 0.901118
VERTEX_POSE A143 -0.374951 -0.756901 -0.722926 0.690926 -0.690926 -0.722926
VERTEX_POSE A144 -0.679474 0.458846 0.935578 -0.353121 0.353121 0.935578
VERTEX_POSE A145 0.636900 0.625112 -0.087585 0.996157 -0.996157 -0.087585
VERTEX_POSE A146 -0.793851 -0.286522 -0.291430 0.956592 -0.956592 -0.291430
VERTEX_POSE A147 -0.533283 0.394143 -0.997579 0.069541 -0.069541 -0.997579
VERTEX_POSE A148 -0.129498 0.891868 -0.954091 -0.299517 -0.299517 0.954091
VERTEX_POSE A149 -0.759505 -0.293265 -0.098766 -0.995111 -0.995111 0.098766
VERTEX_POSE A150 -0.535144 0.393538 -0.146566 0.989201 0.989201 0.146566
VERTEX_POSE A151 0.797799 0.770028 -0.915302 -0.402769 -0.402769 0.915302
VERTEX_POSE A152 0.072695 -0.506271 0.628078 0.778151 0.778151 -0.628078
VERTEX_POSE A153 0.547159 0.284880 -0.576184 -0.817320 0.817320 -0.576184
VERTEX_POSE A154 -0.380282 0.924723 -0.880871 -0.473356 0.473356 -0.880871
VERTEX_POSE A155 0.185091 -0.951486 0.601101 0.799173 0.799173 -0.601101
VERTEX_POSE A156 0.368120 0.691370 0.985576 -0.169234 0.169234 0.985576
VERTEX_POSE A157 -0.702593 0.673539 0.590930 -0.806723 -0.806723 -0.590930
VERTEX_POSE A158 0.442921 -0.406113 -0.871659 -0.490113 -0.490113 0.871659
VERTEX_POSE A159 -0.051419 0.372550 0.101135 -0.994873 0.994873 0.101135
VERTEX_POSE A160 0.051841 0.164204 0.857908 -0.513804 0.513804 0.857908
VERTEX_POSE A161 0.704056 -0.887281 -0.107697 -0.994184 0.994184 -0.107697
VERTEX_POSE A162 0.606845 -0.937385 -0.936443 -0.350819 0.350819 -0.936443
VERTEX_POSE A163 -0.105406 -0.146713 0.267786 -0.963478 0.963478 0.267786
VERTEX_POSE A164 0.615313 0.656140 0.727926 0.685655 0.685655 -0.727926
VERTEX_POSE A165 0.303303 0.829293 -0.669242 -0.743045 -0.743045 0.669242
VERTEX_POSE A166 0.053677 0.712711 0.757242 -0.653135 0.653135 0.757242
VERTEX_POSE A167 0.250693 -0.682222 0.582624 -0.812742 -0.812742 -0.582624
VERTEX_POSE A168 0.583659 -0.193678 -0.998085 -0.061863 0.061863 -0.998085
VERTEX_POSE A169 0.395904 -0.675208 -0.124217 -0.992255 0.992255 -0.124217
VERTEX_POSE A170 -0.921623 0.994906 -0.541289 -0.840836 -0.840836 0.541289
VERTEX_POSE A171 0.430018 -0.132474 0.004638 -0.999989 0.999989 0.004638
VERTEX_POSE A172 -0.803104 0.581955 0.790612 0.612317 0.612317 -0.790612
VERTEX_POSE A173 0.186820 0.801782 -0.894463 0.447142 0.447142 0.894463
VERTEX_POSE A174 -0.944932 0.110624 0.076824 0.997045 0.997045 -0.076824
VERTEX_POSE A175 -0.482578 0.040802 -0.999070 0.043125 -0.043125 -0.999070
VERTEX_POSE A176 -0.176280 0.426894 0.816795 -0.576928 -0.576928 -0.816795
VERTEX_POSE A177 -0.738783 0.824102 -0.409220 -0.912436 -0.912436 0.409220
VERTEX_POSE A178 -0.015861 -0.565055 0.697844 0.716250 -0.716250 0.697844
VERTEX_POSE A179 0.694221 0.318762 -0.961058 -0.276347 -0.276347 0.961058
VERTEX_POSE A180 -0.498288 -0.469163 0.818131 -0.575032 -0.575032 -0.818131
VERTEX_POSE A181 0.448995 0.828483 0.655953 -0.754802 0.754802 0.655953
VERTEX_POSE A182 0.492020 0.088790 0.804490 -0.593967 0.593967 0.804490
VERTEX_POSE A183 0.574406 0.024565 0.035007 0.999387 -0.999387 0.035007
VERTEX_POSE A184 -0.003846 0.113363 -0.788216 0.615399 0.615399 0.788216
VERTEX_POSE A185 -0.888262 0.013514 0.411977 -0.911194 -0.911194 -0.411977
VERTEX_POSE A186 -0.240503 0.073079 0.987257 -0.159131 -0.159131 -0.987257
VERTEX_POSE A187 -0.635726 -0.195267 -0.808141 0.588989 -0.588989 -0.808141
VERTEX_POSE A188 -0.590854 -0.312947 -0.836847 -0.547437 -0.547437 0.836847
VERTEX_POSE A189 -0.797582 0.666966 0.711757 0.702425 -0.702425 0.711757
VERTEX_POSE A190 0.312855 -0.822717 0.070926 0.997482 0.997482 -0.070926
VERTEX_POSE A191 0.460987 0.851257 0.887536 -0.460738 -0.460738 -0.887536
VERTEX_POSE A192 0.906474 0.779685 0.751204 -0.660070 -0.660070 -0.751204
VERTEX_POSE A193 -0.080300 -0.760101 0.221206 -0.975227 0.975227 0.221206
VERTEX_POSE A194 -0.644419 -0.295456 0.974541 -0.224209 -0.224209 -0.974541
VERTEX_POSE A195 0.521787 0.435825 -0.611398 -0.791323 0.791323 -0.611398
VERTEX_POSE A196 -0.776996 -0.930808 -0.699838 0.714302 -0.714302 -0.699838
VERTEX_POSE A197 0.409258 -0.582745 0.533793 -0.845615 -0.845615 -0.533793
VERTEX_POSE A198 -0.227520 0.753603 0.226053 -0.974115 -0.974115 -0.226053
VERTEX_POSE A199 0.806663 -0.124486 0.902280 -0.431151 0.431151 0.902280
VERTEX_POSE A200 -0.194838 -0.257953 0.835565 -0.549392 0.549392 0.835565
VERTEX_POSE A201 -0.149143 0.748509 0.020684 0.999786 -0.999786 0.020684
VERTEX_POSE A202 0.236681 0.743040 -0.118751 0.992924 -0.992924 -0.118751
VERTEX_POSE A203 0.002059 -0.675998 -0.114302 0.993446 0.993446 0.114302
VERTEX_POSE A204 -0.962323 0.550291 -0.500617 0.865669 0.865669 0.500617
VERTEX_POSE A205 0.291749 -0.146336 0.730536 0.682874 -0.682874 0.730536
VERTEX_POSE A206 0.519481 0.364804 -0.336193 -0.941793 -0.941793 0.336193
VERTEX_POSE A207 -0.138604 -0.022816 -0.533742 -0.845647 0.845647 -0.533742
VERTEX_POSE A208 0.552966 -0.322234 0.411048 -0.911614 0.911614 0.411048
VERTEX_POSE A209 -0.496381 0.799748 0.393706 -0.919237 -0.919237 -0.393706
VERTEX_POSE A210 -0.444382 -0.704054 -0.999577 0.029099 0.029099 0.999577
VERTEX_POSE A211 -0.945322 0.208603 0.561946 -0.827174 0.827174 0.561946
VERTEX_POSE A212 0.952614 0.628231 0.680406 -0.732836 -0.732836 -0.680406
VERTEX_POSE A213 -0.952362 0.384736 -0.747313 -0.664472 0.664472 -0.747313
VERTEX_POSE A214 0.629084 -0.766832 0.841942 -0.539567 -0.539567 -0.841942
VERTEX_POSE A215 -0.051231 -0.258405 -0.522159 0.852848 -0.852848 -0.522159
VERTEX_POSE A216 -0.840624 -0.601750 -0.241747 0.970339 -0.970339 -0.241747
VERTEX_POSE A217 -0.611419 0.306248 -0.575088 -0.818092 0.818092 -0.575088
VERTEX_POSE A218 0.313043 0.546327 0.954376 0.298607 -0.298607 0.954376
VERTEX_POSE A219 -0.431478 0.085303 -0.639575 -0.768729 0.768729 -0.639575
VERTEX_POSE A220 -0.409000 -0.026786 -0.979502 -0.201434 -0.201434 0.979502
VERTEX_POSE A221 -0.374102 0.723611 0.064338 0.997928 -0.997928 0.064338
VERTEX_POSE A222 -0.970491 -0.063440 0.914100 0.405488 0.405488 -0.914100
VERTEX_POSE A223 -0.502526 -0.247101 0.781659 -0.623707 0.623707 0.781659
VERTEX_POSE A224 0.545598 0.963509 -0.819428 -0.573182 0.573182 -0.819428
VERTEX_POSE A225 -0.614911 0.641104 0.998968 -0.045417 -0.045417 -0.998968
VERTEX_POSE A226 -0.980740 -0.811276 -0.573895 -0.818929 0.818929 -0.573895
VERTEX_POSE A227 0.768602 -0.967299 -0.752293 -0.658829 0.658829 -0.752293
VERTEX_POSE A228 0.794347 -0.941641 0.807026 0.590516 0.590516 -0.807026
VERTEX_POSE A229 -0.208260 0.942327 -0.984685 0.174343 -0.174343 -0.984685
VERTEX_POSE A230 0.575265 -0.091785 0.885480 0.464677 -0.464677 0.885480
VERTEX_POSE A231 -0.400490 -0.199594 0.886912 -0.461938 0.461938 0.886912
VERTEX_POSE A232 0.642597 0.690837 0.403957 -0.914778 0.914778 0.403957
VERTEX_POSE A233 -0.188054 -0.348745 -0.004000 -0.999992 0.999992 -0.004000
VERTEX_POSE A234 0.601568 0.124408 0.375157 0.926961 -0.926961 0.375157
VERTEX_POSE A235 0.680274 0.241127 -0.331136 -0.943583 0.943583 -0.331136
VERTEX_POSE A236 -0.896305 0.504919 -0.642193 -0.766543 -0.766543 0.642193
VERTEX_POSE A237 0.121049 -0.510788 -0.970886 0.239541 0.239541 0.970886
VERTEX_POSE A238 -0.458330 -0.781688 0.137801 -0.990460 -0.990460 -0.137801
VERTEX_POSE A239 0.656661 -0.817315 0.833365 0.552722 0.552722 -0.833365
VERTEX_POSE A240 0.624668 -0.711040 -0.788047 -0.615615 0.615615 -0.788047
VERTEX_POSE A241 0.097288 -0.485742 -0.276268 0.961081 -0.961081 -0.276268
VERTEX_POSE A242 0.711338 0.391288 0.980828 0.194876 -0.194876 0.980828
VERTEX_POSE A243 0.577283 0.917191 -0.980626 -0.195889 0.195889 -0.980626
VERTEX_POSE A244 0.144925 0.898994 -0.626994 -0.779024 0.779024 -0.626994
VERTEX_POSE A245 0.340422 0.624456 -0.787195 -0.616705 0.616705 -0.787195
VERTEX_POSE A246 -0.473948 -0.341214 -0.665582 -0.746324 0.746324 -0.665582
VERTEX_POSE A247 0.304302 -0.702756 0.345840 0.938293 -0.938293 0.345840
VERTEX_POSE A248 0.729003 -0.069296 -0.760281 -0.649594 -0.649594 0.760281
VERTEX_POSE A249 0.839095 -0.794887 0.252894 -0.967494 0.967494 0.252894
VERTEX_POSE A250 0.872824 0.382547 -0.272438 -0.962173 -0.962173 0.272438
VERTEX_POSE A251 -0.679997 0.903918 -0.432372 0.901695 0.901695 0.432372
VERTEX_POSE A252 -0.535007 0.928724 -0.909764 -0.415126 -0.415126 0.909764
VERTEX_POSE A253 0.902332 -0.680893 -0.626453 0.779459 0.779459 0.626453
VERTEX_POSE A254 -0.182523 -0.343183 -0.679614 0.733569 -0.733569 -0.679614
VERTEX_POSE A255 -0.989409 0.892233 0.834122 0.551580 0.551580 -0.834122
VERTEX_POSE A256 -0.712578 0.960212 -0.678887 -0.734243 -0.734243 0.678887
VERTEX_POSE A257 -0.163263 -0.154459 0.664669 -0.747138 0.747138 0.664669
VERTEX_POSE A258 0.779193 0.924935 0.402877 0.915254 0.915254 -0.402877
VERTEX_POSE A259 -0.918231 -0.981429 0.111541 -0.993760 -0.993760 -0.111541
VERTEX_POSE A260 0.628477 -0.212132 -0.704840 0.709366 0.709366 0.704840
VERTEX_POSE A261 0.354458 -0.166850 -0.159926 -0.987129 -0.987129 0.159926
VERTEX_POSE A262 -0.318721 -0.181023 0.211859 0.977300 -0.977300 0.211859
VERTEX_POSE A263 0.271074 -0.521295 -0.372924 -0.927862 0.927862 -0.372924
VERTEX_POSE A264 -0.833597 0.484405 -0.359515 -0.933139 -0.933139 0.359515
VERTEX_POSE A265 -0.717153 0.943385 -0.789347 0.613947 -0.613947 -0.789347
VERTEX_POSE A266 -0.048653 0.719832 -0.087240 0.996187 -0.996187 -0.087240
VERTEX_POSE A267 -0.729902 -0.010676 -0.012859 0.999917 0.999917 0.012859
VERTEX_POSE A268 0.403896 -0.567404 -0.585946 0.810350 0.810350 0.585946
VERTEX_POSE A269 0.493017 0.938144 0.745058 -0.666999 -0.666999 -0.745058
VERTEX_POSE A270 0.926759 0.172009 -0.650456 0.759544 0.759544 0.650456
VERTEX_POSE A271 0.028564 -0.278444 0.412212 0.911088 -0.911088 0.412212
VERTEX_POSE A272 -0.409695 -0.547598 0.942434 -0.334392 -0.334392 -0.942434
VERTEX_POSE A273 0.638097 -0.436703 -0.992602 -0.121416 0.121416 -0.992602
VERTEX_POSE A274 -0.394153 -0.361253 0.767817 0.640669 -0.640669 0.767817
VERTEX_POSE B0 0.735230 -0.648605 -0.311792 0.950150 -0.950150 -0.311792
VERTEX_POSE B1 -0.021480 -0.812246 0.421715 0.906728 -0.906728 0.421715
VERTEX_POSE B2 0.131899 0.297533 0.732110 0.681186 0.681186 -0.732110
VERTEX_POSE B3 0.039532 -0.351361 0.968945 0.247278 0.247278 -0.968945
VERTEX_POSE B4 -0.292477 0.118458 -0.894227 -0.447615 -0.447615 0.894227
VERTEX_POSE B5 -0.029006 0.502647 0.918039 0.396491 -0.396491 0.918039
VERTEX_POSE B6 -0.087645 -0.968814 0.820704 0.571353 0.571353 -0.820704
VERTEX_POSE B7 0.027526 0.022376 -0.876091 -0.482145 -0.482145 0.876091
VERTEX_POSE B8 0.435986 0.431371 -0.698711 -0.715404 0.715404 -0.698711
VERTEX_POSE B9 -0.185313 -0.649707 0.999067 -0.043186 0.043186 0.999067
VERTEX_POSE B10 0.845003 0.679193 0.992889 -0.119044 0.119044 0.992889
VERTEX_POSE B11 0.446577 0.323604 -0.857039 -0.515251 -0.515251 0.857039
VERTEX_POSE B12 0.102109 -0.689495 -0.771717 0.635966 0.635966 0.771717
VERTEX_POSE B13 -0.318260 -0.475267 -0.591145 -0.806565 0.806565 -0.591145
VERTEX_POSE B14 0.225770 0.248538 -0.167878 0.985808 -0.985808 -0.167878
VERTEX_POSE B15 0.183878 -0.670924 -0.379391 0.925236 0.925236 0.379391
VERTEX_POSE B16 -0.689783 0.312602 0.114342 -0.993441 0.993441 0.114342
VERTEX_POSE B17 -0.419772 -0.918311 0.610046 0.792366 0.792366 -0.610046
VERTEX_POSE B18 0.865156 0.148052 0.994346 -0.106191 0.106191 0.994346
VERTEX_POSE B19 0.581290 0.791307 -0.668025 -0.744139 0.744139 -0.668025
VERTEX_POSE B20 -0.253369 0.566094 0.983561 -0.180578 0.180578 0.983561
VERTEX_POSE B21 -0.851997 0.091437 -0.474375 0.880323 -0.880323 -0.474375
VERTEX_POSE B22 -0.467363 0.511139 0.493570 0.869706 0.869706 -0.493570
VERTEX_POSE B23 0.016730 -0.444582 -0.472982 -0.881072 -0.881072 0.472982
VERTEX_POSE B24 0.551899 0.524033 0.886503 -0.462722 -0.462722 -0.886503
VERTEX_POSE B25 -0.974346 0.449283 -0.616010 0.787739 -0.787739 -0.616010
VERTEX_POSE B26 -0.056511 0.727427 0.320821 0.947140 -0.947140 0.320821
VERTEX_POSE B27 -0.419536 -0.754411 0.993260 -0.115907 0.115907 0.993260
VERTEX_POSE B28 -0.384041 0.901684 -0.775400 -0.631471 -0.631471 0.775400
VERTEX_POSE B29 -0.418414 -0.709275 -0.984274 0.176650 0.176650 0.984274
VERTEX_POSE B30 0.186311 -0.115663 -0.998746 0.050057 -0.050057 -0.998746
VERTEX_POSE B31 -0.648811 -0.746920 0.868360 0.495935 0.495935 -0.868360
VERTEX_POSE B32 0.560106 -0.521522 -0.490436 0.871477 0.871477 0.490436
VERTEX_POSE B33 -0.681790 -0.818130 0.778648 -0.627460 -0.627460 -0.778648
VERTEX_POSE B34 0.390720 -0.098281 -0.699491 0.714642 -0.714642 -0.699491
VERTEX_POSE B35 -0.732371 0.596936 -0.055971 -0.998432 -0.998432 0.055971
VERTEX_POSE B36 0.289203 0.684517 0.292500 0.956266 -0.956266 0.292500
VERTEX_POSE B37 -0.696925 -0.067095 0.999638 0.026895 0.026895 -0.999638
VERTEX_POSE B38 0.295155 -0.380689 0.002466 -0.999997 0.999997 0.002466
VERTEX_POSE B39 -0.274810 0.115887 0.999174 0.040632 0.040632 -0.999174
VERTEX_POSE B40 0.117763 0.283198 0.077079 -0.997025 0.997025 0.077079
VERTEX_POSE B41 0.140158 -0.701496 -0.912583 0.408891 -0.408891 -0.912583
VERTEX_POSE B42 -0.828233 -0.560509 0.517456 -0.855710 -0.855710 -0.517456
VERTEX_POSE B43 -0.780128 0.593703 -0.350018 -0.936743 -0.936743 0.350018
VERTEX_POSE B44 0.821897 -0.176763 -0.699072 0.715051 -0.715051 -0.699072
VERTEX_POSE B45 0.397538 0.688030 -0.412115 -0.911132 0.911132 -0.412115
VERTEX_POSE B46 0.403750 0.922779 -0.588760 -0.808308 0.808308 -0.588760
VERTEX_POSE B47 -0.867886 -0.864161 -0.997849 -0.065558 0.065558 -0.997849
VERTEX_POSE B48 0.977765 0.769718 0.690181 0.723636 0.723636 -0.690181
VERTEX_POSE B49 0.268906 0.070832 0.955852 0.293849 0.293849 -0.955852
VERTEX_POSE B50 0.713404 0.927146 -0.386300 -0.922373 -0.922373 0.386300
VERTEX_POSE B51 -0.275603 0.335812 -0.917037 -0.398801 0.398801 -0.917037
VERTEX_POSE B52 0.416909 -0.837731 -0.717758 -0.696292 -0.696292 0.717758
VERTEX_POSE B53 -0.753959 0.438285 0.918653 0.395065 -0.395065 0.918653
VERTEX_POSE B54 0.741126 0.891230 -0.991460 -0.130410 -0.130410 0.991460
VERTEX_POSE B55 -0.031191 0.686302 0.783258 -0.621696 -0.621696 -0.783258
VERTEX_POSE B56 -0.728305 -0.112432 0.403233 -0.915097 0.915097 0.403233
VERTEX_POSE B57 -0.315385 0.618657 -0.972445 -0.233131 0.233131 -0.972445
VERTEX_POSE B58 0.549272 0.931891 -0.470190 0.882565 -0.882565 -0.470190
VERTEX_POSE B59 -0.112346 -0.210748 0.254808 -0.966992 -0.966992 -0.254808
VERTEX_POSE B60 0.266201 0.909382 -0.341549 0.939864 0.939864 0.341549
VERTEX_POSE B61 -0.264417 -0.183772 -0.062135 0.998068 -0.998068 -0.062135
VERTEX_POSE B62 0.238843 0.042332 0.792359 0.610056 -0.610056 0.792359
VERTEX_POSE B63 -0.173694 -0.612140 -0.905442 -0.424470 0.424470 -0.905442
VERTEX_POSE B64 0.053793 -0.001902 -0.999988 0.004983 0.004983 0.999988
VERTEX_POSE B65 -0.370437 0.944051 0.639998 0.768376 -0.768376 0.639998
VERTEX_POSE B66 0.093935 0.984796 0.997732 0.067316 -0.067316 0.997732
VERTEX_POSE B67 -0.657003 -0.317385 0.699065 0.715058 -0.715058 0.699065
VERTEX_POSE B68 -0.067362 -0.123044 0.443479 0.896285 0.896285 -0.443479
VERTEX_POSE B69 -0.610910 -0.395892 -0.937896 0.346918 -0.346918 -0.937896
VERTEX_POSE B70 0.068187 0.798502 0.945280 -0.326259 0.326259 0.945280
VERTEX_POSE B71 -0.949599 -0.839846 -0.979768 -0.200137 0.200137 -0.979768
VERTEX_POSE B72 0.529247 -0.097389 -0.900303 -0.435264 0.435264 -0.900303
VERTEX_POSE B73 0.239954 -0.762007 0.351407 -0.936223 -0.936223 -0.351407
VERTEX_POSE B74 -0.729727 0.753858 0.885103 0.465396 0.465396 -0.885103
VERTEX_POSE B75 0.351145 0.725849 -0.840975 -0.541073 -0.541073 0.840975
VERTEX_POSE B76 -0.362509 0.926023 -0.727018 0.686618 -0.686618 -0.727018
VERTEX_POSE B77 0.674023 0.676637 0.092646 -0.995699 -0.995699 -0.092646
VERTEX_POSE B78 0.483259 0.861688 -0.997961 0.063819 -0.063819 -0.997961
VERTEX_POSE B79 -0.384743 0.695741 0.627118 0.778924 0.778924 -0.627118
VERTEX_POSE B80 -0.057071 -0.252531 -0.703044 0.711146 0.711146 0.703044
VERTEX_POSE B81 0.196663 0.788834 -0.559828 0.828609 -0.828609 -0.559828
VERTEX_POSE B82 0.339654 0.031552 -0.297456 -0.954735 0.954735 -0.297456
VERTEX_POSE B83 -0.640162 -0.090263 -0.165074 -0.986281 -0.986281 0.165074
VERTEX_POSE B84 0.442704 0.227119 0.640604 -0.767871 0.767871 0.640604
VERTEX_POSE B85 0.080780 -0.077218 0.816889 0.576795 0.576795 -0.816889
VERTEX_POSE B86 0.328647 -0.403961 -0.138740 0.990329 -0.990329 -0.138740
VERTEX_POSE B87 0.714399 -0.885313 -0.948196 -0.317686 -0.317686 0.948196
VERTEX_POSE B88 0.765395 -0.458560 0.499727 -0.866183 0.866183 0.499727
VERTEX_POSE B89 -0.122081 -0.472070 0.526639 0.850089 -0.850089 0.526639
VERTEX_POSE B90 -0.397947 -0.096061 0.364312 0.931277 0.931277 -0.364312
VERTEX_POSE B91 0.031596 -0.549179 0.126501 0.991967 -0.991967 0.126501
VERTEX_POSE B92 0.613502 0.344158 0.817323 0.576180 -0.576180 0.817323
VERTEX_POSE B93 0.840896 0.946270 0.718359 0.695673 0.695673 -0.718359
VERTEX_POSE B94 0.857902 -0.161318 -0.039290 -0.999228 0.999228 -0.039290
VERTEX_POSE B95 -0.332704 -0.657744 -0.835740 0.549125 0.549125 0.835740
VERTEX_POSE B96 -0.529542 0.890321 0.325293 0.945613 -0.945613 0.325293
VERTEX_POSE B97 -0.048163 -0.176522 -0.988585 0.150664 0.150664 0.988585
VERTEX_POSE B98 0.010292 0.024870 -0.904239 0.427026 -0.427026 -0.904239
VERTEX_POSE B99 0.403097 -0.232723 0.987914 0.155004 0.155004 -0.987914
VERTEX_POSE B100 0.340927 0.427585 0.894228 0.447612 0.447612 -0.894228
VERTEX_POSE B101 -0.921521 -0.176628 0.685286 -0.728274 -0.728274 -0.685286
VERTEX_POSE B102 0.453498 -0.072569 -0.679724 0.733468 -0.733468 -0.679724
VERTEX_POSE B103 -0.129826 -0.669803 -0.929763 0.368158 -0.368158 -0.929763
VERTEX_POSE B104 0.318433 0.061365 0.580450 0.814296 0.814296 -0.580450
VERTEX_POSE B105 0.723771 -0.318711 -0.909206 -0.416346 0.416346 -0.909206
VERTEX_POSE B106 -0.778681 -0.943954 0.625271 0.780408 0.780408 -0.625271
VERTEX_POSE B107 0.955924 -0.012613 -0.216939 -0.976185 0.976185 -0.216939
VERTEX_POSE B108 0.397793 -0.642074 0.639488 0.768801 -0.768801 0.639488
VERTEX_POSE B109 0.704578 0.917734 -0.981250 -0.192742 -0.192742 0.981250
VERTEX_POSE B110 -0.428819 -0.316872 0.118859 0.992911 -0.992911 0.118859
VERTEX_POSE B111 -0.659278 0.105395 0.989093 0.147291 0.147291 -0.989093
VERTEX_POSE B112 -0.098760 0.706568 0.585826 -0.810437 -0.810437 -0.585826
VERTEX_POSE B113 0.910835 0.714680 -0.790399 0.612592 -0.612592 -0.790399
VERTEX_POSE B114 -0.299440 -0.984868 0.437346 0.899293 -0.899293 0.437346
VERTEX_POSE B115 -0.656056 -0.066313 -0.435009 0.900426 -0.900426 -0.435009
VERTEX_POSE B116 -0.008385 -0.362537 -0.004018 0.999992 0.999992 0.004018
VERTEX_POSE B117 -0.970793 -0.388829 -0.916784 0.399383 -0.399383 -0.916784
VERTEX_POSE B118 -0.941657 0.048373 0.400894 -0.916124 0.916124 0.400894
VERTEX_POSE B119 -0.242990 0.178902 -0.922602 -0.385753 -0.385753 0.922602
VERTEX_POSE B120 -0.092874 0.139101 -0.848732 -0.528823 -0.528823 0.848732
VERTEX_POSE B121 -0.339604 0.952312 -0.709812 0.704391 0.704391 0.709812
VERTEX_POSE B122 0.788605 0.629724 -0.920610 -0.390483 -0.390483 0.920610
VERTEX_POSE B123 -0.479371 -0.516741 -0.681481 0.731836 -0.731836 -0.681481
VERTEX_POSE B124 -0.498708 0.898582 -0.964964 0.262383 -0.262383 -0.964964
VERTEX_POSE B125 0.646508 -0.531595 -0.506411 0.862292 -0.862292 -0.506411
VERTEX_POSE B126 0.187924 -0.174486 0.521715 -0.853120 -0.853120 -0.521715
VERTEX_POSE B127 -0.028249 0.788903 -0.704212 -0.709990 0.709990 -0.704212
VERTEX_POSE B128 -0.401655 0.291883 -0.832287 -0.554345 -0.554345 0.832287
VERTEX_POSE B129 -0.801783 0.850384 0.807323 0.590110 -0.590110 0.807323
VERTEX_POSE B130 -0.625153 -0.443820 -0.988956 -0.148209 -0.148209 0.988956
VERTEX_POSE B131 0.939272 -0.280532 0.582287 0.812983 0.812983 -0.582287
VERTEX_POSE B132 -0.723305 -0.326244 -0.292218 0.956352 -0.956352 -0.292218
VERTEX_POSE B133 0.828345 0.483612 0.476196 -0.879339 -0.879339 -0.476196
VERTEX_POSE B134 -0.190553 0.049665 -0.630990 0.775791 -0.775791 -0.630990
VERTEX_POSE B135 0.595128 0.735121 -0.266164 -0.963928 0.963928 -0.266164
VERTEX_POSE B136 0.552116 -0.835099 0.216781 0.976220 -0.976220 0.216781
VERTEX_POSE B137 0.030766 0.105711 0.756587 0.653893 0.653893 -0.756587
VERTEX_POSE B138 0.551052 -0.277491 -0.370119 -0.928984 0.928984 -0.370119
VERTEX_POSE B139 -0.050091 -0.477173 -0.982467 -0.186439 0.186439 -0.982467
VERTEX_POSE B140 -0.264657 0.023444 0.993687 0.112185 -0.112185 0.993687
VERTEX_POSE B141 -0.877767 0.405637 0.994487 -0.104860 0.104860 0.994487
VERTEX_POSE B142 0.290632 0.628222 0.331214 0.943556 0.943556 -0.331214
VERTEX_POSE B143 0.636584 -0.269988 0.742582 0.669755 0.669755 -0.742582
VERTEX_POSE B144 -0.966933 0.120317 -0.793077 0.609121 -0.609121 -0.793077
VERTEX_POSE B145 0.991192 0.643354 0.524555 -0.851377 0.851377 0.524555
VERTEX_POSE B146 0.980528 0.663698 -0.629900 -0.776676 -0.776676 0.629900
VERTEX_POSE B147 0.024682 0.757780 -0.826448 -0.563013 0.563013 -0.826448
VERTEX_POSE B148 -0.979601 -0.745475 0.722198 0.691686 -0.691686 0.722198
VERTEX_POSE B149 -0.961129 -0.287928 0.667024 0.745036 0.745036 -0.667024
VERTEX_POSE B150 0.781691 -0.063318 -0.112863 -0.993611 -0.993611 0.112863
VERTEX_POSE B151 -0.072474 0.393626 0.452199 0.891917 -0.891917 0.452199
VERTEX_POSE B152 -0.300732 -0.335616 -0.834215 0.551439 -0.551439 -0.834215
VERTEX_POSE B153 0.570297 -0.433595 0.368354 0.929686 0.929686 -0.368354
VERTEX_POSE B154 0.448155 0.876884 -0.655778 0.754954 -0.754954 -0.655778
VERTEX_POSE B155 0.200560 -0.437034 -0.600499 -0.799626 -0.799626 0.600499
VERTEX_POSE B156 0.216804 0.034811 -0.817890 0.575374 0.575374 0.817890
VERTEX_POSE B157 -0.363921 -0.297601 0.125084 0.992146 -0.992146 0.125084
VERTEX_POSE B158 -0.827689 -0.648130 -0.147736 -0.989027 0.989027 -0.147736
VERTEX_POSE B159 0.815150 -0.673306 -0.931246 0.364391 -0.364391 -0.931246
VERTEX_POSE B160 -0.165704 -0.447217 0.771758 0.635916 0.635916 -0.771758
VERTEX_POSE B161 -0.452842 -0.091950 -0.191003 -0.981589 0.981589 -0.191003
VERTEX_POSE B162 0.754422 0.046162 -0.517467 -0.855703 0.855703 -0.517467
VERTEX_POSE C0 0.110991 0.226539 0.580993 0.813909 -0.813909 0.580993
VERTEX_POSE C1 -0.624497 -0.608338 0.885800 -0.464067 -0.464067 -0.885800
VERTEX_POSE C2 -0.436132 -0.904173 0.545407 0.838171 -0.838171 0.545407
VERTEX_POSE C3 -0.293881 -0.038340 0.605526 0.795826 0.795826 -0.605526
VERTEX_POSE C4 0.927619 -0.443437 0.366380 0.930466 0.930466 -0.366380
VERTEX_POSE C5 0.594634 0.201538 0.657718 0.753264 -0.753264 0.657718
VERTEX_POSE C6 -0.742829 0.684169 0.452169 0.891932 -0.891932 0.452169
VERTEX_POSE C7 -0.122472 0.079389 0.160698 0.987004 -0.987004 0.160698
VERTEX_POSE C8 -0.670023 -0.775018 -0.844827 0.535040 0.535040 0.844827
VERTEX_POSE C9 -0.620596 0.089805 0.986628 -0.162988 -0.162988 -0.986628
VERTEX_POSE C10 -0.831840 -0.292389 0.779707 -0.626145 -0.626145 -0.779707
VERTEX_POSE C11 0.966561 -0.045006 -0.356462 0.934310 -0.934310 -0.356462
VERTEX_POSE C12 -0.587529 -0.789878 -0.667216 -0.744865 -0.744865 0.667216
VERTEX_POSE C13 -0.840648 -0.649036 0.770953 -0.636892 0.636892 0.770953
VERTEX_POSE C14 0.947089 -0.381308 -0.943216 -0.332181 -0.332181 0.943216
VERTEX_POSE C15 0.437153 0.967902 -0.987374 -0.158407 -0.158407 0.987374
VERTEX_POSE C16 -0.820249 -0.394511 0.876827 -0.480805 0.480805 0.876827
VERTEX_POSE C17 0.985961 0.330764 -0.328992 0.944333 0.944333 0.328992
VERTEX_POSE C18 0.218844 -0.095416 -0.741126 -0.671366 -0.671366 0.741126
VERTEX_POSE C19 0.107277 0.999115 0.585640 -0.810572 -0.810572 -0.585640
VERTEX_POSE C20 -0.314771 0.995148 0.537506 -0.843260 0.843260 0.537506
VERTEX_POSE C21 -0.210859 0.470989 -0.737325 0.675539 -0.675539 -0.737325
VERTEX_POSE C22 -0.444568 0.875999 -0.486756 0.873538 -0.873538 -0.486756
VERTEX_POSE C23 0.885789 -0.441886 0.392908 -0.919578 0.919578 0.392908
VERTEX_POSE C24 -0.994055 -0.494201 0.091497 -0.995805 -0.995805 -0.091497
VERTEX_POSE C25 0.191511 -0.421602 0.997337 0.072931 0.072931 -0.997337
VERTEX_POSE C26 -0.941901 -0.090016 0.657145 -0.753764 0.753764 0.657145
VERTEX_POSE C27 0.821095 -0.167507 -0.593374 0.804927 0.804927 0.593374
VERTEX_POSE C28 -0.974193 0.131181 -0.969041 0.246901 0.246901 0.969041
VERTEX_POSE C29 -0.394743 0.818034 -0.467517 -0.883984 0.883984 -0.467517
VERTEX_POSE C30 0.575516 0.878655 -0.909839 -0.414962 0.414962 -0.909839
VERTEX_POSE C31 0.136798 -0.642280 0.428613 -0.903488 0.903488 0.428613
VERTEX_POSE C32 -0.019240 -0.790305 0.433051 -0.901370 0.901370 0.433051
VERTEX_POSE C33 -0.860616 0.974482 -0.776417 0.630219 -0.630219 -0.776417
VERTEX_POSE C34 0.842917 0.319380 -0.198526 0.980096 -0.980096 -0.198526
VERTEX_POSE C35 -0.091621 -0.233742 -0.966533 -0.256541 -0.256541 0.966533
VERTEX_POSE C36 0.734018 0.176020 0.568828 0.822456 0.822456 -0.568828
VERTEX_POSE C37 -0.899912 0.003549 0.708586 -0.705624 0.705624 0.708586
VERTEX_POSE C38 0.785907 0.845647 0.362093 -0.932142 0.932142 0.362093
VERTEX_POSE C39 -0.936004 0.401002 -0.996733 0.080763 0.080763 0.996733
VERTEX_POSE C40 -0.520508 -0.906645 0.699465 -0.714667 -0.714667 -0.699465
VERTEX_POSE C41 0.954067 -0.446742 0.854016 -0.520247 -0.520247 -0.854016
VERTEX_POSE C42 -0.969443 -0.644004 0.439528 -0.898229 -0.898229 -0.439528
VERTEX_POSE C43 -0.108037 -0.696523 -0.814558 -0.580082 0.580082 -0.814558
VERTEX_POSE C44 -0.886581 -0.095777 0.375518 -0.926815 0.926815 0.375518
VERTEX_POSE C45 0.977646 -0.025312 -0.194416 0.980919 0.980919 0.194416
VERTEX_POSE C46 -0.670885 -0.728621 0.500607 -0.865674 -0.865674 -0.500607
VERTEX_POSE C47 -0.706830 0.509712 -0.943363 -0.331763 -0.331763 0.943363
VERTEX_POSE C48 0.963607 -0.694548 -0.275431 -0.961321 0.961321 -0.275431
VERTEX_POSE C49 0.547959 0.175963 0.358673 0.933463 -0.933463 0.358673
VERTEX_POSE C50 0.400448 0.508826 0.645053 0.764138 -0.764138 0.645053
VERTEX_POSE C51 -0.351165 -0.699400 -0.847363 0.531014 0.531014 0.847363
VERTEX_POSE C52 -0.662900 -0.353048 0.055861 -0.998439 -0.998439 -0.055861
VERTEX_POSE C53 0.955880 0.384825 0.999985 -0.005423 -0.005423 -0.999985
VERTEX_POSE C54 -0.465376 -0.141286 0.122707 -0.992443 -0.992443 -0.122707
VERTEX_POSE C55 -0.656955 0.152751 0.387550 -0.921849 -0.921849 -0.387550
VERTEX_POSE C56 0.147391 0.963223 0.912830 0.408339 0.408339 -0.912830
VERTEX_POSE C57 -0.407277 0.768698 -0.654239 -0.756288 -0.756288 0.654239
VERTEX_POSE C58 -0.835861 0.985244 0.982779 0.184787 0.184787 -0.982779
VERTEX_POSE C59 0.173198 0.094403 0.114206 -0.993457 -0.993457 -0.114206
VERTEX_POSE C60 0.197981 0.586731 0.086496 -0.996252 -0.996252 -0.086496
VERTEX_POSE C61 0.739656 0.863899 -0.885440 0.464754 -0.464754 -0.885440
VERTEX_POSE C62 -0.690003 0.452123 -0.666107 -0.745856 0.745856 -0.666107
VERTEX_POSE C63 -0.821259 0.796427 -0.889838 -0.456276 -0.456276 0.889838
VERTEX_POSE C64 0.879040 0.838382 0.440385 0.897809 0.897809 -0.440385
VERTEX_POSE C65 -0.847086 -0.228497 -0.917664 -0.397358 -0.397358 0.917664
VERTEX_POSE C66 0.087119 -0.437316 -0.839447 -0.543442 -0.543442 0.839447
VERTEX_POSE C67 0.613059 0.014402 -0.153180 0.988198 0.988198 0.153180
VERTEX_POSE C68 -0.746998 0.775053 0.593692 -0.804692 -0.804692 -0.593692
VERTEX_POSE C69 -0.126974 -0.591668 -0.553581 -0.832796 0.832796 -0.553581
VERTEX_POSE C70 0.677054 -0.584596 -0.175121 0.984547 0.984547 0.175121
VERTEX_POSE C71 -0.267506 0.868407 -0.617051 -0.786923 0.786923 -0.617051
VERTEX_POSE C72 -0.172907 -0.038410 -0.718058 0.695983 -0.695983 -0.718058
VERTEX_POSE C73 0.707611 -0.228600 -0.097524 0.995233 -0.995233 -0.097524
VERTEX_POSE C74 0.624457 -0.828115 -0.662732 0.748857 -0.748857 -0.662732
VERTEX_POSE C75 -0.059488 0.865812 -0.180219 -0.983627 0.983627 -0.180219
VERTEX_POSE C76 0.685257 0.746088 0.816881 -0.576806 -0.576806 -0.816881
VERTEX_POSE C77 0.953572 -0.556736 -0.492541 -0.870289 0.870289 -0.492541
VERTEX_POSE C78 0.233683 0.375524 -0.869330 0.494232 -0.494232 -0.869330
VERTEX_POSE C79 0.648863 -0.948459 0.922095 -0.386963 -0.386963 -0.922095
VERTEX_POSE C80 0.501531 0.619226 -0.877466 -0.479638 -0.479638 0.877466
VERTEX_POSE C81 -0.365870 -0.115650 0.658354 -0.752709 0.752709 0.658354
VERTEX_POSE C82 -0.702301 -0.647859 0.231350 0.972871 0.972871 -0.231350
VERTEX_POSE C83 0.838631 -0.733822 0.368388 -0.929672 -0.929672 -0.368388
VERTEX_POSE C84 -0.409990 -0.730825 -0.731898 0.681415 0.681415 0.731898
VERTEX_POSE C85 -0.167677 0.210855 -0.471661 0.881780 0.881780 0.471661
VERTEX_POSE C86 -0.818324 0.418929 -0.614231 -0.789127 0.789127 -0.614231
VERTEX_POSE C87 0.737401 -0.767602 -0.044947 0.998989 -0.998989 -0.044947
VERTEX_POSE C88 0.425046 -0.020447 -0.982197 0.187852 -0.187852 -0.982197
VERTEX_POSE C89 -0.654185 0.404173 0.730447 -0.682970 -0.682970 -0.730447
VERTEX_POSE C90 -0.089401 0.326801 0.519273 0.854608 0.854608 -0.519273
VERTEX_POSE C91 -0.376973 -0.433716 -0.941740 -0.336343 0.336343 -0.941740
VERTEX_POSE C92 -0.914529 0.268072 -0.992195 0.124699 0.124699 0.992195
VERTEX_POSE C93 0.220595 -0.221076 0.624397 0.781107 -0.781107 0.624397
VERTEX_POSE C94 -0.198232 -0.637289 -0.904508 0.426456 0.426456 0.904508
VERTEX_POSE C95 0.964511 0.106454 0.950757 0.309936 0.309936 -0.950757
VERTEX_POSE C96 0.373509 0.550428 -0.079651 -0.996823 0.996823 -0.079651
VERTEX_POSE C97 0.888887 -0.074605 -0.507573 -0.861609 0.861609 -0.507573
VERTEX_POSE C98 0.577570 -0.879145 -0.943863 0.330337 0.330337 0.943863
VERTEX_POSE C99 0.626512 0.325480 -0.329295 -0.944227 0.944227 -0.329295
VERTEX_POSE C100 -0.238087 0.333726 -0.881394 -0.472382 0.472382 -0.881394
VERTEX_POSE C101 0.254624 -0.463741 -0.504215 0.863578 -0.863578 -0.504215
VERTEX_POSE C102 -0.640994 0.193888 0.796737 0.604326 0.604326 -0.796737
VERTEX_POSE C103 0.589007 -0.704684 -0.100267 0.994961 0.994961 0.100267
VERTEX_POSE C104 -0.037765 0.307660 -0.562054 -0.827100 0.827100 -0.562054
VERTEX_POSE C105 0.983463 0.365772 -0.487538 -0.873102 0.873102 -0.487538
VERTEX_POSE C106 -0.470481 -0.838872 0.987272 -0.159043 -0.159043 -0.987272
VERTEX_POSE C107 -0.352509 0.053748 0.563880 0.825856 -0.825856 0.563880
VERTEX_POSE C108 0.937035 0.809036 -0.388618 -0.921399 -0.921399 0.388618
VERTEX_POSE C109 0.763202 0.536652 0.288953 0.957343 -0.957343 0.288953
VERTEX_POSE C110 -0.703645 0.105289 0.769926 0.638133 -0.638133 0.769926
VERTEX_POSE C111 0.438567 0.428262 -0.734157 -0.678980 0.678980 -0.734157
VERTEX_POSE C112 -0.602668 -0.578998 -0.844643 -0.535330 -0.535330 0.844643
VERTEX_POSE C113 -0.405946 0.457430 -0.662233 -0.749298 0.749298 -0.662233
VERTEX_POSE C114 0.277198 0.694440 0.540514 0.841335 0.841335 -0.540514
VERTEX_POSE C115 -0.012658 -0.309823 0.030661 0.999530 0.999530 -0.030661
VERTEX_POSE C116 0.426377 -0.331715 -0.439218 0.898380 0.898380 0.439218
VERTEX_POSE C117 0.458874 0.113369 0.391081 -0.920356 0.920356 0.391081
VERTEX_POSE C118 -0.275258 -0.077425 -0.146075 0.989273 0.989273 0.146075
VERTEX_POSE C119 -0.148577 0.647838 -0.335903 -0.941897 -0.941897 0.335903
VERTEX_POSE C120 0.804689 -0.482458 0.787246 0.616639 -0.616639 0.787246
VERTEX_POSE C121 0.635341 -0.750624 -0.249472 0.968382 0.968382 0.249472
VERTEX_POSE C122 0.474450 -0.785878 -0.544341 0.838864 -0.838864 -0.544341
VERTEX_POSE C123 0.890160 0.785614 0.697595 -0.716492 -0.716492 -0.697595
VERTEX_POSE C124 -0.144064 0.028301 -0.090418 -0.995904 -0.995904 0.090418
VERTEX_POSE C125 -0.723782 -0.423168 -0.383454 -0.923560 0.923560 -0.383454
VERTEX_POSE C126 0.854671 -0.107933 0.926704 0.375792 -0.375792 0.926704
VERTEX_POSE C127 -0.770555 -0.421272 -0.515678 -0.856783 0.856783 -0.515678
VERTEX_POSE C128 -0.834896 0.502227 0.636193 0.771530 0.771530 -0.636193
VERTEX_POSE C129 0.432241 0.012923 -0.844319 0.535840 -0.535840 -0.844319
VERTEX_POSE C130 0.855957 0.904209 0.993398 0.114717 -0.114717 0.993398
VERTEX_POSE C131 -0.072982 -0.164047 0.030432 -0.999537 -0.999537 -0.030432
VERTEX_POSE C132 -0.313135 0.549182 0.703634 -0.710563 0.710563 0.703634
VERTEX_POSE C133 -0.785037 0.098097 -0.395187 -0.918601 -0.918601 0.395187
VERTEX_POSE C134 -0.483975 0.131269 0.894044 0.447978 0.447978 -0.894044
VERTEX_POSE C135 0.649100 -0.143158 0.306177 0.951975 -0.951975 0.306177
VERTEX_POSE C136 -0.801574 -0.536131 -0.955955 -0.293513 0.293513 -0.955955
VERTEX_POSE C137 0.045544 0.292398 0.726234 -0.687448 -0.687448 -0.726234
VERTEX_POSE C138 -0.703409 0.910590 0.999376 -0.035309 -0.035309 -0.999376
VERTEX_POSE C139 -0.864539 -0.727095 0.450066 0.892995 -0.892995 0.450066
VERTEX_POSE C140 -0.191255 -0.170950 -0.716582 0.697503 -0.697503 -0.716582
VERTEX_POSE C141 -0.407054 0.015879 0.412339 -0.911031 -0.911031 -0.412339
VERTEX_POSE C142 0.574027 0.701167 -0.425034 -0.905178 -0.905178 0.425034
VERTEX_POSE C143 0.206077 0.250052 -0.374042 0.927412 0.927412 0.374042
VERTEX_POSE C144 0.187000 -0.526692 0.894937 0.446192 0.446192 -0.894937
VERTEX_POSE C145 -0.148775 0.395607 -0.121107 0.992639 -0.992639 -0.121107
VERTEX_POSE C146 -0.806581 0.940229 0.034640 0.999400 0.999400 -0.034640
VERTEX_POSE C147 -0.386623 0.141593 0.407445 -0.913230 0.913230 0.407445
VERTEX_POSE C148 -0.689901 -0.491025 -0.999683 -0.025168 0.025168 -0.999683
VERTEX_POSE C149 -0.081839 -0.137196 -0.543188 -0.839611 -0.839611 0.543188
VERTEX_POSE C150 0.464800 -0.210569 0.156536 0.987672 -0.987672 0.156536
VERTEX_POSE C151 -0.885212 0.026517 0.736326 0.676627 0.676627 -0.736326
VERTEX_POSE C152 -0.446498 0.112181 0.833029 0.553229 -0.553229 0.833029
VERTEX_POSE C153 -0.060750 0.003553 -0.824507 -0.565852 -0.565852 0.824507
VERTEX_POSE C154 -0.995052 -0.187869 -0.490857 0.871240 0.871240 0.490857
VERTEX_POSE C155 0.409438 -0.859518 0.951762 0.306837 0.306837 -0.951762
VERTEX_POSE C156 0.215467 0.580385 0.927052 -0.374933 0.374933 0.927052
VERTEX_POSE C157 0.859619 0.704198 -0.714214 0.699927 0.699927 0.714214
VERTEX_POSE C158 0.638883 -0.280790 0.743313 0.668944 -0.668944 0.743313
VERTEX_POSE C159 0.380572 0.082613 0.997921 0.064445 0.064445 -0.997921
VERTEX_POSE C160 0.291860 -0.282879 -0.981144 -0.193279 -0.193279 0.981144
VERTEX_POSE C161 0.494840 -0.376581 -0.993907 0.110226 0.110226 0.993907
VERTEX_POSE C162 -0.692410 0.918566 -0.349166 -0.937061 0.937061 -0.349166
VERTEX_POSE C163 0.978726 -0.733697 0.472676 -0.881236 -0.881236 -0.472676
VERTEX_POSE C164 0.709803 0.721516 -0.391100 0.920348 0.920348 0.391100
VERTEX_POSE C165 -0.176386 0.049836 -0.672930 -0.739706 -0.739706 0.672930
VERTEX_POSE C166 0.627826 0.123145 0.597977 -0.801513 0.801513 0.597977
VERTEX_POSE C167 0.908229 -0.814616 -0.974282 0.225332 -0.225332 -0.974282
VERTEX_POSE C168 0.869158 -0.657767 0.633141 -0.774036 0.774036 0.633141
VERTEX_POSE C169 0.924417 0.033735 0.009451 0.999955 -0.999955 0.009451
VERTEX_POSE C170 -0.956310 -0.541711 0.727064 -0.686570 0.686570 0.727064
VERTEX_POSE C171 -0.322097 0.171283 -0.499348 0.866401 0.866401 0.499348
VERTEX_POSE C172 -0.482636 -0.950387 0.989124 0.147085 -0.147085 0.989124
VERTEX_POSE C173 0.617717 -0.840544 -0.884371 -0.466784 -0.466784 0.884371
VERTEX_POSE C174 0.883980 -0.578665 0.909588 -0.415511 0.415511 0.909588
VERTEX_POSE C175 0.704364 -0.477078 -0.775666 -0.631144 0.631144 -0.775666
VERTEX_POSE C176 -0.531058 0.555062 -0.990131 0.140144 -0.140144 -0.990131
VERTEX_POSE C177 -0.922601 -0.638436 -0.309374 -0.950941 0.950941 -0.309374
VERTEX_POSE C178 -0.682260 0.664515 -0.411624 0.911354 0.911354 0.411624
VERTEX_POSE C179 -0.220959 -0.935962 0.097889 0.995197 0.995197 -0.097889
VERTEX_POSE C180 -0.004440 0.224368 0.861852 0.507160 -0.507160 0.861852
VERTEX_POSE C181 0.782540 -0.546054 0.999888 -0.014997 -0.014997 -0.999888
VERTEX_POSE C182 -0.106171 0.090555 0.286120 -0.958194 -0.958194 -0.286120
VERTEX_POSE C183 0.549061 -0.663451 0.974652 0.223728 -0.223728 0.974652
VERTEX_POSE C184 -0.278210 0.457499 -0.643956 0.765063 -0.765063 -0.643956
VERTEX_POSE C185 -0.101224 0.902685 0.513235 -0.858248 -0.858248 -0.513235
VERTEX_POSE C186 -0.041501 -0.522969 0.998647 0.052006 0.052006 -0.998647
VERTEX_POSE C187 0.937258 0.037885 0.206296 0.978490 0.978490 -0.206296
VERTEX_POSE C188 -0.241604 0.606884 0.302749 0.953070 0.953070 -0.302749
VERTEX_POSE C189 -0.402618 0.196241 0.242184 -0.970230 -0.970230 -0.242184
VERTEX_POSE C190 0.317830 -0.879503 0.954596 -0.297904 0.297904 0.954596
VERTEX_POSE C191 -0.949744 -0.675995 0.235140 -0.971962 -0.971962 -0.235140
VERTEX_POSE C192 -0.907778 0.819660 0.840910 0.541175 -0.541175 0.840910
VERTEX_POSE C193 0.625419 -0.960937 0.994595 0.103833 0.103833 -0.994595
VERTEX_POSE C194 -0.971018 -0.409692 -0.185937 -0.982562 0.982562 -0.185937
VERTEX_POSE C195 0.802025 0.541176 -0.963084 -0.269202 0.269202 -0.963084
VERTEX_POSE C196 -0.550966 0.088899 0.996893 0.078764 0.078764 -0.996893
VERTEX_POSE C197 0.656807 0.713453 -0.998902 0.046857 -0.046857 -0.998902
VERTEX_POSE C198 0.710254 0.726560 0.406274 -0.913751 0.913751 0.406274
VERTEX_POSE D0 -0.681808 0.431132 -0.826546 0.562870 0.562870 0.826546
VERTEX_POSE D1 0.581225 -0.252813 0.992511 -0.122156 -0.122156 -0.992511
VERTEX_POSE D2 0.753944 -0.815151 0.528534 -0.848912 0.848912 0.528534
VERTEX_POSE D3 -0.003905 -0.397585 -0.882167 -0.470936 -0.470936 0.882167
VERTEX_POSE D4 -0.901412 -0.203199 -0.567427 0.823423 -0.823423 -0.567427
VERTEX_POSE D5 0.371661 -0.655695 -0.933416 -0.358796 0.358796 -0.933416
VERTEX_POSE D6 -0.119925 0.023750 0.896462 -0.443121 -0.443121 -0.896462
VERTEX_POSE D7 0.802952 0.319722 -0.788126 -0.615514 -0.615514 0.788126
VERTEX_POSE D8 0.840603 0.899367 -0.251805 0.967778 0.967778 0.251805
VERTEX_POSE D9 -0.042526 0.385314 -0.905937 0.423412 -0.423412 -0.905937
VERTEX_POSE D10 -0.879308 -0.015763 0.164438 0.986387 0.986387 -0.164438
VERTEX_POSE D11 -0.380356 0.963404 0.543795 0.839218 -0.839218 0.543795
VERTEX_POSE D12 0.953033 -0.390318 -0.774847 0.632149 0.632149 0.774847
VERTEX_POSE D13 0.903232 0.438183 -0.999772 0.021350 -0.021350 -0.999772
VERTEX_POSE D14 0.513473 0.053959 -0.035604 0.999366 0.999366 0.035604
VERTEX_POSE D15 0.502094 -0.053768 0.902377 0.430948 -0.430948 0.902377
VERTEX_POSE D16 -0.374977 -0.104317 -0.528603 -0.848869 -0.848869 0.528603
VERTEX_POSE D17 -0.587751 -0.043356 0.997473 0.071050 0.071050 -0.997473
VERTEX_POSE D18 -0.539407 0.423263 0.308140 -0.951341 -0.951341 -0.308140
VERTEX_POSE D19 -0.437720 0.933567 -0.576333 -0.817215 0.817215 -0.576333
VERTEX_POSE D20 0.170645 -0.436472 -0.704270 0.709932 0.709932 0.704270
VERTEX_POSE D21 0.057976 -0.380496 0.397300 0.917689 0.917689 -0.397300
VERTEX_POSE D22 0.880110 -0.945935 0.697206 0.716871 -0.716871 0.697206
VERTEX_POSE D23 0.220901 -0.112467 -0.679176 -0.733976 -0.733976 0.679176
VERTEX_POSE D24 0.150198 -0.560836 0.922600 -0.385758 0.385758 0.922600
VERTEX_POSE D25 0.505529 -0.906872 -0.693282 -0.720666 0.720666 -0.693282
VERTEX_POSE D26 0.249882 0.477841 -0.999299 0.037434 -0.037434 -0.999299
VERTEX_POSE D27 -0.047777 0.980340 -0.958034 0.286656 0.286656 0.958034
VERTEX_POSE D28 0.954563 0.182027 0.817719 0.575618 0.575618 -0.817719
VERTEX_POSE D29 -0.093310 0.191293 -0.748434 -0.663209 -0.663209 0.748434
VERTEX_POSE D30 -0.337523 0.706901 -0.972471 0.233026 -0.233026 -0.972471
VERTEX_POSE D31 -0.727245 -0.386841 0.379049 -0.925377 0.925377 0.379049
VERTEX_POSE D32 -0.512085 0.938481 -0.983200 -0.182533 0.182533 -0.983200
VERTEX_POSE D33 -0.583579 0.891750 -0.684002 0.729481 0.729481 0.684002
VERTEX_POSE D34 0.268849 0.215574 0.844035 -0.536288 0.536288 0.844035
VERTEX_POSE D35 -0.413497 -0.264719 -0.350604 0.936524 -0.936524 -0.350604
VERTEX_POSE D36 0.788082 -0.763945 0.724081 0.689715 -0.689715 0.724081
VERTEX_POSE D37 -0.851076 -0.760676 0.299864 0.953982 -0.953982 0.299864
VERTEX_POSE D38 -0.610546 -0.944996 0.402218 -0.915544 -0.915544 -0.402218
VERTEX_POSE D39 0.628685 -0.864578 -0.805831 -0.592146 -0.592146 0.805831
VERTEX_POSE D40 0.106398 0.624638 -0.621146 -0.783695 -0.783695 0.621146
VERTEX_POSE D41 -0.489854 0.039241 0.668394 -0.743808 -0.743808 -0.668394
VERTEX_POSE D42 -0.751671 -0.901174 -0.553151 0.833081 0.833081 0.553151
VERTEX_POSE D43 0.059431 -0.765680 0.958808 0.284055 -0.284055 0.958808
VERTEX_POSE D44 -0.586621 -0.522576 -0.664783 0.747037 -0.747037 -0.664783
VERTEX_POSE D45 0.761802 0.152785 0.308564 -0.951204 0.951204 0.308564
VERTEX_POSE D46 -0.438474 0.180551 -0.103856 -0.994592 -0.994592 0.103856
VERTEX_POSE D47 0.038401 0.373107 0.848295 0.529523 -0.529523 0.848295
VERTEX_POSE D48 -0.825949 -0.890570 0.499495 0.866317 0.866317 -0.499495
VERTEX_POSE D49 0.022119 -0.396186 0.271213 -0.962519 0.962519 0.271213
VERTEX_POSE D50 0.600682 0.306674 0.932963 -0.359973 0.359973 0.932963
VERTEX_POSE D51 0.344695 -0.327042 -0.582441 0.812873 -0.812873 -0.582441
VERTEX_POSE D52 -0.919906 0.223318 0.196325 -0.980539 -0.980539 -0.196325
VERTEX_POSE D53 0.480792 0.360739 0.741601 0.670841 -0.670841 0.741601
VERTEX_POSE D54 -0.434404 0.560490 -0.643511 0.765437 0.765437 0.643511
VERTEX_POSE D55 0.230292 0.662482 -0.822442 0.568849 0.568849 0.822442
VERTEX_POSE D56 -0.013679 0.453867 0.871320 0.490714 -0.490714 0.871320
VERTEX_POSE D57 0.815479 0.038331 0.951491 0.307677 0.307677 -0.951491
VERTEX_POSE D58 -0.817484 0.642823 -0.460262 0.887783 0.887783 0.460262
VERTEX_POSE D59 -0.059116 -0.364106 -0.510935 0.859619 -0.859619 -0.510935
VERTEX_POSE D60 -0.277832 -0.770376 0.560523 -0.828139 -0.828139 -0.560523
VERTEX_POSE D61 -0.155007 0.349723 -0.802754 -0.596311 0.596311 -0.802754
VERTEX_POSE D62 0.213639 0.249053 -0.967674 -0.252203 0.252203 -0.967674
VERTEX_POSE D63 0.210083 -0.831895 -0.955837 -0.293898 -0.293898 0.955837
VERTEX_POSE D64 0.261414 0.241473 -0.940681 0.339292 0.339292 0.940681
VERTEX_POSE D65 -0.517512 -0.535373 0.670332 -0.742062 -0.742062 -0.670332
VERTEX_POSE D66 0.796586 -0.096613 -0.562716 -0.826650 0.826650 -0.562716
VERTEX_POSE D67 0.049496 0.477528 -0.958907 0.283720 -0.283720 -0.958907
VERTEX_POSE D68 -0.368587 -0.296049 -0.862117 0.506710 -0.506710 -0.862117
VERTEX_POSE D69 -0.813960 -0.041610 0.709819 0.704384 0.704384 -0.709819
VERTEX_POSE D70 -0.321819 0.612949 0.487923 0.872887 -0.872887 0.487923
VERTEX_POSE D71 0.737811 -0.671412 -0.944047 0.329812 0.329812 0.944047
VERTEX_POSE D72 -0.303814 0.997631 0.646603 -0.762826 0.762826 0.646603
VERTEX_POSE D73 -0.073489 0.711775 0.479873 -0.877338 -0.877338 -0.479873
VERTEX_POSE D74 -0.202758 -0.437092 0.999927 0.012111 0.012111 -0.999927
VERTEX_POSE D75 0.109565 -0.524945 -0.963112 0.269100 0.269100 0.963112
VERTEX_POSE D76 -0.311688 -0.135440 -0.898543 -0.438886 0.438886 -0.898543
VERTEX_POSE D77 0.358768 0.743460 -0.824010 0.566576 -0.566576 -0.824010
VERTEX_POSE D78 -0.852033 0.848162 -0.900558 -0.434735 0.434735 -0.900558
VERTEX_POSE D79 -0.137637 -0.026010 -0.835390 -0.549658 -0.549658 0.835390
VERTEX_POSE D80 -0.619114 -0.652727 0.938818 0.344414 0.344414 -0.938818
VERTEX_POSE D81 0.748648 0.154836 0.886705 -0.462336 -0.462336 -0.886705
VERTEX_POSE D82 -0.792941 0.646948 -0.955101 0.296282 0.296282 0.955101
VERTEX_POSE D83 -0.539019 0.570591 -0.947248 -0.320501 -0.320501 0.947248
VERTEX_POSE D84 0.229440 -0.484426 0.626904 0.779097 0.779097 -0.626904
VERTEX_POSE D85 -0.227345 0.207438 -0.376223 -0.926529 -0.926529 0.376223
VERTEX_POSE D86 0.691273 0.233074 0.780108 -0.625645 0.625645 0.780108
VERTEX_POSE D87 -0.784239 0.969441 0.718144 -0.695894 -0.695894 -0.718144
VERTEX_POSE D88 -0.411867 -0.754231 0.083174 -0.996535 0.996535 0.083174
VERTEX_POSE D89 0.873789 -0.124104 0.869984 0.493081 0.493081 -0.869984
VERTEX_POSE D90 0.156646 -0.394666 0.435126 0.900370 0.900370 -0.435126
VERTEX_POSE D91 0.310302 -0.524606 -0.548849 -0.835922 0.835922 -0.548849
VERTEX_POSE D92 -0.281218 -0.774381 -0.945365 -0.326014 -0.326014 0.945365
VERTEX_POSE D93 -0.629715 0.854387 -0.503892 -0.863767 0.863767 -0.503892
VERTEX_POSE D94 -0.479615 -0.356501 -0.994375 -0.105916 -0.105916 0.994375
VERTEX_POSE D95 0.980196 0.467092 0.002126 -0.999998 -0.999998 -0.002126
VERTEX_POSE D96 -0.147227 -0.680986 0.017703 -0.999843 0.999843 0.017703
VERTEX_POSE D97 -0.683030 0.546886 0.405711 0.914001 0.914001 -0.405711
VERTEX_POSE D98 0.029692 -0.055380 -0.996746 0.080605 0.080605 0.996746
VERTEX_POSE D99 0.484186 0.022965 -0.527662 0.849455 -0.849455 -0.527662
VERTEX_POSE D100 -0.496990 -0.494724 0.342184 -0.939633 -0.939633 -0.342184
VERTEX_POSE D101 0.707873 -0.442431 -0.999472 -0.032504 -0.032504 0.999472
VERTEX_POSE D102 0.221997 0.351553 0.986299 -0.164969 -0.164969 -0.986299
VERTEX_POSE D103 0.199197 -0.497092 -0.220827 -0.975313 -0.975313 0.220827
VERTEX_POSE D104 -0.365616 -0.730655 -0.895737 -0.444585 0.444585 -0.895737
VERTEX_POSE D105 -0.980761 0.914462 0.300016 0.953934 0.953934 -0.300016
VERTEX_POSE D106 -0.691238 -0.022037 -0.860895 0.508782 0.508782 0.860895
VERTEX_POSE D107 0.322696 0.133905 -0.873923 -0.486064 0.486064 -0.873923
VERTEX_POSE D108 0.378006 0.657921 -0.860581 0.509314 0.509314 0.860581
VERTEX_POSE D109 -0.543272 -0.173876 0.832229 -0.554433 -0.554433 -0.832229
VERTEX_POSE D110 -0.814941 -0.892105 -0.950803 -0.309796 0.309796 -0.950803
VERTEX_POSE D111 0.758893 -0.994805 0.022370 0.999750 0.999750 -0.022370
VERTEX_POSE D112 -0.794623 0.980960 0.366044 -0.930598 0.930598 0.366044
VERTEX_POSE D113 -0.607882 0.754843 -0.349887 0.936792 0.936792 0.349887
VERTEX_POSE D114 -0.780126 0.575786 0.901640 0.432487 0.432487 -0.901640
VERTEX_POSE D115 0.434817 -0.503466 0.799962 -0.600051 -0.600051 -0.799962
VERTEX_POSE D116 0.164773 -0.037719 -0.777853 0.628447 -0.628447 -0.777853
VERTEX_POSE D117 0.911147 -0.191141 -0.236454 -0.971643 -0.971643 0.236454
VERTEX_POSE D118 0.650578 -0.534025 0.423566 -0.905865 -0.905865 -0.423566
VERTEX_POSE D119 0.752906 0.208051 0.830234 0.557415 -0.557415 0.830234
VERTEX_POSE D120 0.784936 0.684756 -0.957775 0.287519 -0.287519 -0.957775
VERTEX_POSE D121 -0.192776 0.071309 0.998563 0.053595 -0.053595 0.998563
VERTEX_POSE D122 0.063208 0.683444 -0.159482 0.987201 0.987201 0.159482
VERTEX_POSE D123 -0.496283 0.910375 -0.902438 0.430820 0.430820 0.902438
VERTEX_POSE E0 0.177509 -0.074304 0.617629 0.786470 -0.786470 0.617629
VERTEX_POSE E1 0.583593 -0.673056 0.970160 0.242464 -0.242464 0.970160
VERTEX_POSE E2 -0.516087 0.377467 -0.058637 -0.998279 -0.998279 0.058637
VERTEX_POSE E3 -0.969718 0.244710 0.792989 -0.609236 0.609236 0.792989
VERTEX_POSE E4 0.900563 0.873830 0.106152 -0.994350 0.994350 0.106152
VERTEX_POSE E5 0.513605 -0.677912 0.963915 0.266209 0.266209 -0.963915
VERTEX_POSE E6 0.514468 -0.732325 0.623008 0.782216 0.782216 -0.623008
VERTEX_POSE E7 -0.596427 -0.620894 0.886877 0.462006 0.462006 -0.886877
VERTEX_POSE E8 0.221478 -0.120343 -0.004566 -0.999990 -0.999990 0.004566
VERTEX_POSE E9 -0.263536 0.619228 -0.303929 -0.952695 0.952695 -0.303929
VERTEX_POSE E10 0.602770 -0.117986 0.317817 0.948152 0.948152 -0.317817
VERTEX_POSE E11 0.855862 0.149002 0.904899 0.425625 0.425625 -0.904899
VERTEX_POSE E12 -0.244297 0.533690 -0.844560 0.535462 -0.535462 -0.844560
VERTEX_POSE E13 0.911531 0.859976 -0.458747 0.888567 -0.888567 -0.458747
VERTEX_POSE E14 0.178558 -0.717093 -0.997361 0.072600 0.072600 0.997361
VERTEX_POSE E15 -0.866290 0.191611 -0.633806 0.773492 0.773492 0.633806
VERTEX_POSE E16 -0.631740 -0.313899 -0.305164 -0.952300 0.952300 -0.305164
VERTEX_POSE E17 0.363618 -0.609197 0.960558 -0.278080 0.278080 0.960558
VERTEX_POSE E18 0.892602 0.196805 0.519474 0.854486 0.854486 -0.519474
VERTEX_POSE E19 -0.426364 -0.332939 0.461041 -0.887379 0.887379 0.461041
VERTEX_POSE E20 0.755736 -0.854354 0.760020 0.649899 0.649899 -0.760020
VERTEX_POSE E21 -0.887524 -0.227409 -0.029060 -0.999578 0.999578 -0.029060
VERTEX_POSE E22 -0.991547 0.163595 -0.945021 -0.327011 0.327011 -0.945021
VERTEX_POSE E23 -0.079492 0.107927 -0.697678 0.716412 0.716412 0.697678
VERTEX_POSE E24 -0.976377 0.581451 0.678760 -0.734360 0.734360 0.678760
VERTEX_POSE E25 0.659032 0.629569 -0.738349 -0.674419 -0.674419 0.738349
VERTEX_POSE E26 -0.326586 -0.684022 0.434091 -0.900869 0.900869 0.434091
VERTEX_POSE E27 0.808559 0.266206 0.999932 -0.011693 0.011693 0.999932
VERTEX_POSE E28 -0.533744 -0.299122 0.611307 -0.791394 0.791394 0.611307
VERTEX_POSE E29 0.736622 0.999422 0.094881 -0.995489 -0.995489 -0.094881
VERTEX_POSE E30 -0.687724 0.176581 0.929651 0.368442 -0.368442 0.929651
VERTEX_POSE E31 0.643764 0.626574 0.769758 -0.638335 -0.638335 -0.769758
VERTEX_POSE E32 0.320215 -0.673634 -0.939995 0.341187 -0.341187 -0.939995
VERTEX_POSE E33 -0.203811 -0.445951 0.976278 -0.216521 -0.216521 -0.976278
VERTEX_POSE E34 0.674046 -0.128716 -0.952212 -0.305439 0.305439 -0.952212
VERTEX_POSE E35 0.220778 -0.799804 0.023896 -0.999714 0.999714 0.023896
VERTEX_POSE E36 -0.690206 -0.123864 -0.934792 -0.355196 -0.355196 0.934792
VERTEX_POSE E37 0.188514 0.138959 -0.771763 -0.635910 0.635910 -0.771763
VERTEX_POSE E38 0.624351 -0.420698 0.425184 0.905107 0.905107 -0.425184
VERTEX_POSE E39 0.531273 0.755794 -0.137092 -0.990558 0.990558 -0.137092
VERTEX_POSE E40 0.924978 -0.241812 -0.825672 -0.564150 0.564150 -0.825672
VERTEX_POSE E41 0.227120 0.461315 0.218946 0.975737 -0.975737 0.218946
VERTEX_POSE E42 0.387135 -0.095204 0.748521 0.663111 -0.663111 0.748521
VERTEX_POSE E43 -0.319319 -0.708123 0.664962 -0.746877 -0.746877 -0.664962
VERTEX_POSE E44 0.138652 0.321291 0.607030 -0.794679 0.794679 0.607030
VERTEX_POSE E45 -0.434307 0.187703 -0.475290 0.879829 0.879829 0.475290
VERTEX_POSE E46 -0.185609 0.483488 -0.891883 -0.452266 0.452266 -0.891883
VERTEX_POSE E47 0.506911 -0.992608 -0.197059 -0.980392 0.980392 -0.197059
VERTEX_POSE E48 0.929311 0.578505 0.996558 -0.082904 -0.082904 -0.996558
VERTEX_POSE E49 -0.293007 -0.319706 0.829664 -0.558263 -0.558263 -0.829664
VERTEX_POSE E50 -0.919452 -0.325547 0.824611 -0.565699 -0.565699 -0.824611
VERTEX_POSE E51 0.685046 0.724151 -0.860747 0.509033 0.509033 0.860747
VERTEX_POSE E52 -0.180530 0.452885 -0.174572 0.984644 -0.984644 -0.174572
VERTEX_POSE E53 -0.910999 0.838047 -0.954855 0.297072 0.297072 0.954855
VERTEX_POSE E54 -0.394445 -0.167921 0.989845 0.142152 -0.142152 0.989845
VERTEX_POSE E55 -0.156907 0.034336 0.317905 0.948123 -0.948123 0.317905
VERTEX_POSE E56 0.748033 0.467616 -0.414571 -0.910017 0.910017 -0.414571
VERTEX_POSE E57 0.278969 0.148056 0.547139 0.837042 0.837042 -0.547139
VERTEX_POSE E58 -0.348349 -0.699458 0.744073 0.668098 0.668098 -0.744073
VERTEX_POSE E59 -0.785712 -0.831505 0.355093 0.934831 -0.934831 0.355093
VERTEX_POSE E60 0.015591 0.147479 -0.996292 0.086039 0.086039 0.996292
VERTEX_POSE E61 -0.036073 0.477123 0.207076 -0.978325 0.978325 0.207076
VERTEX_POSE E62 0.858053 0.795069 -0.681078 -0.732211 -0.732211 0.681078
VERTEX_POSE E63 -0.664194 0.473845 -0.983858 -0.178952 -0.178952 0.983858
VERTEX_POSE E64 0.760116 -0.968828 0.622242 -0.782825 -0.782825 -0.622242
VERTEX_POSE E65 0.532098 -0.333646 0.307934 0.951408 0.951408 -0.307934
VERTEX_POSE E66 0.556584 0.674040 -0.639247 0.769001 -0.769001 -0.639247
VERTEX_POSE E67 -0.930090 -0.092691 -0.028604 -0.999591 -0.999591 0.028604
VERTEX_POSE E68 -0.279388 0.805313 0.981373 0.192114 0.192114 -0.981373
VERTEX_POSE E69 0.180935 -0.746658 -0.998707 0.050833 -0.050833 -0.998707
VERTEX_POSE E70 0.601183 -0.336898 0.048932 -0.998802 0.998802 0.048932
VERTEX_POSE E71 -0.354410 -0.436499 -0.987456 -0.157895 -0.157895 0.987456
VERTEX_POSE E72 -0.591945 0.714657 -0.349863 0.936801 -0.936801 -0.349863
VERTEX_POSE E73 -0.011682 0.567898 -0.908322 0.418271 0.418271 0.908322
VERTEX_POSE E74 0.326271 -0.144622 0.591782 0.806098 0.806098 -0.591782
VERTEX_POSE E75 0.546707 0.035948 -0.029768 0.999557 -0.999557 -0.029768
VERTEX_POSE E76 0.554010 -0.244399 -0.756865 0.653571 -0.653571 -0.756865
VERTEX_POSE E77 -0.859338 -0.661134 0.897636 -0.440738 -0.440738 -0.897636
VERTEX_POSE E78 0.053618 0.043340 -0.975248 0.221115 0.221115 0.975248
VERTEX_POSE E79 0.483321 -0.665894 -0.164228 -0.986422 -0.986422 0.164228
VERTEX_POSE E80 -0.152344 0.019160 0.214274 -0.976774 0.976774 0.214274
VERTEX_POSE E81 0.134166 0.717793 -0.069985 0.997548 -0.997548 -0.069985
VERTEX_POSE E82 0.168367 -0.941743 -0.393969 -0.919124 -0.919124 0.393969
VERTEX_POSE E83 0.667125 -0.527956 0.470043 0.882643 0.882643 -0.470043
VERTEX_POSE E84 0.223167 0.555840 0.854509 -0.519437 -0.519437 -0.854509
VERTEX_POSE E85 0.773922 -0.109664 -0.803255 -0.595635 0.595635 -0.803255
VERTEX_POSE E86 -0.489782 0.506380 -0.792126 -0.610358 0.610358 -0.792126
VERTEX_POSE E87 -0.028801 0.023457 -0.514866 0.857271 -0.857271 -0.514866
VERTEX_POSE E88 0.052891 -0.961608 -0.999965 0.008316 0.008316 0.999965
VERTEX_POSE E89 0.161869 0.806922 -0.966087 -0.258218 0.258218 -0.966087
VERTEX_POSE E90 0.185488 0.191951 0.713650 -0.700503 -0.700503 -0.713650
VERTEX_POSE E91 -0.931518 0.185871 0.387324 0.921944 0.921944 -0.387324
VERTEX_POSE E92 -0.874204 0.284046 -0.901598 0.432575 -0.432575 -0.901598
VERTEX_POSE E93 0.043540 -0.012980 -0.980073 -0.198636 0.198636 -0.980073
VERTEX_POSE E94 -0.595712 -0.340284 0.103740 0.994604 0.994604 -0.103740
VERTEX_POSE E95 0.885912 0.315218 0.477007 -0.878899 0.878899 0.477007
VERTEX_POSE E96 -0.424361 0.653374 -0.869210 -0.494443 0.494443 -0.869210
VERTEX_POSE E97 0.960872 -0.666244 0.300476 -0.953789 -0.953789 -0.300476
VERTEX_POSE E98 0.955822 -0.777473 -0.997884 0.065016 -0.065016 -0.997884
VERTEX_POSE E99 0.296251 0.458687 0.977384 0.211474 0.211474 -0.977384
VERTEX_POSE E100 0.141807 -0.412902 0.637579 0.770385 -0.770385 0.637579
VERTEX_POSE E101 0.557005 -0.114371 0.982297 -0.187328 0.187328 0.982297
VERTEX_POSE E102 0.941841 -0.977812 -0.850732 -0.525600 0.525600 -0.850732
VERTEX_POSE E103 0.549862 -0.698245 0.628697 -0.777650 -0.777650 -0.628697
VERTEX_POSE E104 -0.454677 -0.546473 -0.944091 0.329684 0.329684 0.944091
VERTEX_POSE E105 0.268112 -0.122434 0.759786 0.650173 -0.650173 0.759786
VERTEX_POSE E106 0.096569 0.337704 -0.770752 0.637135 -0.637135 -0.770752
VERTEX_POSE E107 -0.900667 0.209127 -0.003005 0.999995 0.999995 0.003005
VERTEX_POSE E108 0.408775 0.216432 0.917734 0.397195 -0.397195 0.917734
VERTEX_POSE E109 -0.849813 -0.618956 -0.821682 0.569946 -0.569946 -0.821682
VERTEX_POSE E110 0.582654 0.543233 -0.362528 0.931973 -0.931973 -0.362528
VERTEX_POSE E111 -0.743570 -0.764409 0.930297 0.366808 -0.366808 0.930297
VERTEX_POSE E112 0.284352 -0.901163 0.785922 0.618326 0.618326 -0.785922
VERTEX_POSE E113 -0.248979 0.601491 0.665207 -0.746659 -0.746659 -0.665207
VERTEX_POSE E114 0.923555 -0.292365 -0.579750 -0.814794 -0.814794 0.579750
VERTEX_POSE E115 -0.492481 0.654677 -0.754296 -0.656534 -0.656534 0.754296
VERTEX_POSE E116 -0.475057 -0.508173 -0.798087 -0.602543 -0.602543 0.798087
VERTEX_POSE E117 -0.566227 -0.785985 0.713549 -0.700606 -0.700606 -0.713549
VERTEX_POSE E118 0.478718 -0.321866 0.363555 -0.931573 -0.931573 -0.363555
VERTEX_POSE E119 0.577834 -0.469781 -0.448192 0.893937 -0.893937 -0.448192
VERTEX_POSE E120 0.595642 -0.979062 -0.926331 -0.376712 -0.376712 0.926331
VERTEX_POSE E121 -0.335794 0.870085 -0.134258 0.990946 0.990946 0.134258
VERTEX_POSE E122 0.646316 0.716090 0.330774 0.943710 0.943710 -0.330774
VERTEX_POSE E123 0.721438 0.304983 0.285197 0.958469 0.958469 -0.285197
VERTEX_POSE E124 0.707746 -0.142894 -0.641926 0.766766 -0.766766 -0.641926
VERTEX_POSE E125 -0.949396 -0.624194 0.984781 0.173801 0.173801 -0.984781
VERTEX_POSE E126 0.607350 -0.379799 -0.174179 0.984714 0.984714 0.174179
VERTEX_POSE E127 -0.716615 -0.489520 -0.903952 0.427635 -0.427635 -0.903952
VERTEX_POSE E128 -0.988524 -0.290438 -0.399178 0.916873 0.916873 0.399178
VERTEX_POSE E129 0.563173 -0.157273 0.069612 -0.997574 0.997574 0.069612
VERTEX_POSE E130 0.579636 0.969167 0.917427 0.397903 0.397903 -0.917427
VERTEX_POSE E131 0.153283 0.296661 0.453217 -0.891400 0.891400 0.453217
VERTEX_POSE E132 0.120178 0.728356 -0.970402 0.241497 -0.241497 -0.970402
VERTEX_POSE E133 0.521477 0.991355 0.435826 0.900031 -0.900031 0.435826
VERTEX_POSE E134 -0.296855 0.598416 -0.063339 -0.997992 0.997992 -0.063339
VERTEX_POSE E135 0.665500 -0.818117 0.676585 0.736365 -0.736365 0.676585
VERTEX_POSE E136 -0.210410 -0.131080 -0.720310 0.693653 0.693653 0.720310
VERTEX_POSE E137 0.799714 -0.063880 -0.463337 -0.886182 -0.886182 0.463337
VERTEX_POSE E138 0.764834 0.391010 0.638115 0.769941 0.769941 -0.638115
VERTEX_POSE E139 -0.801636 -0.914648 -0.535210 0.844719 0.844719 0.535210
VERTEX_POSE E140 0.949901 0.317164 0.533552 0.845767 0.845767 -0.533552
VERTEX_POSE E141 0.347488 -0.065756 0.198935 -0.980013 -0.980013 -0.198935
VERTEX_POSE E142 -0.545206 -0.679057 0.745947 0.666005 0.666005 -0.745947
VERTEX_POSE E143 0.234253 0.416001 0.514033 -0.857770 0.857770 0.514033
VERTEX_POSE E144 -0.901491 -0.464265 -0.514524 -0.857476 -0.857476 0.514524
VERTEX_POSE E145 -0.621650 0.028578 -0.279471 0.960154 -0.960154 -0.279471
VERTEX_POSE E146 0.741772 0.070678 -0.965747 0.259487 0.259487 0.965747
VERTEX_POSE E147 -0.376548 0.027562 -0.998760 -0.049783 0.049783 -0.998760
VERTEX_POSE E148 -0.187877 0.242594 0.257864 0.966181 -0.966181 0.257864
VERTEX_POSE E149 0.220490 0.748812 -0.254012 0.967201 -0.967201 -0.254012
VERTEX_POSE E150 -0.798714 0.557781 0.995285 -0.096995 -0.096995 -0.995285
VERTEX_POSE E151 -0.592235 0.263531 0.505578 -0.862781 0.862781 0.505578
VERTEX_POSE E152 0.884696 0.618897 -0.325804 0.945438 -0.945438 -0.325804
VERTEX_POSE E153 0.847601 0.273871 -0.056831 -0.998384 -0.998384 0.056831
VERTEX_POSE E154 -0.870797 -0.431486 0.948297 0.317385 0.317385 -0.948297
VERTEX_POSE E155 0.592443 -0.523997 -0.987828 0.155553 -0.155553 -0.987828
VERTEX_POSE E156 0.898205 0.649677 0.303314 0.952891 -0.952891 0.303314
VERTEX_POSE E157 0.736553 0.188715 -0.979634 -0.200793 -0.200793 0.979634
VERTEX_POSE E158 0.875828 -0.013518 -0.725084 -0.688661 0.688661 -0.725084
VERTEX_POSE E159 0.909681 -0.640760 0.693181 -0.720763 0.720763 0.693181
VERTEX_POSE E160 0.299726 -0.968557 -0.523933 0.851760 0.851760 0.523933
VERTEX_POSE E161 0.455464 -0.044351 -0.761001 0.648751 -0.648751 -0.761001
VERTEX_POSE E162 0.062965 0.655900 0.770950 -0.636896 0.636896 0.770950
VERTEX_POSE E163 -0.580096 0.759799 -0.672663 -0.739949 -0.739949 0.672663
VERTEX_POSE E164 -0.023058 -0.052996 -0.489476 -0.872017 -0.872017 0.489476
VERTEX_POSE E165 0.766110 0.254316 0.646112 0.763242 -0.763242 0.646112
VERTEX_POSE E166 -0.914596 0.941682 0.997294 -0.073523 0.073523 0.997294
VERTEX_POSE E167 0.766531 0.815924 0.928918 0.370285 -0.370285 0.928918
VERTEX_POSE E168 0.565824 -0.809564 -0.189704 -0.981841 0.981841 -0.189704
VERTEX_POSE E169 0.850238 0.332692 0.379444 -0.925215 -0.925215 -0.379444
VERTEX_POSE E170 0.964895 0.901276 -0.712266 0.701910 -0.701910 -0.712266
VERTEX_POSE E171 0.515725 0.507600 -0.534037 -0.845461 -0.845461 0.534037
VERTEX_POSE E172 0.197726 -0.733064 -0.363196 0.931713 0.931713 0.363196
VERTEX_POSE E173 -0.580310 -0.777781 0.322705 0.946499 0.946499 -0.322705
VERTEX_POSE E174 -0.250022 -0.076399 -0.505751 -0.862680 -0.862680 0.505751
VERTEX_POSE E175 0.296235 -0.197329 -0.767482 -0.641071 -0.641071 0.767482
VERTEX_POSE E176 -0.201960 0.250797 -0.916426 0.400204 -0.400204 -0.916426
VERTEX_POSE E177 -0.508250 0.994279 -0.780863 0.624703 0.624703 0.780863
VERTEX_POSE E178 0.919687 0.830232 0.961076 0.276285 0.276285 -0.961076
VERTEX_POSE E179 0.610163 -0.506609 0.871449 0.490487 0.490487 -0.871449
VERTEX_POSE E180 0.712240 0.743091 0.557593 0.830114 -0.830114 0.557593
VERTEX_POSE E181 -0.879028 0.388013 0.961087 -0.276247 0.276247 0.961087
VERTEX_POSE E182 -0.982072 0.756922 -0.987644 0.156713 0.156713 0.987644
VERTEX_POSE E183 0.596937 0.361988 0.999999 0.001406 0.001406 -0.999999
VERTEX_POSE E184 0.968574 -0.338116 -0.920440 0.390884 0.390884 0.920440
VERTEX_POSE E185 -0.852869 -0.674564 0.893186 0.449686 0.449686 -0.893186
VERTEX_POSE E186 0.189380 0.837990 -0.116491 -0.993192 0.993192 -0.116491
VERTEX_POSE E187 0.866779 -0.688439 0.232693 -0.972550 0.972550 0.232693
VERTEX_POSE E188 0.883684 0.514152 -0.600541 -0.799594 -0.799594 0.600541
VERTEX_POSE E189 0.065208 -0.175528 -0.635880 -0.771788 0.771788 -0.635880
VERTEX_POSE E190 0.776460 -0.329199 0.417277 -0.908779 -0.908779 -0.417277
VERTEX_POSE E191 0.183410 0.545594 0.643639 0.765329 0.765329 -0.643639
VERTEX_POSE E192 -0.479328 0.780122 0.589294 0.807919 -0.807919 0.589294
VERTEX_POSE E193 -0.160575 -0.673298 -0.733543 0.679643 -0.679643 -0.733543
VERTEX_POSE E194 0.603314 0.305393 -0.320227 0.947341 0.947341 0.320227
VERTEX_POSE E195 0.497614 -0.272875 -0.155080 0.987902 -0.987902 -0.155080
VERTEX_POSE E196 -0.394465 0.581018 0.785764 -0.618526 -0.618526 -0.785764
VERTEX_POSE E197 0.688718 0.247075 -0.294673 0.955598 -0.955598 -0.294673
VERTEX_POSE E198 0.264145 -0.456951 -0.693057 -0.720883 -0.720883 0.693057
VERTEX_POSE E199 -0.828641 0.771454 -0.081739 -0.996654 0.996654 -0.081739
VERTEX_POSE E200 0.538955 -0.420232 0.867748 -0.497004 0.497004 0.867748
VERTEX_POSE E201 0.229040 -0.555675 0.978375 0.206840 0.206840 -0.978375
VERTEX_POSE E202 0.687084 0.279054 -0.453568 -0.891222 -0.891222 0.453568
VERTEX_POSE E203 -0.263319 -0.153296 0.006654 -0.999978 0.999978 0.006654
VERTEX_POSE E204 0.648730 -0.333456 -0.978855 -0.204557 -0.204557 0.978855
VERTEX_POSE E205 -0.562938 -0.797346 0.660137 0.751145 0.751145 -0.660137
VERTEX_POSE E206 -0.967084 0.649375 0.547541 -0.836779 0.836779 0.547541
VERTEX_POSE E207 -0.553230 0.917341 -0.979369 0.202080 -0.202080 -0.979369
VERTEX_POSE E208 -0.071188 -0.803067 -0.827950 -0.560802 -0.560802 0.827950
VERTEX_POSE E209 0.952602 0.479607 -0.914197 -0.405270 0.405270 -0.914197
VERTEX_POSE E210 -0.943068 -0.589269 -0.687043 0.726617 -0.726617 -0.687043
VERTEX_POSE E211 -0.358947 0.940023 -0.362123 -0.932130 -0.932130 0.362123
VERTEX_POSE E212 -0.926425 -0.132380 -0.614187 -0.789161 -0.789161 0.614187
VERTEX_POSE E213 -0.925140 -0.832347 0.935143 0.354270 0.354270 -0.935143
VERTEX_POSE E214 -0.762011 0.302011 0.926332 -0.376709 0.376709 0.926332
VERTEX_POSE E215 -0.957852 0.529504 0.860477 -0.509490 0.509490 0.860477
VERTEX_POSE E216 -0.778009 -0.506910 -0.513427 -0.858134 0.858134 -0.513427
VERTEX_POSE E217 0.427369 0.140001 0.955093 0.296306 -0.296306 0.955093
VERTEX_POSE E218 0.908927 0.841066 -0.840790 -0.541362 0.541362 -0.840790
VERTEX_POSE E219 -0.894325 -0.992759 0.931706 0.363213 -0.363213 0.931706
VERTEX_POSE E220 -0.507424 0.964473 -0.718431 -0.695598 -0.695598 0.718431
VERTEX_POSE E221 0.685388 -0.488133 -0.999224 -0.039392 0.039392 -0.999224
VERTEX_POSE E222 0.289085 0.552836 -0.880442 -0.474155 -0.474155 0.880442
VERTEX_POSE E223 0.013249 0.744595 0.997735 0.067261 -0.067261 0.997735
VERTEX_POSE E224 -0.475187 -0.161431 0.902307 -0.431093 -0.431093 -0.902307
VERTEX_POSE E225 -0.107601 -0.141771 0.080905 0.996722 0.996722 -0.080905
VERTEX_POSE E226 -0.489138 -0.528280 -0.573088 0.819494 -0.819494 -0.573088
VERTEX_POSE E227 0.130347 -0.580413 0.905675 -0.423974 -0.423974 -0.905675
VERTEX_POSE E228 -0.418883 -0.894695 0.343168 0.939274 0.939274 -0.343168
VERTEX_POSE E229 0.775007 0.014770 0.347051 0.937846 -0.937846 0.347051
VERTEX_POSE E230 0.301707 -0.808959 -0.800477 -0.599363 -0.599363 0.800477
VERTEX_POSE E231 -0.879928 -0.314927 -0.941005 -0.338393 -0.338393 0.941005
VERTEX_POSE E232 0.004048 0.459095 -0.102957 -0.994686 -0.994686 0.102957
VERTEX_POSE E233 -0.011209 0.470094 0.837087 0.547070 0.547070 -0.837087
VERTEX_POSE E234 -0.143247 0.531776 0.826196 0.563383 0.563383 -0.826196
VERTEX_POSE E235 -0.347222 -0.874361 0.221035 0.975266 -0.975266 0.221035
VERTEX_POSE E236 0.425853 0.672749 0.789317 0.613985 0.613985 -0.789317
VERTEX_POSE E237 -0.110331 0.181151 -0.603607 -0.797282 0.797282 -0.603607
VERTEX_POSE E238 0.099548 -0.957020 0.210067 0.977687 -0.977687 0.210067
VERTEX_POSE E239 -0.645335 0.869682 0.475154 -0.879903 -0.879903 -0.475154
VERTEX_POSE E240 -0.157729 -0.339242 -0.981243 0.192775 -0.192775 -0.981243
VERTEX_POSE E241 0.156480 -0.546289 -0.352496 -0.935813 -0.935813 0.352496
VERTEX_POSE E242 -0.004283 0.809705 0.207277 -0.978282 -0.978282 -0.207277
VERTEX_POSE E243 -0.084155 0.528378 0.681711 0.731622 0.731622 -0.681711
VERTEX_POSE E244 0.231340 -0.378635 -0.968107 0.250536 0.250536 0.968107
VERTEX_POSE E245 0.233707 0.111716 0.981833 -0.189749 0.189749 0.981833
VERTEX_POSE E246 -0.042006 0.057882 0.803142 -0.595788 0.595788 0.803142
VERTEX_POSE E247 0.453331 0.114455 0.998336 -0.057661 -0.057661 -0.998336
VERTEX_POSE E248 -0.338925 -0.748283 -0.331107 0.943593 -0.943593 -0.331107
VERTEX_POSE E249 -0.133079 -0.101052 -0.990347 -0.138613 0.138613 -0.990347
VERTEX_POSE E250 0.559006 0.121696 -0.145982 0.989287 -0.989287 -0.145982
VERTEX_POSE E251 0.153652 -0.783810 -0.738162 -0.674624 0.674624 -0.738162
VERTEX_POSE E252 -0.447691 0.410814 -0.964637 -0.263581 -0.263581 0.964637
VERTEX_POSE E253 -0.151908 -0.325468 0.141449 0.989946 0.989946 -0.141449
VERTEX_POSE E254 -0.833100 0.960785 -0.970912 -0.239437 -0.239437 0.970912
VERTEX_POSE E255 0.077121 -0.750617 -0.449954 -0.893052 -0.893052 0.449954
VERTEX_POSE E256 0.740491 0.532762 -0.501442 0.865191 0.865191 0.501442
VERTEX_POSE E257 -0.322237 -0.567494 -0.544333 0.838869 -0.838869 -0.544333
VERTEX_POSE E258 -0.792531 -0.331030 -0.757888 -0.652385 -0.652385 0.757888
VERTEX_POSE E259 -0.678392 0.638066 0.969358 0.245651 -0.245651 0.969358
VERTEX_POSE E260 -0.547230 0.447276 0.943052 -0.332645 0.332645 0.943052
VERTEX_POSE E261 0.509175 -0.139989 0.808011 0.589167 -0.589167 0.808011
VERTEX_POSE E262 -0.558320 -0.676861 -0.887960 0.459920 0.459920 0.887960
VERTEX_POSE E263 0.456818 -0.093629 -0.781241 0.624229 -0.624229 -0.781241
VERTEX_POSE E264 -0.502034 -0.669895 0.139081 0.990281 -0.990281 0.139081
VERTEX_POSE E265 0.298433 0.854915 0.628673 -0.777670 -0.777670 -0.628673
VERTEX_POSE E266 -0.890404 0.032010 -0.178972 0.983854 0.983854 0.178972
VERTEX_POSE E267 0.923819 -0.997146 0.243685 -0.969854 0.969854 0.243685
VERTEX_POSE E268 -0.811898 0.036066 -0.698354 -0.715752 -0.715752 0.698354
VERTEX_POSE E269 0.209143 0.074990 -0.303575 -0.952807 -0.952807 0.303575
VERTEX_POSE E270 -0.721516 0.872535 0.961670 0.274210 0.274210 -0.961670
VERTEX_POSE E271 0.030372 0.696824 0.078766 -0.996893 -0.996893 -0.078766
VERTEX_POSE E272 -0.634377 0.528702 -0.073005 -0.997332 0.997332 -0.073005
VERTEX_POSE E273 0.274201 0.682241 0.995501 0.094747 -0.094747 0.995501
VERTEX_POSE E274 0.946218 0.225202 -0.935769 -0.352612 -0.352612 0.935769
VERTEX_POSE E275 0.596963 -0.849934 -0.883912 -0.467653 0.467653 -0.883912
VERTEX_POSE E276 -0.492092 -0.206044 -0.819730 0.572750 0.572750 0.819730
VERTEX_POSE E277 -0.095788 -0.716916 0.624160 -0.781296 -0.781296 -0.624160
VERTEX_POSE E278 0.050294 0.264521 -0.391423 -0.920211 0.920211 -0.391423
VERTEX_POSE E279 0.168983 0.045673 0.794594 -0.607141 0.607141 0.794594
VERTEX_POSE E280 0.771133 0.182032 0.971870 -0.235517 0.235517 0.971870
VERTEX_POSE E281 -0.390699 -0.613783 -0.155252 0.987875 -0.987875 -0.155252
VERTEX_POSE E282 -0.677365 0.261864 -0.469216 -0.883083 -0.883083 0.469216
VERTEX_POSE E283 -0.676558 -0.407154 -0.163058 0.986616 0.986616 0.163058
VERTEX_POSE E284 0.457393 0.060749 -0.995914 0.090303 -0.090303 -0.995914
VERTEX_POSE E285 -0.510465 0.222649 0.872661 -0.488327 0.488327 0.872661
VERTEX_POSE E286 0.400563 -0.157771 -0.993898 0.110300 -0.110300 -0.993898
VERTEX_POSE E287 0.197884 -0.406489 -0.732173 0.681119 -0.681119 -0.732173
VERTEX_POSE E288 0.167298 0.655155 -0.813452 -0.581632 0.581632 -0.813452
VERTEX_POSE E289 0.608032 0.511199 0.391216 0.920299 -0.920299 0.391216
VERTEX_POSE E290 0.519492 -0.768423 0.432520 -0.901624 0.901624 0.432520
VERTEX_POSE E291 0.620068 0.102431 0.698349 0.715758 -0.715758 0.698349
VERTEX_POSE E292 0.117208 -0.628790 -0.742311 0.670056 -0.670056 -0.742311
VERTEX_POSE E293 0.961172 -0.445284 0.012725 0.999919 -0.999919 0.012725
VERTEX_POSE E294 0.076886 -0.991198 -0.993431 0.114434 0.114434 0.993431
VERTEX_POSE E295 0.615174 -0.298685 0.239277 0.970951 -0.970951 0.239277
VERTEX_POSE E296 0.259605 -0.590368 -0.983635 -0.180171 0.180171 -0.983635
VERTEX_POSE E297 0.186482 0.040812 0.629164 0.777273 0.777273 -0.629164
VERTEX_POSE E298 0.538992 -0.295831 -0.701983 -0.712194 -0.712194 0.701983
VERTEX_POSE E299 0.447707 0.445698 -0.552433 0.833557 0.833557 0.552433
VERTEX_POSE E300 -0.604374 -0.884198 0.684710 -0.728816 0.728816 0.684710
VERTEX_POSE E301 0.817476 -0.423296 -0.653307 -0.757093 0.757093 -0.653307
VERTEX_POSE E302 -0.521921 0.142522 0.847653 0.530552 0.530552 -0.847653
VERTEX_POSE E303 -0.238751 0.644504 0.784204 -0.620504 -0.620504 -0.784204
VERTEX_POSE E304 0.091677 -0.741055 -0.034669 -0.999399 -0.999399 0.034669
VERTEX_POSE E305 -0.575703 -0.632275 0.836118 -0.548550 -0.548550 -0.836118
VERTEX_POSE E306 -0.641788 0.794570 0.069657 0.997571 -0.997571 0.069657
VERTEX_POSE E307 0.599585 0.052901 0.866219 0.499664 -0.499664 0.866219
VERTEX_POSE E308 0.328509 -0.349191 0.993842 -0.110809 0.110809 0.993842
VERTEX_POSE E309 0.408506 0.059091 -0.044335 -0.999017 0.999017 -0.044335
VERTEX_POSE E310 -0.231431 -0.901425 -0.844859 0.534990 -0.534990 -0.844859
VERTEX_POSE E311 0.099642 0.832841 -0.836994 -0.547211 -0.547211 0.836994
VERTEX_POSE E312 -0.982193 0.445309 -0.733563 0.679622 -0.679622 -0.733563
VERTEX_POSE E313 0.091204 0.360438 0.433823 -0.900998 -0.900998 -0.433823
VERTEX_POSE E314 0.423083 -0.574313 -0.017874 -0.999840 -0.999840 0.017874
VERTEX_POSE E315 0.475200 -0.493942 -0.952891 0.303314 0.303314 0.952891
VERTEX_POSE E316 0.580739 -0.416913 -0.489731 -0.871874 0.871874 -0.489731
VERTEX_POSE E317 -0.176353 0.267916 0.992821 -0.119610 0.119610 0.992821
VERTEX_POSE E318 -0.326917 0.099569 0.689467 0.724317 -0.724317 0.689467
VERTEX_POINT L6 -0.251963 -0.761758
VERTEX_POINT L7 -0.568321 -0.220885
VERTEX_POINT L8 -0.807425 0.331146
VERTEX_POINT L9 -0.631894 0.340673
VERTEX_POINT L10 0.548886 0.150325
VERTEX_POINT L11 -0.846253 0.885862
VERTEX_POINT L12 0.444992 0.349475
VERTEX_POINT L13 0.164060 0.851639
VERTEX_POINT L14 0.413352 -0.704506
VERTEX_POINT L15 -0.368525 -0.609713
VERTEX_POINT L16 -0.296947 -0.444192
VERTEX_POINT L17 -0.138942 0.741192
VERTEX_POINT L18 0.027100 -0.493911
VERTEX_POINT L19 -0.479471 0.132512
VERTEX_POINT L20 0.339137 -0.116286
VERTEX_BEARING C4 B3 -0.595318 -0.803490
VERTEX_BEARING C5 B4 -0.978937 -0.204161
VERTEX_BEARING C6 B5 0.939815 -0.341683
VERTEX_BEARING C7 B6 -0.936918 0.349550
VERTEX_BEARING C8 B7 -0.993607 -0.112895
VERTEX_BEARING C10 B8 0.591084 0.806610
VERTEX_BEARING C11 B10 -0.530166 0.847894
VERTEX_BEARING C12 B11 -0.680814 -0.732456
VERTEX_BEARING C13 B12 0.314619 -0.949218
VERTEX_BEARING C15 B13 -0.988580 0.150696
VERTEX_BEARING C19 B14 0.645831 0.763480
VERTEX_BEARING C21 B15 -0.798574 -0.601896
VERTEX_BEARING C23 B16 -0.877142 0.480231
VERTEX_BEARING C25 B17 0.551430 0.834221
VERTEX_BEARING C26 B18 -0.973888 -0.227028
VERTEX_BEARING C27 B19 -0.771387 -0.636366
VERTEX_BEARING C28 B20 0.976739 0.214430
VERTEX_BEARING C30 B21 -0.829280 0.558833
VERTEX_BEARING C32 B22 -0.979241 -0.202698
VERTEX_BEARING C33 B23 0.659425 0.751770
VERTEX_BEARING C34 B24 0.231495 -0.972836
VERTEX_BEARING C35 B25 -0.994938 -0.100492
VERTEX_BEARING C36 B26 0.638165 0.769899
VERTEX_BEARING C37 B27 0.597333 0.801993
VERTEX_BEARING C38 B28 -0.988443 -0.151596
VERTEX_BEARING C39 B29 -0.365115 0.930963
VERTEX_BEARING C40 B30 0.706251 0.707962
VERTEX_BEARING C41 B31 0.936253 0.351326
VERTEX_BEARING C42 B32 -0.091563 0.995799
VERTEX_BEARING C43 B33 -0.104530 -0.994522
VERTEX_BEARING C44 B34 0.949801 -0.312855
VERTEX_BEARING C45 B35 0.717402 -0.696659
VERTEX_BEARING C46 B36 0.966652 0.256094
VERTEX_BEARING C47 B37 0.307255 0.951627
VERTEX_BEARING C48 B38 -0.813420 0.581677
VERTEX_BEARING C49 B39 -0.705086 -0.709121
VERTEX_BEARING C50 B40 -0.953783 -0.300496
VERTEX_BEARING C52 B41 -0.552911 0.833240
VERTEX_BEARING C54 B42 -0.675298 -0.737545
VERTEX_BEARING C55 B43 0.611399 0.791322
VERTEX_BEARING C56 B44 -0.270082 -0.962837
VERTEX_BEARING C57 B45 0.696920 0.717149
VERTEX_BEARING C58 B46 -0.791338 -0.611379
VERTEX_BEARING C59 B47 0.015461 0.999880
VERTEX_BEARING C60 B48 0.489830 0.871818
VERTEX_BEARING C61 B49 -0.988503 0.151203
VERTEX_BEARING C62 B50 0.254449 -0.967086
VERTEX_BEARING C63 B51 0.999972 0.007466
VERTEX_BEARING C64 B52 -0.647731 -0.761869
VERTEX_BEARING C65 B53 0.933743 0.357945
VERTEX_BEARING C66 B54 -0.093645 -0.995606
VERTEX_BEARING C75 B55 0.965074 0.261976
VERTEX_BEARING C76 B56 0.551480 -0.834188
VERTEX_BEARING C77 B57 -0.505946 -0.862565
VERTEX_BEARING C78 B58 -0.006524 -0.999979
VERTEX_BEARING C79 B59 0.994076 -0.108688
VERTEX_BEARING C80 B60 0.663242 -0.748405
VERTEX_BEARING C81 B61 -0.421274 -0.906933
VERTEX_BEARING C82 B62 0.752086 -0.659065
VERTEX_BEARING C83 B63 -0.703795 -0.710404
VERTEX_BEARING C84 B64 0.700467 -0.713685
VERTEX_BEARING C85 B65 0.775954 0.630790
VERTEX_BEARING C86 B66 0.951798 -0.306725
VERTEX_BEARING C87 B67 -0.163893 0.986478
VERTEX_BEARING C88 B68 -0.921838 -0.387574
VERTEX_BEARING C89 B69 -0.673283 -0.739385
VERTEX_BEARING B110 C101 -0.035375 0.999374
VERTEX_BEARING B111 C102 -0.454820 0.890583
VERTEX_BEARING B112 C103 0.025775 0.999668
VERTEX_BEARING B113 C104 0.357028 0.934094
VERTEX_BEARING B114 C105 -0.995293 0.096913
VERTEX_BEARING B115 C106 0.689282 -0.724493
VERTEX_BEARING B116 C107 0.208684 0.977983
VERTEX_BEARING B117 C108 -0.894697 0.446674
VERTEX_BEARING B118 C109 -0.112782 -0.993620
VERTEX_BEARING B119 C110 -0.607579 0.794259
VERTEX_BEARING B120 C111 -0.679284 -0.733875
VERTEX_BEARING B121 C112 -0.814572 -0.580063
VERTEX_BEARING B122 C113 -0.901537 -0.432702
VERTEX_BEARING B123 C114 0.958078 0.286506
VERTEX_BEARING B124 C116 0.606639 0.794977
VERTEX_BEARING D29 E112 -0.141913 0.989879
VERTEX_BEARING D32 E113 -0.182538 -0.983199
VERTEX_BEARING D33 E114 -0.051151 0.998691
VERTEX_BEARING D34 E115 0.697774 0.716318
VERTEX_BEARING D35 E116 0.977735 -0.209843
VERTEX_BEARING D36 E117 -0.323690 -0.946163
VERTEX_BEARING D37 E118 0.194711 -0.980861
VERTEX_BEARING D38 E119 -0.997090 0.076231
VERTEX_BEARING D39 E120 -0.772271 -0.635293
VERTEX_BEARING D40 E121 0.782558 -0.622578
VERTEX_BEARING D41 E122 -0.895396 0.445270
VERTEX_BEARING D42 E123 0.692773 0.721156
VERTEX_BEARING D43 E124 0.793550 0.608505
VERTEX_BEARING D44 E125 -0.999948 0.010154
VERTEX_BEARING D45 E126 -0.887193 -0.461399
VERTEX_BEARING D46 E127 0.799561 0.600585
VERTEX_BEARING D47 E128 0.916850 -0.399232
VERTEX_BEARING D48 E129 -0.094996 -0.995478
VERTEX_BEARING D49 E130 -0.962820 0.270143
VERTEX_BEARING D50 E131 0.480074 -0.877228
VERTEX_BEARING D51 E132 0.322525 0.946561
VERTEX_BEARING D52 E133 -0.933602 0.358311
VERTEX_BEARING D53 E134 -0.581112 -0.813823
VERTEX_BEARING D54 E135 0.584091 -0.811688
VERTEX_BEARING D55 E136 0.910819 0.412806
VERTEX_BEARING D56 E137 0.053490 0.998568
VERTEX_BEARING D57 E138 0.997233 0.074333
VERTEX_BEARING D58 E139 0.702649 0.711537
VERTEX_BEARING D59 E140 0.068404 -0.997658
VERTEX_BEARING D61 E141 -0.019735 -0.999805
VERTEX_BEARING D62 E142 -0.999878 0.015646
VERTEX_BEARING D63 E143 -0.916907 0.399100
VERTEX_BEARING D64 E144 0.788322 -0.615262
VERTEX_BEARING D65 E145 0.857925 -0.513774
VERTEX_BEARING D66 E146 0.971980 0.235065
VERTEX_BEARING D67 E147 0.974544 0.224195
VERTEX_BEARING D68 E148 -0.937814 -0.347138
VERTEX_BEARING D69 E149 -0.182864 0.983138
VERTEX_BEARING D70 E150 -0.710666 -0.703530
VERTEX_BEARING D71 E151 0.432470 0.901648
VERTEX_BEARING D72 E152 -0.598036 -0.801469
VERTEX_BEARING D73 E153 -0.749141 0.662410
VERTEX_BEARING D74 E154 0.171456 0.985192
VERTEX_BEARING D75 E155 0.858246 0.513239
VERTEX_BEARING D76 E156 0.526598 -0.850114
VERTEX_BEARING D77 E157 0.255983 0.966681
VERTEX_BEARING D78 E158 0.999596 -0.028409
VERTEX_BEARING D79 E159 0.485136 0.874439
VERTEX_BEARING D80 E160 -0.667900 -0.744251
VERTEX_BEARING A11 C14 -0.663215 -0.748429
VERTEX_BEARING A13 C18 -0.609224 0.792998
VERTEX_BEARING A14 C20 0.659069 0.752082
VERTEX_BEARING A17 C24 -0.726120 0.687567
VERTEX_BEARING A19 C26 -0.137335 0.990525
VERTEX_BEARING A20 C27 -0.475807 0.879550
VERTEX_BEARING A22 C29 -0.812174 -0.583415
VERTEX_BEARING A23 C31 0.793377 0.608731
VERTEX_BEARING A137 C90 -0.988809 -0.149189
VERTEX_BEARING A141 C91 0.615901 -0.787823
VERTEX_BEARING A142 C92 -0.044741 0.998999
VERTEX_BEARING A143 C93 0.999378 0.035263
VERTEX_BEARING A144 C94 -0.999876 0.015745
VERTEX_BEARING A145 C95 -0.040416 0.999183
VERTEX_BEARING A146 C96 0.488949 0.872312
VERTEX_BEARING A173 C97 -0.691410 0.722462
VERTEX_BEARING A174 C98 -0.492085 -0.870547
VERTEX_BEARING A175 C99 -0.210019 -0.977697
VERTEX_BEARING A176 C100 0.285304 -0.958437
VERTEX_BEARING C132 A205 0.581499 -0.813547
VERTEX_BEARING A212 C151 0.292208 -0.956355
VERTEX_BEARING A213 C153 -0.514612 0.857423
VERTEX_BEARING A214 C156 -0.781598 -0.623783
VERTEX_BEARING A215 C158 0.471469 -0.881883
VERTEX_BEARING A216 C159 0.869802 0.493400
VERTEX_BEARING E0 C0 0.760689 0.649117
VERTEX_BEARING E1 C1 -0.992362 0.123356
VERTEX_BEARING E2 C2 -0.652717 0.757602
VERTEX_BEARING E3 C3 0.657760 -0.753228
VERTEX_BEARING E8 C7 0.705124 -0.709084
VERTEX_BEARING E9 C9 -0.156448 0.987686
VERTEX_BEARING E10 C10 0.875233 -0.483701
VERTEX_BEARING E11 C11 -0.691421 -0.722452
VERTEX_BEARING E13 C13 -0.900265 -0.435342
VERTEX_BEARING E14 C14 -0.626430 0.779478
VERTEX_BEARING E15 C16 -0.029143 -0.999575
VERTEX_BEARING E20 C22 -0.443806 -0.896123
VERTEX_BEARING E229 C134 -0.695537 -0.718491
VERTEX_BEARING E263 C160 -0.167316 0.985903
VERTEX_BEARING E295 C172 0.280826 0.959759
VERTEX_BEARING E300 C178 -0.805550 -0.592528
VERTEX_BEARING E305 C184 0.777153 0.629311
VERTEX_BEARING E310 C190 -0.647359 -0.762185
VERTEX_BEARING A2 D0 -0.247474 0.968895
VERTEX_BEARING A3 D1 -0.953185 0.302387
VERTEX_BEARING A4 D2 0.675133 0.737696
VERTEX_BEARING A6 D3 0.982325 -0.187185
VERTEX_BEARING A7 D4 0.677449 0.735570
VERTEX_BEARING A8 D5 -0.502355 -0.864662
VERTEX_BEARING A9 D6 -0.810130 0.586250
VERTEX_BEARING A11 D7 0.319696 0.947520
VERTEX_BEARING A17 D8 0.997738 -0.067219
VERTEX_BEARING A20 D9 0.338191 0.941077
VERTEX_BEARING A26 D10 0.270984 0.962584
VERTEX_BEARING A131 D11 -0.076189 0.997093
VERTEX_BEARING A136 D12 -0.623395 -0.781907
VERTEX_BEARING A138 D13 0.110352 0.993893
VERTEX_BEARING A139 D15 0.644937 -0.764236
VERTEX_BEARING A140 D17 0.440982 0.897516
VERTEX_BEARING D28 A152 -0.673540 -0.739151
VERTEX_BEARING D29 A154 0.545697 -0.837982
VERTEX_BEARING D30 A155 -0.993417 0.114557
VERTEX_BEARING D31 A156 0.999142 0.041414
VERTEX_BEARING A259 D121 0.800006 -0.599992
VERTEX_BEARING A260 D122 -0.592737 0.805396
VERTEX_BEARING A265 D123 -0.999930 0.011846
VERTEX_BEARING E252 B128 -0.968355 -0.249577
VERTEX_BEARING E253 B129 0.249675 -0.968330
VERTEX_BEARING E254 B130 -0.776327 0.630330
VERTEX_BEARING E255 B131 0.275654 -0.961257
VERTEX_BEARING E256 B132 -0.809068 0.587715
VERTEX_BEARING E257 B133 -0.343124 0.939290
VERTEX_BEARING E258 B134 -0.036764 -0.999324
VERTEX_BEARING E259 B135 -0.237875 0.971296
VERTEX_BEARING E260 B136 0.890208 0.455554
VERTEX_BEARING E261 B137 0.949658 0.313290
VERTEX_BEARING E262 B138 -0.685664 0.727918
VERTEX_BEARING E263 B139 -0.002372 -0.999997
VERTEX_BEARING E264 B140 0.954135 -0.299378
VERTEX_BEARING E265 B141 0.014686 0.999892
VERTEX_BEARING E266 B142 0.778846 0.627215
VERTEX_BEARING E268 B143 -0.692497 -0.721421
VERTEX_BEARING E269 B144 -0.838852 -0.544360
VERTEX_BEARING E271 B145 -0.709271 -0.704936
VERTEX_BEARING E272 B146 0.866905 -0.498474
VERTEX_BEARING E273 B147 0.583722 -0.811954
VERTEX_BEARING E274 B148 0.850237 0.526400
VERTEX_BEARING E275 B149 -0.080586 -0.996748
VERTEX_BEARING E279 B150 0.275623 -0.961266
VERTEX_BEARING E280 B151 -0.971449 -0.237249
VERTEX_BEARING E281 B152 0.422233 -0.906487
VERTEX_BEARING E282 B153 -0.941521 0.336954
VERTEX_BEARING E283 B154 -0.053120 0.998588
VERTEX_BEARING E284 B155 0.195764 0.980651
VERTEX_BEARING E288 B157 0.528606 -0.848867
VERTEX_BEARING E289 B158 0.549400 0.835560
VERTEX_BEARING E292 B159 0.193882 -0.981025
VERTEX_BEARING E293 B160 0.982808 -0.184632
VERTEX_BEARING E294 B161 -0.381006 0.924572
VERTEX_BEARING E295 B162 0.545075 0.838387
VERTEX_BEARING A12 E16 -0.006976 0.999976
VERTEX_BEARING A13 E17 -0.019434 0.999811
VERTEX_BEARING E18 A14 -0.705836 0.708375
VERTEX_BEARING A15 E19 0.862142 0.506667
VERTEX_BEARING E20 A16 0.981444 0.191748
VERTEX_BEARING A17 E21 0.998952 0.045760
VERTEX_BEARING E22 A18 0.975724 -0.219003
VERTEX_BEARING A20 E23 -0.944148 -0.329522
VERTEX_BEARING E24 A21 -0.556454 0.830878
VERTEX_BEARING E26 A24 0.171148 0.985245
VERTEX_BEARING A25 E27 0.489636 -0.871927
VERTEX_BEARING A26 E30 -0.908778 -0.417280
VERTEX_BEARING E31 A27 0.719906 -0.694071
VERTEX_BEARING A28 E32 0.938637 0.344908
VERTEX_BEARING A29 E34 0.278097 0.960553
VERTEX_BEARING A32 E37 0.949045 -0.315140
VERTEX_BEARING A33 E38 0.764521 0.644599
VERTEX_BEARING A34 E40 -0.830754 -0.556640
VERTEX_BEARING A38 E44 -0.986786 -0.162028
VERTEX_BEARING A39 E46 -0.314459 0.949271
VERTEX_BEARING A40 E48 0.054182 0.998531
VERTEX_BEARING A48 E56 0.926497 0.376302
VERTEX_BEARING A61 E68 -0.024412 0.999702
VERTEX_BEARING A64 E71 0.892021 0.451994
VERTEX_BEARING A70 E76 -0.442180 -0.896926
VERTEX_BEARING A74 E77 -0.847813 0.530296
VERTEX_BEARING A75 E78 0.927578 0.373630
VERTEX_BEARING A76 E79 0.979242 0.202696
VERTEX_BEARING A77 E80 -0.509258 -0.860614
VERTEX_BEARING A78 E81 -0.999675 -0.025500
VERTEX_BEARING A79 E82 0.988288 0.152600
VERTEX_BEARING A80 E83 0.710218 0.703982
VERTEX_BEARING A81 E84 0.108658 -0.994079
VERTEX_BEARING A82 E85 0.979523 -0.201332
VERTEX_BEARING A83 E86 0.998515 0.054485
VERTEX_BEARING A84 E87 -0.303810 0.952733
VERTEX_BEARING A85 E88 0.602017 0.798483
VERTEX_BEARING A86 E89 0.212032 0.977263
VERTEX_BEARING A87 E90 0.120021 -0.992771
VERTEX_BEARING A88 E91 -0.973379 0.229203
VERTEX_BEARING A89 E92 -0.772376 0.635166
VERTEX_BEARING A90 E93 -0.916186 -0.400753
VERTEX_BEARING A91 E94 -0.080247 0.996775
VERTEX_BEARING A94 E95 -0.743361 0.668890
VERTEX_BEARING A95 E96 -0.615049 -0.788489
VERTEX_BEARING A96 E97 -0.955626 0.294582
VERTEX_BEARING A98 E98 0.885286 -0.465047
VERTEX_BEARING A103 E99 0.845307 0.534281
VERTEX_BEARING A104 E100 -0.530500 0.847685
VERTEX_BEARING A105 E101 -0.823864 0.566788
VERTEX_BEARING A106 E102 -0.737193 0.675682
VERTEX_BEARING A107 E103 0.773224 0.634134
VERTEX_BEARING A108 E104 0.995958 -0.089820
VERTEX_BEARING E207 A186 0.844983 -0.534793
VERTEX_BEARING E208 A187 0.967254 -0.253811
VERTEX_BEARING E209 A188 -0.269634 0.962963
VERTEX_BEARING E210 A189 -0.698839 0.715279
VERTEX_BEARING E211 A190 -0.139192 -0.990265
VERTEX_BEARING E212 A191 -0.853847 -0.520525
VERTEX_BEARING E213 A192 -0.441799 -0.897114
VERTEX_BEARING E214 A193 -0.868931 0.494933
VERTEX_BEARING E215 A194 -0.549633 0.835406
VERTEX_BEARING E216 A195 0.893051 0.449955
VERTEX_BEARING E217 A196 -0.954969 0.296705
VERTEX_BEARING E218 A197 -0.970198 -0.242312
VERTEX_BEARING E219 A198 0.653147 -0.757231
VERTEX_BEARING E220 A199 -0.359723 -0.933059
VERTEX_BEARING E221 A200 0.929551 -0.368693
VERTEX_BEARING E223 A201 -0.539533 -0.841964
VERTEX_BEARING E224 A202 0.993801 -0.111175
VERTEX_BEARING E225 A203 -0.648981 0.760805
VERTEX_BEARING E226 A204 -0.097379 0.995247
VERTEX_BEARING E227 A206 -0.733402 0.679795
VERTEX_BEARING E228 A207 0.369197 0.929351
VERTEX_BEARING E230 A208 -0.070114 0.997539
VERTEX_BEARING E232 A209 -0.515506 0.856886
VERTEX_BEARING E233 A210 0.984297 -0.176521
VERTEX_BEARING E234 A211 -0.643888 -0.765119
VERTEX_BEARING E266 A226 -0.966259 0.257572
VERTEX_BEARING E311 A266 0.975443 -0.220253
VERTEX_BEARING A0 B0 -0.307200 -0.951645
VERTEX_BEARING A1 B1 -0.319902 -0.947451
VERTEX_BEARING A2 B2 0.285128 -0.958489
VERTEX_BEARING A3 B3 -0.999810 -0.019512
VERTEX_BEARING A8 B9 -0.884648 0.466260
VERTEX_BEARING A245 B156 -0.954658 0.297704
