VERTEX_POSE A0 0.945648 0.003225 0.142971 0.989727 0.989727 -0.142971
VERTEX_POSE A1 0.183457 -0.791307 0.887113 -0.461553 -0.461553 -0.887113
VERTEX_POSE A2 0.705890 -0.130028 -0.981872 -0.189547 -0.189547 0.981872
VERTEX_POSE A3 0.718585 -0.091916 0.825959 -0.563730 0.563730 0.825959
VERTEX_POSE A4 -0.278212 -0.770076 0.284399 -0.958706 0.958706 0.284399
VERTEX_POSE A5 -0.207152 0.644370 -0.347746 0.937589 -0.937589 -0.347746
VERTEX_POSE A6 -0.419276 0.669636 0.636022 -0.771671 0.771671 0.636022
VERTEX_POSE A7 0.186495 -0.149812 -0.665470 -0.746424 0.746424 -0.665470
VERTEX_POSE A8 -0.977411 -0.122355 -0.899174 0.437591 -0.437591 -0.899174
VERTEX_POSE A9 -0.218009 0.490444 -0.236871 0.971541 -0.971541 -0.236871
VERTEX_POSE A10 -0.695926 -0.891209 -0.953520 0.301328 -0.301328 -0.953520
VERTEX_POSE A11 0.292719 -0.023748 -0.012550 0.999921 -0.999921 -0.012550
VERTEX_POSE A12 0.546790 -0.226157 -0.965056 -0.262042 0.262042 -0.965056
VERTEX_POSE A13 0.999545 0.420599 0.946546 -0.322570 0.322570 0.946546
VERTEX_POSE A14 0.290064 0.068048 0.561191 -0.827686 0.827686 0.561191
VERTEX_POSE A15 -0.156704 -0.300180 0.091707 0.995786 -0.995786 0.091707
VERTEX_POSE A16 0.937296 0.629922 0.460884 -0.887460 -0.887460 -0.460884
VERTEX_POSE A17 -0.196135 -0.089747 -0.475052 -0.879958 0.879958 -0.475052
VERTEX_POSE A18 -0.905094 0.661612 0.800078 -0.599896 -0.599896 -0.800078
VERTEX_POSE A19 -0.015683 -0.377244 0.299374 -0.954136 -0.954136 -0.299374
VERTEX_POSE A20 0.559895 0.087458 0.254971 -0.966949 -0.966949 -0.254971
VERTEX_POSE A21 0.702397 -0.139496 0.901901 -0.431943 0.431943 0.901901
VERTEX_POSE A22 0.955298 -0.858238 -0.303064 -0.952970 0.952970 -0.303064
VERTEX_POSE A23 0.480494 -0.176329 -0.966977 0.254865 -0.254865 -0.966977
VERTEX_POSE A24 -0.912500 0.359345 0.870121 0.492838 -0.492838 0.870121
VERTEX_POSE A25 0.696782 -0.285731 0.182823 -0.983146 0.983146 0.182823
VERTEX_POSE A26 0.157023 -0.028547 -0.909725 0.415212 0.415212 0.909725
VERTEX_POSE A27 0.025177 0.946763 0.899373 -0.437182 0.437182 0.899373
VERTEX_POSE A28 -0.061947 -0.298428 -0.700132 0.714013 -0.714013 -0.700132
VERTEX_POSE A29 -0.055197 -0.438571 0.917131 0.398586 -0.398586 0.917131
VERTEX_POSE A30 -0.078311 0.472332 -0.057569 -0.998342 -0.998342 0.057569
VERTEX_POSE A31 -0.116298 0.704798 0.954913 0.296885 0.296885 -0.954913
VERTEX_POSE A32 -0.871740 -0.229877 -0.855825 0.517265 -0.517265 -0.855825
VERTEX_POSE A33 -0.372421 -0.657696 -0.985909 -0.167285 -0.167285 0.985909
VERTEX_POSE A34 -0.397713 -0.387118 -0.997343 -0.072849 -0.072849 0.997343
VERTEX_POSE A35 -0.149951 0.000047 -0.088895 -0.996041 -0.996041 0.088895
VERTEX_POSE A36 0.420427 0.986674 0.653489 -0.756936 0.756936 0.653489
VERTEX_POSE A37 0.183011 -0.717483 -0.637350 -0.770575 -0.770575 0.637350
VERTEX_POSE A38 -0.963457 0.850235 -0.463854 0.885911 0.885911 0.463854
VERTEX_POSE A39 0.443016 -0.135681 0.060409 -0.998174 0.998174 0.060409
VERTEX_POSE A40 0.965002 0.772961 -0.639667 -0.768652 -0.768652 0.639667
VERTEX_POSE A41 -0.659382 0.959026 -0.884155 -0.467194 -0.467194 0.884155
VERTEX_POSE A42 -0.264265 0.840570 0.498164 -0.867083 0.867083 0.498164
VERTEX_POSE A43 0.511792 -0.453196 0.928301 0.371829 -0.371829 0.928301
VERTEX_POSE A44 -0.659838 0.379625 0.891426 0.453166 0.453166 -0.891426
VERTEX_POSE A45 -0.974201 -0.091382 0.798538 0.601944 -0.601944 0.798538
VERTEX_POSE A46 -0.644913 0.246624 -0.335453 -0.942057 -0.942057 0.335453
VERTEX_POSE A47 -0.722542 0.009547 -0.148797 0.988868 -0.988868 -0.148797
VERTEX_POSE A48 -0.170336 0.818871 -0.959295 0.282406 0.282406 0.959295
VERTEX_POSE A49 -0.550006 -0.091764 0.830868 -0.556469 -0.556469 -0.830868
VERTEX_POSE A50 0.261775 0.632303 0.851696 -0.524036 0.524036 0.851696
VERTEX_POSE A51 -0.610441 -0.093671 -0.227616 0.973751 0.973751 0.227616
VERTEX_POSE A52 -0.847609 0.768740 -0.654714 0.755877 0.755877 0.654714
VERTEX_POSE A53 0.217074 0.774066 0.719296 0.694704 -0.694704 0.719296
VERTEX_POSE A54 0.870053 0.730000 0.580227 0.814455 0.814455 -0.580227
VERTEX_POSE A55 -0.760109 0.128085 0.997790 -0.066444 0.066444 0.997790
VERTEX_POSE A56 -0.086144 -0.511665 -0.217347 -0.976094 -0.976094 0.217347
VERTEX_POSE A57 0.027076 -0.298547 -0.380994 -0.924578 0.924578 -0.380994
VERTEX_POSE A58 0.265067 0.074847 -0.334509 0.942392 0.942392 0.334509
VERTEX_POSE A59 0.851909 0.189907 -0.398630 0.917112 -0.917112 -0.398630
VERTEX_POSE A60 0.971879 0.262882 -0.831255 0.555892 0.555892 0.831255
VERTEX_POSE A61 -0.813244 -0.452821 0.460821 0.887493 -0.887493 0.460821
VERTEX_POSE A62 -0.264389 -0.105295 0.362463 0.931998 -0.931998 0.362463
VERTEX_POSE A63 -0.899861 -0.966995 -0.398041 0.917368 -0.917368 -0.398041
VERTEX_POSE A64 -0.185665 -0.110517 -0.864702 -0.502286 -0.502286 0.864702
VERTEX_POSE A65 0.337898 0.507587 0.920971 -0.389631 -0.389631 -0.920971
VERTEX_POSE A66 -0.049813 0.033052 0.985928 -0.167172 0.167172 0.985928
VERTEX_POSE A67 -0.765239 -0.123843 -0.960160 -0.279451 -0.279451 0.960160
VERTEX_POSE A68 -0.479091 0.790104 0.254235 -0.967142 0.967142 0.254235
VERTEX_POSE A69 -0.013269 -0.116713 0.775970 0.630770 -0.630770 0.775970
VERTEX_POSE A70 0.677777 0.740475 0.048922 0.998803 -0.998803 0.048922
VERTEX_POSE A71 -0.514089 0.563065 0.987943 -0.154815 -0.154815 -0.987943
VERTEX_POSE A72 0.327349 -0.157687 -0.725665 0.688048 -0.688048 -0.725665
VERTEX_POSE A73 -0.586488 0.581046 0.916231 0.400651 -0.400651 0.916231
VERTEX_POSE A74 0.997702 -0.890130 0.565597 0.824682 0.824682 -0.565597
VERTEX_POSE A75 0.667511 -0.778062 -0.679942 -0.733266 0.733266 -0.679942
VERTEX_POSE A76 -0.560689 -0.510336 0.580214 0.814464 0.814464 -0.580214
VERTEX_POSE A77 -0.647210 0.356494 0.993869 0.110566 0.110566 -0.993869
VERTEX_POSE A78 0.944969 0.231485 0.985777 0.168061 0.168061 -0.985777
VERTEX_POSE A79 0.268974 -0.691465 0.991329 -0.131406 0.131406 0.991329
VERTEX_POSE A80 -0.197217 -0.735270 0.999984 0.005671 -0.005671 0.999984
VERTEX_POSE A81 0.206745 -0.136211 -0.588612 0.808416 -0.808416 -0.588612
VERTEX_POSE A82 0.658533 0.214865 0.982294 -0.187345 0.187345 0.982294
VERTEX_POSE A83 -0.044826 -0.966531 0.226519 -0.974007 -0.974007 -0.226519
VERTEX_POSE A84 -0.576182 -0.362146 0.309555 0.950881 0.950881 -0.309555
VERTEX_POSE A85 0.528586 -0.055135 -0.816792 -0.576933 -0.576933 0.816792
VERTEX_POSE A86 0.195064 0.161554 0.546365 0.837547 0.837547 -0.546365
VERTEX_POSE A87 0.337674 0.126189 0.836634 0.547762 -0.547762 0.836634
VERTEX_POSE A88 -0.444338 0.646317 0.191993 0.981396 0.981396 -0.191993
VERTEX_POSE A89 -0.539868 -0.763599 -0.473513 -0.880787 0.880787 -0.473513
VERTEX_POSE A90 0.189584 -0.683903 0.982379 0.186898 0.186898 -0.982379
VERTEX_POSE A91 -0.472459 -0.090800 -0.721320 -0.692602 0.692602 -0.721320
VERTEX_POSE A92 -0.353113 -0.216419 -0.322131 -0.946695 -0.946695 0.322131
VERTEX_POSE A93 0.925195 0.210802 0.944043 -0.329823 0.329823 0.944043
VERTEX_POSE A94 -0.372320 -0.057795 0.921444 -0.388510 0.388510 0.921444
VERTEX_POSE A95 0.461222 0.673064 0.228878 0.973455 0.973455 -0.228878
VERTEX_POSE A96 0.263093 -0.281612 -0.824503 -0.565858 -0.565858 0.824503
VERTEX_POSE A97 0.577868 0.975257 -0.834807 -0.550542 0.550542 -0.834807
VERTEX_POSE A98 0.695984 -0.450780 0.000612 -1.000000 1.000000 0.000612
VERTEX_POSE A99 0.784002 -0.491508 -0.673458 -0.739226 0.739226 -0.673458
VERTEX_POSE A100 -0.435402 -0.141456 0.746444 -0.665448 0.665448 0.746444
VERTEX_POSE A101 0.373761 -0.710304 -0.343119 -0.939292 -0.939292 0.343119
VERTEX_POSE A102 -0.730088 -0.928442 -0.932823 0.360334 -0.360334 -0.932823
VERTEX_POSE A103 0.891947 0.700857 -0.998440 0.055836 0.055836 0.998440
VERTEX_POSE A104 0.787272 0.870741 -0.962325 -0.271901 0.271901 -0.962325
VERTEX_POSE A105 -0.732386 -0.818573 0.538599 -0.842562 -0.842562 -0.538599
VERTEX_POSE A106 0.559458 0.922795 -0.944840 0.327532 -0.327532 -0.944840
VERTEX_POSE A107 -0.773417 -0.639594 -0.961333 0.275388 0.275388 0.961333
VERTEX_POSE A108 -0.379596 0.537921 -0.952493 0.304559 -0.304559 -0.952493
VERTEX_POSE A109 0.504427 0.154280 0.584118 0.811669 0.811669 -0.584118
VERTEX_POSE A110 0.495557 -0.331059 -0.794032 0.607876 0.607876 0.794032
VERTEX_POSE A111 0.423187 0.802650 0.923863 0.382722 0.382722 -0.923863
VERTEX_POSE A112 -0.288828 -0.981932 -0.630476 -0.776209 0.776209 -0.630476
VERTEX_POSE A113 0.154091 0.883805 0.728707 0.684826 0.684826 -0.728707
VERTEX_POSE A114 -0.621639 0.836120 -0.908341 0.418230 -0.418230 -0.908341
VERTEX_POSE A115 0.134990 -0.344077 -0.514427 -0.857534 -0.857534 0.514427
VERTEX_POSE A116 -0.317323 -0.171330 -0.712458 -0.701715 0.701715 -0.712458
VERTEX_POSE A117 0.573425 -0.002326 -0.770702 -0.637196 -0.637196 0.770702
VERTEX_POSE A118 -0.527336 0.782112 0.434661 0.900594 0.900594 -0.434661
VERTEX_POSE A119 0.238339 -0.525013 -0.593439 -0.804879 0.804879 -0.593439
VERTEX_POSE A120 -0.966443 0.234075 0.345401 0.938455 0.938455 -0.345401
VERTEX_POSE A121 0.662248 -0.901791 -0.949462 0.313881 0.313881 0.949462
VERTEX_POSE A122 0.765880 0.384187 0.757719 -0.652581 -0.652581 -0.757719
VERTEX_POSE A123 -0.319556 -0.982344 -0.950786 0.309848 0.309848 0.950786
VERTEX_POSE A124 0.587443 0.309010 -0.402540 0.915403 -0.915403 -0.402540
VERTEX_POSE A125 -0.606440 -0.673608 0.984219 -0.176954 -0.176954 -0.984219
VERTEX_POSE A126 -0.858334 0.690720 -0.700970 -0.713191 -0.713191 0.700970
VERTEX_POSE A127 -0.149464 -0.972601 -0.809514 0.587101 0.587101 0.809514
VERTEX_POSE A128 0.971428 -0.698352 0.594472 0.804116 -0.804116 0.594472
VERTEX_POSE A129 0.837650 -0.760060 0.289978 0.957033 0.957033 -0.289978
VERTEX_POSE A130 -0.365463 -0.464109 -0.325122 0.945672 -0.945672 -0.325122
VERTEX_POSE A131 -0.463974 0.160192 -0.174265 -0.984699 -0.984699 0.174265
VERTEX_POSE A132 0.211411 -0.470365 0.309465 -0.950911 -0.950911 -0.309465
VERTEX_POSE A133 -0.095550 -0.392552 -0.594081 -0.804405 0.804405 -0.594081
VERTEX_POSE A134 -0.572027 -0.138951 -0.811583 0.584238 0.584238 0.811583
VERTEX_POSE A135 -0.001317 -0.599623 -0.999547 -0.030084 -0.030084 0.999547
VERTEX_POSE A136 0.172064 -0.211124 -0.836796 -0.547515 0.547515 -0.836796
VERTEX_POSE A137 0.987431 -0.216156 -0.883043 0.469291 -0.469291 -0.883043
VERTEX_POSE A138 0.225266 -0.239218 0.961566 -0.274574 0.274574 0.961566
VERTEX_POSE A139 0.792468 -0.673204 -0.097630 -0.995223 -0.995223 0.097630
VERTEX_POSE A140 0.491858 0.938123 -0.993253 0.115969 -0.115969 -0.993253
VERTEX_POSE A141 -0.279177 0.429723 -0.902859 -0.429937 0.429937 -0.902859
VERTEX_POSE A142 0.215655 -0.870553 0.494747 -0.869037 -0.869037 -0.494747
VERTEX_POSE A143 -0.796970 0.956192 -0.554514 -0.832174 0.832174 -0.554514
VERTEX_POSE A144 0.874914 0.313528 0.983801 -0.179264 0.179264 0.983801
VERTEX_POSE A145 0.594016 0.965567 -0.897197 -0.441630 0.441630 -0.897197
VERTEX_POSE A146 0.338020 -0.387885 -0.999969 0.007857 -0.007857 -0.999969
VERTEX_POSE A147 -0.442409 -0.857802 0.925077 -0.379780 -0.379780 -0.925077
VERTEX_POSE A148 0.167441 -0.036760 -0.955295 -0.295655 0.295655 -0.955295
VERTEX_POSE A149 0.810684 -0.605773 0.648326 -0.761363 -0.761363 -0.648326
VERTEX_POSE A150 0.795930 -0.382814 0.466774 -0.884377 0.884377 0.466774
VERTEX_POSE A151 0.200998 -0.802684 0.567844 0.823136 -0.823136 0.567844
VERTEX_POSE A152 0.472932 -0.507564 0.392325 0.919826 0.919826 -0.392325
VERTEX_POSE A153 0.561810 -0.998627 0.644616 0.764507 0.764507 -0.644616
VERTEX_POSE A154 0.881442 -0.785028 0.949295 -0.314387 -0.314387 -0.949295
VERTEX_POSE A155 0.060374 0.801446 -0.683308 0.730130 0.730130 0.683308
VERTEX_POSE A156 0.955370 -0.672235 -0.026478 -0.999649 -0.999649 0.026478
VERTEX_POSE A157 -0.976891 0.905691 -0.373113 -0.927786 0.927786 -0.373113
VERTEX_POSE A158 0.910910 0.828845 -0.678075 0.734993 0.734993 0.678075
VERTEX_POSE A159 0.926798 -0.370587 0.750960 -0.660348 -0.660348 -0.750960
VERTEX_POSE A160 0.860759 -0.854369 0.876959 0.480565 0.480565 -0.876959
VERTEX_POSE A161 -0.454553 -0.635264 0.155812 -0.987787 0.987787 0.155812
VERTEX_POSE A162 -0.537176 0.789606 -0.946178 -0.323646 -0.323646 0.946178
VERTEX_POSE A163 0.072169 -0.324734 0.993810 -0.111091 0.111091 0.993810
VERTEX_POSE A164 0.449897 -0.027816 -0.500456 -0.865762 -0.865762 0.500456
VERTEX_POSE A165 -0.109203 -0.349346 -0.444149 -0.895953 -0.895953 0.444149
VERTEX_POSE A166 -0.929147 0.075643 0.746006 -0.665939 -0.665939 -0.746006
VERTEX_POSE A167 -0.378039 0.761060 0.954488 0.298249 0.298249 -0.954488
VERTEX_POSE A168 -0.121772 0.434498 0.960399 -0.278628 0.278628 0.960399
VERTEX_POSE A169 0.296119 0.836425 -0.723572 0.690249 -0.690249 -0.723572
VERTEX_POSE A170 -0.585571 -0.912144 -0.841529 -0.540211 0.540211 -0.841529
VERTEX_POSE A171 -0.629914 0.372622 0.742156 0.670228 -0.670228 0.742156
VERTEX_POSE A172 -0.983058 0.266148 -0.960905 -0.276877 -0.276877 0.960905
VERTEX_POSE A173 0.630085 -0.782697 0.991146 0.132780 -0.132780 0.991146
VERTEX_POSE A174 -0.426884 0.328814 0.947218 -0.320590 0.320590 0.947218
VERTEX_POSE A175 0.891856 -0.420323 0.161721 0.986837 0.986837 -0.161721
VERTEX_POSE A176 0.224101 -0.817130 -0.775376 -0.631500 -0.631500 0.775376
VERTEX_POSE A177 0.911136 0.940928 0.970780 -0.239971 0.239971 0.970780
VERTEX_POSE A178 -0.550553 -0.278125 0.992845 -0.119410 -0.119410 -0.992845
VERTEX_POSE A179 -0.608458 0.146110 -0.279188 -0.960237 0.960237 -0.279188
VERTEX_POSE A180 0.721820 -0.664845 0.782038 0.623231 -0.623231 0.782038
VERTEX_POSE A181 -0.754623 0.339061 -0.909491 0.415723 0.415723 0.909491
VERTEX_POSE A182 0.592540 0.343426 -0.944120 -0.329601 0.329601 -0.944120
VERTEX_POSE A183 0.194751 -0.172409 -0.732520 -0.680745 0.680745 -0.732520
VERTEX_POSE A184 0.807187 0.340434 0.787871 -0.615840 -0.615840 -0.787871
VERTEX_POSE A185 0.473982 0.558398 0.950501 0.310723 -0.310723 0.950501
VERTEX_POSE A186 -0.744875 -0.370962 -0.537700 -0.843136 -0.843136 0.537700
VERTEX_POSE A187 0.762557 0.668199 -0.583029 0.812452 0.812452 0.583029
VERTEX_POSE A188 0.497091 0.464089 0.998306 0.058178 0.058178 -0.998306
VERTEX_POSE A189 -0.833965 -0.542117 -0.916218 -0.400680 0.400680 -0.916218
VERTEX_POSE A190 0.689355 -0.702387 -0.682620 0.730773 -0.730773 -0.682620
VERTEX_POSE A191 0.357850 0.609720 -0.432826 -0.901478 0.901478 -0.432826
VERTEX_POSE A192 -0.288518 -0.177382 0.704607 0.709597 -0.709597 0.704607
VERTEX_POSE A193 -0.847822 -0.912782 0.994645 0.103354 -0.103354 0.994645
VERTEX_POSE A194 -0.569980 -0.715013 0.052735 -0.998609 -0.998609 -0.052735
VERTEX_POSE A195 -0.838621 0.794803 0.709355 -0.704851 -0.704851 -0.709355
VERTEX_POSE A196 0.042975 -0.262127 0.998384 0.056835 0.056835 -0.998384
VERTEX_POSE A197 -0.499128 0.360630 0.146431 0.989221 0.989221 -0.146431
VERTEX_POSE A198 -0.216660 0.555863 0.960728 0.277491 0.277491 -0.960728
VERTEX_POSE A199 0.921203 -0.827629 0.468857 0.883274 0.883274 -0.468857
VERTEX_POSE A200 0.796991 0.197055 0.777988 0.628279 -0.628279 0.777988
VERTEX_POSE A201 0.197770 0.643719 0.750682 -0.660664 0.660664 0.750682
VERTEX_POSE A202 -0.708711 0.544992 -0.238963 -0.971029 -0.971029 0.238963
VERTEX_POSE A203 0.813933 -0.536797 0.863095 0.505042 -0.505042 0.863095
VERTEX_POSE A204 -0.172146 0.861022 0.637386 0.770544 0.770544 -0.637386
VERTEX_POSE A205 -0.135595 -0.126194 -0.952964 -0.303083 -0.303083 0.952964
VERTEX_POSE A206 0.705789 0.042880 0.965363 -0.260910 -0.260910 -0.965363
VERTEX_POSE A207 -0.948045 -0.956108 0.995962 0.089774 -0.089774 0.995962
VERTEX_POSE A208 -0.224460 -0.185266 -0.998101 0.061591 -0.061591 -0.998101
VERTEX_POSE A209 -0.844764 0.764755 -0.993858 0.110661 0.110661 0.993858
VERTEX_POSE A210 -0.556503 0.190002 0.998530 0.054199 0.054199 -0.998530
VERTEX_POSE A211 -0.502640 0.149890 0.231029 0.972947 -0.972947 0.231029
VERTEX_POSE A212 -0.599387 0.103816 -0.392932 -0.919567 -0.919567 0.392932
VERTEX_POSE A213 -0.963963 -0.466573 0.487436 0.873159 -0.873159 0.487436
VERTEX_POSE A214 0.692111 0.977481 -0.910034 0.414533 -0.414533 -0.910034
VERTEX_POSE A215 -0.792200 -0.555750 0.012027 0.999928 -0.999928 0.012027
VERTEX_POSE A216 0.510019 -0.908175 0.086968 -0.996211 0.996211 0.086968
VERTEX_POSE A217 0.947236 -0.393481 -0.181343 0.983420 -0.983420 -0.181343
VERTEX_POSE A218 0.970356 -0.887551 -0.541059 -0.840985 -0.840985 0.541059
VERTEX_POSE A219 0.007111 0.555914 0.558862 0.829261 -0.829261 0.558862
VERTEX_POSE A220 -0.886729 0.064401 -0.767752 0.640747 0.640747 0.767752
VERTEX_POSE A221 0.659711 -0.589938 0.217363 0.976091 0.976091 -0.217363
VERTEX_POSE A222 -0.635039 0.165634 0.954094 -0.299508 -0.299508 -0.954094
VERTEX_POSE A223 -0.175247 0.887020 0.070028 -0.997545 -0.997545 -0.070028
VERTEX_POSE A224 0.811889 -0.502720 -0.941390 -0.337321 -0.337321 0.941390
VERTEX_POSE A225 -0.205019 0.450621 0.103455 0.994634 -0.994634 0.103455
VERTEX_POSE A226 -0.013867 0.681823 -0.629790 -0.776766 0.776766 -0.629790
VERTEX_POSE A227 -0.145136 0.235153 0.529037 0.848599 -0.848599 0.529037
VERTEX_POSE A228 0.295853 -0.188749 0.551885 -0.833921 -0.833921 -0.551885
VERTEX_POSE A229 0.769473 0.237686 -0.717793 0.696257 -0.696257 -0.717793
VERTEX_POSE A230 -0.223933 0.407524 -0.721259 0.692666 -0.692666 -0.721259
VERTEX_POSE A231 0.092844 -0.991695 0.503532 -0.863977 0.863977 0.503532
VERTEX_POSE A232 -0.032758 -0.118595 -0.022520 0.999746 -0.999746 -0.022520
VERTEX_POSE A233 0.067356 -0.047484 -0.829093 0.559110 -0.559110 -0.829093
VERTEX_POSE A234 -0.093223 -0.528492 0.947066 -0.321038 0.321038 0.947066
VERTEX_POSE A235 0.795097 -0.257573 0.341972 -0.939710 0.939710 0.341972
VERTEX_POSE A236 0.931761 0.826322 -0.373924 -0.927460 -0.927460 0.373924
VERTEX_POSE A237 -0.387434 0.514388 0.772412 -0.635122 0.635122 0.772412
VERTEX_POSE A238 0.847052 -0.213682 -0.989303 0.145877 0.145877 0.989303
VERTEX_POSE A239 -0.292699 -0.358944 -0.987372 0.158419 -0.158419 -0.987372
VERTEX_POSE A240 -0.232198 0.279143 0.771352 0.636409 0.636409 -0.771352
VERTEX_POSE A241 -0.709451 0.976320 -0.757960 -0.652301 0.652301 -0.757960
VERTEX_POSE A242 0.204661 0.790946 -0.673999 0.738732 0.738732 0.673999
VERTEX_POSE A243 0.168415 -0.617041 -0.855686 -0.517496 -0.517496 0.855686
VERTEX_POSE A244 -0.673415 -0.490253 -0.538674 -0.842515 0.842515 -0.538674
VERTEX_POSE A245 -0.103228 0.768427 -0.911471 0.411365 -0.411365 -0.911471
VERTEX_POSE A246 0.376214 -0.172791 -0.995990 -0.089470 0.089470 -0.995990
VERTEX_POSE A247 0.836605 -0.398428 0.994631 0.103487 -0.103487 0.994631
VERTEX_POSE A248 -0.155992 -0.625054 0.448085 -0.893991 -0.893991 -0.448085
VERTEX_POSE A249 0.346571 -0.060342 0.900819 0.434195 0.434195 -0.900819
VERTEX_POSE A250 -0.156284 -0.842514 0.665779 -0.746149 0.746149 0.665779
VERTEX_POSE A251 -0.042721 0.439348 -0.187960 -0.982177 0.982177 -0.187960
VERTEX_POSE A252 0.006282 0.349720 -0.570544 -0.821267 -0.821267 0.570544
VERTEX_POSE A253 0.208676 0.323120 -0.776543 0.630065 -0.630065 -0.776543
VERTEX_POSE A254 0.782033 0.326368 0.927539 0.373726 0.373726 -0.927539
VERTEX_POSE A255 -0.181829 0.847001 -0.835182 0.549974 -0.549974 -0.835182
VERTEX_POSE A256 -0.996343 -0.226259 0.018848 -0.999822 0.999822 0.018848
VERTEX_POSE A257 -0.231835 0.008190 0.711889 -0.702292 -0.702292 -0.711889
VERTEX_POSE A258 0.673035 0.082154 -0.506765 0.862084 -0.862084 -0.506765
VERTEX_POSE A259 0.299510 0.584992 0.999999 0.001085 0.001085 -0.999999
VERTEX_POSE A260 -0.462362 -0.754124 -0.587493 -0.809229 0.809229 -0.587493
VERTEX_POSE A261 -0.550898 -0.510322 -0.291173 -0.956671 -0.956671 0.291173
VERTEX_POSE A262 -0.607647 0.593297 0.919535 -0.393009 0.393009 0.919535
VERTEX_POSE A263 0.504881 0.127281 -0.668228 -0.743957 -0.743957 0.668228
VERTEX_POSE A264 0.516458 0.442194 0.396691 0.917952 -0.917952 0.396691
VERTEX_POSE A265 0.299130 -0.935194 0.485999 -0.873959 -0.873959 -0.485999
VERTEX_POSE A266 0.299977 0.869708 0.387493 -0.921873 0.921873 0.387493
VERTEX_POSE A267 0.448219 0.268516 -0.930148 0.367184 0.367184 0.930148
VERTEX_POSE A268 0.911696 0.579194 -0.362684 0.931912 0.931912 0.362684
VERTEX_POSE A269 0.147029 -0.343974 -0.374856 -0.927083 0.927083 -0.374856
VERTEX_POSE A270 -0.844480 0.909573 -0.801971 0.597363 0.597363 0.801971
VERTEX_POSE A271 -0.320502 -0.141664 0.959031 0.283301 -0.283301 0.959031
VERTEX_POSE A272 0.437578 -0.367654 0.999225 0.039367 -0.039367 0.999225
VERTEX_POSE A273 0.360181 0.700519 0.998965 0.045495 -0.045495 0.998965
VERTEX_POSE A274 0.847912 0.241295 -0.102637 0.994719 -0.994719 -0.102637
VERTEX_POSE B0 0.764163 0.142093 -0.805660 0.592379 0.592379 0.805660
VERTEX_POSE B1 -0.743047 0.468946 0.975257 0.221076 0.221076 -0.975257
VERTEX_POSE B2 0.224127 -0.931496 0.773461 -0.633843 -0.633843 -0.773461
VERTEX_POSE B3 0.600768 0.743665 0.187931 0.982182 0.982182 -0.187931
VERTEX_POSE B4 0.100961 0.843893 -0.430625 0.902531 -0.902531 -0.430625
VERTEX_POSE B5 -0.429303 0.008162 0.772596 -0.634898 -0.634898 -0.772596
VERTEX_POSE B6 -0.555517 0.901151 -0.851613 -0.524171 -0.524171 0.851613
VERTEX_POSE B7 -0.941759 0.283240 -0.503537 -0.863973 -0.863973 0.503537
VERTEX_POSE B8 0.576979 -0.642117 -0.667307 0.744782 0.744782 0.667307
VERTEX_POSE B9 0.653160 0.224272 0.809728 0.586805 -0.586805 0.809728
VERTEX_POSE B10 0.840274 -0.390392 -0.969857 0.243676 -0.243676 -0.969857
VERTEX_POSE B11 -0.604850 -0.795116 0.295197 0.955437 0.955437 -0.295197
VERTEX_POSE B12 0.656817 0.998013 -0.176622 -0.984279 0.984279 -0.176622
VERTEX_POSE B13 -0.391561 0.617799 -0.381057 -0.924551 0.924551 -0.381057
VERTEX_POSE B14 -0.931815 0.287038 0.449488 0.893286 -0.893286 0.449488
VERTEX_POSE B15 -0.043673 0.583005 -0.975485 -0.220065 0.220065 -0.975485
VERTEX_POSE B16 0.146077 0.863675 0.412215 0.911086 -0.911086 0.412215
VERTEX_POSE B17 -0.482713 0.776716 0.995670 0.092959 -0.092959 0.995670
VERTEX_POSE B18 0.348680 0.176302 -0.507699 -0.861534 0.861534 -0.507699
VERTEX_POSE B19 -0.349042 -0.009045 0.219202 0.975679 0.975679 -0.219202
VERTEX_POSE B20 -0.966254 0.218910 -0.935000 -0.354647 0.354647 -0.935000
VERTEX_POSE B21 -0.352190 0.241108 -0.708000 -0.706212 -0.706212 0.708000
VERTEX_POSE B22 0.950935 -0.139337 0.225127 -0.974329 -0.974329 -0.225127
VERTEX_POSE B23 0.481965 -0.512574 0.745984 -0.665964 -0.665964 -0.745984
VERTEX_POSE B24 -0.440494 -0.179699 0.913214 0.407481 0.407481 -0.913214
VERTEX_POSE B25 0.097965 0.516689 -0.213997 -0.976834 0.976834 -0.213997
VERTEX_POSE B26 0.637485 -0.603001 -0.977803 -0.209528 -0.209528 0.977803
VERTEX_POSE B27 0.239003 0.678638 0.631362 0.775488 0.775488 -0.631362
VERTEX_POSE B28 -0.464458 -0.850965 0.374218 0.927341 -0.927341 0.374218
VERTEX_POSE B29 -0.002334 -0.902482 -0.707621 -0.706592 0.706592 -0.707621
VERTEX_POSE B30 0.086915 -0.080067 0.075305 -0.997161 -0.997161 -0.075305
VERTEX_POSE B31 -0.700295 0.291128 0.813523 -0.581533 0.581533 0.813523
VERTEX_POSE B32 0.254619 0.566465 0.213897 0.976856 -0.976856 0.213897
VERTEX_POSE B33 -0.688958 -0.011564 -0.863149 0.504950 -0.504950 -0.863149
VERTEX_POSE B34 0.900473 0.034793 -0.523343 0.852122 -0.852122 -0.523343
VERTEX_POSE B35 -0.644420 0.410358 0.422639 0.906298 -0.906298 0.422639
VERTEX_POSE B36 -0.118260 0.996598 0.787660 0.616110 0.616110 -0.787660
VERTEX_POSE B37 -0.655043 -0.064055 0.924852 0.380326 -0.380326 0.924852
VERTEX_POSE B38 -0.586179 -0.306402 0.982517 0.186171 0.186171 -0.982517
VERTEX_POSE B39 -0.541281 -0.645519 0.099117 0.995076 0.995076 -0.099117
VERTEX_POSE B40 0.998116 -0.839783 0.816408 0.577476 -0.577476 0.816408
VERTEX_POSE B41 -0.745906 0.303206 0.954104 -0.299476 0.299476 0.954104
VERTEX_POSE B42 -0.146132 -0.440635 -0.839422 0.543480 -0.543480 -0.839422
VERTEX_POSE B43 0.654933 -0.841770 0.812167 -0.583424 0.583424 0.812167
VERTEX_POSE B44 -0.137467 -0.078995 -0.564253 -0.825602 0.825602 -0.564253
VERTEX_POSE B45 -0.077947 0.846402 -0.479264 0.877671 0.877671 0.479264
VERTEX_POSE B46 -0.388740 0.741235 0.118087 -0.993003 0.993003 0.118087
VERTEX_POSE B47 -0.991390 -0.215320 -0.894418 0.447232 0.447232 0.894418
VERTEX_POSE B48 0.439341 0.623118 -0.996551 0.082981 -0.082981 -0.996551
VERTEX_POSE B49 0.959940 -0.082463 -0.326279 -0.945274 -0.945274 0.326279
VERTEX_POSE B50 -0.340432 0.775635 -0.667104 -0.744964 0.744964 -0.667104
VERTEX_POSE B51 0.473086 -0.157972 0.732416 -0.680857 -0.680857 -0.732416
VERTEX_POSE B52 -0.392250 -0.841355 0.687522 0.726164 0.726164 -0.687522
VERTEX_POSE B53 -0.389496 -0.363702 -0.335787 0.941938 0.941938 0.335787
VERTEX_POSE B54 -0.044949 0.329454 -0.922427 -0.386170 -0.386170 0.922427
VERTEX_POSE B55 0.167255 -0.021054 0.642234 0.766508 -0.766508 0.642234
VERTEX_POSE B56 0.708469 -0.847013 -0.917986 0.396613 0.396613 0.917986
VERTEX_POSE B57 -0.407464 0.726453 0.757153 0.653237 0.653237 -0.757153
VERTEX_POSE B58 -0.593742 -0.342416 -0.013450 0.999910 0.999910 0.013450
VERTEX_POSE B59 -0.755989 -0.697978 0.227771 0.973715 -0.973715 0.227771
VERTEX_POSE B60 0.590202 0.823972 0.880177 0.474646 0.474646 -0.880177
VERTEX_POSE B61 0.493174 0.577516 0.957639 -0.287972 -0.287972 -0.957639
VERTEX_POSE B62 -0.456284 0.593150 -0.957434 0.288652 -0.288652 -0.957434
VERTEX_POSE B63 -0.155180 0.390437 -0.964370 0.264558 -0.264558 -0.964370
VERTEX_POSE B64 0.804216 -0.434047 -0.727961 0.685619 -0.685619 -0.727961
VERTEX_POSE B65 -0.555811 -0.372057 0.978979 -0.203960 0.203960 0.978979
VERTEX_POSE B66 0.200401 -0.199206 0.986306 0.164923 -0.164923 0.986306
VERTEX_POSE B67 -0.314045 -0.437449 0.400156 -0.916447 0.916447 0.400156
VERTEX_POSE B68 -0.210854 0.563888 0.110320 -0.993896 0.993896 0.110320
VERTEX_POSE B69 0.614221 0.494393 0.790273 -0.612756 -0.612756 -0.790273
VERTEX_POSE B70 0.144674 -0.082968 0.085606 -0.996329 0.996329 0.085606
VERTEX_POSE B71 -0.212738 0.724104 -0.475500 0.879716 -0.879716 -0.475500
VERTEX_POSE B72 0.868316 -0.202401 0.699838 0.714302 -0.714302 0.699838
VERTEX_POSE B73 0.998542 0.476397 -0.479378 -0.877609 0.877609 -0.479378
VERTEX_POSE B74 -0.557805 0.882334 -0.329935 0.944003 -0.944003 -0.329935
VERTEX_POSE B75 -0.269151 0.718604 0.195947 0.980614 0.980614 -0.195947
VERTEX_POSE B76 -0.079404 0.322799 0.811227 -0.584731 -0.584731 -0.811227
VERTEX_POSE B77 0.053455 0.623569 -0.260781 -0.965398 0.965398 -0.260781
VERTEX_POSE B78 -0.260541 -0.496717 -0.991472 -0.130321 0.130321 -0.991472
VERTEX_POSE B79 -0.640064 -0.054083 -0.178070 0.984018 0.984018 0.178070
VERTEX_POSE B80 0.013395 -0.458894 0.642203 -0.766535 -0.766535 -0.642203
VERTEX_POSE B81 0.399028 -0.721082 -0.858307 -0.513137 -0.513137 0.858307
VERTEX_POSE B82 0.833022 0.787945 0.699930 0.714211 -0.714211 0.699930
VERTEX_POSE B83 0.621144 -0.300249 0.832505 -0.554017 -0.554017 -0.832505
VERTEX_POSE B84 -0.990468 -0.084784 -0.903397 0.428805 0.428805 0.903397
VERTEX_POSE B85 -0.211927 0.117399 -0.358567 0.933504 -0.933504 -0.358567
VERTEX_POSE B86 -0.211601 0.678697 0.456836 0.889551 -0.889551 0.456836
VERTEX_POSE B87 0.718000 0.068203 -0.216156 0.976359 0.976359 0.216156
VERTEX_POSE B88 0.380609 -0.156148 0.826659 0.562704 -0.562704 0.826659
VERTEX_POSE B89 0.194658 -0.663719 0.134394 -0.990928 0.990928 0.134394
VERTEX_POSE B90 0.962011 0.370225 -0.298894 -0.954286 0.954286 -0.298894
VERTEX_POSE B91 -0.029190 -0.332176 0.786014 -0.618209 -0.618209 -0.786014
VERTEX_POSE B92 -0.312169 0.913797 0.798719 -0.601704 0.601704 0.798719
VERTEX_POSE B93 -0.494273 -0.036625 -0.993847 -0.110757 -0.110757 0.993847
VERTEX_POSE B94 0.815631 -0.941739 -0.396563 0.918007 -0.918007 -0.396563
VERTEX_POSE B95 -0.507953 -0.520250 0.747624 -0.664122 -0.664122 -0.747624
VERTEX_POSE B96 -0.050084 0.591318 0.529313 -0.848427 0.848427 0.529313
VERTEX_POSE B97 0.016031 -0.140945 -0.706955 0.707259 -0.707259 -0.706955
VERTEX_POSE B98 0.178003 0.042301 0.897035 -0.441959 0.441959 0.897035
VERTEX_POSE B99 0.739062 0.155206 0.712491 -0.701681 -0.701681 -0.712491
VERTEX_POSE B100 -0.369747 -0.646552 0.737792 -0.675028 -0.675028 -0.737792
VERTEX_POSE B101 -0.677323 0.959334 0.904270 0.426961 0.426961 -0.904270
VERTEX_POSE B102 -0.473676 -0.120690 -0.536442 -0.843937 0.843937 -0.536442
VERTEX_POSE B103 -0.501432 0.151047 -0.987982 -0.154569 0.154569 -0.987982
VERTEX_POSE B104 -0.678781 0.435731 0.045014 0.998986 -0.998986 0.045014
VERTEX_POSE B105 -0.031481 -0.238356 0.877963 0.478729 0.478729 -0.877963
VERTEX_POSE B106 0.229417 -0.130350 -0.103768 0.994602 0.994602 0.103768
VERTEX_POSE B107 0.241815 -0.241470 -0.638050 -0.769995 -0.769995 0.638050
VERTEX_POSE B108 -0.978026 -0.614787 0.999653 -0.026360 0.026360 0.999653
VERTEX_POSE B109 0.968877 0.372933 0.112438 -0.993659 0.993659 0.112438
VERTEX_POSE B110 0.601751 0.704447 -0.999986 -0.005210 0.005210 -0.999986
VERTEX_POSE B111 0.035369 -0.073681 -0.473953 -0.880550 0.880550 -0.473953
VERTEX_POSE B112 0.367904 0.651852 0.445400 0.895332 0.895332 -0.445400
VERTEX_POSE B113 0.434773 0.492392 0.861983 -0.506937 -0.506937 -0.861983
VERTEX_POSE B114 -0.343487 0.626069 0.709536 0.704669 0.704669 -0.709536
VERTEX_POSE B115 0.377436 -0.432932 -0.743351 0.668902 -0.668902 -0.743351
VERTEX_POSE B116 -0.777154 -0.390209 -0.979397 0.201947 0.201947 0.979397
VERTEX_POSE B117 0.444912 0.304766 -0.678508 -0.734593 -0.734593 0.678508
VERTEX_POSE B118 0.095436 0.635271 -0.724649 0.689118 -0.689118 -0.724649
VERTEX_POSE B119 0.603455 0.453643 0.408755 0.912644 0.912644 -0.408755
VERTEX_POSE B120 -0.360430 0.641047 0.693361 0.720590 0.720590 -0.693361
VERTEX_POSE B121 0.057448 0.005496 0.560133 -0.828402 0.828402 0.560133
VERTEX_POSE B122 -0.425735 -0.878533 0.960600 -0.277934 -0.277934 -0.960600
VERTEX_POSE B123 0.327401 0.554844 -0.463995 0.885838 -0.885838 -0.463995
VERTEX_POSE B124 0.563175 0.968871 0.214517 -0.976720 0.976720 0.214517
VERTEX_POSE B125 -0.610104 -0.820272 0.887809 0.460212 0.460212 -0.887809
VERTEX_POSE B126 0.819449 -0.965406 -0.030930 -0.999522 0.999522 -0.030930
VERTEX_POSE B127 -0.486909 0.560189 0.334214 0.942497 0.942497 -0.334214
VERTEX_POSE B128 0.405927 0.038783 0.918830 -0.394654 0.394654 0.918830
VERTEX_POSE B129 -0.002549 0.076895 -0.493333 0.869840 0.869840 0.493333
VERTEX_POSE B130 -0.747847 -0.284605 -0.906897 0.421352 -0.421352 -0.906897
VERTEX_POSE B131 -0.963820 0.392231 -0.008195 -0.999966 0.999966 -0.008195
VERTEX_POSE B132 0.320128 0.036229 0.729204 -0.684296 -0.684296 -0.729204
VERTEX_POSE B133 -0.221523 0.594705 -0.259697 -0.965690 0.965690 -0.259697
VERTEX_POSE B134 -0.465252 -0.456722 0.992950 -0.118530 0.118530 0.992950
VERTEX_POSE B135 0.641347 -0.528040 -0.737857 0.674957 -0.674957 -0.737857
VERTEX_POSE B136 0.746996 -0.643651 -0.538641 -0.842536 -0.842536 0.538641
VERTEX_POSE B137 0.764166 0.412928 0.709454 -0.704752 0.704752 0.709454
VERTEX_POSE B138 -0.116839 0.230490 -0.955994 0.293387 0.293387 0.955994
VERTEX_POSE B139 0.768971 -0.258438 0.791570 -0.611079 0.611079 0.791570
VERTEX_POSE B140 0.733042 -0.214138 -0.807131 0.590373 0.590373 0.807131
VERTEX_POSE B141 -0.515088 -0.065063 -0.608987 0.793180 -0.793180 -0.608987
VERTEX_POSE B142 -0.195660 0.667880 0.682642 0.730753 -0.730753 0.682642
VERTEX_POSE B143 0.100947 -0.562287 -0.480978 0.876733 0.876733 0.480978
VERTEX_POSE B144 0.919685 -0.572671 -0.668906 0.743347 0.743347 0.668906
VERTEX_POSE B145 0.460853 0.293949 0.890749 -0.454496 0.454496 0.890749
VERTEX_POSE B146 -0.521617 0.004781 0.668354 0.743844 0.743844 -0.668354
VERTEX_POSE B147 -0.857468 0.037119 -0.730451 -0.682965 -0.682965 0.730451
VERTEX_POSE B148 -0.094235 -0.401284 0.903971 0.427594 0.427594 -0.903971
VERTEX_POSE B149 0.573820 -0.359948 0.767062 0.641573 -0.641573 0.767062
VERTEX_POSE B150 0.745987 -0.509238 -0.053387 0.998574 0.998574 0.053387
VERTEX_POSE B151 0.545335 -0.760238 0.508856 -0.860852 0.860852 0.508856
VERTEX_POSE B152 -0.368733 0.645548 0.643083 -0.765796 0.765796 0.643083
VERTEX_POSE B153 -0.679748 -0.387771 -0.583364 0.812211 0.812211 0.583364
VERTEX_POSE B154 -0.127264 0.794606 0.130231 -0.991484 -0.991484 -0.130231
VERTEX_POSE B155 -0.805558 0.614419 0.673726 -0.738981 0.738981 0.673726
VERTEX_POSE B156 -0.289852 -0.208043 0.681596 0.731729 -0.731729 0.681596
VERTEX_POSE B157 -0.307815 0.829201 0.685197 0.728358 -0.728358 0.685197
VERTEX_POSE B158 -0.292467 0.174608 0.853929 0.520390 -0.520390 0.853929
VERTEX_POSE B159 -0.883924 0.830741 -0.902147 0.431428 0.431428 0.902147
VERTEX_POSE B160 0.689636 -0.093904 -0.983039 -0.183397 0.183397 -0.983039
VERTEX_POSE B161 -0.040315 0.890003 0.756387 0.654124 0.654124 -0.756387
VERTEX_POSE B162 -0.847744 0.222972 0.991667 -0.128829 0.128829 0.991667
VERTEX_POSE C0 0.009763 0.942325 -0.614797 0.788686 0.788686 0.614797
VERTEX_POSE C1 0.738163 0.484708 -0.970193 0.242335 -0.242335 -0.970193
VERTEX_POSE C2 -0.312996 0.766250 0.522642 -0.852552 0.852552 0.522642
VERTEX_POSE C3 -0.348890 -0.585715 -0.109419 0.993996 -0.993996 -0.109419
VERTEX_POSE C4 0.485159 0.841057 -0.374049 -0.927409 0.927409 -0.374049
VERTEX_POSE C5 -0.548830 0.179178 -0.434141 0.900845 -0.900845 -0.434141
VERTEX_POSE C6 0.534271 0.644775 -0.613616 0.789604 0.789604 0.613616
VERTEX_POSE C7 0.254130 -0.417381 0.748032 0.663663 -0.663663 0.748032
VERTEX_POSE C8 -0.815788 0.965040 -0.908665 0.417527 0.417527 0.908665
VERTEX_POSE C9 -0.980817 -0.420288 0.144791 0.989462 -0.989462 0.144791
VERTEX_POSE C10 -0.941531 -0.749501 -0.307384 0.951586 -0.951586 -0.307384
VERTEX_POSE C11 0.285159 -0.597247 -0.069618 0.997574 0.997574 0.069618
VERTEX_POSE C12 0.938868 0.007040 -0.541117 0.840948 -0.840948 -0.541117
VERTEX_POSE C13 0.519322 0.544448 -0.974074 -0.226230 0.226230 -0.974074
VERTEX_POSE C14 0.763542 0.407534 0.962646 0.270763 0.270763 -0.962646
VERTEX_POSE C15 -0.918600 -0.955840 0.906554 0.422090 0.422090 -0.906554
VERTEX_POSE C16 -0.574913 -0.856836 -0.393384 0.919374 0.919374 0.393384
VERTEX_POSE C17 0.337362 -0.952413 -0.181813 -0.983333 -0.983333 0.181813
VERTEX_POSE C18 0.827387 -0.465078 -0.388038 0.921644 0.921644 0.388038
VERTEX_POSE C19 0.970422 -0.617074 0.994608 0.103707 -0.103707 0.994608
VERTEX_POSE C20 0.968629 0.693135 0.859933 -0.510407 0.510407 0.859933
VERTEX_POSE C21 -0.852361 0.147151 -0.376318 0.926491 -0.926491 -0.376318
VERTEX_POSE C22 -0.156842 -0.822467 0.903119 -0.429390 0.429390 0.903119
VERTEX_POSE C23 -0.836930 0.307554 0.354261 0.935147 0.935147 -0.354261
VERTEX_POSE C24 -0.142213 0.939108 0.975488 0.220054 0.220054 -0.975488
VERTEX_POSE C25 0.535342 -0.993267 0.227634 -0.973747 0.973747 0.227634
VERTEX_POSE C26 -0.129397 -0.517838 0.827406 -0.561605 0.561605 0.827406
VERTEX_POSE C27 -0.026137 0.769849 0.993741 0.111705 0.111705 -0.993741
VERTEX_POSE C28 0.224978 -0.087171 -0.210036 0.977694 0.977694 0.210036
VERTEX_POSE C29 0.830288 -0.627835 0.650102 -0.759847 -0.759847 -0.650102
VERTEX_POSE C30 0.126119 -0.007179 0.988870 -0.148783 -0.148783 -0.988870
VERTEX_POSE C31 -0.765258 -0.144846 -0.292888 0.956147 -0.956147 -0.292888
VERTEX_POSE C32 0.568451 0.856873 -0.086836 -0.996223 -0.996223 0.086836
VERTEX_POSE C33 0.813123 -0.240929 0.706825 -0.707388 -0.707388 -0.706825
VERTEX_POSE C34 -0.114148 0.269440 0.996272 -0.086272 0.086272 0.996272
VERTEX_POSE C35 0.053610 0.697930 0.833170 0.553017 0.553017 -0.833170
VERTEX_POSE C36 -0.735707 0.938250 0.585061 -0.810989 -0.810989 -0.585061
VERTEX_POSE C37 -0.579877 -0.085785 0.985635 0.168889 -0.168889 0.985635
VERTEX_POSE C38 -0.692260 -0.719451 -0.060092 -0.998193 -0.998193 0.060092
VERTEX_POSE C39 -0.551495 0.903290 0.422303 -0.906455 -0.906455 -0.422303
VERTEX_POSE C40 -0.560694 0.493926 0.990925 0.134415 0.134415 -0.990925
VERTEX_POSE C41 -0.633791 -0.468953 0.274966 0.961454 0.961454 -0.274966
VERTEX_POSE C42 0.733664 -0.693957 0.498557 -0.866857 0.866857 0.498557
VERTEX_POSE C43 -0.621826 -0.499033 0.947641 -0.319337 0.319337 0.947641
VERTEX_POSE C44 0.885531 -0.924504 -0.397028 0.917807 0.917807 0.397028
VERTEX_POSE C45 0.497206 0.713578 -0.442320 -0.896858 0.896858 -0.442320
VERTEX_POSE C46 -0.540426 -0.454874 -0.927878 0.372884 0.372884 0.927878
VERTEX_POSE C47 -0.689382 -0.781341 0.565682 -0.824623 0.824623 0.565682
VERTEX_POSE C48 -0.165432 0.761164 0.949843 0.312727 -0.312727 0.949843
VERTEX_POSE C49 -0.713039 0.080048 -0.778833 0.627232 0.627232 0.778833
VERTEX_POSE C50 -0.718960 -0.398414 0.938297 -0.345829 0.345829 0.938297
VERTEX_POSE C51 -0.196804 0.454299 -0.827169 0.561953 0.561953 0.827169
VERTEX_POSE C52 -0.565400 -0.772801 0.177290 0.984159 0.984159 -0.177290
VERTEX_POSE C53 0.124197 -0.220882 -0.662637 0.748941 0.748941 0.662637
VERTEX_POSE C54 -0.033734 -0.238147 0.731884 0.681429 0.681429 -0.731884
VERTEX_POSE C55 0.292387 -0.833693 -0.456922 0.889507 -0.889507 -0.456922
VERTEX_POSE C56 -0.340460 -0.214149 -0.997889 -0.064936 -0.064936 0.997889
VERTEX_POSE C57 0.836869 0.244016 -0.401015 -0.916072 0.916072 -0.401015
VERTEX_POSE C58 -0.733750 0.936156 0.989487 -0.144625 -0.144625 -0.989487
VERTEX_POSE C59 0.884518 0.698680 -0.556409 -0.830909 0.830909 -0.556409
VERTEX_POSE C60 0.667157 0.616181 -0.862330 0.506347 0.506347 0.862330
VERTEX_POSE C61 0.392369 -0.071023 -0.574735 -0.818339 0.818339 -0.574735
VERTEX_POSE C62 -0.880740 -0.446165 -0.472606 -0.881274 -0.881274 0.472606
VERTEX_POSE C63 0.235608 0.473054 0.084227 -0.996447 0.996447 0.084227
VERTEX_POSE C64 0.205492 0.688048 0.094654 0.995510 -0.995510 0.094654
VERTEX_POSE C65 0.005111 0.823274 0.989574 0.144027 -0.144027 0.989574
VERTEX_POSE C66 -0.710782 0.170984 -0.536459 0.843926 -0.843926 -0.536459
VERTEX_POSE C67 0.469784 0.626298 -0.807569 0.589773 0.589773 0.807569
VERTEX_POSE C68 0.425234 -0.262511 0.771297 -0.636476 0.636476 0.771297
VERTEX_POSE C69 -0.403042 0.451533 0.194955 -0.980812 0.980812 0.194955
VERTEX_POSE C70 0.918289 0.529588 -0.030168 0.999545 0.999545 0.030168
VERTEX_POSE C71 0.864540 -0.768585 -0.782736 -0.622354 0.622354 -0.782736
VERTEX_POSE C72 -0.036834 0.982580 0.568739 0.822518 -0.822518 0.568739
VERTEX_POSE C73 0.651953 0.835631 -0.089777 0.995962 -0.995962 -0.089777
VERTEX_POSE C74 -0.757286 -0.267618 -0.742665 0.669663 -0.669663 -0.742665
VERTEX_POSE C75 -0.151303 -0.941924 0.630863 -0.775894 0.775894 0.630863
VERTEX_POSE C76 0.149159 0.549209 -0.233935 -0.972252 0.972252 -0.233935
VERTEX_POSE C77 -0.297712 0.277509 -0.606826 0.794835 -0.794835 -0.606826
VERTEX_POSE C78 0.159315 -0.723264 -0.995404 0.095768 0.095768 0.995404
VERTEX_POSE C79 0.983727 0.310373 0.130628 0.991431 0.991431 -0.130628
VERTEX_POSE C80 -0.010751 -0.642443 0.977192 -0.212356 -0.212356 -0.977192
VERTEX_POSE C81 0.440355 -0.121679 -0.609013 -0.793160 0.793160 -0.609013
VERTEX_POSE C82 -0.213077 -0.235327 -0.543271 -0.839557 -0.839557 0.543271
VERTEX_POSE C83 0.423848 -0.415244 0.961092 0.276229 -0.276229 0.961092
VERTEX_POSE C84 -0.435448 0.657439 -0.039496 0.999220 -0.999220 -0.039496
VERTEX_POSE C85 0.753189 0.526526 -0.937087 0.349095 -0.349095 -0.937087
VERTEX_POSE C86 -0.283765 -0.248937 -0.425833 -0.904802 0.904802 -0.425833
VERTEX_POSE C87 0.224092 -0.556710 -0.257884 0.966176 -0.966176 -0.257884
VERTEX_POSE C88 0.590059 -0.229458 0.712805 0.701362 -0.701362 0.712805
VERTEX_POSE C89 -0.017515 -0.312781 -0.287711 0.957717 -0.957717 -0.287711
VERTEX_POSE C90 0.108610 -0.858029 -0.966052 -0.258346 -0.258346 0.966052
VERTEX_POSE C91 0.257216 -0.613277 -0.596685 0.802475 -0.802475 -0.596685
VERTEX_POSE C92 -0.625146 0.616196 -0.986273 0.165122 -0.165122 -0.986273
VERTEX_POSE C93 0.227870 -0.304195 -0.938989 -0.343947 -0.343947 0.938989
VERTEX_POSE C94 -0.507176 0.859777 0.458399 0.888747 0.888747 -0.458399
VERTEX_POSE C95 0.580345 0.304244 0.974536 -0.224233 -0.224233 -0.974536
VERTEX_POSE C96 -0.767019 -0.480920 -0.762591 -0.646881 -0.646881 0.762591
VERTEX_POSE C97 -0.217958 0.030762 0.039292 -0.999228 -0.999228 -0.039292
VERTEX_POSE C98 0.050130 -0.069458 -0.995463 0.095155 0.095155 0.995463
VERTEX_POSE C99 0.658215 0.256569 -0.716131 0.697966 0.697966 0.716131
VERTEX_POSE C100 0.379000 -0.517705 -0.783656 -0.621195 0.621195 -0.783656
VERTEX_POSE C101 -0.031581 -0.539870 0.362144 0.932122 0.932122 -0.362144
VERTEX_POSE C102 0.522755 0.487984 -0.878995 0.476831 -0.476831 -0.878995
VERTEX_POSE C103 -0.657834 -0.535125 -0.454841 -0.890572 -0.890572 0.454841
VERTEX_POSE C104 -0.379628 -0.704238 0.089915 0.995949 0.995949 -0.089915
VERTEX_POSE C105 0.765469 -0.779634 -0.573639 0.819108 -0.819108 -0.573639
VERTEX_POSE C106 0.190863 -0.477049 -0.974044 0.226359 -0.226359 -0.974044
VERTEX_POSE C107 0.769532 0.844971 -0.973411 -0.229067 -0.229067 0.973411
VERTEX_POSE C108 -0.532243 0.497875 -0.899164 0.437612 -0.437612 -0.899164
VERTEX_POSE C109 -0.649821 -0.200313 0.676405 0.736530 0.736530 -0.676405
VERTEX_POSE C110 0.753259 0.155344 -0.863995 0.503500 -0.503500 -0.863995
VERTEX_POSE C111 0.457005 0.855432 -0.558085 0.829784 0.829784 0.558085
VERTEX_POSE C112 0.790534 0.678008 0.284329 -0.958727 0.958727 0.284329
VERTEX_POSE C113 -0.459818 0.920017 -0.584061 0.811710 -0.811710 -0.584061
VERTEX_POSE C114 -0.119146 -0.559812 -0.270922 -0.962601 -0.962601 0.270922
VERTEX_POSE C115 -0.644914 0.335447 0.982797 -0.184691 -0.184691 -0.982797
VERTEX_POSE C116 -0.706629 0.446543 0.637002 -0.770862 0.770862 0.637002
VERTEX_POSE C117 0.597089 0.191251 -0.743033 0.669255 -0.669255 -0.743033
VERTEX_POSE C118 0.579178 0.778737 -0.663543 0.748138 0.748138 0.663543
VERTEX_POSE C119 0.883430 -0.782915 -0.473978 0.880537 -0.880537 -0.473978
VERTEX_POSE C120 -0.420426 0.878470 0.824221 -0.566269 -0.566269 -0.824221
VERTEX_POSE C121 -0.312211 0.920708 -0.300152 0.953891 0.953891 0.300152
VERTEX_POSE C122 0.140646 -0.396193 -0.837986 0.545692 -0.545692 -0.837986
VERTEX_POSE C123 -0.045572 0.494666 -0.998203 -0.059929 0.059929 -0.998203
VERTEX_POSE C124 0.915659 -0.383487 -0.999708 -0.024169 -0.024169 0.999708
VERTEX_POSE C125 0.633470 -0.536415 -0.996341 0.085466 0.085466 0.996341
VERTEX_POSE C126 -0.465227 -0.201090 -0.765941 0.642911 -0.642911 -0.765941
VERTEX_POSE C127 -0.851360 0.135593 -0.998094 -0.061708 -0.061708 0.998094
VERTEX_POSE C128 -0.584488 0.494346 -0.237368 -0.971420 0.971420 -0.237368
VERTEX_POSE C129 0.584903 0.729453 0.954106 -0.299470 0.299470 0.954106
VERTEX_POSE C130 0.806855 -0.607838 -0.190895 0.981610 -0.981610 -0.190895
VERTEX_POSE C131 0.794512 0.976641 0.751036 0.660261 -0.660261 0.751036
VERTEX_POSE C132 -0.446678 -0.810417 0.906438 -0.422339 0.422339 0.906438
VERTEX_POSE C133 0.329610 0.880146 0.501748 -0.865014 -0.865014 -0.501748
VERTEX_POSE C134 -0.863322 -0.558484 0.399499 0.916734 -0.916734 0.399499
VERTEX_POSE C135 0.173694 -0.514655 0.494740 0.869041 0.869041 -0.494740
VERTEX_POSE C136 0.095079 -0.899488 0.281235 0.959639 -0.959639 0.281235
VERTEX_POSE C137 0.327541 -0.035533 -0.610746 0.791827 0.791827 0.610746
VERTEX_POSE C138 -0.056774 -0.669684 -0.337361 -0.941375 0.941375 -0.337361
VERTEX_POSE C139 0.562836 0.598387 0.188632 0.982048 -0.982048 0.188632
VERTEX_POSE C140 0.677720 0.764154 0.494859 -0.868973 -0.868973 -0.494859
VERTEX_POSE C141 -0.303515 0.485660 -0.701345 -0.712822 0.712822 -0.701345
VERTEX_POSE C142 0.019841 0.453819 0.813557 -0.581485 0.581485 0.813557
VERTEX_POSE C143 0.468254 0.442162 -0.508038 -0.861335 -0.861335 0.508038
VERTEX_POSE C144 0.236667 0.405677 0.140977 0.990013 -0.990013 0.140977
VERTEX_POSE C145 0.900695 0.894007 -0.727672 0.685925 -0.685925 -0.727672
VERTEX_POSE C146 0.823340 -0.222391 0.007944 -0.999968 -0.999968 -0.007944
VERTEX_POSE C147 0.530038 -0.147780 0.652696 0.757620 -0.757620 0.652696
VERTEX_POSE C148 0.497785 0.085258 0.150475 -0.988614 -0.988614 -0.150475
VERTEX_POSE C149 0.402518 -0.443654 0.364671 -0.931137 -0.931137 -0.364671
VERTEX_POSE C150 0.413468 0.069304 -0.987640 0.156741 0.156741 0.987640
VERTEX_POSE C151 -0.922641 -0.036272 0.714073 0.700071 0.700071 -0.714073
VERTEX_POSE C152 -0.909693 -0.522946 -0.957091 -0.289788 -0.289788 0.957091
VERTEX_POSE C153 -0.445887 0.673112 -0.004586 0.999989 0.999989 0.004586
VERTEX_POSE C154 0.031787 -0.541606 0.725821 -0.687884 0.687884 0.725821
VERTEX_POSE C155 -0.994034 0.093567 0.854827 0.518912 0.518912 -0.854827
VERTEX_POSE C156 -0.812417 -0.863304 -0.092090 0.995751 -0.995751 -0.092090
VERTEX_POSE C157 0.566561 0.257305 0.682304 -0.731069 -0.731069 -0.682304
VERTEX_POSE C158 -0.845394 -0.770840 -0.503153 0.864197 -0.864197 -0.503153
VERTEX_POSE C159 -0.396905 0.631042 -0.666624 0.745394 0.745394 0.666624
VERTEX_POSE C160 0.151464 -0.013242 0.861976 -0.506948 -0.506948 -0.861976
VERTEX_POSE C161 0.961462 -0.378679 -0.353479 -0.935443 0.935443 -0.353479
VERTEX_POSE C162 -0.602393 0.607683 0.934798 -0.355179 0.355179 0.934798
VERTEX_POSE C163 0.704786 0.176341 0.421083 -0.907022 0.907022 0.421083
VERTEX_POSE C164 0.291072 -0.498533 -0.608904 -0.793244 -0.793244 0.608904
VERTEX_POSE C165 -0.465716 -0.950801 0.618213 0.786010 0.786010 -0.618213
VERTEX_POSE C166 -0.121520 0.661686 -0.300371 0.953822 0.953822 0.300371
VERTEX_POSE C167 -0.613849 -0.398021 0.393106 0.919493 -0.919493 0.393106
VERTEX_POSE C168 0.861825 0.013666 -0.958264 -0.285885 0.285885 -0.958264
VERTEX_POSE C169 0.821706 0.992001 0.543898 0.839151 0.839151 -0.543898
VERTEX_POSE C170 0.948987 -0.799634 0.663099 0.748532 -0.748532 0.663099
VERTEX_POSE C171 0.539545 -0.222180 -0.336780 -0.941583 0.941583 -0.336780
VERTEX_POSE C172 -0.481809 0.477661 -0.487760 -0.872978 -0.872978 0.487760
VERTEX_POSE C173 -0.031172 0.654186 -0.737335 0.675527 0.675527 0.737335
VERTEX_POSE C174 0.007799 -0.780018 -0.989452 0.144858 -0.144858 -0.989452
VERTEX_POSE C175 0.754858 -0.116663 -0.358123 0.933674 -0.933674 -0.358123
VERTEX_POSE C176 -0.130477 0.548193 0.917987 -0.396609 0.396609 0.917987
VERTEX_POSE C177 -0.168862 -0.002409 -0.978662 0.205475 0.205475 0.978662
VERTEX_POSE C178 0.284895 0.735557 -0.051742 0.998661 0.998661 0.051742
VERTEX_POSE C179 -0.632692 -0.366549 -0.903051 0.429534 -0.429534 -0.903051
VERTEX_POSE C180 -0.766344 0.553937 -0.707154 0.707059 -0.707059 -0.707154
VERTEX_POSE C181 -0.301637 -0.195139 0.921315 -0.388816 -0.388816 -0.921315
VERTEX_POSE C182 -0.555333 0.597180 -0.278430 0.960457 -0.960457 -0.278430
VERTEX_POSE C183 -0.676037 -0.969009 0.998954 0.045734 -0.045734 0.998954
VERTEX_POSE C184 0.252476 -0.522027 0.998662 -0.051704 0.051704 0.998662
VERTEX_POSE C185 0.476454 -0.944426 -0.292277 0.956334 -0.956334 -0.292277
VERTEX_POSE C186 -0.670071 0.124558 0.906737 0.421698 -0.421698 0.906737
VERTEX_POSE C187 0.440060 -0.385331 0.661110 -0.750289 -0.750289 -0.661110
VERTEX_POSE C188 0.043015 0.312879 0.836253 0.548343 -0.548343 0.836253
VERTEX_POSE C189 -0.515465 0.353717 -0.950465 -0.310832 -0.310832 0.950465
VERTEX_POSE C190 -0.956845 -0.754289 -0.816577 0.577237 -0.577237 -0.816577
VERTEX_POSE C191 -0.805522 -0.700364 -0.043735 -0.999043 -0.999043 0.043735
VERTEX_POSE C192 -0.554003 0.975039 0.379196 0.925316 -0.925316 0.379196
VERTEX_POSE C193 -0.559239 0.853394 0.774354 0.632752 -0.632752 0.774354
VERTEX_POSE C194 0.899264 0.475977 -0.606179 0.795328 0.795328 0.606179
VERTEX_POSE C195 0.737069 -0.523495 0.992470 0.122486 0.122486 -0.992470
VERTEX_POSE C196 -0.024955 0.902593 0.810995 0.585053 -0.585053 0.810995
VERTEX_POSE C197 -0.222256 0.137663 0.651715 -0.758464 -0.758464 -0.651715
VERTEX_POSE C198 -0.876780 0.078484 -0.857551 -0.514398 -0.514398 0.857551
VERTEX_POSE D0 -0.163129 -0.083740 0.998335 -0.057682 0.057682 0.998335
VERTEX_POSE D1 -0.400550 0.129664 -0.792544 -0.609815 -0.609815 0.792544
VERTEX_POSE D2 -0.927794 0.278851 -0.608864 -0.793275 -0.793275 0.608864
VERTEX_POSE D3 -0.623584 0.694080 0.824928 0.565238 0.565238 -0.824928
VERTEX_POSE D4 0.117641 -0.392675 0.643442 -0.765495 -0.765495 -0.643442
VERTEX_POSE D5 0.041034 -0.066964 0.953490 -0.301426 -0.301426 -0.953490
VERTEX_POSE D6 0.384214 0.914063 -0.487997 -0.872845 0.872845 -0.487997
VERTEX_POSE D7 -0.127501 0.490662 -0.998855 -0.047850 -0.047850 0.998855
VERTEX_POSE D8 0.910558 -0.518771 0.003564 0.999994 0.999994 -0.003564
VERTEX_POSE D9 -0.784647 -0.088346 -0.463147 -0.886281 0.886281 -0.463147
VERTEX_POSE D10 -0.842606 0.226219 0.510870 0.859658 0.859658 -0.510870
VERTEX_POSE D11 -0.722134 0.114680 -0.999022 0.044225 0.044225 0.999022
VERTEX_POSE D12 -0.550991 -0.534409 0.975836 0.218506 -0.218506 0.975836
VERTEX_POSE D13 -0.144243 -0.968920 -0.665986 0.745965 0.745965 0.665986
VERTEX_POSE D14 -0.277467 -0.288140 0.831644 0.555309 -0.555309 0.831644
VERTEX_POSE D15 -0.227028 -0.503418 -0.250181 0.968199 0.968199 0.250181
VERTEX_POSE D16 -0.891766 -0.490947 -0.938948 0.344060 -0.344060 -0.938948
VERTEX_POSE D17 -0.801013 -0.232566 -0.663007 -0.748613 -0.748613 0.663007
VERTEX_POSE D18 0.102901 0.621139 -0.235943 0.971767 0.971767 0.235943
VERTEX_POSE D19 0.548293 0.123722 0.685554 -0.728022 0.728022 0.685554
VERTEX_POSE D20 0.242002 -0.919688 -0.999674 0.025514 -0.025514 -0.999674
VERTEX_POSE D21 0.587437 -0.025143 0.508125 -0.861283 0.861283 0.508125
VERTEX_POSE D22 0.591448 0.369433 0.963094 0.269166 0.269166 -0.963094
VERTEX_POSE D23 0.436480 -0.620051 -0.750488 -0.660884 0.660884 -0.750488
VERTEX_POSE D24 -0.966566 -0.050105 0.892643 -0.450764 -0.450764 -0.892643
VERTEX_POSE D25 -0.967791 0.222827 -0.750401 -0.660982 0.660982 -0.750401
VERTEX_POSE D26 0.335744 0.855926 -0.942658 -0.333761 0.333761 -0.942658
VERTEX_POSE D27 0.770502 0.426401 0.057204 -0.998362 -0.998362 -0.057204
VERTEX_POSE D28 0.007254 0.125421 0.700373 -0.713777 0.713777 0.700373
VERTEX_POSE D29 -0.886512 -0.006412 -0.295380 0.955380 0.955380 0.295380
VERTEX_POSE D30 0.893722 -0.495115 -0.675988 0.736913 -0.736913 -0.675988
VERTEX_POSE D31 0.844125 -0.958319 0.409607 -0.912262 0.912262 0.409607
VERTEX_POSE D32 -0.287062 -0.876748 -0.970641 0.240532 -0.240532 -0.970641
VERTEX_POSE D33 0.965928 0.783736 -0.361008 0.932563 -0.932563 -0.361008
VERTEX_POSE D34 -0.779459 0.735761 0.507184 -0.861838 0.861838 0.507184
VERTEX_POSE D35 0.830580 -0.269423 0.720392 0.693567 -0.693567 0.720392
VERTEX_POSE D36 0.006963 -0.283228 -0.841999 0.539479 0.539479 0.841999
VERTEX_POSE D37 0.604755 0.649824 -0.869927 -0.493180 0.493180 -0.869927
VERTEX_POSE D38 -0.296922 -0.778760 0.328020 -0.944671 0.944671 0.328020
VERTEX_POSE D39 -0.082479 0.198001 -0.957134 0.289647 -0.289647 -0.957134
VERTEX_POSE D40 0.820108 -0.438523 0.341789 -0.939777 0.939777 0.341789
VERTEX_POSE D41 -0.139528 0.447459 -0.581131 0.813810 -0.813810 -0.581131
VERTEX_POSE D42 0.195386 -0.687319 0.064881 -0.997893 0.997893 0.064881
VERTEX_POSE D43 -0.730884 0.027068 0.990451 0.137863 -0.137863 0.990451
VERTEX_POSE D44 0.716230 0.478539 0.242108 0.970249 -0.970249 0.242108
VERTEX_POSE D45 0.917919 0.024541 0.198242 -0.980153 -0.980153 -0.198242
VERTEX_POSE D46 0.042089 0.523650 -0.713801 -0.700349 0.700349 -0.713801
VERTEX_POSE D47 0.824463 0.987592 -0.591240 -0.806496 0.806496 -0.591240
VERTEX_POSE D48 -0.883094 0.791975 0.866566 0.499062 -0.499062 0.866566
VERTEX_POSE D49 -0.855010 0.144789 -0.802252 -0.596985 0.596985 -0.802252
VERTEX_POSE D50 0.372756 0.111314 -0.995066 -0.099215 -0.099215 0.995066
VERTEX_POSE D51 0.358907 0.872287 -0.593915 -0.804528 -0.804528 0.593915
VERTEX_POSE D52 0.732427 -0.880354 0.245520 -0.969391 0.969391 0.245520
VERTEX_POSE D53 -0.035796 -0.519253 -0.301244 -0.953547 -0.953547 0.301244
VERTEX_POSE D54 -0.204613 -0.747764 -0.825496 -0.564408 -0.564408 0.825496
VERTEX_POSE D55 0.765860 0.069541 -0.957827 0.287344 -0.287344 -0.957827
VERTEX_POSE D56 -0.003587 0.703574 0.965439 -0.260630 -0.260630 -0.965439
VERTEX_POSE D57 -0.868869 -0.891839 -0.447883 -0.894092 0.894092 -0.447883
VERTEX_POSE D58 0.536363 -0.504059 0.988231 -0.152972 -0.152972 -0.988231
VERTEX_POSE D59 -0.996332 -0.171005 0.507239 0.861806 -0.861806 0.507239
VERTEX_POSE D60 -0.755380 0.101750 -0.987829 -0.155547 0.155547 -0.987829
VERTEX_POSE D61 0.430085 0.000826 0.925674 0.378323 0.378323 -0.925674
VERTEX_POSE D62 0.847793 -0.129324 -0.225533 -0.974235 -0.974235 0.225533
VERTEX_POSE D63 -0.042442 0.225002 0.972892 0.231258 0.231258 -0.972892
VERTEX_POSE D64 0.396013 -0.215438 0.888608 -0.458667 -0.458667 -0.888608
VERTEX_POSE D65 -0.931666 -0.393563 0.936305 -0.351189 -0.351189 -0.936305
VERTEX_POSE D66 -0.211862 0.955580 0.228231 0.973607 -0.973607 0.228231
VERTEX_POSE D67 -0.597024 0.501334 0.246995 -0.969017 0.969017 0.246995
VERTEX_POSE D68 0.673089 -0.743740 -0.911106 -0.412172 -0.412172 0.911106
VERTEX_POSE D69 0.491216 -0.823181 -0.999116 0.042047 -0.042047 -0.999116
VERTEX_POSE D70 0.320497 -0.300665 0.998220 -0.059638 -0.059638 -0.998220
VERTEX_POSE D71 0.493196 -0.182262 -0.999983 0.005782 -0.005782 -0.999983
VERTEX_POSE D72 -0.648312 0.624278 0.190896 0.981610 -0.981610 0.190896
VERTEX_POSE D73 -0.484117 0.012016 -0.995942 -0.089998 -0.089998 0.995942
VERTEX_POSE D74 0.762313 0.844806 -0.719218 0.694785 -0.694785 -0.719218
VERTEX_POSE D75 -0.932082 0.102817 -0.854656 -0.519195 -0.519195 0.854656
VERTEX_POSE D76 -0.566198 -0.963443 -0.978362 -0.206899 0.206899 -0.978362
VERTEX_POSE D77 -0.195599 0.368456 0.613537 0.789666 -0.789666 0.613537
VERTEX_POSE D78 0.892381 0.090409 -0.471462 0.881886 0.881886 0.471462
VERTEX_POSE D79 -0.449293 0.828532 -0.771206 0.636586 -0.636586 -0.771206
VERTEX_POSE D80 -0.050609 -0.486755 0.934967 -0.354736 0.354736 0.934967
VERTEX_POSE D81 0.265137 -0.798277 0.441901 -0.897064 0.897064 0.441901
VERTEX_POSE D82 0.909614 0.700819 0.855806 0.517297 0.517297 -0.855806
VERTEX_POSE D83 -0.318182 -0.367110 -0.130050 -0.991507 -0.991507 0.130050
VERTEX_POSE D84 -0.770658 -0.317530 0.386079 0.922466 -0.922466 0.386079
VERTEX_POSE D85 -0.294999 0.953055 -0.482129 -0.876101 -0.876101 0.482129
VERTEX_POSE D86 -0.552322 0.702431 -0.544679 0.838645 0.838645 0.544679
VERTEX_POSE D87 0.225755 -0.613955 -0.250652 0.968077 0.968077 0.250652
VERTEX_POSE D88 -0.163867 -0.938783 0.614217 -0.789137 -0.789137 -0.614217
VERTEX_POSE D89 0.984041 -0.801628 -0.044462 -0.999011 -0.999011 0.044462
VERTEX_POSE D90 0.229423 0.215040 0.791288 -0.611443 -0.611443 -0.791288
VERTEX_POSE D91 0.080753 0.162966 -0.786759 -0.617260 0.617260 -0.786759
VERTEX_POSE D92 0.414126 0.199199 0.294367 -0.955693 0.955693 0.294367
VERTEX_POSE D93 0.077216 -0.914285 0.564767 0.825250 0.825250 -0.564767
VERTEX_POSE D94 -0.961689 -0.612031 0.857766 0.514040 -0.514040 0.857766
VERTEX_POSE D95 -0.189861 0.983761 -0.492108 0.870534 0.870534 0.492108
VERTEX_POSE D96 0.145549 -0.307848 0.788941 -0.614469 -0.614469 -0.788941
VERTEX_POSE D97 -0.173551 -0.656452 -0.883215 0.468968 0.468968 0.883215
VERTEX_POSE D98 0.213115 0.485095 0.962525 0.271191 -0.271191 0.962525
VERTEX_POSE D99 -0.181362 -0.051588 -0.923562 -0.383449 0.383449 -0.923562
VERTEX_POSE D100 -0.682335 -0.479633 0.983807 0.179229 -0.179229 0.983807
VERTEX_POSE D101 -0.466389 -0.815571 -0.048458 0.998825 0.998825 0.048458
VERTEX_POSE D102 -0.688166 0.766150 0.959778 0.280762 -0.280762 0.959778
VERTEX_POSE D103 -0.330647 -0.855355 0.708848 -0.705361 0.705361 0.708848
VERTEX_POSE D104 0.049494 0.196446 -0.453057 -0.891482 -0.891482 0.453057
VERTEX_POSE D105 -0.925853 0.610955 0.565788 0.824551 -0.824551 0.565788
VERTEX_POSE D106 -0.262729 0.247462 -0.364989 -0.931012 -0.931012 0.364989
VERTEX_POSE D107 0.483295 0.233003 0.951207 0.308554 -0.308554 0.951207
VERTEX_POSE D108 -0.121452 -0.020589 -0.950320 0.311274 -0.311274 -0.950320
VERTEX_POSE D109 -0.370348 -0.662128 0.998087 0.061826 -0.061826 0.998087
VERTEX_POSE D110 -0.965998 0.061535 -0.525043 -0.851076 0.851076 -0.525043
VERTEX_POSE D111 0.827939 0.492656 -0.617652 -0.786451 0.786451 -0.617652
VERTEX_POSE D112 0.894789 -0.460405 -0.920879 0.389849 -0.389849 -0.920879
VERTEX_POSE D113 0.943617 -0.237645 0.572096 -0.820187 -0.820187 -0.572096
VERTEX_POSE D114 -0.490243 -0.874454 0.709358 0.704848 0.704848 -0.709358
VERTEX_POSE D115 -0.875869 0.222065 -0.342682 -0.939451 -0.939451 0.342682
VERTEX_POSE D116 -0.351382 -0.284590 -0.953427 0.301624 -0.301624 -0.953427
VERTEX_POSE D117 -0.042564 0.827976 -0.751445 0.659795 -0.659795 -0.751445
VERTEX_POSE D118 0.349886 0.608110 -0.511655 0.859191 0.859191 0.511655
VERTEX_POSE D119 0.484751 -0.223373 -0.729561 -0.683916 0.683916 -0.729561
VERTEX_POSE D120 -0.058524 -0.973651 -0.442450 0.896793 0.896793 0.442450
VERTEX_POSE D121 -0.420691 -0.176850 0.714228 0.699913 0.699913 -0.714228
VERTEX_POSE D122 -0.434496 0.939593 -0.960643 -0.277786 0.277786 -0.960643
VERTEX_POSE D123 -0.644398 0.225547 0.626531 -0.779396 0.779396 0.626531
VERTEX_POSE E0 0.656525 -0.091135 0.999958 0.009174 0.009174 -0.999958
VERTEX_POSE E1 -0.396186 -0.672438 0.619550 -0.784957 0.784957 0.619550
VERTEX_POSE E2 0.165741 0.209308 -0.014144 -0.999900 -0.999900 0.014144
VERTEX_POSE E3 -0.197926 0.601017 0.458502 0.888693 -0.888693 0.458502
VERTEX_POSE E4 0.430263 -0.328890 0.234547 -0.972105 0.972105 0.234547
VERTEX_POSE E5 -0.621145 -0.305598 0.761267 -0.648439 0.648439 0.761267
VERTEX_POSE E6 0.620712 -0.450571 0.944284 -0.329132 0.329132 0.944284
VERTEX_POSE E7 0.747928 0.191477 -0.559721 0.828681 -0.828681 -0.559721
VERTEX_POSE E8 -0.087534 -0.121168 -0.496810 0.867859 0.867859 0.496810
VERTEX_POSE E9 0.932546 -0.684421 0.856517 0.516120 -0.516120 0.856517
VERTEX_POSE E10 -0.582719 0.336123 0.709019 -0.705189 0.705189 0.709019
VERTEX_POSE E11 0.961960 -0.924722 0.401173 0.916002 0.916002 -0.401173
VERTEX_POSE E12 -0.993307 0.926534 -0.979456 -0.201659 -0.201659 0.979456
VERTEX_POSE E13 0.154552 -0.416415 0.859967 -0.510350 -0.510350 -0.859967
VERTEX_POSE E14 0.445256 0.308281 0.181484 -0.983394 -0.983394 -0.181484
VERTEX_POSE E15 -0.114759 -0.094055 0.531530 -0.847039 0.847039 0.531530
VERTEX_POSE E16 0.784204 -0.078543 0.637976 -0.770056 0.770056 0.637976
VERTEX_POSE E17 0.479258 -0.630184 0.738010 -0.674790 -0.674790 -0.738010
VERTEX_POSE E18 -0.286819 -0.601399 0.313448 -0.949605 -0.949605 -0.313448
VERTEX_POSE E19 0.678993 0.461052 -0.890228 -0.455515 0.455515 -0.890228
VERTEX_POSE E20 0.422875 0.132171 -0.031782 0.999495 0.999495 0.031782
VERTEX_POSE E21 0.222938 -0.475853 -0.419986 -0.907531 0.907531 -0.419986
VERTEX_POSE E22 0.803124 -0.316883 -0.822918 0.568161 -0.568161 -0.822918
VERTEX_POSE E23 -0.928507 0.847581 -0.997441 -0.071499 0.071499 -0.997441
VERTEX_POSE E24 -0.819627 -0.647877 -0.660731 0.750623 0.750623 0.660731
VERTEX_POSE E25 0.153010 -0.708773 -0.764461 0.644670 -0.644670 -0.764461
VERTEX_POSE E26 0.556244 -0.375792 0.891227 0.453557 0.453557 -0.891227
VERTEX_POSE E27 0.121850 -0.621528 0.732988 -0.680241 -0.680241 -0.732988
VERTEX_POSE E28 0.732319 0.114377 -0.940714 0.339201 0.339201 0.940714
VERTEX_POSE E29 -0.878252 -0.436199 -0.968588 -0.248670 -0.248670 0.968588
VERTEX_POSE E30 0.477452 0.604019 -0.525687 0.850678 -0.850678 -0.525687
VERTEX_POSE E31 0.388844 -0.976758 0.933242 -0.359248 0.359248 0.933242
VERTEX_POSE E32 -0.274438 -0.108638 -0.942023 0.335549 0.335549 0.942023
VERTEX_POSE E33 -0.356807 -0.186673 -0.540279 0.841486 0.841486 0.540279
VERTEX_POSE E34 -0.809082 0.624259 0.948385 0.317121 -0.317121 0.948385
VERTEX_POSE E35 -0.844175 0.562472 0.979942 0.199283 0.199283 -0.979942
VERTEX_POSE E36 0.022048 0.507729 -0.495803 -0.868435 -0.868435 0.495803
VERTEX_POSE E37 0.811630 -0.826312 -0.333977 0.942581 -0.942581 -0.333977
VERTEX_POSE E38 0.903753 -0.246050 -0.963456 0.267865 0.267865 0.963456
VERTEX_POSE E39 0.934514 -0.613439 -0.963672 -0.267090 0.267090 -0.963672
VERTEX_POSE E40 0.744177 -0.510733 -0.840664 -0.541556 0.541556 -0.840664
VERTEX_POSE E41 -0.678966 -0.909927 0.620127 -0.784501 -0.784501 -0.620127
VERTEX_POSE E42 0.896475 -0.538162 0.981125 0.193372 -0.193372 0.981125
VERTEX_POSE E43 0.750870 -0.584198 -0.913179 -0.407558 0.407558 -0.913179
VERTEX_POSE E44 0.475586 -0.326342 0.781504 -0.623900 0.623900 0.781504
VERTEX_POSE E45 0.341730 0.770119 0.680327 -0.732909 0.732909 0.680327
VERTEX_POSE E46 -0.363889 0.321747 -0.867103 0.498129 0.498129 0.867103
VERTEX_POSE E47 0.259789 0.595115 0.745917 0.666039 0.666039 -0.745917
VERTEX_POSE E48 -0.179012 -0.860065 -0.871993 0.489518 0.489518 0.871993
VERTEX_POSE E49 0.349292 0.720348 -0.283490 -0.958975 -0.958975 0.283490
VERTEX_POSE E50 -0.061217 0.056167 -0.927951 -0.372703 -0.372703 0.927951
VERTEX_POSE E51 -0.756137 0.272106 -0.501473 0.865173 0.865173 0.501473
VERTEX_POSE E52 -0.427770 -0.755505 0.882537 0.470242 0.470242 -0.882537
VERTEX_POSE E53 -0.258093 0.739284 -0.447741 0.894163 -0.894163 -0.447741
VERTEX_POSE E54 -0.684644 0.119687 -0.927696 0.373337 0.373337 0.927696
VERTEX_POSE E55 -0.247396 -0.403382 0.316171 0.948702 0.948702 -0.316171
VERTEX_POSE E56 0.894917 -0.969489 0.427038 -0.904234 0.904234 0.427038
VERTEX_POSE E57 0.871600 0.743895 0.997496 0.070717 0.070717 -0.997496
VERTEX_POSE E58 0.874453 -0.024910 -0.720183 0.693785 0.693785 0.720183
VERTEX_POSE E59 0.627236 0.144888 0.169994 -0.985445 -0.985445 -0.169994
VERTEX_POSE E60 0.993348 -0.692305 -0.800144 -0.599808 0.599808 -0.800144
VERTEX_POSE E61 0.351905 -0.420892 -0.746496 0.665390 -0.665390 -0.746496
VERTEX_POSE E62 0.016080 0.168130 0.805053 -0.593203 0.593203 0.805053
VERTEX_POSE E63 -0.281090 0.199058 -0.996069 0.088579 0.088579 0.996069
VERTEX_POSE E64 0.995098 0.392435 -0.868310 -0.496022 0.496022 -0.868310
VERTEX_POSE E65 0.206998 -0.207611 0.999993 -0.003868 -0.003868 -0.999993
VERTEX_POSE E66 -0.125265 -0.238470 0.691118 -0.722742 -0.722742 -0.691118
VERTEX_POSE E67 0.017146 -0.099836 -0.918278 0.395937 0.395937 0.918278
VERTEX_POSE E68 0.018628 -0.033923 -0.927453 -0.373941 -0.373941 0.927453
VERTEX_POSE E69 -0.221512 0.515480 0.311470 -0.950256 -0.950256 -0.311470
VERTEX_POSE E70 -0.048339 0.286725 0.363750 0.931497 0.931497 -0.363750
VERTEX_POSE E71 -0.237195 0.455344 0.823626 -0.567133 0.567133 0.823626
VERTEX_POSE E72 0.099522 0.605553 0.989464 0.144782 0.144782 -0.989464
VERTEX_POSE E73 -0.151865 0.748563 0.995644 -0.093240 -0.093240 -0.995644
VERTEX_POSE E74 -0.486325 0.871146 -0.335523 -0.942032 -0.942032 0.335523
VERTEX_POSE E75 -0.424892 -0.720789 0.363706 0.931514 -0.931514 0.363706
VERTEX_POSE E76 -0.810135 0.518682 -0.488957 0.872308 0.872308 0.488957
VERTEX_POSE E77 0.149787 0.192893 -0.104086 0.994568 0.994568 0.104086
VERTEX_POSE E78 0.834897 0.874325 -0.997249 -0.074125 0.074125 -0.997249
VERTEX_POSE E79 0.010854 0.658618 0.545256 -0.838269 -0.838269 -0.545256
VERTEX_POSE E80 -0.500921 -0.086758 0.983204 -0.182510 -0.182510 -0.983204
VERTEX_POSE E81 -0.226320 -0.069508 0.338299 0.941039 0.941039 -0.338299
VERTEX_POSE E82 0.254717 -0.069276 0.580625 0.814171 -0.814171 0.580625
VERTEX_POSE E83 0.071309 0.157737 -0.484850 0.874598 -0.874598 -0.484850
VERTEX_POSE E84 0.515587 -0.330224 -0.991779 0.127966 -0.127966 -0.991779
VERTEX_POSE E85 0.570073 -0.949590 -0.921650 0.388023 -0.388023 -0.921650
VERTEX_POSE E86 0.823912 0.754355 -0.713083 -0.701079 0.701079 -0.713083
VERTEX_POSE E87 0.410504 -0.299713 -0.803916 -0.594743 0.594743 -0.803916
VERTEX_POSE E88 0.441673 0.794305 0.882044 0.471168 0.471168 -0.882044
VERTEX_POSE E89 0.698366 -0.270556 -0.721443 -0.692473 -0.692473 0.721443
VERTEX_POSE E90 0.037740 0.845175 0.610652 0.791899 -0.791899 0.610652
VERTEX_POSE E91 0.435021 -0.898000 -0.842749 0.538306 0.538306 0.842749
VERTEX_POSE E92 0.050271 0.308553 0.997690 -0.067928 -0.067928 -0.997690
VERTEX_POSE E93 -0.946180 0.013304 0.838001 0.545669 -0.545669 0.838001
VERTEX_POSE E94 -0.846069 0.301058 -0.926450 -0.376417 -0.376417 0.926450
VERTEX_POSE E95 0.045369 -0.299012 0.498233 -0.867043 -0.867043 -0.498233
VERTEX_POSE E96 0.260818 0.805693 0.886154 -0.463392 0.463392 0.886154
VERTEX_POSE E97 0.028666 -0.937412 0.544171 0.838974 0.838974 -0.544171
VERTEX_POSE E98 -0.937484 0.601152 -0.798185 0.602412 -0.602412 -0.798185
VERTEX_POSE E99 -0.720553 -0.228230 0.696043 -0.718000 0.718000 0.696043
VERTEX_POSE E100 0.807154 0.578068 -0.917628 -0.397440 0.397440 -0.917628
VERTEX_POSE E101 0.014176 -0.112123 -0.973076 -0.230483 0.230483 -0.973076
VERTEX_POSE E102 0.042252 -0.772885 -0.847065 -0.531490 0.531490 -0.847065
VERTEX_POSE E103 -0.093323 0.183620 -0.571474 -0.820620 -0.820620 0.571474
VERTEX_POSE E104 0.862311 -0.363560 -0.514625 -0.857415 0.857415 -0.514625
VERTEX_POSE E105 0.555927 -0.901739 -0.172210 0.985060 0.985060 0.172210
VERTEX_POSE E106 0.481785 0.462831 0.971440 0.237285 0.237285 -0.971440
VERTEX_POSE E107 -0.947823 -0.844878 0.558124 0.829758 0.829758 -0.558124
VERTEX_POSE E108 -0.294286 0.291154 0.902220 0.431275 0.431275 -0.902220
VERTEX_POSE E109 0.316682 0.337156 0.881822 0.471582 -0.471582 0.881822
VERTEX_POSE E110 0.063030 0.813740 -0.847688 -0.530494 -0.530494 0.847688
VERTEX_POSE E111 0.204792 -0.795604 0.933941 -0.357426 0.357426 0.933941
VERTEX_POSE E112 -0.909638 -0.732352 -0.993462 -0.114161 0.114161 -0.993462
VERTEX_POSE E113 -0.682253 -0.255536 0.993237 0.116104 -0.116104 0.993237
VERTEX_POSE E114 -0.723899 0.362133 -0.927543 0.373716 0.373716 0.927543
VERTEX_POSE E115 0.605949 -0.062576 -0.944093 -0.329679 -0.329679 0.944093
VERTEX_POSE E116 0.887820 -0.205126 0.927608 -0.373555 -0.373555 -0.927608
VERTEX_POSE E117 -0.899987 0.116487 0.552917 -0.833236 0.833236 0.552917
VERTEX_POSE E118 0.016453 0.637711 0.991559 -0.129653 -0.129653 -0.991559
VERTEX_POSE E119 0.329493 -0.410821 -0.730375 0.683046 0.683046 0.730375
VERTEX_POSE E120 0.798379 0.845932 0.380618 0.924733 0.924733 -0.380618
VERTEX_POSE E121 -0.945807 0.482886 0.955668 0.294448 0.294448 -0.955668
VERTEX_POSE E122 -0.235487 -0.308821 0.732774 0.680472 0.680472 -0.732774
VERTEX_POSE E123 -0.151350 0.154485 -0.875700 -0.482856 0.482856 -0.875700
VERTEX_POSE E124 -0.891986 -0.503810 0.605348 0.795961 0.795961 -0.605348
VERTEX_POSE E125 -0.081556 0.992237 -0.766572 0.642158 0.642158 0.766572
VERTEX_POSE E126 0.894019 0.855473 0.429979 0.902839 0.902839 -0.429979
VERTEX_POSE E127 0.368832 -0.698117 0.910887 0.412657 0.412657 -0.910887
VERTEX_POSE E128 0.947110 -0.945175 -0.952788 0.303636 0.303636 0.952788
VERTEX_POSE E129 0.956535 0.456625 0.952316 -0.305113 -0.305113 -0.952316
VERTEX_POSE E130 0.648279 0.073654 -0.810707 -0.585452 -0.585452 0.810707
VERTEX_POSE E131 0.754264 0.632892 0.589307 -0.807909 0.807909 0.589307
VERTEX_POSE E132 -0.029289 -0.655499 0.960899 0.276900 -0.276900 0.960899
VERTEX_POSE E133 -0.309469 0.300769 -0.707428 0.706785 -0.706785 -0.707428
VERTEX_POSE E134 -0.339059 -0.183487 -0.400137 0.916455 0.916455 0.400137
VERTEX_POSE E135 -0.166977 -0.019059 0.019061 -0.999818 -0.999818 -0.019061
VERTEX_POSE E136 -0.753542 0.399030 0.467401 0.884046 -0.884046 0.467401
VERTEX_POSE E137 -0.857274 -0.720656 0.462567 -0.886584 0.886584 0.462567
VERTEX_POSE E138 -0.114801 0.136064 0.185216 0.982698 -0.982698 0.185216
VERTEX_POSE E139 -0.047828 -0.309816 0.691476 -0.722399 0.722399 0.691476
VERTEX_POSE E140 0.459408 0.616500 0.597863 0.801599 0.801599 -0.597863
VERTEX_POSE E141 0.948230 -0.050196 0.954910 0.296897 -0.296897 0.954910
VERTEX_POSE E142 -0.843036 -0.105420 0.935320 -0.353803 0.353803 0.935320
VERTEX_POSE E143 0.549770 0.884148 0.134322 0.990938 -0.990938 0.134322
VERTEX_POSE E144 -0.734023 0.694267 -0.948755 0.316014 -0.316014 -0.948755
VERTEX_POSE E145 -0.566935 -0.743287 0.703133 -0.711059 -0.711059 -0.703133
VERTEX_POSE E146 0.155719 -0.178428 -0.875834 -0.482613 0.482613 -0.875834
VERTEX_POSE E147 -0.846203 -0.510859 -0.197036 0.980396 0.980396 0.197036
VERTEX_POSE E148 -0.466922 0.373200 -0.504987 0.863127 0.863127 0.504987
VERTEX_POSE E149 -0.827828 -0.540717 0.987379 0.158376 -0.158376 0.987379
VERTEX_POSE E150 0.483289 0.078320 -0.991847 -0.127437 -0.127437 0.991847
VERTEX_POSE E151 -0.668543 0.219132 0.532377 -0.846507 0.846507 0.532377
VERTEX_POSE E152 -0.773634 0.942169 -0.980556 -0.196240 -0.196240 0.980556
VERTEX_POSE E153 -0.752198 0.769500 0.169686 0.985498 -0.985498 0.169686
VERTEX_POSE E154 0.180106 -0.626383 -0.464454 -0.885597 -0.885597 0.464454
VERTEX_POSE E155 -0.665621 -0.561641 0.998612 0.052661 -0.052661 0.998612
VERTEX_POSE E156 0.166246 0.761737 -0.515757 0.856735 -0.856735 -0.515757
VERTEX_POSE E157 0.074126 -0.770910 0.855297 0.518138 -0.518138 0.855297
VERTEX_POSE E158 0.703211 -0.259757 -0.768954 0.639304 -0.639304 -0.768954
VERTEX_POSE E159 0.113356 0.816561 0.614517 -0.788904 0.788904 0.614517
VERTEX_POSE E160 0.030661 0.685714 -0.530627 -0.847605 0.847605 -0.530627
VERTEX_POSE E161 0.351490 0.813896 0.500103 -0.865966 0.865966 0.500103
VERTEX_POSE E162 -0.132380 0.449454 0.053193 -0.998584 -0.998584 -0.053193
VERTEX_POSE E163 -0.998628 -0.969784 -0.642351 0.766411 -0.766411 -0.642351
VERTEX_POSE E164 -0.957979 0.114665 0.972018 -0.234906 0.234906 0.972018
VERTEX_POSE E165 0.528561 -0.734033 -0.161299 -0.986906 -0.986906 0.161299
VERTEX_POSE E166 -0.165606 0.011157 0.813153 -0.582051 0.582051 0.813153
VERTEX_POSE E167 -0.711521 -0.486305 -0.612307 0.790620 -0.790620 -0.612307
VERTEX_POSE E168 0.671287 -0.454690 0.436635 0.899639 -0.899639 0.436635
VERTEX_POSE E169 0.719594 -0.852779 -0.166330 -0.986070 0.986070 -0.166330
VERTEX_POSE E170 0.240650 0.203879 -0.869813 0.493381 -0.493381 -0.869813
VERTEX_POSE E171 0.130695 -0.838190 0.804396 -0.594093 -0.594093 -0.804396
VERTEX_POSE E172 0.667824 0.097025 -0.999829 -0.018501 -0.018501 0.999829
VERTEX_POSE E173 0.397614 -0.901541 -0.793759 -0.608233 -0.608233 0.793759
VERTEX_POSE E174 -0.319535 -0.954042 -0.733417 0.679779 -0.679779 -0.733417
VERTEX_POSE E175 0.933801 -0.208708 0.828050 -0.560654 0.560654 0.828050
VERTEX_POSE E176 0.830679 -0.644828 -0.798862 -0.601514 -0.601514 0.798862
VERTEX_POSE E177 0.836184 -0.132470 0.997335 -0.072953 0.072953 0.997335
VERTEX_POSE E178 -0.912402 0.280434 -0.821246 -0.570574 -0.570574 0.821246
VERTEX_POSE E179 -0.636243 0.728372 0.043407 -0.999057 0.999057 0.043407
VERTEX_POSE E180 -0.991643 0.326813 0.174013 -0.984743 0.984743 0.174013
VERTEX_POSE E181 0.570887 -0.641246 0.363391 0.931637 -0.931637 0.363391
VERTEX_POSE E182 -0.304787 -0.052496 0.280942 -0.959725 0.959725 0.280942
VERTEX_POSE E183 -0.765278 0.268982 0.932981 -0.359926 0.359926 0.932981
VERTEX_POSE E184 0.818689 -0.871746 -0.465513 -0.885041 0.885041 -0.465513
VERTEX_POSE E185 0.875320 0.321121 0.944584 -0.328271 -0.328271 -0.944584
VERTEX_POSE E186 -0.430899 0.707341 0.346170 0.938172 0.938172 -0.346170
VERTEX_POSE E187 -0.015065 0.889991 0.989247 0.146255 0.146255 -0.989247
VERTEX_POSE E188 -0.050554 0.550211 -0.430389 -0.902643 -0.902643 0.430389
VERTEX_POSE E189 -0.727688 -0.552416 -0.360620 -0.932713 -0.932713 0.360620
VERTEX_POSE E190 -0.901709 0.706552 -0.961136 0.276076 0.276076 0.961136
VERTEX_POSE E191 0.980106 0.235925 0.899195 -0.437547 0.437547 0.899195
VERTEX_POSE E192 0.623802 -0.738520 0.940751 0.339097 0.339097 -0.940751
VERTEX_POSE E193 -0.034089 0.156006 0.906201 -0.422847 0.422847 0.906201
VERTEX_POSE E194 0.981478 0.266141 0.108625 -0.994083 0.994083 0.108625
VERTEX_POSE E195 0.665823 0.376145 -0.856390 -0.516329 -0.516329 0.856390
VERTEX_POSE E196 -0.505527 0.421972 0.116052 0.993243 -0.993243 0.116052
VERTEX_POSE E197 -0.184128 -0.722702 0.821106 0.570775 -0.570775 0.821106
VERTEX_POSE E198 0.954302 0.889840 -0.949347 0.314229 -0.314229 -0.949347
VERTEX_POSE E199 -0.834241 0.967282 -0.472374 -0.881398 0.881398 -0.472374
VERTEX_POSE E200 -0.464534 -0.575481 0.892143 -0.451753 0.451753 0.892143
VERTEX_POSE E201 0.194952 0.093719 0.325885 -0.945409 -0.945409 -0.325885
VERTEX_POSE E202 0.296454 -0.870908 -0.726038 -0.687654 -0.687654 0.726038
VERTEX_POSE E203 -0.796711 0.521544 -0.897464 -0.441087 -0.441087 0.897464
VERTEX_POSE E204 -0.407434 0.192177 -0.075232 -0.997166 -0.997166 0.075232
VERTEX_POSE E205 0.976919 -0.824950 0.241306 -0.970449 0.970449 0.241306
VERTEX_POSE E206 -0.862910 -0.687164 0.804474 -0.593988 -0.593988 -0.804474
VERTEX_POSE E207 -0.576755 0.547349 0.944557 0.328349 0.328349 -0.944557
VERTEX_POSE E208 0.813103 0.042580 0.990183 -0.139774 0.139774 0.990183
VERTEX_POSE E209 -0.775312 0.593270 0.247161 0.968974 -0.968974 0.247161
VERTEX_POSE E210 -0.212998 0.275721 -0.108270 -0.994122 -0.994122 0.108270
VERTEX_POSE E211 0.821460 -0.630607 0.999978 -0.006694 -0.006694 -0.999978
VERTEX_POSE E212 0.795575 0.952024 -0.943342 0.331823 0.331823 0.943342
VERTEX_POSE E213 0.482215 -0.776775 0.464142 -0.885761 0.885761 0.464142
VERTEX_POSE E214 -0.943818 0.638375 -0.241194 -0.970477 0.970477 -0.241194
VERTEX_POSE E215 0.614264 -0.919722 -0.008598 -0.999963 0.999963 -0.008598
VERTEX_POSE E216 0.357535 0.544346 0.995988 -0.089484 -0.089484 -0.995988
VERTEX_POSE E217 -0.374717 0.345716 -0.056453 0.998405 -0.998405 -0.056453
VERTEX_POSE E218 -0.400800 0.970268 -0.912118 -0.409927 0.409927 -0.912118
VERTEX_POSE E219 -0.693019 0.094557 -0.661222 -0.750190 -0.750190 0.661222
VERTEX_POSE E220 -0.102404 0.793300 0.567700 0.823235 0.823235 -0.567700
VERTEX_POSE E221 -0.302509 0.676820 0.936101 -0.351731 -0.351731 -0.936101
VERTEX_POSE E222 -0.712913 -0.669517 -0.984988 -0.172620 -0.172620 0.984988
VERTEX_POSE E223 -0.478602 -0.945220 -0.875087 0.483966 0.483966 0.875087
VERTEX_POSE E224 0.663403 -0.167174 0.193878 -0.981026 0.981026 0.193878
VERTEX_POSE E225 -0.731435 0.596624 -0.115710 -0.993283 -0.993283 0.115710
VERTEX_POSE E226 -0.812779 0.430926 -0.757551 -0.652776 0.652776 -0.757551
VERTEX_POSE E227 -0.842125 -0.745201 0.912468 0.409148 0.409148 -0.912468
VERTEX_POSE E228 0.084437 0.873922 0.350297 0.936639 -0.936639 0.350297
VERTEX_POSE E229 -0.858477 0.320766 0.557707 0.830038 0.830038 -0.557707
VERTEX_POSE E230 -0.676365 -0.777919 0.693747 0.720219 -0.720219 0.693747
VERTEX_POSE E231 0.619902 -0.701560 -0.991958 -0.126566 0.126566 -0.991958
VERTEX_POSE E232 0.336475 -0.585516 0.650891 -0.759171 0.759171 0.650891
VERTEX_POSE E233 0.620089 -0.648827 0.335093 0.942185 0.942185 -0.335093
VERTEX_POSE E234 0.823192 0.819984 0.955372 0.295405 0.295405 -0.955372
VERTEX_POSE E235 0.929042 0.606661 -0.917854 0.396918 -0.396918 -0.917854
VERTEX_POSE E236 0.597008 -0.473777 0.334185 0.942507 -0.942507 0.334185
VERTEX_POSE E237 0.960282 -0.867180 0.793646 0.608380 -0.608380 0.793646
VERTEX_POSE E238 -0.647713 0.154010 -0.631599 -0.775295 -0.775295 0.631599
VERTEX_POSE E239 0.410111 0.568803 0.966228 -0.257688 0.257688 0.966228
VERTEX_POSE E240 -0.815030 0.726090 -0.705425 0.708784 -0.708784 -0.705425
VERTEX_POSE E241 0.139289 -0.570269 -0.982409 -0.186744 0.186744 -0.982409
VERTEX_POSE E242 0.231571 0.938195 -0.500375 -0.865809 0.865809 -0.500375
VERTEX_POSE E243 0.980545 0.678114 0.981004 0.193989 -0.193989 0.981004
VERTEX_POSE E244 -0.378496 -0.347044 0.921830 -0.387595 -0.387595 -0.921830
VERTEX_POSE E245 0.287753 0.576570 0.123509 0.992343 0.992343 -0.123509
VERTEX_POSE E246 0.594809 0.758392 -0.722588 -0.691279 -0.691279 0.722588
VERTEX_POSE E247 0.979040 -0.802697 -0.498254 0.867031 0.867031 0.498254
VERTEX_POSE E248 0.913036 -0.077714 0.926053 -0.377394 0.377394 0.926053
VERTEX_POSE E249 -0.805991 0.728661 0.276186 0.961104 -0.961104 0.276186
VERTEX_POSE E250 -0.713979 0.291860 -0.672308 -0.740271 0.740271 -0.672308
VERTEX_POSE E251 -0.189368 -0.284414 0.164858 -0.986317 0.986317 0.164858
VERTEX_POSE E252 -0.108500 0.405481 -0.167760 -0.985828 -0.985828 0.167760
VERTEX_POSE E253 -0.426893 0.622343 0.979348 0.202183 0.202183 -0.979348
VERTEX_POSE E254 0.332030 -0.229633 0.445575 0.895244 -0.895244 0.445575
VERTEX_POSE E255 -0.445098 -0.761693 0.642683 0.766132 -0.766132 0.642683
VERTEX_POSE E256 -0.158328 0.218967 -0.324503 -0.945885 -0.945885 0.324503
VERTEX_POSE E257 0.519251 -0.798708 -0.782294 0.622910 0.622910 0.782294
VERTEX_POSE E258 -0.287223 -0.506894 0.211211 -0.977440 -0.977440 -0.211211
VERTEX_POSE E259 0.926109 0.092888 -0.650324 -0.759657 0.759657 -0.650324
VERTEX_POSE E260 0.660774 0.522058 -0.157265 0.987557 0.987557 0.157265
VERTEX_POSE E261 0.036412 -0.284813 -0.482355 0.875976 0.875976 0.482355
VERTEX_POSE E262 0.546011 0.391328 -0.824066 0.566494 0.566494 0.824066
VERTEX_POSE E263 -0.002751 0.936542 0.841732 -0.539895 0.539895 0.841732
VERTEX_POSE E264 -0.343499 0.066360 -0.958308 -0.285736 0.285736 -0.958308
VERTEX_POSE E265 0.369203 0.211313 -0.907605 -0.419825 0.419825 -0.907605
VERTEX_POSE E266 -0.073709 0.543204 0.735188 -0.677863 0.677863 0.735188
VERTEX_POSE E267 -0.746492 0.592583 -0.305750 0.952112 0.952112 0.305750
VERTEX_POSE E268 0.329485 0.344133 0.639385 -0.768887 -0.768887 -0.639385
VERTEX_POSE E269 0.278578 -0.302786 0.458800 -0.888540 0.888540 0.458800
VERTEX_POSE E270 0.663620 0.161386 -0.732031 0.681271 0.681271 0.732031
VERTEX_POSE E271 0.514455 0.070223 -0.904802 0.425833 -0.425833 -0.904802
VERTEX_POSE E272 -0.582133 0.126945 0.989587 -0.143935 -0.143935 -0.989587
VERTEX_POSE E273 -0.104809 0.099581 -0.678836 -0.734290 -0.734290 0.678836
VERTEX_POSE E274 0.495000 -0.251662 0.963264 -0.268556 0.268556 0.963264
VERTEX_POSE E275 0.039371 0.779901 0.744016 -0.668162 -0.668162 -0.744016
VERTEX_POSE E276 -0.817056 -0.323849 -0.990366 -0.138477 -0.138477 0.990366
VERTEX_POSE E277 0.089808 -0.493270 -0.880299 0.474419 -0.474419 -0.880299
VERTEX_POSE E278 0.018411 0.977204 -0.674320 0.738439 0.738439 0.674320
VERTEX_POSE E279 -0.904020 0.598438 -0.342062 -0.939677 0.939677 -0.342062
VERTEX_POSE E280 0.283817 -0.764610 -0.756977 0.653442 0.653442 0.756977
VERTEX_POSE E281 0.304431 0.269065 -0.550829 0.834618 -0.834618 -0.550829
VERTEX_POSE E282 -0.093388 -0.685976 -0.838217 0.545338 -0.545338 -0.838217
VERTEX_POSE E283 -0.824683 0.640872 0.246115 0.969241 0.969241 -0.246115
VERTEX_POSE E284 0.877539 -0.108593 -0.805770 -0.592229 -0.592229 0.805770
VERTEX_POSE E285 -0.761358 0.084391 -0.581017 -0.813891 0.813891 -0.581017
VERTEX_POSE E286 -0.269781 0.879179 0.967298 -0.253641 -0.253641 -0.967298
VERTEX_POSE E287 -0.280789 -0.889626 0.785190 0.619255 -0.619255 0.785190
VERTEX_POSE E288 0.757893 0.285683 0.309578 0.950874 -0.950874 0.309578
VERTEX_POSE E289 0.442996 -0.627715 -0.993703 -0.112050 -0.112050 0.993703
VERTEX_POSE E290 -0.354681 0.203262 -0.517792 -0.855507 -0.855507 0.517792
VERTEX_POSE E291 0.418667 -0.192259 0.893568 0.448928 -0.448928 0.893568
VERTEX_POSE E292 -0.520592 0.087472 -0.716755 -0.697325 0.697325 -0.716755
VERTEX_POSE E293 -0.808670 -0.405409 0.776193 -0.630495 -0.630495 -0.776193
VERTEX_POSE E294 -0.584083 -0.255717 -0.960881 -0.276963 0.276963 -0.960881
VERTEX_POSE E295 0.135909 -0.846168 0.337926 -0.941173 -0.941173 -0.337926
VERTEX_POSE E296 0.560533 0.805903 -0.522479 -0.852652 0.852652 -0.522479
VERTEX_POSE E297 0.342207 -0.712513 0.875827 -0.482626 0.482626 0.875827
VERTEX_POSE E298 0.389417 0.746415 0.808643 -0.588299 0.588299 0.808643
VERTEX_POSE E299 -0.109982 0.150036 0.198686 0.980063 -0.980063 0.198686
VERTEX_POSE E300 -0.379215 -0.015299 -0.725144 0.688597 -0.688597 -0.725144
VERTEX_POSE E301 0.053037 -0.092200 0.614751 -0.788721 -0.788721 -0.614751
VERTEX_POSE E302 -0.595528 -0.779740 0.508740 0.860920 -0.860920 0.508740
VERTEX_POSE E303 0.038652 -0.888354 -0.793891 0.608060 -0.608060 -0.793891
VERTEX_POSE E304 0.948228 -0.992619 0.874970 -0.484177 0.484177 0.874970
VERTEX_POSE E305 0.899472 -0.031403 -0.596706 0.802460 -0.802460 -0.596706
VERTEX_POSE E306 -0.921977 0.891547 0.810960 0.585102 0.585102 -0.810960
VERTEX_POSE E307 -0.868829 -0.316467 0.351759 -0.936090 -0.936090 -0.351759
VERTEX_POSE E308 -0.010720 0.475327 -0.294745 -0.955576 -0.955576 0.294745
VERTEX_POSE E309 0.096434 0.868751 -0.349786 -0.936829 -0.936829 0.349786
VERTEX_POSE E310 -0.772848 -0.718030 -0.108611 -0.994084 -0.994084 0.108611
VERTEX_POSE E311 -0.726903 0.710718 -0.991906 0.126973 0.126973 0.991906
VERTEX_POSE E312 -0.599135 0.137816 -0.630096 0.776517 -0.776517 -0.630096
VERTEX_POSE E313 0.133764 -0.404006 -0.377152 -0.926151 0.926151 -0.377152
VERTEX_POSE E314 -0.551586 0.351589 -0.998859 0.047762 0.047762 0.998859
VERTEX_POSE E315 -0.721596 -0.970777 0.908815 0.417199 -0.417199 0.908815
VERTEX_POSE E316 0.372406 0.680385 -0.389400 0.921069 0.921069 0.389400
VERTEX_POSE E317 0.178633 0.230768 -0.964922 -0.262536 0.262536 -0.964922
VERTEX_POSE E318 -0.002386 -0.860402 0.433880 -0.900971 0.900971 0.433880
VERTEX_POINT L6 0.130300 -0.033932
VERTEX_POINT L7 -0.378370 0.603053
VERTEX_POINT L8 0.642934 0.342860
VERTEX_POINT L9 -0.451033 0.773810
VERTEX_POINT L10 0.101038 -0.309475
VERTEX_POINT L11 0.834264 0.937450
VERTEX_POINT L12 -0.035116 -0.481907
VERTEX_POINT L13 -0.763053 -0.155643
VERTEX_POINT L14 0.394797 0.743354
VERTEX_POINT L15 -0.692909 -0.194420
VERTEX_POINT L16 0.626364 -0.409228
VERTEX_POINT L17 -0.715186 -0.106610
VERTEX_POINT L18 -0.072123 0.790281
VERTEX_POINT L19 -0.320599 0.498572
VERTEX_POINT L20 -0.310714 0.113650
VERTEX_BEARING C4 B3 0.916094 -0.400964
VERTEX_BEARING C5 B4 -0.838254 0.545279
VERTEX_BEARING C6 B5 0.987493 0.157663
VERTEX_BEARING C7 B6 0.997928 -0.064333
VERTEX_BEARING C8 B7 -0.710124 0.704076
VERTEX_BEARING C10 B8 0.317655 -0.948206
VERTEX_BEARING C11 B10 0.988464 0.151454
VERTEX_BEARING C12 B11 -0.146992 -0.989138
VERTEX_BEARING C13 B12 0.621553 -0.783372
VERTEX_BEARING C15 B13 0.906143 0.422971
VERTEX_BEARING C19 B14 0.315341 -0.948978
VERTEX_BEARING C21 B15 -0.826501 -0.562935
VERTEX_BEARING C23 B16 0.989863 0.142025
VERTEX_BEARING C25 B17 -0.969186 0.246331
VERTEX_BEARING C26 B18 0.452714 -0.891656
VERTEX_BEARING C27 B19 -0.699652 0.714484
VERTEX_BEARING C28 B20 0.999833 -0.018281
VERTEX_BEARING C30 B21 -0.801872 -0.597496
VERTEX_BEARING C32 B22 -0.786454 0.617649
VERTEX_BEARING C33 B23 -0.833527 -0.552479
VERTEX_BEARING C34 B24 -0.794464 0.607311
VERTEX_BEARING C35 B25 -0.969096 -0.246683
VERTEX_BEARING C36 B26 0.321958 -0.946754
VERTEX_BEARING C37 B27 -0.705901 -0.708310
VERTEX_BEARING C38 B28 0.614964 -0.788555
VERTEX_BEARING C39 B29 0.452752 -0.891636
VERTEX_BEARING C40 B30 -0.995865 0.090845
VERTEX_BEARING C41 B31 0.917655 -0.397378
VERTEX_BEARING C42 B32 0.548360 -0.836243
VERTEX_BEARING C43 B33 0.622372 -0.782722
VERTEX_BEARING C44 B34 -0.455611 0.890179
VERTEX_BEARING C45 B35 -0.564400 0.825501
VERTEX_BEARING C46 B36 0.569888 -0.821722
VERTEX_BEARING C47 B37 -0.990908 0.134541
VERTEX_BEARING C48 B38 -0.343831 -0.939032
VERTEX_BEARING C49 B39 0.648564 0.761160
VERTEX_BEARING C50 B40 0.947695 0.319179
VERTEX_BEARING C52 B41 -0.858020 0.513617
VERTEX_BEARING C54 B42 -0.333544 -0.942734
VERTEX_BEARING C55 B43 0.410561 0.911833
VERTEX_BEARING C56 B44 -0.903551 -0.428481
VERTEX_BEARING C57 B45 0.938058 -0.346478
VERTEX_BEARING C58 B46 -0.827773 -0.561063
VERTEX_BEARING C59 B47 -0.641246 0.767335
VERTEX_BEARING C60 B48 -0.718179 0.695858
VERTEX_BEARING C61 B49 0.732405 -0.680869
VERTEX_BEARING C62 B50 -0.592569 0.805520
VERTEX_BEARING C63 B51 0.991052 -0.133480
VERTEX_BEARING C64 B52 0.979391 -0.201974
VERTEX_BEARING C65 B53 -0.758483 0.651693
VERTEX_BEARING C66 B54 -0.917550 0.397621
VERTEX_BEARING C75 B55 0.833309 -0.552808
VERTEX_BEARING C76 B56 -0.061170 -0.998127
VERTEX_BEARING C77 B57 0.492448 0.870342
VERTEX_BEARING C78 B58 -0.888406 -0.459059
VERTEX_BEARING C79 B59 -0.534959 -0.844878
VERTEX_BEARING C80 B60 -0.233091 0.972455
VERTEX_BEARING C81 B61 -0.762862 0.646561
VERTEX_BEARING C82 B62 -0.999962 -0.008745
VERTEX_BEARING C83 B63 -0.836210 -0.548409
VERTEX_BEARING C84 B64 0.568426 -0.822735
VERTEX_BEARING C85 B65 -0.927792 -0.373097
VERTEX_BEARING C86 B66 -0.037190 0.999308
VERTEX_BEARING C87 B67 -0.162057 -0.986781
VERTEX_BEARING C88 B68 0.219823 -0.975540
VERTEX_BEARING C89 B69 0.628741 0.777615
VERTEX_BEARING B110 C101 -0.524376 -0.851487
VERTEX_BEARING B111 C102 -0.544752 0.838597
VERTEX_BEARING B112 C103 -0.987946 0.154802
VERTEX_BEARING B113 C104 0.767940 -0.640522
VERTEX_BEARING B114 C105 -0.960133 -0.279542
VERTEX_BEARING B115 C106 -0.494017 0.869452
VERTEX_BEARING B116 C107 0.499426 0.866357
VERTEX_BEARING B117 C108 -0.994688 0.102936
VERTEX_BEARING B118 C109 -0.240422 0.970668
VERTEX_BEARING B119 C110 0.762616 0.646852
VERTEX_BEARING B120 C111 0.689948 0.723859
VERTEX_BEARING B121 C112 0.875870 0.482547
VERTEX_BEARING B122 C113 0.272868 -0.962051
VERTEX_BEARING B123 C114 0.382844 -0.923813
VERTEX_BEARING B124 C116 -0.908111 -0.418728
VERTEX_BEARING D29 E112 0.670325 0.742068
VERTEX_BEARING D32 E113 0.793944 -0.607991
VERTEX_BEARING D33 E114 -0.056815 -0.998385
VERTEX_BEARING D34 E115 -0.684773 0.728756
VERTEX_BEARING D35 E116 0.630362 0.776301
VERTEX_BEARING D36 E117 0.995810 0.091442
VERTEX_BEARING D37 E118 0.958065 0.286550
VERTEX_BEARING D38 E119 0.973834 0.227259
VERTEX_BEARING D39 E120 0.706039 -0.708173
VERTEX_BEARING D40 E121 0.765464 0.643479
VERTEX_BEARING D41 E122 -0.099066 0.995081
VERTEX_BEARING D42 E123 -0.999811 0.019456
VERTEX_BEARING D43 E124 -0.750855 0.660467
VERTEX_BEARING D44 E125 0.756999 -0.653416
VERTEX_BEARING D45 E126 -0.998516 0.054464
VERTEX_BEARING D46 E127 -0.988100 0.153813
VERTEX_BEARING D47 E128 -0.902353 -0.430997
VERTEX_BEARING D48 E129 -0.157346 -0.987543
VERTEX_BEARING D49 E130 -0.505369 -0.862904
VERTEX_BEARING D50 E131 -0.896810 0.442416
VERTEX_BEARING D51 E132 -0.917728 0.397210
VERTEX_BEARING D52 E133 0.083392 -0.996517
VERTEX_BEARING D53 E134 0.831943 -0.554861
VERTEX_BEARING D54 E135 0.051931 -0.998651
VERTEX_BEARING D55 E136 0.793237 0.608914
VERTEX_BEARING D56 E137 -0.449884 -0.893087
VERTEX_BEARING D57 E138 -0.419342 0.907828
VERTEX_BEARING D58 E139 0.980343 -0.197302
VERTEX_BEARING D59 E140 0.703581 -0.710615
VERTEX_BEARING D61 E141 0.758788 -0.651337
VERTEX_BEARING D62 E142 0.601904 0.798569
VERTEX_BEARING D63 E143 0.305277 0.952264
VERTEX_BEARING D64 E144 0.170818 0.985303
VERTEX_BEARING D65 E145 -0.629136 -0.777295
VERTEX_BEARING D66 E146 -0.989478 -0.144684
VERTEX_BEARING D67 E147 -0.830067 -0.557664
VERTEX_BEARING D68 E148 0.964646 0.263550
VERTEX_BEARING D69 E149 0.551963 -0.833869
VERTEX_BEARING D70 E150 0.798994 0.601339
VERTEX_BEARING D71 E151 0.946056 0.324003
VERTEX_BEARING D72 E152 0.487199 0.873291
VERTEX_BEARING D73 E153 -0.281396 0.959592
VERTEX_BEARING D74 E154 -0.382192 -0.924083
VERTEX_BEARING D75 E155 -0.995503 -0.094729
VERTEX_BEARING D76 E156 -0.354520 0.935049
VERTEX_BEARING D77 E157 -0.551492 0.834180
VERTEX_BEARING D78 E158 -0.499841 -0.866117
VERTEX_BEARING D79 E159 0.553651 -0.832749
VERTEX_BEARING D80 E160 0.705411 0.708799
VERTEX_BEARING A11 C14 -0.032742 -0.999464
VERTEX_BEARING A13 C18 0.462667 0.886532
VERTEX_BEARING A14 C20 -0.797924 -0.602759
VERTEX_BEARING A17 C24 -0.797865 -0.602837
VERTEX_BEARING A19 C26 -0.707335 -0.706879
VERTEX_BEARING A20 C27 0.958330 -0.285665
VERTEX_BEARING A22 C29 0.700611 0.713543
VERTEX_BEARING A23 C31 0.723416 -0.690412
VERTEX_BEARING A137 C90 -0.855025 -0.518587
VERTEX_BEARING A141 C91 0.969421 -0.245404
VERTEX_BEARING A142 C92 0.754538 -0.656257
VERTEX_BEARING A143 C93 -0.982003 -0.188865
VERTEX_BEARING A144 C94 -0.485931 -0.873997
VERTEX_BEARING A145 C95 -0.913353 -0.407168
VERTEX_BEARING A146 C96 0.165070 0.986282
VERTEX_BEARING A173 C97 0.061658 -0.998097
VERTEX_BEARING A174 C98 -0.808098 0.589049
VERTEX_BEARING A175 C99 0.787202 -0.616696
VERTEX_BEARING A176 C100 -0.067050 0.997750
VERTEX_BEARING C132 A205 0.855468 0.517856
VERTEX_BEARING A212 C151 0.591581 -0.806246
VERTEX_BEARING A213 C153 -0.767333 0.641249
VERTEX_BEARING A214 C156 0.811819 0.583909
VERTEX_BEARING A215 C158 -0.682949 0.730466
VERTEX_BEARING A216 C159 0.750803 0.660526
VERTEX_BEARING E0 C0 0.357063 -0.934080
VERTEX_BEARING E1 C1 0.768081 0.640353
VERTEX_BEARING E2 C2 -0.966366 -0.257172
VERTEX_BEARING E3 C3 0.657469 -0.753482
VERTEX_BEARING E8 C7 -0.558749 0.829337
VERTEX_BEARING E9 C9 0.872733 -0.488198
VERTEX_BEARING E10 C10 -0.372567 -0.928005
VERTEX_BEARING E11 C11 -0.911945 0.410312
VERTEX_BEARING E13 C13 -0.945247 0.326356
VERTEX_BEARING E14 C14 -0.495034 -0.868874
VERTEX_BEARING E15 C16 -0.256963 -0.966421
VERTEX_BEARING E20 C22 -0.649736 0.760160
VERTEX_BEARING E229 C134 -0.533252 -0.845957
VERTEX_BEARING E263 C160 0.994008 -0.109306
VERTEX_BEARING E295 C172 -0.762606 -0.646863
VERTEX_BEARING E300 C178 -0.858135 0.513424
VERTEX_BEARING E305 C184 0.019804 0.999804
VERTEX_BEARING E310 C190 -0.736710 0.676209
VERTEX_BEARING A2 D0 -0.255058 0.966926
VERTEX_BEARING A3 D1 0.480145 -0.877189
VERTEX_BEARING A4 D2 0.910447 0.413625
VERTEX_BEARING A6 D3 0.875728 -0.482804
VERTEX_BEARING A7 D4 0.496286 -0.868159
VERTEX_BEARING A8 D5 0.326092 0.945338
VERTEX_BEARING A9 D6 -0.455852 -0.890055
VERTEX_BEARING A11 D7 0.603368 0.797463
VERTEX_BEARING A17 D8 -0.202553 -0.979271
VERTEX_BEARING A20 D9 0.659730 0.751503
VERTEX_BEARING A26 D10 -0.809284 -0.587417
VERTEX_BEARING A131 D11 0.304967 0.952363
VERTEX_BEARING A136 D12 0.631405 0.775453
VERTEX_BEARING A138 D13 -0.996924 -0.078373
VERTEX_BEARING A139 D15 -0.999788 -0.020576
VERTEX_BEARING A140 D17 0.358873 0.933386
VERTEX_BEARING D28 A152 0.998326 0.057843
VERTEX_BEARING D29 A154 0.206192 -0.978512
VERTEX_BEARING D30 A155 0.385853 -0.922560
VERTEX_BEARING D31 A156 -0.708473 0.705738
VERTEX_BEARING A259 D121 0.168214 0.985750
VERTEX_BEARING A260 D122 0.853792 0.520615
VERTEX_BEARING A265 D123 0.377968 -0.925819
VERTEX_BEARING E252 B128 0.710619 -0.703577
VERTEX_BEARING E253 B129 0.903185 0.429252
VERTEX_BEARING E254 B130 -0.934935 -0.354819
VERTEX_BEARING E255 B131 0.999493 -0.031830
VERTEX_BEARING E256 B132 -0.491738 -0.870743
VERTEX_BEARING E257 B133 -0.709645 -0.704560
VERTEX_BEARING E258 B134 -0.342040 -0.939685
VERTEX_BEARING E259 B135 0.085507 0.996338
VERTEX_BEARING E260 B136 -0.031917 -0.999491
VERTEX_BEARING E261 B137 -0.905517 0.424311
VERTEX_BEARING E262 B138 -0.603355 -0.797473
VERTEX_BEARING E263 B139 -0.753813 -0.657089
VERTEX_BEARING E264 B140 0.864723 0.502250
VERTEX_BEARING E265 B141 -0.924298 -0.381671
VERTEX_BEARING E266 B142 0.905559 0.424219
VERTEX_BEARING E268 B143 0.979482 0.201533
VERTEX_BEARING E269 B144 -0.345075 -0.938575
VERTEX_BEARING E271 B145 -0.117031 -0.993128
VERTEX_BEARING E272 B146 0.741838 0.670579
VERTEX_BEARING E273 B147 -0.912329 -0.409458
VERTEX_BEARING E274 B148 -0.750714 0.660628
VERTEX_BEARING E275 B149 -0.976147 -0.217113
VERTEX_BEARING E279 B150 -0.465917 0.884828
VERTEX_BEARING E280 B151 0.437616 0.899162
VERTEX_BEARING E281 B152 0.726903 0.686740
VERTEX_BEARING E282 B153 0.680798 -0.732471
VERTEX_BEARING E283 B154 -0.365471 -0.930823
VERTEX_BEARING E284 B155 -0.909494 0.415716
VERTEX_BEARING E288 B157 -0.082714 -0.996573
VERTEX_BEARING E289 B158 -0.706496 0.707717
VERTEX_BEARING E292 B159 0.948742 0.316050
VERTEX_BEARING E293 B160 -0.180173 -0.983635
VERTEX_BEARING E294 B161 -0.999142 0.041407
VERTEX_BEARING E295 B162 -0.711307 0.702882
VERTEX_BEARING A12 E16 -0.740107 0.672490
VERTEX_BEARING A13 E17 -0.977810 0.209494
VERTEX_BEARING E18 A14 -0.685144 -0.728407
VERTEX_BEARING A15 E19 0.603171 -0.797612
VERTEX_BEARING E20 A16 0.834129 -0.551570
VERTEX_BEARING A17 E21 0.352024 -0.935991
VERTEX_BEARING E22 A18 0.912434 0.409223
VERTEX_BEARING A20 E23 -0.925814 0.377978
VERTEX_BEARING E24 A21 0.983156 0.182770
VERTEX_BEARING E26 A24 0.973625 -0.228156
VERTEX_BEARING A25 E27 -0.268140 0.963380
VERTEX_BEARING A26 E30 0.572250 -0.820079
VERTEX_BEARING E31 A27 -0.148461 0.988918
VERTEX_BEARING A28 E32 0.867893 -0.496752
VERTEX_BEARING A29 E34 -0.947948 0.318427
VERTEX_BEARING A32 E37 -0.242100 0.970251
VERTEX_BEARING A33 E38 0.971751 0.236007
VERTEX_BEARING A34 E40 -0.994146 0.108044
VERTEX_BEARING A38 E44 -0.308792 -0.951130
VERTEX_BEARING A39 E46 -0.940647 -0.339388
VERTEX_BEARING A40 E48 0.964759 -0.263137
VERTEX_BEARING A48 E56 -0.390245 -0.920711
VERTEX_BEARING A61 E68 -0.998874 0.047450
VERTEX_BEARING A64 E71 -0.969373 -0.245594
VERTEX_BEARING A70 E76 0.322195 0.946673
VERTEX_BEARING A74 E77 0.849666 0.527321
VERTEX_BEARING A75 E78 -0.244102 -0.969749
VERTEX_BEARING A76 E79 0.525278 -0.850930
VERTEX_BEARING A77 E80 -0.905202 0.424982
VERTEX_BEARING A78 E81 0.542351 0.840152
VERTEX_BEARING A79 E82 0.528445 -0.848967
VERTEX_BEARING A80 E83 -0.180599 -0.983557
VERTEX_BEARING A81 E84 -0.845612 -0.533798
VERTEX_BEARING A82 E85 0.985076 0.172123
VERTEX_BEARING A83 E86 -0.692462 -0.721455
VERTEX_BEARING A84 E87 -0.990296 -0.138975
VERTEX_BEARING A85 E88 -0.686271 0.727346
VERTEX_BEARING A86 E89 -0.407195 -0.913341
VERTEX_BEARING A87 E90 -0.264848 0.964290
VERTEX_BEARING A88 E91 -0.794917 -0.606718
VERTEX_BEARING A89 E92 -0.990977 -0.134034
VERTEX_BEARING A90 E93 0.566939 0.823760
VERTEX_BEARING A91 E94 0.999298 0.037472
VERTEX_BEARING A94 E95 0.450595 -0.892728
VERTEX_BEARING A95 E96 0.342257 -0.939607
VERTEX_BEARING A96 E97 -0.645118 -0.764083
VERTEX_BEARING A98 E98 0.889817 -0.456318
VERTEX_BEARING A103 E99 0.282410 0.959294
VERTEX_BEARING A104 E100 -0.595583 0.803294
VERTEX_BEARING A105 E101 -0.973887 0.227033
VERTEX_BEARING A106 E102 0.789108 -0.614255
VERTEX_BEARING A107 E103 -0.440673 -0.897668
VERTEX_BEARING A108 E104 0.769502 0.638645
VERTEX_BEARING E207 A186 -0.895304 0.445455
VERTEX_BEARING E208 A187 -0.554072 -0.832469
VERTEX_BEARING E209 A188 -0.998553 0.053782
VERTEX_BEARING E210 A189 0.720084 -0.693887
VERTEX_BEARING E211 A190 0.920160 0.391542
VERTEX_BEARING E212 A191 0.649504 0.760358
VERTEX_BEARING E213 A192 0.481924 -0.876213
VERTEX_BEARING E214 A193 0.359657 -0.933085
VERTEX_BEARING E215 A194 -0.500525 -0.865722
VERTEX_BEARING E216 A195 -0.815615 -0.578595
VERTEX_BEARING E217 A196 0.701689 0.712483
VERTEX_BEARING E218 A197 -0.697404 0.716678
VERTEX_BEARING E219 A198 0.413898 0.910323
VERTEX_BEARING E220 A199 0.287067 -0.957910
VERTEX_BEARING E221 A200 -0.638636 0.769509
VERTEX_BEARING E223 A201 0.912487 0.409106
VERTEX_BEARING E224 A202 0.739377 -0.673292
VERTEX_BEARING E225 A203 0.304956 0.952366
VERTEX_BEARING E226 A204 0.764513 -0.644609
VERTEX_BEARING E227 A206 0.520801 0.853678
VERTEX_BEARING E228 A207 0.988666 -0.150134
VERTEX_BEARING E230 A208 0.988586 -0.150660
VERTEX_BEARING E232 A209 -0.284280 -0.958741
VERTEX_BEARING E233 A210 0.950361 0.311148
VERTEX_BEARING E234 A211 -0.055825 0.998441
VERTEX_BEARING E266 A226 0.780979 0.624557
VERTEX_BEARING E311 A266 -0.775154 -0.631773
VERTEX_BEARING A0 B0 0.866330 -0.499472
VERTEX_BEARING A1 B1 0.621752 -0.783214
VERTEX_BEARING A2 B2 -0.149361 -0.988783
VERTEX_BEARING A3 B3 0.237388 0.971415
VERTEX_BEARING A8 B9 0.800418 0.599442
VERTEX_BEARING A245 B156 0.862686 0.505739
