VERTEX_POSE A0 0.904262 0.669517 -0.608052 0.793898 -0.793898 -0.608052
VERTEX_POSE A1 -0.269397 -0.051645 -0.369273 0.929321 -0.929321 -0.369273
VERTEX_POSE A2 -0.692558 0.597999 -0.860474 0.509495 -0.509495 -0.860474
VERTEX_POSE A3 -0.993971 -0.230586 0.108004 -0.994151 0.994151 0.108004
VERTEX_POSE A4 0.476324 0.865439 0.277546 -0.960712 0.960712 0.277546
VERTEX_POSE A5 -0.905805 -0.250176 0.897376 -0.441267 -0.441267 -0.897376
VERTEX_POSE A6 0.525131 0.008363 -0.742039 -0.670356 0.670356 -0.742039
VERTEX_POSE A7 -0.675900 -0.973857 0.159128 -0.987258 -0.987258 -0.159128
VERTEX_POSE A8 0.562832 0.080258 -0.085110 -0.996372 -0.996372 0.085110
VERTEX_POSE A9 -0.173031 0.254605 -0.272419 -0.962179 -0.962179 0.272419
VERTEX_POSE A10 -0.900117 -0.735381 0.662088 0.749426 -0.749426 0.662088
VERTEX_POSE A11 0.144571 -0.253911 0.994660 -0.103210 0.103210 0.994660
VERTEX_POSE A12 -0.749851 -0.409789 0.872001 0.489504 -0.489504 0.872001
VERTEX_POSE A13 0.720626 -0.638764 0.770062 0.637969 -0.637969 0.770062
VERTEX_POSE A14 0.577846 0.512913 -0.851258 -0.524747 -0.524747 0.851258
VERTEX_POSE A15 -0.703588 -0.329757 -0.597714 -0.801709 -0.801709 0.597714
VERTEX_POSE A16 -0.729770 -0.798314 -0.575416 0.817861 -0.817861 -0.575416
VERTEX_POSE A17 0.617515 -0.175787 -0.986715 -0.162458 -0.162458 0.986715
VERTEX_POSE A18 -0.864851 0.514803 0.678974 0.734163 0.734163 -0.678974
VERTEX_POSE A19 -0.070175 -0.992948 0.522244 0.852796 -0.852796 0.522244
VERTEX_POSE A20 0.809334 0.265642 0.983269 -0.182160 0.182160 0.983269
VERTEX_POSE A21 0.762680 0.792424 0.155864 -0.987779 0.987779 0.155864
VERTEX_POSE A22 -0.746086 -0.064041 0.857344 -0.514744 0.514744 0.857344
VERTEX_POSE A23 -0.193152 -0.862136 0.294290 -0.955716 -0.955716 -0.294290
VERTEX_POSE A24 -0.821547 -0.457338 0.338604 -0.940929 -0.940929 -0.338604
VERTEX_POSE A25 0.618529 -0.761888 -0.276216 -0.961096 -0.961096 0.276216
VERTEX_POSE A26 -0.611523 -0.709756 0.499821 0.866129 -0.866129 0.499821
VERTEX_POSE A27 -0.629260 -0.187789 0.650880 0.759181 -0.759181 0.650880
VERTEX_POSE A28 0.402526 0.894926 0.829432 0.558607 0.558607 -0.829432
VERTEX_POSE A29 0.762008 0.619918 -0.774057 0.633116 -0.633116 -0.774057
VERTEX_POSE A30 -0.341879 -0.660540 -0.487221 -0.873279 0.873279 -0.487221
VERTEX_POSE A31 0.306788 0.564443 -0.944338 -0.328976 -0.328976 0.944338
VERTEX_POSE A32 -0.507389 -0.431727 -0.918885 0.394525 -0.394525 -0.918885
VERTEX_POSE A33 -0.034437 0.937459 -0.201925 0.979401 0.979401 0.201925
VERTEX_POSE A34 0.312816 -0.666143 -0.931180 -0.364559 -0.364559 0.931180
VERTEX_POSE A35 0.968935 -0.566288 0.061449 -0.998110 -0.998110 -0.061449
VERTEX_POSE A36 0.059758 -0.312717 0.983169 0.182698 -0.182698 0.983169
VERTEX_POSE A37 -0.162053 0.342220 -0.268891 0.963171 0.963171 0.268891
VERTEX_POSE A38 -0.706966 -0.540145 -0.547104 0.837065 0.837065 0.547104
VERTEX_POSE A39 -0.377410 0.767541 0.895554 0.444953 0.444953 -0.895554
VERTEX_POSE A40 0.664916 -0.403175 -0.160415 -0.987050 0.987050 -0.160415
VERTEX_POSE A41 -0.607082 -0.275526 0.930650 0.365909 -0.365909 0.930650
VERTEX_POSE A42 0.767161 -0.486370 0.990470 -0.137726 0.137726 0.990470
VERTEX_POSE A43 0.915065 0.187035 -0.590954 0.806706 -0.806706 -0.590954
VERTEX_POSE A44 -0.886456 0.085710 -0.921771 -0.387736 -0.387736 0.921771
VERTEX_POSE A45 0.345006 -0.973456 0.849075 -0.528273 -0.528273 -0.849075
VERTEX_POSE A46 -0.788523 0.857278 0.909579 -0.415531 0.415531 0.909579
VERTEX_POSE A47 -0.616226 0.287396 -0.259690 0.965692 -0.965692 -0.259690
VERTEX_POSE A48 -0.037479 -0.149243 -0.276983 0.960875 0.960875 0.276983
VERTEX_POSE A49 -0.653374 0.372081 0.059587 0.998223 -0.998223 0.059587
VERTEX_POSE A50 0.313599 0.294448 -0.985859 0.167577 -0.167577 -0.985859
VERTEX_POSE A51 -0.228145 -0.883601 0.386914 0.922116 0.922116 -0.386914
VERTEX_POSE A52 -0.890694 0.164506 0.469661 -0.882847 -0.882847 -0.469661
VERTEX_POSE A53 0.567513 -0.769593 -0.348636 0.937258 0.937258 0.348636
VERTEX_POSE A54 0.578703 -0.745737 -0.942329 0.334687 0.334687 0.942329
VERTEX_POSE A55 -0.712241 0.707167 0.272216 -0.962236 0.962236 0.272216
VERTEX_POSE A56 0.186042 -0.531481 -0.347642 -0.937627 0.937627 -0.347642
VERTEX_POSE A57 0.967180 -0.455493 0.997951 0.063986 0.063986 -0.997951
VERTEX_POSE A58 -0.341501 -0.480622 0.832339 -0.554268 -0.554268 -0.832339
VERTEX_POSE A59 -0.411432 -0.636555 -0.687992 0.725719 -0.725719 -0.687992
VERTEX_POSE A60 0.729188 -0.835575 0.632690 -0.774405 0.774405 0.632690
VERTEX_POSE A61 0.316620 -0.141162 0.974905 0.222623 0.222623 -0.974905
VERTEX_POSE A62 0.895355 0.927888 -0.603663 -0.797240 0.797240 -0.603663
VERTEX_POSE A63 -0.778201 -0.267302 -0.688298 0.725428 0.725428 0.688298
VERTEX_POSE A64 -0.717817 -0.203703 -0.683222 -0.730211 -0.730211 0.683222
VERTEX_POSE A65 0.208172 -0.738255 -0.830403 -0.557163 -0.557163 0.830403
VERTEX_POSE A66 -0.809266 0.166410 0.674589 0.738194 -0.738194 0.674589
VERTEX_POSE A67 0.341941 0.483580 -0.976750 0.214379 -0.214379 -0.976750
VERTEX_POSE A68 -0.953881 0.603964 0.539438 0.842025 -0.842025 0.539438
VERTEX_POSE A69 -0.516232 0.626265 0.416154 -0.909294 0.909294 0.416154
VERTEX_POSE A70 0.964531 0.251121 -0.999917 0.012915 0.012915 0.999917
VERTEX_POSE A71 0.711035 -0.799211 -0.933878 0.357593 0.357593 0.933878
VERTEX_POSE A72 -0.123314 -0.649262 -0.365078 -0.930977 -0.930977 0.365078
VERTEX_POSE A73 0.731692 0.764751 0.279776 0.960065 0.960065 -0.279776
VERTEX_POSE A74 0.626100 0.387824 -0.803300 -0.595574 0.595574 -0.803300
VERTEX_POSE A75 -0.009770 0.436448 0.428400 -0.903589 -0.903589 -0.428400
VERTEX_POSE A76 0.076698 0.791295 -0.826062 -0.563579 -0.563579 0.826062
VERTEX_POSE A77 0.837577 0.245102 0.887890 -0.460056 0.460056 0.887890
VERTEX_POSE A78 0.374004 -0.276156 0.764830 -0.644232 -0.644232 -0.764830
VERTEX_POSE A79 -0.960781 -0.357948 0.507031 0.861928 0.861928 -0.507031
VERTEX_POSE A80 -0.815797 -0.382816 -0.441047 0.897484 0.897484 0.441047
VERTEX_POSE A81 -0.312397 -0.981708 -0.902583 -0.430516 -0.430516 0.902583
VERTEX_POSE A82 -0.188926 -0.241550 0.943005 -0.332779 0.332779 0.943005
VERTEX_POSE A83 -0.706492 0.781689 0.593821 0.804597 -0.804597 0.593821
VERTEX_POSE A84 -0.744884 -0.751301 -0.849366 -0.527805 -0.527805 0.849366
VERTEX_POSE A85 -0.610223 0.012713 0.226675 -0.973970 0.973970 0.226675
VERTEX_POSE A86 -0.418733 0.488857 -0.341302 0.939954 0.939954 0.341302
VERTEX_POSE A87 0.441158 -0.282782 -0.317827 -0.948149 0.948149 -0.317827
VERTEX_POSE A88 -0.643042 0.557221 0.877715 -0.479183 0.479183 0.877715
VERTEX_POSE A89 0.239766 -0.991765 -0.671626 -0.740890 0.740890 -0.671626
VERTEX_POSE A90 -0.970274 0.080663 -0.507422 0.861698 0.861698 0.507422
VERTEX_POSE A91 -0.913854 0.721646 -0.988763 0.149491 -0.149491 -0.988763
VERTEX_POSE A92 -0.443615 -0.132927 -0.695200 -0.718817 0.718817 -0.695200
VERTEX_POSE A93 0.925081 0.008551 0.724165 -0.689627 0.689627 0.724165
VERTEX_POSE A94 -0.692055 -0.545656 -0.540715 0.841206 -0.841206 -0.540715
VERTEX_POSE A95 -0.161431 0.663370 -0.875342 0.483505 -0.483505 -0.875342
VERTEX_POSE A96 0.133253 0.270296 -0.269772 -0.962924 -0.962924 0.269772
VERTEX_POSE A97 -0.501322 0.620754 0.906104 0.423055 -0.423055 0.906104
VERTEX_POSE A98 -0.819490 0.146950 0.950485 0.310771 0.310771 -0.950485
VERTEX_POSE A99 0.179372 -0.125740 -0.769570 0.638563 0.638563 0.769570
VERTEX_POSE A100 -0.017554 0.247019 -0.252196 0.967676 0.967676 0.252196
VERTEX_POSE A101 -0.854959 -0.601929 -0.678313 -0.734773 -0.734773 0.678313
VERTEX_POSE A102 -0.109593 0.075050 0.999869 -0.016156 0.016156 0.999869
VERTEX_POSE A103 0.859132 0.597758 -0.063285 0.997996 0.997996 0.063285
VERTEX_POSE A104 0.876733 -0.837178 -0.876350 0.481675 0.481675 0.876350
VERTEX_POSE A105 -0.483493 -0.537126 -0.696411 0.717643 0.717643 0.696411
VERTEX_POSE A106 -0.150638 0.034206 -0.303211 -0.952924 0.952924 -0.303211
VERTEX_POSE A107 -0.046569 0.954117 -0.211316 0.977418 0.977418 0.211316
VERTEX_POSE A108 -0.645916 0.707976 -0.074263 -0.997239 -0.997239 0.074263
VERTEX_POSE A109 -0.776634 0.758050 -0.459912 0.887964 -0.887964 -0.459912
VERTEX_POSE A110 -0.007350 -0.403831 0.490265 -0.871573 0.871573 0.490265
VERTEX_POSE A111 -0.461714 -0.674840 -0.745720 -0.666259 0.666259 -0.745720
VERTEX_POSE A112 -0.089031 0.776342 0.943069 0.332597 -0.332597 0.943069
VERTEX_POSE A113 0.803724 0.354619 0.765529 -0.643401 0.643401 0.765529
VERTEX_POSE A114 -0.168205 -0.893151 -0.443575 0.896237 0.896237 0.443575
VERTEX_POSE A115 0.166085 -0.974958 -0.658681 -0.752423 -0.752423 0.658681
VERTEX_POSE A116 -0.806499 -0.632668 0.766654 0.642061 0.642061 -0.766654
VERTEX_POSE A117 0.413062 0.595706 -0.322286 0.946642 0.946642 0.322286
VERTEX_POSE A118 -0.392756 -0.257740 -0.736625 0.676301 0.676301 0.736625
VERTEX_POSE A119 -0.449541 0.924553 0.666761 -0.745271 -0.745271 -0.666761
VERTEX_POSE A120 -0.347173 0.603941 0.712773 0.701394 -0.701394 0.712773
VERTEX_POSE A121 -0.363031 0.822923 -0.595215 -0.803566 0.803566 -0.595215
VERTEX_POSE A122 -0.363395 0.646199 -0.644937 -0.764235 -0.764235 0.644937
VERTEX_POSE A123 0.209213 -0.528986 0.994239 0.107185 -0.107185 0.994239
VERTEX_POSE A124 -0.437949 -0.168526 -0.340080 0.940397 -0.940397 -0.340080
VERTEX_POSE A125 -0.055450 -0.899457 0.971967 -0.235118 -0.235118 -0.971967
VERTEX_POSE A126 -0.952219 -0.865616 -0.814674 -0.579919 0.579919 -0.814674
VERTEX_POSE A127 0.695304 -0.898230 0.708332 0.705879 -0.705879 0.708332
VERTEX_POSE A128 0.443228 0.721297 0.513315 0.858200 0.858200 -0.513315
VERTEX_POSE A129 -0.771709 0.281335 -0.789508 0.613740 0.613740 0.789508
VERTEX_POSE A130 -0.125325 -0.023969 0.733746 0.679424 0.679424 -0.733746
VERTEX_POSE A131 -0.574325 -0.031683 0.998210 -0.059807 -0.059807 -0.998210
VERTEX_POSE A132 -0.626668 0.679406 -0.791836 -0.610734 0.610734 -0.791836
VERTEX_POSE A133 0.765082 -0.948920 -0.753140 0.657860 0.657860 0.753140
VERTEX_POSE A134 -0.715193 -0.433925 0.958287 0.285809 -0.285809 0.958287
VERTEX_POSE A135 -0.749935 0.842228 -0.912730 0.408563 -0.408563 -0.912730
VERTEX_POSE A136 -0.718411 -0.486046 0.999310 0.037145 0.037145 -0.999310
VERTEX_POSE A137 0.134169 0.600281 0.646178 -0.763187 -0.763187 -0.646178
VERTEX_POSE A138 0.203496 0.796345 0.991728 -0.128354 -0.128354 -0.991728
VERTEX_POSE A139 -0.364327 -0.778070 0.723085 -0.690759 0.690759 0.723085
VERTEX_POSE A140 0.357536 0.358331 -0.826164 0.563430 -0.563430 -0.826164
VERTEX_POSE A141 -0.803854 -0.607486 0.984905 -0.173097 0.173097 0.984905
VERTEX_POSE A142 0.173959 -0.452910 0.714232 0.699909 -0.699909 0.714232
VERTEX_POSE A143 -0.731495 0.134674 -0.641774 -0.766894 0.766894 -0.641774
VERTEX_POSE A144 0.999870 0.747133 0.317750 0.948175 0.948175 -0.317750
VERTEX_POSE A145 -0.994246 -0.346061 0.441979 -0.897026 0.897026 0.441979
VERTEX_POSE A146 0.434590 0.159715 0.841022 -0.541000 -0.541000 -0.841022
VERTEX_POSE A147 -0.806629 -0.885534 -0.169016 -0.985613 -0.985613 0.169016
VERTEX_POSE A148 0.418815 -0.750354 0.871387 0.490596 -0.490596 0.871387
VERTEX_POSE A149 -0.958166 0.901975 0.921163 0.389176 0.389176 -0.921163
VERTEX_POSE A150 -0.256170 -0.960981 0.559332 -0.828944 0.828944 0.559332
VERTEX_POSE A151 -0.928357 0.853587 -0.947472 -0.319840 -0.319840 0.947472
VERTEX_POSE A152 -0.321197 0.724899 -0.570639 0.821201 0.821201 0.570639
VERTEX_POSE A153 0.380435 0.685217 0.373869 0.927482 0.927482 -0.373869
VERTEX_POSE A154 0.280855 -0.675399 -0.805254 0.592929 0.592929 0.805254
VERTEX_POSE A155 0.240854 -0.443627 -0.856710 0.515799 0.515799 0.856710
VERTEX_POSE A156 -0.675016 0.785760 -0.330266 -0.943888 0.943888 -0.330266
VERTEX_POSE A157 0.328637 -0.541015 -0.999147 -0.041304 0.041304 -0.999147
VERTEX_POSE A158 -0.063842 -0.341857 0.994391 -0.105762 -0.105762 -0.994391
VERTEX_POSE A159 0.768212 0.507058 0.522143 -0.852858 -0.852858 -0.522143
VERTEX_POSE A160 0.556928 0.740320 -0.966990 0.254814 -0.254814 -0.966990
VERTEX_POSE A161 0.810833 0.634174 -0.448973 -0.893545 -0.893545 0.448973
VERTEX_POSE A162 -0.806113 -0.524625 -0.909243 0.416266 -0.416266 -0.909243
VERTEX_POSE A163 0.930260 0.419726 0.336947 0.941524 -0.941524 0.336947
VERTEX_POSE A164 0.575916 0.685255 -0.520273 -0.854000 -0.854000 0.520273
VERTEX_POSE A165 -0.521306 0.041449 -0.468863 -0.883271 0.883271 -0.468863
VERTEX_POSE A166 -0.819675 0.261954 0.386900 0.922122 0.922122 -0.386900
VERTEX_POSE A167 0.857505 -0.800791 0.672391 0.740196 0.740196 -0.672391
VERTEX_POSE A168 0.612863 -0.358270 -0.234926 0.972013 0.972013 0.234926
VERTEX_POSE A169 0.383821 0.058299 -0.150523 0.988606 0.988606 0.150523
VERTEX_POSE A170 -0.506822 -0.578861 -0.990210 0.139586 0.139586 0.990210
VERTEX_POSE A171 -0.029601 -0.999938 -0.883454 -0.468518 0.468518 -0.883454
VERTEX_POSE A172 0.579966 0.450813 0.793990 -0.607930 -0.607930 -0.793990
VERTEX_POSE A173 0.667137 -0.031770 0.917992 0.396599 -0.396599 0.917992
VERTEX_POSE A174 0.238904 0.134735 0.436189 0.899855 0.899855 -0.436189
VERTEX_POSE A175 0.579836 0.197946 0.741667 -0.670769 -0.670769 -0.741667
VERTEX_POSE A176 0.672891 0.622169 -0.333237 0.942843 0.942843 0.333237
VERTEX_POSE A177 -0.326506 -0.705549 -0.966315 0.257364 0.257364 0.966315
VERTEX_POSE A178 0.773207 0.312411 0.981141 -0.193293 0.193293 0.981141
VERTEX_POSE A179 0.091706 0.871815 0.371418 -0.928466 0.928466 0.371418
VERTEX_POSE A180 -0.284672 -0.803574 0.253577 0.967315 0.967315 -0.253577
VERTEX_POSE A181 -0.482963 0.351430 -0.029049 -0.999578 0.999578 -0.029049
VERTEX_POSE A182 0.163349 0.725401 0.773103 -0.634281 0.634281 0.773103
VERTEX_POSE A183 0.394131 0.921324 0.776336 -0.630319 0.630319 0.776336
VERTEX_POSE A184 0.897471 0.036647 -0.996655 -0.081719 -0.081719 0.996655
VERTEX_POSE A185 -0.555796 -0.949998 -0.870522 -0.492129 -0.492129 0.870522
VERTEX_POSE A186 -0.365014 -0.522303 -0.853481 -0.521124 0.521124 -0.853481
VERTEX_POSE A187 -0.777545 -0.177592 -0.559280 -0.828979 0.828979 -0.559280
VERTEX_POSE A188 0.772841 -0.491013 -0.999919 -0.012708 0.012708 -0.999919
VERTEX_POSE A189 0.571144 0.135841 0.540702 -0.841214 -0.841214 -0.540702
VERTEX_POSE A190 0.990668 -0.670534 -0.999933 0.011603 -0.011603 -0.999933
VERTEX_POSE A191 0.329769 -0.750693 -0.967412 -0.253208 -0.253208 0.967412
VERTEX_POSE A192 0.381977 -0.229985 0.425945 -0.904749 0.904749 0.425945
VERTEX_POSE A193 -0.815445 -0.195160 -0.364177 -0.931330 0.931330 -0.364177
VERTEX_POSE A194 0.260029 0.669033 0.728642 -0.684894 0.684894 0.728642
VERTEX_POSE A195 -0.042108 -0.544730 -0.818492 0.574518 0.574518 0.818492
VERTEX_POSE A196 -0.336752 0.846290 -0.409457 0.912330 -0.912330 -0.409457
VERTEX_POSE A197 0.440354 -0.069013 -0.355007 -0.934864 -0.934864 0.355007
VERTEX_POSE A198 -0.184603 -0.345521 0.366856 0.930278 -0.930278 0.366856
VERTEX_POSE A199 -0.723889 -0.511980 -0.284309 -0.958733 -0.958733 0.284309
VERTEX_POSE A200 -0.175826 0.989285 -0.265546 -0.964098 0.964098 -0.265546
VERTEX_POSE A201 0.308575 0.075619 -0.228712 0.973494 -0.973494 -0.228712
VERTEX_POSE A202 0.246510 -0.511918 0.726408 -0.687264 -0.687264 -0.726408
VERTEX_POSE A203 -0.595859 0.440098 0.928688 -0.370863 0.370863 0.928688
VERTEX_POSE A204 -0.024288 -0.956152 -0.350560 0.936540 -0.936540 -0.350560
VERTEX_POSE A205 -0.514586 0.622817 -0.855189 -0.518317 -0.518317 0.855189
VERTEX_POSE A206 0.983976 -0.361956 -0.676355 -0.736576 0.736576 -0.676355
VERTEX_POSE A207 -0.351397 0.666017 -0.968431 0.249282 0.249282 0.968431
VERTEX_POSE A208 0.158908 0.917267 -0.345208 -0.938526 -0.938526 0.345208
VERTEX_POSE A209 0.757183 0.950456 0.825437 -0.564495 -0.564495 -0.825437
VERTEX_POSE A210 0.740309 0.537832 0.640682 0.767806 -0.767806 0.640682
VERTEX_POSE A211 0.874236 -0.886307 0.895819 0.444418 -0.444418 0.895819
VERTEX_POSE A212 -0.725780 0.301885 0.740278 0.672301 -0.672301 0.740278
VERTEX_POSE A213 -0.096342 0.263233 -0.547043 -0.837105 -0.837105 0.547043
VERTEX_POSE A214 0.268368 -0.964982 0.970805 0.239869 0.239869 -0.970805
VERTEX_POSE A215 -0.828309 -0.661467 0.272580 -0.962133 -0.962133 -0.272580
VERTEX_POSE A216 0.347862 0.313235 -0.859986 -0.510318 -0.510318 0.859986
VERTEX_POSE A217 0.903353 -0.487285 -0.999841 0.017805 -0.017805 -0.999841
VERTEX_POSE A218 -0.605854 0.160941 0.092236 0.995737 0.995737 -0.092236
VERTEX_POSE A219 0.120703 0.822223 0.797057 0.603904 0.603904 -0.797057
VERTEX_POSE A220 0.474497 0.648556 0.847102 0.531431 -0.531431 0.847102
VERTEX_POSE A221 -0.615186 0.490406 -0.994790 -0.101943 0.101943 -0.994790
VERTEX_POSE A222 -0.549528 -0.928470 0.772177 -0.635408 -0.635408 -0.772177
VERTEX_POSE A223 -0.143527 -0.581429 -0.299176 -0.954198 -0.954198 0.299176
VERTEX_POSE A224 -0.430631 -0.704753 -0.123990 0.992284 0.992284 0.123990
VERTEX_POSE A225 0.710500 0.740563 0.307599 -0.951516 -0.951516 -0.307599
VERTEX_POSE A226 0.814366 -0.126159 0.984889 -0.173189 -0.173189 -0.984889
VERTEX_POSE A227 0.232617 -0.858463 0.908388 0.418128 0.418128 -0.908388
VERTEX_POSE A228 0.150854 -0.328451 -0.969439 -0.245333 -0.245333 0.969439
VERTEX_POSE A229 -0.370237 0.528320 0.337038 0.941491 0.941491 -0.337038
VERTEX_POSE A230 0.508729 -0.370443 -0.344909 -0.938636 -0.938636 0.344909
VERTEX_POSE A231 0.975028 -0.339165 -0.640393 0.768048 0.768048 0.640393
VERTEX_POSE A232 0.938338 -0.396061 -0.792913 -0.609335 -0.609335 0.792913
VERTEX_POSE A233 -0.244761 0.117638 -0.877112 -0.480286 0.480286 -0.877112
VERTEX_POSE A234 -0.620831 -0.899067 -0.211617 -0.977353 0.977353 -0.211617
VERTEX_POSE A235 -0.085951 -0.352213 0.962181 0.272409 0.272409 -0.962181
VERTEX_POSE A236 0.240653 -0.259545 0.946948 -0.321386 -0.321386 -0.946948
VERTEX_POSE A237 -0.636855 -0.261023 0.597332 0.801994 -0.801994 0.597332
VERTEX_POSE A238 0.562652 -0.686196 0.247834 0.968803 -0.968803 0.247834
VERTEX_POSE A239 -0.600439 -0.342278 -0.373550 -0.927610 -0.927610 0.373550
VERTEX_POSE A240 -0.879672 -0.310567 0.226629 0.973981 -0.973981 0.226629
VERTEX_POSE A241 0.302961 0.851636 -0.990368 0.138462 0.138462 0.990368
VERTEX_POSE A242 -0.726203 -0.228584 0.840359 -0.542030 0.542030 0.840359
VERTEX_POSE A243 -0.605452 0.991318 0.148927 -0.988848 0.988848 0.148927
VERTEX_POSE A244 -0.793381 0.114870 -0.885989 -0.463707 0.463707 -0.885989
VERTEX_POSE A245 0.542164 -0.193567 -0.841923 0.539597 0.539597 0.841923
VERTEX_POSE A246 -0.433761 -0.670149 0.186638 -0.982429 -0.982429 -0.186638
VERTEX_POSE A247 0.554481 -0.571895 0.097319 0.995253 -0.995253 0.097319
VERTEX_POSE A248 0.445518 0.319148 -0.455052 0.890465 0.890465 0.455052
VERTEX_POSE A249 -0.039615 0.490791 -0.235127 0.971965 -0.971965 -0.235127
VERTEX_POSE A250 -0.324816 -0.749672 0.753184 -0.657810 -0.657810 -0.753184
VERTEX_POSE A251 -0.079986 -0.032296 0.978602 0.205764 0.205764 -0.978602
VERTEX_POSE A252 0.345199 -0.018802 -0.983286 -0.182068 -0.182068 0.983286
VERTEX_POSE A253 0.125656 -0.678142 -0.573031 0.819534 0.819534 0.573031
VERTEX_POSE A254 0.776488 0.386275 -0.985104 0.171959 0.171959 0.985104
VERTEX_POSE A255 0.914568 0.276444 -0.906984 0.421165 0.421165 0.906984
VERTEX_POSE A256 -0.163844 -0.937579 -0.970805 -0.239872 0.239872 -0.970805
VERTEX_POSE A257 0.590854 -0.739884 -0.778027 -0.628231 -0.628231 0.778027
VERTEX_POSE A258 0.147185 0.417981 -0.518583 -0.855027 0.855027 -0.518583
VERTEX_POSE A259 0.987009 -0.266030 -0.817010 -0.576624 -0.576624 0.817010
VERTEX_POSE A260 -0.779384 0.788436 0.611691 -0.791097 0.791097 0.611691
VERTEX_POSE A261 -0.344086 -0.952462 -0.623713 -0.781654 -0.781654 0.623713
VERTEX_POSE A262 0.962037 0.394805 -0.217356 0.976092 -0.976092 -0.217356
VERTEX_POSE A263 -0.841046 -0.607625 0.787146 0.616767 0.616767 -0.787146
VERTEX_POSE A264 0.411153 0.165176 -0.606013 -0.795455 0.795455 -0.606013
VERTEX_POSE A265 -0.658794 0.495738 0.998992 0.044879 -0.044879 0.998992
VERTEX_POSE A266 0.073003 0.040162 -0.202687 0.979244 0.979244 0.202687
VERTEX_POSE A267 -0.348194 0.905631 -0.295418 0.955368 -0.955368 -0.295418
VERTEX_POSE A268 -0.295649 -0.765285 -0.816473 0.577383 0.577383 0.816473
VERTEX_POSE A269 -0.364345 0.353966 0.918694 0.394971 -0.394971 0.918694
VERTEX_POSE A270 0.051367 -0.436647 -0.248561 0.968616 0.968616 0.248561
VERTEX_POSE A271 -0.175321 -0.075852 -0.856469 0.516198 0.516198 0.856469
VERTEX_POSE A272 0.938616 0.205602 0.917843 0.396943 0.396943 -0.917843
VERTEX_POSE A273 0.325164 0.334769 0.550745 -0.834674 0.834674 0.550745
VERTEX_POSE A274 0.219227 -0.084534 0.726703 0.686952 -0.686952 0.726703
VERTEX_POSE B0 -0.854765 -0.679528 -0.060207 -0.998186 -0.998186 0.060207
VERTEX_POSE B1 -0.132672 -0.858797 0.453581 -0.891215 0.891215 0.453581
VERTEX_POSE B2 0.785466 0.245317 -0.907203 -0.420693 0.420693 -0.907203
VERTEX_POSE B3 0.699717 -0.251423 0.585428 -0.810724 -0.810724 -0.585428
VERTEX_POSE B4 -0.687154 0.460351 -0.668515 0.743698 0.743698 0.668515
VERTEX_POSE B5 -0.254149 -0.263892 -0.637215 -0.770686 0.770686 -0.637215
VERTEX_POSE B6 -0.625099 -0.001095 0.893605 0.448854 0.448854 -0.893605
VERTEX_POSE B7 0.232860 -0.571945 0.610018 -0.792387 0.792387 0.610018
VERTEX_POSE B8 -0.908950 0.717306 -0.421933 -0.906627 0.906627 -0.421933
VERTEX_POSE B9 0.500556 0.320763 -0.758577 -0.651583 -0.651583 0.758577
VERTEX_POSE B10 0.009348 0.814330 0.761489 0.648177 -0.648177 0.761489
VERTEX_POSE B11 -0.994381 -0.006250 0.850439 0.526074 -0.526074 0.850439
VERTEX_POSE B12 -0.663288 0.383183 0.282720 0.959202 0.959202 -0.282720
VERTEX_POSE B13 -0.399798 -0.925554 -0.111294 -0.993788 -0.993788 0.111294
VERTEX_POSE B14 0.152804 -0.588269 -0.728751 -0.684779 0.684779 -0.728751
VERTEX_POSE B15 -0.676279 -0.882846 0.908969 0.416863 0.416863 -0.908969
VERTEX_POSE B16 -0.179182 0.862883 -0.286530 0.958071 -0.958071 -0.286530
VERTEX_POSE B17 0.808718 -0.540731 0.997826 0.065906 -0.065906 0.997826
VERTEX_POSE B18 -0.714241 0.511958 -0.999438 0.033533 0.033533 0.999438
VERTEX_POSE B19 -0.020228 -0.744743 0.995654 0.093129 0.093129 -0.995654
VERTEX_POSE B20 0.219871 0.624444 -0.484348 0.874875 -0.874875 -0.484348
VERTEX_POSE B21 -0.373035 0.007696 -0.412563 -0.910929 -0.910929 0.412563
VERTEX_POSE B22 -0.947224 0.295419 0.999372 0.035429 0.035429 -0.999372
VERTEX_POSE B23 0.871677 0.530075 0.141063 -0.990001 -0.990001 -0.141063
VERTEX_POSE B24 0.331316 0.242411 -0.558766 0.829325 0.829325 0.558766
VERTEX_POSE B25 -0.311569 -0.350615 -0.642017 -0.766690 -0.766690 0.642017
VERTEX_POSE B26 -0.076956 -0.906571 -0.548245 -0.836318 -0.836318 0.548245
VERTEX_POSE B27 -0.844005 -0.833441 0.753912 0.656975 0.656975 -0.753912
VERTEX_POSE B28 -0.372952 0.854988 0.970615 -0.240637 0.240637 0.970615
VERTEX_POSE B29 -0.751793 0.428198 0.398920 0.916986 -0.916986 0.398920
VERTEX_POSE B30 0.375222 0.082025 0.568824 0.822459 -0.822459 0.568824
VERTEX_POSE B31 -0.227717 -0.824540 0.895983 -0.444089 -0.444089 -0.895983
VERTEX_POSE B32 0.115536 0.569400 0.724644 -0.689124 -0.689124 -0.724644
VERTEX_POSE B33 0.160688 -0.672659 0.077314 0.997007 0.997007 -0.077314
VERTEX_POSE B34 -0.528000 -0.075963 0.811070 -0.584949 0.584949 0.811070
VERTEX_POSE B35 0.428381 0.029751 -0.999978 -0.006622 -0.006622 0.999978
VERTEX_POSE B36 0.906539 0.063449 -0.922333 -0.386395 0.386395 -0.922333
VERTEX_POSE B37 -0.153100 0.922942 -0.268030 -0.963411 0.963411 -0.268030
VERTEX_POSE B38 -0.338758 0.457807 0.940670 0.339323 -0.339323 0.940670
VERTEX_POSE B39 0.997589 -0.219245 -0.958822 -0.284007 0.284007 -0.958822
VERTEX_POSE B40 -0.652544 0.243705 -0.956791 -0.290778 -0.290778 0.956791
VERTEX_POSE B41 0.670590 0.272137 0.579944 0.814657 0.814657 -0.579944
VERTEX_POSE B42 -0.996792 0.774505 -0.962752 -0.270385 -0.270385 0.962752
VERTEX_POSE B43 -0.315832 -0.373112 -0.959502 -0.281702 0.281702 -0.959502
VERTEX_POSE B44 -0.729208 0.346583 -0.683743 -0.729723 0.729723 -0.683743
VERTEX_POSE B45 0.156012 -0.813764 -0.745832 0.666135 0.666135 0.745832
VERTEX_POSE B46 0.007890 -0.255958 0.309868 0.950780 -0.950780 0.309868
VERTEX_POSE B47 0.091610 0.209466 0.885879 -0.463916 -0.463916 -0.885879
VERTEX_POSE B48 -0.035270 -0.354495 0.998751 0.049971 -0.049971 0.998751
VERTEX_POSE B49 0.293648 -0.744000 -0.862967 -0.505260 0.505260 -0.862967
VERTEX_POSE B50 -0.928617 0.464723 0.956695 -0.291093 -0.291093 -0.956695
VERTEX_POSE B51 -0.815399 -0.730051 0.832995 -0.553281 -0.553281 -0.832995
VERTEX_POSE B52 0.920613 0.263696 0.915659 -0.401955 0.401955 0.915659
VERTEX_POSE B53 -0.875842 -0.239858 0.477517 0.878622 0.878622 -0.477517
VERTEX_POSE B54 -0.943722 0.800024 0.695879 -0.718159 0.718159 0.695879
VERTEX_POSE B55 0.251929 -0.493892 -0.271710 -0.962379 -0.962379 0.271710
VERTEX_POSE B56 -0.187411 0.409527 0.831717 0.555199 -0.555199 0.831717
VERTEX_POSE B57 -0.020678 0.893453 0.856238 -0.516581 0.516581 0.856238
VERTEX_POSE B58 0.407923 -0.327333 -0.818279 -0.574821 0.574821 -0.818279
VERTEX_POSE B59 0.439637 0.264515 -0.144331 -0.989530 0.989530 -0.144331
VERTEX_POSE B60 0.227529 0.321651 0.449017 0.893523 -0.893523 0.449017
VERTEX_POSE B61 -0.216855 0.754691 -0.817117 -0.576472 -0.576472 0.817117
VERTEX_POSE B62 -0.788080 0.439975 0.254725 -0.967014 -0.967014 -0.254725
VERTEX_POSE B63 -0.656935 -0.108949 0.663719 -0.747982 0.747982 0.663719
VERTEX_POSE B64 0.943833 -0.917967 0.376049 -0.926600 -0.926600 -0.376049
VERTEX_POSE B65 -0.316080 -0.635989 0.934384 -0.356267 0.356267 0.934384
VERTEX_POSE B66 0.771446 0.920803 -0.638640 -0.769505 0.769505 -0.638640
VERTEX_POSE B67 0.850371 0.145482 -0.799835 -0.600220 -0.600220 0.799835
VERTEX_POSE B68 0.530820 -0.713047 0.907315 -0.420451 -0.420451 -0.907315
VERTEX_POSE B69 -0.567312 0.378609 -0.976092 0.217358 -0.217358 -0.976092
VERTEX_POSE B70 0.847960 0.926237 0.999879 0.015569 -0.015569 0.999879
VERTEX_POSE B71 0.878276 0.530658 -0.892338 0.451367 0.451367 0.892338
VERTEX_POSE B72 -0.896722 -0.349254 -0.457686 -0.889114 0.889114 -0.457686
VERTEX_POSE B73 0.851168 0.700742 0.807620 0.589704 0.589704 -0.807620
VERTEX_POSE B74 -0.437555 -0.842454 -0.168367 -0.985724 -0.985724 0.168367
VERTEX_POSE B75 -0.625930 0.997330 -0.673241 0.739423 0.739423 0.673241
VERTEX_POSE B76 0.007179 0.886978 0.736352 -0.676599 -0.676599 -0.736352
VERTEX_POSE B77 0.570334 -0.098412 -0.923710 0.383093 -0.383093 -0.923710
VERTEX_POSE B78 0.465680 0.206795 -0.705786 -0.708425 0.708425 -0.705786
VERTEX_POSE B79 0.971909 -0.467517 0.929241 -0.369474 -0.369474 -0.929241
VERTEX_POSE B80 -0.136017 0.157588 -0.868938 0.494920 0.494920 0.868938
VERTEX_POSE B81 0.537062 -0.328481 0.427358 0.904083 -0.904083 0.427358
VERTEX_POSE B82 -0.843490 -0.197568 -0.308018 0.951380 0.951380 0.308018
VERTEX_POSE B83 -0.215404 -0.578716 0.999266 0.038316 0.038316 -0.999266
VERTEX_POSE B84 0.661221 0.431661 -0.777709 -0.628625 -0.628625 0.777709
VERTEX_POSE B85 -0.787213 -0.397544 -0.418007 -0.908444 -0.908444 0.418007
VERTEX_POSE B86 -0.963475 -0.072608 0.921405 0.388604 -0.388604 0.921405
VERTEX_POSE B87 -0.526190 -0.158811 0.989910 -0.141701 -0.141701 -0.989910
VERTEX_POSE B88 0.192109 -0.504091 0.983138 -0.182864 -0.182864 -0.983138
VERTEX_POSE B89 0.444448 0.600058 0.751551 -0.659674 0.659674 0.751551
VERTEX_POSE B90 0.913447 -0.894297 0.570832 0.821067 0.821067 -0.570832
VERTEX_POSE B91 -0.580362 0.817560 -0.922809 0.385259 0.385259 0.922809
VERTEX_POSE B92 -0.772407 0.354749 -0.999995 -0.003258 -0.003258 0.999995
VERTEX_POSE B93 -0.874633 0.545678 0.390852 0.920454 0.920454 -0.390852
VERTEX_POSE B94 -0.237297 -0.291388 0.083889 -0.996475 0.996475 0.083889
VERTEX_POSE B95 -0.828574 0.436782 0.360815 0.932637 -0.932637 0.360815
VERTEX_POSE B96 -0.190714 0.909689 -0.680584 -0.732670 -0.732670 0.680584
VERTEX_POSE B97 -0.465851 -0.370586 -0.654025 -0.756473 -0.756473 0.654025
VERTEX_POSE B98 -0.978203 -0.417736 -0.799896 -0.600138 0.600138 -0.799896
VERTEX_POSE B99 -0.659894 -0.803357 -0.240601 -0.970624 -0.970624 0.240601
VERTEX_POSE B100 -0.033163 -0.991976 0.252489 0.967600 0.967600 -0.252489
VERTEX_POSE B101 0.869757 -0.491499 0.040579 -0.999176 -0.999176 -0.040579
VERTEX_POSE B102 -0.781618 0.727301 -0.714422 -0.699715 -0.699715 0.714422
VERTEX_POSE B103 0.070115 -0.341230 -0.540229 -0.841518 -0.841518 0.540229
VERTEX_POSE B104 0.720925 -0.790757 0.974076 -0.226223 0.226223 0.974076
VERTEX_POSE B105 -0.219173 0.884847 -0.664817 0.747006 -0.747006 -0.664817
VERTEX_POSE B106 0.444184 -0.343901 -0.915998 -0.401184 -0.401184 0.915998
VERTEX_POSE B107 -0.271895 -0.903779 0.624271 -0.781208 -0.781208 -0.624271
VERTEX_POSE B108 -0.648838 -0.213566 0.987413 -0.158166 0.158166 0.987413
VERTEX_POSE B109 -0.090136 0.862895 0.714023 -0.700122 -0.700122 -0.714023
VERTEX_POSE B110 -0.299987 -0.371297 0.989311 -0.145822 -0.145822 -0.989311
VERTEX_POSE B111 0.215144 0.944022 0.039605 0.999215 0.999215 -0.039605
VERTEX_POSE B112 -0.553073 -0.465586 0.765845 -0.643025 0.643025 0.765845
VERTEX_POSE B113 -0.143477 0.431135 -0.991236 -0.132105 0.132105 -0.991236
VERTEX_POSE B114 0.999740 -0.634694 -0.402634 -0.915361 -0.915361 0.402634
VERTEX_POSE B115 -0.891853 0.966075 0.829937 0.557857 0.557857 -0.829937
VERTEX_POSE B116 0.069311 -0.966409 0.963052 0.269317 -0.269317 0.963052
VERTEX_POSE B117 -0.963735 0.292697 -0.580927 -0.813956 -0.813956 0.580927
VERTEX_POSE B118 -0.418043 -0.192737 -0.724502 0.689273 0.689273 0.724502
VERTEX_POSE B119 -0.738580 -0.470499 0.404854 -0.914382 -0.914382 -0.404854
VERTEX_POSE B120 0.480713 -0.107245 0.650341 0.759643 0.759643 -0.650341
VERTEX_POSE B121 -0.504596 -0.087033 -0.875448 0.483313 -0.483313 -0.875448
VERTEX_POSE B122 -0.318942 -0.652939 -0.294070 0.955784 0.955784 0.294070
VERTEX_POSE B123 0.708306 -0.752495 0.998677 0.051413 0.051413 -0.998677
VERTEX_POSE B124 -0.379229 -0.541355 -0.996715 -0.080994 -0.080994 0.996715
VERTEX_POSE B125 0.443761 0.055673 0.913783 0.406203 -0.406203 0.913783
VERTEX_POSE B126 0.879732 0.684287 0.820985 0.570949 0.570949 -0.820985
VERTEX_POSE B127 0.430057 -0.631666 0.895628 0.444805 0.444805 -0.895628
VERTEX_POSE B128 0.977909 0.685087 0.331883 0.943321 -0.943321 0.331883
VERTEX_POSE B129 0.901530 -0.733449 -0.663068 -0.748559 0.748559 -0.663068
VERTEX_POSE B130 0.770164 -0.435023 0.546787 -0.837272 -0.837272 -0.546787
VERTEX_POSE B131 -0.055254 0.693111 -0.899029 0.437889 -0.437889 -0.899029
VERTEX_POSE B132 0.771287 -0.224949 -0.522620 -0.852566 -0.852566 0.522620
VERTEX_POSE B133 0.988546 -0.707723 0.752465 0.658632 0.658632 -0.752465
VERTEX_POSE B134 -0.985139 -0.648119 0.913616 -0.406578 0.406578 0.913616
VERTEX_POSE B135 0.492212 -0.015706 -0.761669 0.647967 -0.647967 -0.761669
VERTEX_POSE B136 -0.230627 -0.822876 -0.637571 -0.770391 0.770391 -0.637571
VERTEX_POSE B137 0.459045 0.007980 -0.865411 -0.501063 -0.501063 0.865411
VERTEX_POSE B138 -0.779683 0.080515 -0.175027 -0.984564 0.984564 -0.175027
VERTEX_POSE B139 0.120535 -0.036442 0.778643 -0.627467 -0.627467 -0.778643
VERTEX_POSE B140 -0.631091 -0.129125 0.680102 0.733118 -0.733118 0.680102
VERTEX_POSE B141 -0.079670 0.709218 -0.206158 0.978519 0.978519 0.206158
VERTEX_POSE B142 -0.664321 -0.092420 -0.118422 0.992963 0.992963 0.118422
VERTEX_POSE B143 -0.184164 0.405288 -0.874922 -0.484264 0.484264 -0.874922
VERTEX_POSE B144 0.776853 0.140353 0.467655 0.883911 0.883911 -0.467655
VERTEX_POSE B145 -0.664580 0.272886 -0.911312 -0.411717 0.411717 -0.911312
VERTEX_POSE B146 -0.076017 0.371363 0.999540 -0.030320 0.030320 0.999540
VERTEX_POSE B147 -0.153836 0.173945 0.932935 -0.360045 0.360045 0.932935
VERTEX_POSE B148 -0.628315 -0.434417 0.885740 0.464182 0.464182 -0.885740
VERTEX_POSE B149 0.505941 -0.821374 -0.069511 0.997581 0.997581 0.069511
VERTEX_POSE B150 0.107584 0.703446 -0.826604 -0.562784 0.562784 -0.826604
VERTEX_POSE B151 0.852398 0.458338 -0.869446 -0.494028 -0.494028 0.869446
VERTEX_POSE B152 -0.998655 0.091593 0.999612 0.027865 -0.027865 0.999612
VERTEX_POSE B153 0.788641 -0.949493 0.110589 0.993866 0.993866 -0.110589
VERTEX_POSE B154 0.560704 0.705843 0.688363 -0.725367 0.725367 0.688363
VERTEX_POSE B155 -0.377884 0.550237 -0.987506 0.157584 -0.157584 -0.987506
VERTEX_POSE B156 0.232402 0.106179 -1.000000 -0.000498 0.000498 -1.000000
VERTEX_POSE B157 0.440437 0.390130 -0.981350 0.192231 -0.192231 -0.981350
VERTEX_POSE B158 -0.947826 0.918572 -0.902463 -0.430768 0.430768 -0.902463
VERTEX_POSE B159 0.210311 -0.208734 0.899473 0.436975 -0.436975 0.899473
VERTEX_POSE B160 0.341966 0.656681 0.999966 0.008236 -0.008236 0.999966
VERTEX_POSE B161 0.822337 -0.516452 0.946154 -0.323716 0.323716 0.946154
VERTEX_POSE B162 -0.844942 -0.515623 0.713684 0.700468 0.700468 -0.713684
VERTEX_POSE C0 0.113253 -0.568268 0.409787 0.912181 0.912181 -0.409787
VERTEX_POSE C1 0.810883 -0.224174 0.858640 0.512579 -0.512579 0.858640
VERTEX_POSE C2 -0.830081 -0.163742 0.795418 0.606061 -0.606061 0.795418
VERTEX_POSE C3 -0.394535 0.416026 -0.727486 -0.686122 0.686122 -0.727486
VERTEX_POSE C4 -0.419743 -0.047050 0.773950 -0.633246 -0.633246 -0.773950
VERTEX_POSE C5 0.628964 0.844238 -0.138451 -0.990369 0.990369 -0.138451
VERTEX_POSE C6 -0.174218 -0.503459 0.887451 -0.460903 0.460903 0.887451
VERTEX_POSE C7 0.700791 0.916508 -0.383151 -0.923686 -0.923686 0.383151
VERTEX_POSE C8 0.997873 -0.284888 0.516842 0.856081 0.856081 -0.516842
VERTEX_POSE C9 0.746112 -0.794241 -0.347373 0.937727 -0.937727 -0.347373
VERTEX_POSE C10 -0.963529 -0.175912 -0.984579 0.174943 0.174943 0.984579
VERTEX_POSE C11 -0.186291 -0.879599 -0.804922 -0.593380 -0.593380 0.804922
VERTEX_POSE C12 0.522965 0.346112 -0.757776 -0.652515 -0.652515 0.757776
VERTEX_POSE C13 -0.628110 -0.903026 -0.258979 -0.965883 0.965883 -0.258979
VERTEX_POSE C14 0.737693 0.491764 0.247985 -0.968764 0.968764 0.247985
VERTEX_POSE C15 -0.630871 -0.479943 -0.634599 -0.772842 0.772842 -0.634599
VERTEX_POSE C16 -0.256425 -0.337443 -0.108249 0.994124 0.994124 0.108249
VERTEX_POSE C17 0.243634 0.670390 -0.392419 -0.919787 -0.919787 0.392419
VERTEX_POSE C18 0.476713 -0.776498 -0.570796 -0.821092 0.821092 -0.570796
VERTEX_POSE C19 -0.404027 -0.879105 -0.995697 0.092670 -0.092670 -0.995697
VERTEX_POSE C20 0.244979 -0.238018 -0.657572 0.753392 -0.753392 -0.657572
VERTEX_POSE C21 0.265354 -0.725991 0.795365 -0.606131 0.606131 0.795365
VERTEX_POSE C22 -0.843322 0.826738 -0.639623 -0.768689 -0.768689 0.639623
VERTEX_POSE C23 0.867095 -0.687780 -0.725496 0.688226 0.688226 0.725496
VERTEX_POSE C24 -0.502244 0.380189 0.688766 0.724984 -0.724984 0.688766
VERTEX_POSE C25 0.597114 0.216868 0.102943 0.994687 -0.994687 0.102943
VERTEX_POSE C26 0.919269 -0.769208 -0.579943 0.814657 0.814657 0.579943
VERTEX_POSE C27 0.708068 -0.828545 -0.997391 -0.072186 0.072186 -0.997391
VERTEX_POSE C28 -0.060919 -0.126451 0.467010 -0.884252 -0.884252 -0.467010
VERTEX_POSE C29 0.741606 -0.285660 0.639551 -0.768749 0.768749 0.639551
VERTEX_POSE C30 0.863126 -0.344168 0.175693 0.984445 0.984445 -0.175693
VERTEX_POSE C31 -0.947666 0.305281 -0.518228 -0.855243 -0.855243 0.518228
VERTEX_POSE C32 0.552489 0.490166 0.254913 -0.966964 0.966964 0.254913
VERTEX_POSE C33 -0.966956 0.492090 -0.678019 -0.735044 -0.735044 0.678019
VERTEX_POSE C34 -0.342201 -0.278693 0.514154 -0.857698 0.857698 0.514154
VERTEX_POSE C35 -0.867254 -0.556885 0.482739 -0.875764 -0.875764 -0.482739
VERTEX_POSE C36 0.662008 0.336327 -0.995918 -0.090267 -0.090267 0.995918
VERTEX_POSE C37 0.483581 0.217848 -0.524756 -0.851253 -0.851253 0.524756
VERTEX_POSE C38 0.833537 -0.640377 -0.851158 0.524910 0.524910 0.851158
VERTEX_POSE C39 0.659881 -0.948560 -0.063699 0.997969 0.997969 0.063699
VERTEX_POSE C40 0.229693 0.423606 0.602532 -0.798095 0.798095 0.602532
VERTEX_POSE C41 0.870008 0.183711 0.812075 0.583553 -0.583553 0.812075
VERTEX_POSE C42 -0.526409 -0.828160 0.807996 0.589189 0.589189 -0.807996
VERTEX_POSE C43 -0.247341 -0.230282 0.201870 -0.979412 0.979412 0.201870
VERTEX_POSE C44 -0.758102 0.280685 -0.520254 -0.854011 -0.854011 0.520254
VERTEX_POSE C45 -0.788716 0.663604 -0.402150 -0.915574 0.915574 -0.402150
VERTEX_POSE C46 0.121788 0.289775 0.977265 0.212022 0.212022 -0.977265
VERTEX_POSE C47 -0.014526 0.943242 -0.255358 -0.966846 -0.966846 0.255358
VERTEX_POSE C48 0.454917 0.333994 -0.778051 -0.628201 0.628201 -0.778051
VERTEX_POSE C49 -0.401499 0.513278 0.037917 -0.999281 -0.999281 -0.037917
VERTEX_POSE C50 0.581447 -0.935863 0.038078 0.999275 0.999275 -0.038078
VERTEX_POSE C51 -0.300104 -0.904024 -0.980405 -0.196992 -0.196992 0.980405
VERTEX_POSE C52 0.863856 0.787287 0.978445 -0.206510 -0.206510 -0.978445
VERTEX_POSE C53 0.738124 0.890875 0.622643 -0.782506 -0.782506 -0.622643
VERTEX_POSE C54 -0.433009 -0.591804 -0.999947 0.010253 -0.010253 -0.999947
VERTEX_POSE C55 -0.638388 0.167475 -0.927617 -0.373533 0.373533 -0.927617
VERTEX_POSE C56 0.335239 0.107744 0.132353 -0.991203 -0.991203 -0.132353
VERTEX_POSE C57 -0.513740 -0.361012 0.268559 -0.963263 0.963263 0.268559
VERTEX_POSE C58 -0.930320 0.338930 0.853428 0.521211 -0.521211 0.853428
VERTEX_POSE C59 -0.725681 0.981293 0.989060 -0.147517 0.147517 0.989060
VERTEX_POSE C60 -0.772134 0.353327 0.738857 -0.673862 -0.673862 -0.738857
VERTEX_POSE C61 0.932805 0.994762 0.198029 0.980196 -0.980196 0.198029
VERTEX_POSE C62 -0.673347 0.286574 0.931853 -0.362836 -0.362836 -0.931853
VERTEX_POSE C63 0.780355 -0.156507 0.710535 -0.703662 0.703662 0.710535
VERTEX_POSE C64 0.965850 0.486852 0.949890 -0.312585 -0.312585 -0.949890
VERTEX_POSE C65 -0.015547 -0.992119 -0.909655 0.415365 -0.415365 -0.909655
VERTEX_POSE C66 0.913101 0.286609 -0.982513 -0.186192 0.186192 -0.982513
VERTEX_POSE C67 0.627858 -0.176820 0.935712 0.352764 -0.352764 0.935712
VERTEX_POSE C68 -0.531966 0.225729 0.923316 0.384040 0.384040 -0.923316
VERTEX_POSE C69 0.746639 0.646232 -0.282296 -0.959327 -0.959327 0.282296
VERTEX_POSE C70 0.287739 -0.125381 0.687944 -0.725764 -0.725764 -0.687944
VERTEX_POSE C71 0.697727 -0.350665 0.739172 -0.673517 -0.673517 -0.739172
VERTEX_POSE C72 0.616647 -0.170057 -0.922011 -0.387164 0.387164 -0.922011
VERTEX_POSE C73 0.761330 0.046460 -0.368166 -0.929760 -0.929760 0.368166
VERTEX_POSE C74 -0.549614 0.419053 0.686014 -0.727588 0.727588 0.686014
VERTEX_POSE C75 0.858545 -0.889372 -0.600270 0.799798 0.799798 0.600270
VERTEX_POSE C76 0.972613 -0.289936 -0.825400 0.564548 0.564548 0.825400
VERTEX_POSE C77 0.572174 -0.291172 -0.614813 -0.788673 -0.788673 0.614813
VERTEX_POSE C78 -0.155981 -0.946130 0.438997 -0.898489 -0.898489 -0.438997
VERTEX_POSE C79 0.427531 -0.955943 -0.777423 -0.628978 -0.628978 0.777423
VERTEX_POSE C80 -0.829324 -0.777894 0.175046 0.984560 -0.984560 0.175046
VERTEX_POSE C81 -0.574534 -0.881993 0.997519 -0.070391 0.070391 0.997519
VERTEX_POSE C82 -0.872573 -0.859967 -0.522609 0.852573 0.852573 0.522609
VERTEX_POSE C83 -0.965469 -0.990607 0.513920 -0.857838 0.857838 0.513920
VERTEX_POSE C84 -0.836410 -0.991118 -0.984522 0.175262 0.175262 0.984522
VERTEX_POSE C85 -0.305582 -0.451771 -0.313115 0.949715 -0.949715 -0.313115
VERTEX_POSE C86 -0.603857 0.176868 0.336598 0.941649 -0.941649 0.336598
VERTEX_POSE C87 0.498828 0.116626 -0.380548 0.924761 -0.924761 -0.380548
VERTEX_POSE C88 0.180679 0.187217 0.984075 0.177755 0.177755 -0.984075
VERTEX_POSE C89 -0.534177 -0.484202 0.923304 0.384070 0.384070 -0.923304
VERTEX_POSE C90 0.773148 0.097919 0.957250 -0.289261 -0.289261 -0.957250
VERTEX_POSE C91 0.408545 -0.459456 -0.488544 -0.872539 0.872539 -0.488544
VERTEX_POSE C92 -0.601371 -0.489439 -0.514651 0.857400 -0.857400 -0.514651
VERTEX_POSE C93 -0.900199 -0.615507 -0.365054 0.930986 0.930986 0.365054
VERTEX_POSE C94 0.188900 0.384037 -0.999564 0.029521 -0.029521 -0.999564
VERTEX_POSE C95 -0.635521 0.997413 -0.689574 0.724216 -0.724216 -0.689574
VERTEX_POSE C96 0.084253 -0.607626 -0.753447 -0.657508 -0.657508 0.753447
VERTEX_POSE C97 0.102002 -0.329354 0.272775 0.962078 0.962078 -0.272775
VERTEX_POSE C98 0.992336 -0.179407 0.961869 -0.273511 0.273511 0.961869
VERTEX_POSE C99 0.552287 0.618103 0.615048 0.788490 -0.788490 0.615048
VERTEX_POSE C100 -0.151360 -0.683122 0.773310 0.634028 0.634028 -0.773310
VERTEX_POSE C101 0.280075 0.695212 -0.945650 0.325187 0.325187 0.945650
VERTEX_POSE C102 0.250015 -0.732562 -0.352786 0.935704 0.935704 0.352786
VERTEX_POSE C103 -0.534713 0.146821 0.801308 -0.598253 -0.598253 -0.801308
VERTEX_POSE C104 0.041405 -0.258328 -0.991569 -0.129583 0.129583 -0.991569
VERTEX_POSE C105 0.700401 0.686491 -0.918985 -0.394293 0.394293 -0.918985
VERTEX_POSE C106 -0.676167 0.257450 0.991796 0.127834 0.127834 -0.991796
VERTEX_POSE C107 0.014018 0.451736 -0.552181 -0.833724 -0.833724 0.552181
VERTEX_POSE C108 0.272575 -0.604681 0.840027 -0.542545 0.542545 0.840027
VERTEX_POSE C109 0.167852 0.311320 0.999821 -0.018919 -0.018919 -0.999821
VERTEX_POSE C110 -0.558451 0.495793 -0.692361 -0.721551 0.721551 -0.692361
VERTEX_POSE C111 0.443251 -0.382575 0.993305 -0.115523 -0.115523 -0.993305
VERTEX_POSE C112 0.593317 0.429326 -0.088569 -0.996070 -0.996070 0.088569
VERTEX_POSE C113 -0.431024 0.635826 -0.688955 0.724804 0.724804 0.688955
VERTEX_POSE C114 0.477782 -0.373182 -0.961650 -0.274278 -0.274278 0.961650
VERTEX_POSE C115 0.756907 0.438208 0.838025 -0.545631 -0.545631 -0.838025
VERTEX_POSE C116 0.263395 -0.815944 -0.712645 -0.701525 -0.701525 0.712645
VERTEX_POSE C117 0.873926 0.803686 0.826931 0.562303 -0.562303 0.826931
VERTEX_POSE C118 0.255736 -0.445166 0.832060 -0.554686 0.554686 0.832060
VERTEX_POSE C119 -0.555927 0.371273 0.999283 0.037868 0.037868 -0.999283
VERTEX_POSE C120 -0.660251 -0.680515 0.678711 -0.734405 0.734405 0.678711
VERTEX_POSE C121 0.028884 0.652753 0.794161 0.607708 -0.607708 0.794161
VERTEX_POSE C122 0.852618 0.911817 0.589434 0.807817 0.807817 -0.589434
VERTEX_POSE C123 -0.261622 -0.169955 0.693266 -0.720681 0.720681 0.693266
VERTEX_POSE C124 0.128684 -0.962754 -0.668034 0.744131 0.744131 0.668034
VERTEX_POSE C125 0.041518 0.295855 -0.730919 0.682465 0.682465 0.730919
VERTEX_POSE C126 0.102857 -0.172542 -0.864278 0.503015 -0.503015 -0.864278
VERTEX_POSE C127 -0.787062 -0.570380 -0.908151 0.418644 0.418644 0.908151
VERTEX_POSE C128 -0.856480 0.966501 0.362226 -0.932090 0.932090 0.362226
VERTEX_POSE C129 0.095193 0.648051 -0.649580 -0.760293 -0.760293 0.649580
VERTEX_POSE C130 0.765225 -0.952278 0.065887 -0.997827 -0.997827 -0.065887
VERTEX_POSE C131 -0.007840 -0.716621 -0.305956 0.952046 -0.952046 -0.305956
VERTEX_POSE C132 -0.624732 0.343263 -0.803813 -0.594882 0.594882 -0.803813
VERTEX_POSE C133 0.015240 -0.684840 0.932211 0.361915 0.361915 -0.932211
VERTEX_POSE C134 0.457448 0.430200 0.739203 -0.673483 0.673483 0.739203
VERTEX_POSE C135 0.416673 -0.915065 0.338281 -0.941045 -0.941045 -0.338281
VERTEX_POSE C136 -0.284359 -0.998349 0.650127 -0.759826 -0.759826 -0.650127
VERTEX_POSE C137 0.781280 -0.312350 0.835569 -0.549385 -0.549385 -0.835569
VERTEX_POSE C138 -0.569309 0.536671 -0.994038 0.109039 0.109039 0.994038
VERTEX_POSE C139 0.988216 -0.603030 0.680205 0.733022 0.733022 -0.680205
VERTEX_POSE C140 -0.050868 0.998969 -0.511657 0.859190 0.859190 0.511657
VERTEX_POSE C141 -0.127760 0.032464 -0.958890 -0.283778 0.283778 -0.958890
VERTEX_POSE C142 0.431467 0.014396 -0.350017 -0.936743 -0.936743 0.350017
VERTEX_POSE C143 -0.457551 0.428295 0.791044 -0.611759 0.611759 0.791044
VERTEX_POSE C144 0.441217 -0.331710 0.515349 -0.856981 -0.856981 -0.515349
VERTEX_POSE C145 -0.090750 0.641214 -0.530458 -0.847711 0.847711 -0.530458
VERTEX_POSE C146 -0.700643 -0.133496 -0.973762 0.227570 0.227570 0.973762
VERTEX_POSE C147 -0.295389 -0.147654 -0.837064 -0.547106 0.547106 -0.837064
VERTEX_POSE C148 -0.216824 0.444900 -0.321424 0.946935 -0.946935 -0.321424
VERTEX_POSE C149 0.555092 0.421338 -0.801613 -0.597843 -0.597843 0.801613
VERTEX_POSE C150 0.148685 -0.776382 -0.869834 -0.493344 -0.493344 0.869834
VERTEX_POSE C151 0.122925 0.764385 -0.380726 0.924688 -0.924688 -0.380726
VERTEX_POSE C152 -0.416024 0.074091 0.386621 -0.922239 0.922239 0.386621
VERTEX_POSE C153 0.001303 -0.864565 0.963226 -0.268693 -0.268693 -0.963226
VERTEX_POSE C154 0.861303 -0.405569 -0.989341 -0.145618 -0.145618 0.989341
VERTEX_POSE C155 0.712660 0.111337 0.998721 0.050563 0.050563 -0.998721
VERTEX_POSE C156 -0.957179 0.431290 -0.887361 0.461075 -0.461075 -0.887361
VERTEX_POSE C157 -0.035840 0.421889 -0.999145 0.041338 0.041338 0.999145
VERTEX_POSE C158 0.925598 0.540956 0.987489 -0.157685 -0.157685 -0.987489
VERTEX_POSE C159 -0.813659 0.397791 0.954453 -0.298361 0.298361 0.954453
VERTEX_POSE C160 -0.940647 0.069940 -0.206122 0.978526 -0.978526 -0.206122
VERTEX_POSE C161 0.690823 0.588679 0.535599 0.844472 -0.844472 0.535599
VERTEX_POSE C162 0.178501 0.681169 -0.959914 0.280293 -0.280293 -0.959914
VERTEX_POSE C163 -0.565379 -0.586797 -0.339415 0.940637 -0.940637 -0.339415
VERTEX_POSE C164 -0.293937 0.903838 -0.919556 -0.392960 -0.392960 0.919556
VERTEX_POSE C165 -0.364051 0.111369 0.852074 -0.523421 -0.523421 -0.852074
VERTEX_POSE C166 0.851294 -0.501861 -0.960896 -0.276911 0.276911 -0.960896
VERTEX_POSE C167 0.421704 0.905489 0.635597 0.772021 0.772021 -0.635597
VERTEX_POSE C168 -0.582771 0.799019 0.211119 0.977460 0.977460 -0.211119
VERTEX_POSE C169 -0.718015 -0.965191 -0.999338 0.036390 -0.036390 -0.999338
VERTEX_POSE C170 0.409920 -0.697541 -0.471931 0.881636 -0.881636 -0.471931
VERTEX_POSE C171 0.366361 0.797988 -0.136771 0.990603 -0.990603 -0.136771
VERTEX_POSE C172 0.154225 0.067273 -0.511292 -0.859407 -0.859407 0.511292
VERTEX_POSE C173 -0.158613 0.316855 0.811639 -0.584160 -0.584160 -0.811639
VERTEX_POSE C174 0.908811 0.226283 0.618130 -0.786076 0.786076 0.618130
VERTEX_POSE C175 -0.404558 0.735563 0.602595 0.798047 -0.798047 0.602595
VERTEX_POSE C176 0.750637 -0.041931 -0.997944 -0.064089 0.064089 -0.997944
VERTEX_POSE C177 -0.791833 -0.907213 -0.232575 0.972578 0.972578 0.232575
VERTEX_POSE C178 0.300053 -0.412091 0.804060 0.594548 -0.594548 0.804060
VERTEX_POSE C179 -0.466187 -0.597031 0.019509 -0.999810 -0.999810 -0.019509
VERTEX_POSE C180 0.763260 0.514125 -0.666488 0.745516 0.745516 0.666488
VERTEX_POSE C181 -0.551262 -0.188473 -0.620139 -0.784492 0.784492 -0.620139
VERTEX_POSE C182 0.656738 -0.832645 0.715142 -0.698979 0.698979 0.715142
VERTEX_POSE C183 -0.652764 -0.411784 -0.975584 0.219628 0.219628 0.975584
VERTEX_POSE C184 0.450040 -0.053038 -0.873748 0.486378 -0.486378 -0.873748
VERTEX_POSE C185 0.518041 -0.238215 -0.170496 0.985358 0.985358 0.170496
VERTEX_POSE C186 -0.940104 0.699553 -0.985365 -0.170457 -0.170457 0.985365
VERTEX_POSE C187 0.492861 -0.621748 0.779525 -0.626372 0.626372 0.779525
VERTEX_POSE C188 -0.517799 -0.816326 0.978787 -0.204881 -0.204881 -0.978787
VERTEX_POSE C189 0.985494 0.240509 0.963893 0.266289 0.266289 -0.963893
VERTEX_POSE C190 0.679202 0.776043 0.644468 0.764631 -0.764631 0.644468
VERTEX_POSE C191 -0.458446 0.253614 -0.459833 0.888006 -0.888006 -0.459833
VERTEX_POSE C192 0.676318 -0.170813 0.768030 0.640414 -0.640414 0.768030
VERTEX_POSE C193 -0.142297 0.457212 -0.044447 0.999012 -0.999012 -0.044447
VERTEX_POSE C194 -0.023825 0.666818 -0.119114 -0.992881 0.992881 -0.119114
VERTEX_POSE C195 -0.617619 -0.266974 0.375891 0.926664 0.926664 -0.375891
VERTEX_POSE C196 0.493652 -0.431419 0.737846 -0.674969 0.674969 0.737846
VERTEX_POSE C197 -0.172531 -0.835044 -0.797283 0.603605 0.603605 0.797283
VERTEX_POSE C198 0.804085 -0.361485 0.904036 0.427457 0.427457 -0.904036
VERTEX_POSE D0 0.910881 -0.632400 -0.884305 0.466910 0.466910 0.884305
VERTEX_POSE D1 0.109454 -0.800234 0.991809 -0.127727 -0.127727 -0.991809
VERTEX_POSE D2 0.214005 -0.059026 -0.058691 -0.998276 -0.998276 0.058691
VERTEX_POSE D3 0.277242 -0.834413 0.796545 0.604579 -0.604579 0.796545
VERTEX_POSE D4 -0.736321 0.267039 0.281300 0.959620 0.959620 -0.281300
VERTEX_POSE D5 -0.944607 -0.742170 0.763962 0.645261 -0.645261 0.763962
VERTEX_POSE D6 0.186053 0.391870 -0.957212 -0.289389 0.289389 -0.957212
VERTEX_POSE D7 -0.140879 0.002602 -0.810121 -0.586262 -0.586262 0.810121
VERTEX_POSE D8 0.806030 0.215899 -0.045904 -0.998946 0.998946 -0.045904
VERTEX_POSE D9 0.394220 0.484657 0.819452 -0.573148 0.573148 0.819452
VERTEX_POSE D10 -0.840826 0.590510 -0.801318 0.598239 0.598239 0.801318
VERTEX_POSE D11 -0.660158 0.618868 0.133085 0.991105 -0.991105 0.133085
VERTEX_POSE D12 0.157479 -0.001218 -0.606116 -0.795377 -0.795377 0.606116
VERTEX_POSE D13 -0.392088 -0.597963 -0.910167 0.414241 0.414241 0.910167
VERTEX_POSE D14 0.996580 0.786223 0.849829 0.527059 0.527059 -0.849829
VERTEX_POSE D15 0.504715 0.586998 0.313478 -0.949596 -0.949596 -0.313478
VERTEX_POSE D16 -0.942048 0.348999 0.629152 -0.777282 0.777282 0.629152
VERTEX_POSE D17 0.514621 -0.451992 -0.830035 -0.557711 -0.557711 0.830035
VERTEX_POSE D18 0.564611 0.286550 -0.838732 -0.544544 0.544544 -0.838732
VERTEX_POSE D19 0.550813 0.727252 -0.673775 -0.738937 0.738937 -0.673775
VERTEX_POSE D20 0.996822 -0.268318 0.988973 -0.148099 -0.148099 -0.988973
VERTEX_POSE D21 0.550105 -0.472941 0.308848 -0.951111 0.951111 0.308848
VERTEX_POSE D22 0.230015 0.503294 0.881794 -0.471635 0.471635 0.881794
VERTEX_POSE D23 -0.461624 0.985296 -0.990968 -0.134102 0.134102 -0.990968
VERTEX_POSE D24 0.226423 0.356247 -0.979198 -0.202905 0.202905 -0.979198
VERTEX_POSE D25 -0.912282 -0.039494 -0.563462 -0.826142 0.826142 -0.563462
VERTEX_POSE D26 0.514551 0.652114 -0.038751 -0.999249 0.999249 -0.038751
VERTEX_POSE D27 0.608804 -0.910727 -0.979800 0.199981 0.199981 0.979800
VERTEX_POSE D28 0.581370 0.529087 -0.642621 0.766184 -0.766184 -0.642621
VERTEX_POSE D29 -0.657979 0.817070 -0.999662 -0.026006 -0.026006 0.999662
VERTEX_POSE D30 0.412889 -0.272212 -0.940381 -0.340123 -0.340123 0.940381
VERTEX_POSE D31 0.492251 0.896687 -0.660710 -0.750641 0.750641 -0.660710
VERTEX_POSE D32 0.451475 -0.983164 0.966258 0.257576 0.257576 -0.966258
VERTEX_POSE D33 -0.373106 0.668762 0.926010 0.377500 0.377500 -0.926010
VERTEX_POSE D34 -0.230507 -0.937726 0.689102 0.724665 -0.724665 0.689102
VERTEX_POSE D35 0.715154 0.283874 0.341123 0.940019 -0.940019 0.341123
VERTEX_POSE D36 -0.317713 0.926592 -0.090413 -0.995904 0.995904 -0.090413
VERTEX_POSE D37 0.955546 0.454144 0.927991 0.372602 0.372602 -0.927991
VERTEX_POSE D38 -0.425725 -0.713524 -0.996658 -0.081691 -0.081691 0.996658
VERTEX_POSE D39 -0.511683 0.142490 -0.999934 0.011482 -0.011482 -0.999934
VERTEX_POSE D40 0.349766 -0.061198 -0.303138 0.952947 -0.952947 -0.303138
VERTEX_POSE D41 -0.266550 0.876986 0.982078 0.188474 -0.188474 0.982078
VERTEX_POSE D42 -0.171841 -0.238642 0.968987 -0.247113 0.247113 0.968987
VERTEX_POSE D43 -0.492755 0.937584 0.229145 -0.973392 0.973392 0.229145
VERTEX_POSE D44 0.341362 -0.720976 0.664445 0.747337 -0.747337 0.664445
VERTEX_POSE D45 -0.175261 -0.452419 -0.546269 -0.837610 -0.837610 0.546269
VERTEX_POSE D46 -0.988040 0.524581 -0.987141 -0.159853 0.159853 -0.987141
VERTEX_POSE D47 0.399314 0.628023 -0.527482 -0.849566 0.849566 -0.527482
VERTEX_POSE D48 -0.660640 0.095589 -0.667968 -0.744190 -0.744190 0.667968
VERTEX_POSE D49 0.576571 -0.188868 0.014780 -0.999891 -0.999891 -0.014780
VERTEX_POSE D50 -0.049873 0.355275 -0.736633 0.676293 -0.676293 -0.736633
VERTEX_POSE D51 -0.663818 0.827271 -0.997147 0.075481 -0.075481 -0.997147
VERTEX_POSE D52 0.126676 0.338191 0.575040 0.818125 -0.818125 0.575040
VERTEX_POSE D53 -0.819857 -0.141431 -0.914694 0.404147 -0.404147 -0.914694
VERTEX_POSE D54 -0.125442 0.812567 -0.998566 -0.053538 -0.053538 0.998566
VERTEX_POSE D55 -0.646900 -0.305562 -0.369124 0.929380 -0.929380 -0.369124
VERTEX_POSE D56 -0.732139 0.819075 0.074026 -0.997256 -0.997256 -0.074026
VERTEX_POSE D57 -0.610890 0.464680 0.883035 -0.469308 0.469308 0.883035
VERTEX_POSE D58 0.961904 -0.216290 -0.705907 0.708304 -0.708304 -0.705907
VERTEX_POSE D59 0.849231 0.348162 -0.128612 -0.991695 -0.991695 0.128612
VERTEX_POSE D60 -0.268870 0.281750 -0.231326 0.972876 0.972876 0.231326
VERTEX_POSE D61 0.374793 0.511498 -0.140999 0.990010 0.990010 0.140999
VERTEX_POSE D62 0.341483 0.244849 -0.564125 -0.825690 0.825690 -0.564125
VERTEX_POSE D63 -0.817395 0.298586 0.766001 -0.642839 0.642839 0.766001
VERTEX_POSE D64 -0.998313 0.180260 -0.721507 -0.692407 -0.692407 0.721507
VERTEX_POSE D65 -0.889024 0.307123 -0.763620 -0.645666 -0.645666 0.763620
VERTEX_POSE D66 0.897759 -0.417540 0.834074 -0.551653 -0.551653 -0.834074
VERTEX_POSE D67 -0.316026 0.106852 0.174138 0.984721 0.984721 -0.174138
VERTEX_POSE D68 -0.933478 -0.238733 -0.262780 -0.964856 -0.964856 0.262780
VERTEX_POSE D69 -0.527965 -0.131064 0.820221 -0.572046 0.572046 0.820221
VERTEX_POSE D70 0.172291 -0.750658 0.429914 0.902870 -0.902870 0.429914
VERTEX_POSE D71 0.416287 0.700069 -0.492143 0.870514 -0.870514 -0.492143
VERTEX_POSE D72 0.205484 -0.254077 -0.371473 0.928444 -0.928444 -0.371473
VERTEX_POSE D73 -0.999550 0.010700 0.894265 -0.447538 -0.447538 -0.894265
VERTEX_POSE D74 0.923532 0.637652 -0.091964 -0.995762 0.995762 -0.091964
VERTEX_POSE D75 -0.453154 0.024946 -0.805923 0.592020 0.592020 0.805923
VERTEX_POSE D76 -0.174812 0.558281 0.367242 0.930125 0.930125 -0.367242
VERTEX_POSE D77 0.935492 0.162234 -0.530560 0.847647 0.847647 0.530560
VERTEX_POSE D78 0.946160 -0.347031 -0.760790 -0.648998 0.648998 -0.760790
VERTEX_POSE D79 0.164548 -0.346130 0.961158 -0.276000 -0.276000 -0.961158
VERTEX_POSE D80 0.512063 0.973366 -0.573273 -0.819364 -0.819364 0.573273
VERTEX_POSE D81 -0.103712 -0.991756 0.647197 -0.762323 0.762323 0.647197
VERTEX_POSE D82 0.500730 -0.518859 0.640181 0.768224 -0.768224 0.640181
VERTEX_POSE D83 -0.361260 0.311557 -0.614130 0.789205 -0.789205 -0.614130
VERTEX_POSE D84 0.076430 -0.133187 0.605740 0.795663 -0.795663 0.605740
VERTEX_POSE D85 -0.624711 -0.706293 -0.237487 -0.971391 -0.971391 0.237487
VERTEX_POSE D86 -0.008161 -0.994005 -0.065664 -0.997842 0.997842 -0.065664
VERTEX_POSE D87 0.344292 -0.314112 0.726452 0.687218 -0.687218 0.726452
VERTEX_POSE D88 -0.235601 0.758388 -0.296110 0.955154 0.955154 0.296110
VERTEX_POSE D89 -0.046257 -0.210295 0.989108 -0.147194 0.147194 0.989108
VERTEX_POSE D90 0.193523 -0.965950 0.849772 0.527151 0.527151 -0.849772
VERTEX_POSE D91 0.495529 0.040138 -0.596466 0.802638 0.802638 0.596466
VERTEX_POSE D92 -0.671464 -0.698797 0.236664 0.971592 0.971592 -0.236664
VERTEX_POSE D93 -0.464994 0.278899 -0.844840 -0.535020 -0.535020 0.844840
VERTEX_POSE D94 0.678134 -0.661276 -0.992879 -0.119128 -0.119128 0.992879
VERTEX_POSE D95 -0.669777 0.481463 0.992383 -0.123193 0.123193 0.992383
VERTEX_POSE D96 -0.354018 -0.413978 0.957893 0.287125 0.287125 -0.957893
VERTEX_POSE D97 0.575893 -0.078816 0.999953 0.009656 -0.009656 0.999953
VERTEX_POSE D98 0.014197 -0.411686 0.532235 0.846597 0.846597 -0.532235
VERTEX_POSE D99 -0.287497 0.347290 -0.994504 -0.104698 -0.104698 0.994504
VERTEX_POSE D100 -0.952072 0.790121 0.918205 0.396107 -0.396107 0.918205
VERTEX_POSE D101 -0.813512 -0.162344 0.845556 -0.533887 -0.533887 -0.845556
VERTEX_POSE D102 -0.871209 0.047359 0.748872 -0.662714 0.662714 0.748872
VERTEX_POSE D103 0.253412 -0.463956 0.691289 -0.722579 0.722579 0.691289
VERTEX_POSE D104 -0.813062 0.848356 -0.256237 0.966614 -0.966614 -0.256237
VERTEX_POSE D105 -0.947677 -0.314989 0.974243 -0.225500 -0.225500 -0.974243
VERTEX_POSE D106 0.800258 0.560990 -0.284353 -0.958720 0.958720 -0.284353
VERTEX_POSE D107 0.012126 0.406638 0.245833 0.969312 0.969312 -0.245833
VERTEX_POSE D108 0.987815 0.847245 -0.443191 -0.896427 0.896427 -0.443191
VERTEX_POSE D109 0.746418 -0.786041 -0.871328 0.490702 -0.490702 -0.871328
VERTEX_POSE D110 -0.823325 -0.939492 0.607946 0.793978 -0.793978 0.607946
VERTEX_POSE D111 0.499879 0.820610 0.941474 0.337086 0.337086 -0.941474
VERTEX_POSE D112 -0.357294 -0.777797 0.145180 0.989405 0.989405 -0.145180
VERTEX_POSE D113 0.677405 -0.458352 -0.330148 -0.943929 -0.943929 0.330148
VERTEX_POSE D114 -0.861382 0.132167 0.357187 0.934033 0.934033 -0.357187
VERTEX_POSE D115 0.719136 0.089016 0.999363 0.035685 0.035685 -0.999363
VERTEX_POSE D116 -0.947306 -0.164644 -0.651509 -0.758641 0.758641 -0.651509
VERTEX_POSE D117 0.130458 0.138162 -0.533505 -0.845797 -0.845797 0.533505
VERTEX_POSE D118 0.063428 0.774904 0.908458 0.417976 0.417976 -0.908458
VERTEX_POSE D119 -0.182908 -0.406256 -0.783211 -0.621756 0.621756 -0.783211
VERTEX_POSE D120 -0.915799 0.927867 -0.082436 0.996596 0.996596 0.082436
VERTEX_POSE D121 -0.743049 0.808954 -0.891750 -0.452529 -0.452529 0.891750
VERTEX_POSE D122 -0.687379 0.633882 0.209016 0.977912 0.977912 -0.209016
VERTEX_POSE D123 -0.587264 -0.770931 -0.998986 0.045018 0.045018 0.998986
VERTEX_POSE E0 -0.208044 0.087853 -0.989572 0.144038 0.144038 0.989572
VERTEX_POSE E1 0.990755 0.972606 -0.789584 0.613642 0.613642 0.789584
VERTEX_POSE E2 -0.257041 0.710532 -0.590194 -0.807261 -0.807261 0.590194
VERTEX_POSE E3 0.437938 0.673876 -0.552500 0.833513 -0.833513 -0.552500
VERTEX_POSE E4 0.566648 -0.106209 -0.145555 0.989350 -0.989350 -0.145555
VERTEX_POSE E5 0.757157 -0.701153 -0.895094 -0.445877 -0.445877 0.895094
VERTEX_POSE E6 -0.849559 0.021165 0.775220 0.631692 -0.631692 0.775220
VERTEX_POSE E7 0.614576 -0.316089 0.117073 0.993123 -0.993123 0.117073
VERTEX_POSE E8 0.943645 0.136503 -0.163988 -0.986462 -0.986462 0.163988
VERTEX_POSE E9 -0.720768 -0.931476 -0.993825 0.110961 -0.110961 -0.993825
VERTEX_POSE E10 -0.132012 0.219955 0.416730 -0.909030 0.909030 0.416730
VERTEX_POSE E11 -0.869417 -0.015141 -0.447534 0.894267 -0.894267 -0.447534
VERTEX_POSE E12 -0.668445 -0.246465 -0.435619 -0.900131 -0.900131 0.435619
VERTEX_POSE E13 -0.331754 -0.219055 -0.984013 -0.178094 -0.178094 0.984013
VERTEX_POSE E14 0.142709 -0.608503 -0.989228 0.146384 0.146384 0.989228
VERTEX_POSE E15 -0.680630 -0.399220 -0.893564 0.448936 -0.448936 -0.893564
VERTEX_POSE E16 -0.585335 -0.005096 0.816413 -0.577468 -0.577468 -0.816413
VERTEX_POSE E17 0.319384 -0.547996 -0.297605 -0.954689 -0.954689 0.297605
VERTEX_POSE E18 0.819249 -0.578610 -0.552584 0.833457 -0.833457 -0.552584
VERTEX_POSE E19 0.057370 0.217108 0.651961 -0.758252 -0.758252 -0.651961
VERTEX_POSE E20 -0.003211 -0.006347 0.639056 -0.769160 -0.769160 -0.639056
VERTEX_POSE E21 0.957867 0.553557 -0.560079 -0.828439 -0.828439 0.560079
VERTEX_POSE E22 -0.223493 -0.693876 -0.170111 -0.985425 -0.985425 0.170111
VERTEX_POSE E23 0.049483 0.829009 -0.918796 0.394734 -0.394734 -0.918796
VERTEX_POSE E24 0.088325 -0.308281 -0.378135 -0.925751 0.925751 -0.378135
VERTEX_POSE E25 0.839934 -0.918972 0.712057 0.702122 0.702122 -0.712057
VERTEX_POSE E26 0.866575 -0.577248 -0.676940 -0.736038 -0.736038 0.676940
VERTEX_POSE E27 0.172526 -0.380414 -0.466331 0.884610 -0.884610 -0.466331
VERTEX_POSE E28 -0.903115 0.889982 0.950045 -0.312114 -0.312114 -0.950045
VERTEX_POSE E29 -0.820804 -0.943366 -0.591803 0.806082 -0.806082 -0.591803
VERTEX_POSE E30 0.585262 -0.151345 0.619399 -0.785076 -0.785076 -0.619399
VERTEX_POSE E31 -0.111158 -0.022165 0.296605 0.955000 -0.955000 0.296605
VERTEX_POSE E32 -0.830048 -0.970760 0.375910 -0.926656 0.926656 0.375910
VERTEX_POSE E33 -0.671779 -0.440813 0.735774 0.677227 -0.677227 0.735774
VERTEX_POSE E34 -0.673220 -0.348289 0.628520 0.777793 0.777793 -0.628520
VERTEX_POSE E35 0.736600 -0.076969 0.735515 0.677509 0.677509 -0.735515
VERTEX_POSE E36 -0.914622 -0.141966 -0.926668 -0.375882 -0.375882 0.926668
VERTEX_POSE E37 -0.522779 0.672876 0.289199 -0.957269 -0.957269 -0.289199
VERTEX_POSE E38 0.351176 0.606942 -0.016354 0.999866 -0.999866 -0.016354
VERTEX_POSE E39 -0.970977 0.994537 0.810653 -0.585528 0.585528 0.810653
VERTEX_POSE E40 -0.243547 0.741400 -0.878809 -0.477173 -0.477173 0.878809
VERTEX_POSE E41 -0.780836 -0.173103 -0.989555 -0.144154 -0.144154 0.989555
VERTEX_POSE E42 -0.840394 -0.020604 0.652511 0.757780 0.757780 -0.652511
VERTEX_POSE E43 0.088008 -0.505065 -0.695478 -0.718548 0.718548 -0.695478
VERTEX_POSE E44 -0.112590 0.607842 0.932101 -0.362197 0.362197 0.932101
VERTEX_POSE E45 0.302315 0.370892 -0.996706 0.081105 0.081105 0.996706
VERTEX_POSE E46 0.407379 0.095714 0.855070 0.518513 -0.518513 0.855070
VERTEX_POSE E47 0.302075 -0.397253 0.959657 -0.281173 -0.281173 -0.959657
VERTEX_POSE E48 -0.378302 0.822896 0.899558 0.436801 -0.436801 0.899558
VERTEX_POSE E49 0.226628 0.517104 0.044111 0.999027 0.999027 -0.044111
VERTEX_POSE E50 -0.640555 0.819855 0.214135 -0.976804 0.976804 0.214135
VERTEX_POSE E51 0.618487 -0.183451 -0.972128 -0.234450 0.234450 -0.972128
VERTEX_POSE E52 0.184495 0.070662 -0.931062 -0.364861 -0.364861 0.931062
VERTEX_POSE E53 0.135952 -0.874022 0.923438 -0.383746 0.383746 0.923438
VERTEX_POSE E54 -0.332030 -0.354442 0.938076 -0.346430 0.346430 0.938076
VERTEX_POSE E55 -0.727180 0.762381 -0.184299 -0.982870 0.982870 -0.184299
VERTEX_POSE E56 -0.024114 -0.792994 0.889651 -0.456642 -0.456642 -0.889651
VERTEX_POSE E57 -0.465455 0.068310 0.777030 -0.629463 -0.629463 -0.777030
VERTEX_POSE E58 0.445346 -0.618034 0.853836 0.520542 0.520542 -0.853836
VERTEX_POSE E59 0.072771 -0.903012 0.061428 0.998111 -0.998111 0.061428
VERTEX_POSE E60 -0.286259 0.124944 -0.663238 0.748409 -0.748409 -0.663238
VERTEX_POSE E61 0.030608 0.230622 0.509268 -0.860608 0.860608 0.509268
VERTEX_POSE E62 0.961613 0.074823 0.441685 -0.897170 0.897170 0.441685
VERTEX_POSE E63 -0.116307 0.154185 -0.579828 -0.814739 0.814739 -0.579828
VERTEX_POSE E64 0.358829 0.789809 0.930918 0.365228 -0.365228 0.930918
VERTEX_POSE E65 -0.711608 0.726534 -0.564780 -0.825242 -0.825242 0.564780
VERTEX_POSE E66 -0.379707 -0.922785 0.992086 0.125564 -0.125564 0.992086
VERTEX_POSE E67 0.444207 -0.352157 0.684423 0.729085 0.729085 -0.684423
VERTEX_POSE E68 -0.234387 0.399411 -0.173783 -0.984784 0.984784 -0.173783
VERTEX_POSE E69 0.971469 0.684158 -0.241833 -0.970318 0.970318 -0.241833
VERTEX_POSE E70 0.473230 -0.357620 0.315561 0.948905 -0.948905 0.315561
VERTEX_POSE E71 0.522067 0.140811 -0.138783 -0.990323 -0.990323 0.138783
VERTEX_POSE E72 -0.809368 -0.488945 -0.217830 0.975987 0.975987 0.217830
VERTEX_POSE E73 0.632836 0.621775 -0.256929 0.966430 0.966430 0.256929
VERTEX_POSE E74 -0.389925 0.635745 0.093879 -0.995584 -0.995584 -0.093879
VERTEX_POSE E75 0.078043 -0.881103 0.333916 0.942603 -0.942603 0.333916
VERTEX_POSE E76 -0.064850 -0.007333 0.650705 0.759331 -0.759331 0.650705
VERTEX_POSE E77 -0.982546 -0.268540 -0.697798 -0.716294 -0.716294 0.697798
VERTEX_POSE E78 -0.619883 -0.278356 0.923588 -0.383386 0.383386 0.923588
VERTEX_POSE E79 0.556849 -0.184436 -0.743047 0.669240 -0.669240 -0.743047
VERTEX_POSE E80 0.244082 -0.751436 -0.667472 -0.744635 -0.744635 0.667472
VERTEX_POSE E81 -0.260438 -0.458501 0.435869 -0.900010 0.900010 0.435869
VERTEX_POSE E82 0.175336 0.632113 0.833679 -0.552249 -0.552249 -0.833679
VERTEX_POSE E83 -0.571423 0.319226 0.997992 0.063342 0.063342 -0.997992
VERTEX_POSE E84 0.875514 -0.332523 -0.422818 0.906214 0.906214 0.422818
VERTEX_POSE E85 0.843306 -0.722330 0.842769 0.538275 -0.538275 0.842769
VERTEX_POSE E86 -0.298603 0.081606 -0.530509 -0.847679 -0.847679 0.530509
VERTEX_POSE E87 -0.148600 -0.125517 -0.949869 -0.312648 0.312648 -0.949869
VERTEX_POSE E88 -0.622149 0.345980 -0.989118 -0.147126 0.147126 -0.989118
VERTEX_POSE E89 -0.853257 0.463573 -0.516470 0.856305 -0.856305 -0.516470
VERTEX_POSE E90 0.924171 -0.028529 -0.038769 -0.999248 0.999248 -0.038769
VERTEX_POSE E91 0.091592 -0.529076 0.911080 -0.412230 0.412230 0.911080
VERTEX_POSE E92 0.177351 -0.305806 0.250099 0.968220 -0.968220 0.250099
VERTEX_POSE E93 0.885784 -0.953706 0.233341 -0.972395 0.972395 0.233341
VERTEX_POSE E94 0.975285 0.625109 -0.965537 0.260266 0.260266 0.965537
VERTEX_POSE E95 -0.463820 -0.515996 0.683517 0.729934 -0.729934 0.683517
VERTEX_POSE E96 -0.825824 0.772829 -0.957182 -0.289486 -0.289486 0.957182
VERTEX_POSE E97 -0.404422 0.702324 0.845931 0.533293 -0.533293 0.845931
VERTEX_POSE E98 0.980387 0.131847 -0.071050 0.997473 -0.997473 -0.071050
VERTEX_POSE E99 -0.060210 0.172239 -0.721049 -0.692884 -0.692884 0.721049
VERTEX_POSE E100 -0.432954 0.386482 -0.336392 0.941722 0.941722 0.336392
VERTEX_POSE E101 0.453617 0.774226 -0.819839 -0.572594 0.572594 -0.819839
VERTEX_POSE E102 -0.538144 -0.686950 -0.500533 -0.865718 -0.865718 0.500533
VERTEX_POSE E103 -0.242321 0.897537 0.885512 -0.464617 0.464617 0.885512
VERTEX_POSE E104 0.086453 0.396002 -0.849848 -0.527027 -0.527027 0.849848
VERTEX_POSE E105 0.071931 0.948795 -0.675089 0.737737 -0.737737 -0.675089
VERTEX_POSE E106 0.835721 -0.983566 -0.092391 -0.995723 0.995723 -0.092391
VERTEX_POSE E107 -0.978397 -0.611331 -0.933141 -0.359511 -0.359511 0.933141
VERTEX_POSE E108 0.089385 -0.319745 0.998975 0.045265 -0.045265 0.998975
VERTEX_POSE E109 -0.784162 -0.261922 0.954015 -0.299760 0.299760 0.954015
VERTEX_POSE E110 0.578452 0.204233 -0.888321 0.459224 0.459224 0.888321
VERTEX_POSE E111 -0.666533 -0.071181 -0.995653 -0.093138 -0.093138 0.995653
VERTEX_POSE E112 -0.044599 0.279577 -0.949154 0.314813 -0.314813 -0.949154
VERTEX_POSE E113 -0.246212 -0.163655 0.996786 0.080111 -0.080111 0.996786
VERTEX_POSE E114 -0.237956 -0.751955 0.302158 -0.953258 0.953258 0.302158
VERTEX_POSE E115 -0.169085 0.947054 0.817884 0.575384 0.575384 -0.817884
VERTEX_POSE E116 -0.402906 0.114015 0.540635 -0.841258 -0.841258 -0.540635
VERTEX_POSE E117 0.463441 0.329651 -0.512564 -0.858649 0.858649 -0.512564
VERTEX_POSE E118 0.682315 -0.178463 -0.027431 -0.999624 -0.999624 0.027431
VERTEX_POSE E119 -0.025055 -0.540005 -0.576546 -0.817065 -0.817065 0.576546
VERTEX_POSE E120 0.610184 -0.206776 -0.813408 0.581693 -0.581693 -0.813408
VERTEX_POSE E121 0.606486 0.793008 -0.997456 0.071279 0.071279 0.997456
VERTEX_POSE E122 -0.933463 -0.069080 -0.418281 -0.908318 -0.908318 0.418281
VERTEX_POSE E123 -0.212465 0.487419 -0.643972 -0.765049 0.765049 -0.643972
VERTEX_POSE E124 0.492271 0.839302 0.535291 0.844668 -0.844668 0.535291
VERTEX_POSE E125 -0.958178 -0.443972 0.839747 0.542978 0.542978 -0.839747
VERTEX_POSE E126 0.323715 0.971422 -0.112554 0.993646 -0.993646 -0.112554
VERTEX_POSE E127 0.666447 0.612131 -0.216470 0.976289 -0.976289 -0.216470
VERTEX_POSE E128 -0.362600 -0.741647 0.498432 -0.866929 0.866929 0.498432
VERTEX_POSE E129 0.304102 0.103269 0.773965 0.633229 0.633229 -0.773965
VERTEX_POSE E130 -0.393763 -0.215630 -0.997937 0.064202 -0.064202 -0.997937
VERTEX_POSE E131 0.204446 0.644834 0.611640 -0.791136 0.791136 0.611640
VERTEX_POSE E132 -0.242281 -0.122505 0.437851 0.899048 0.899048 -0.437851
VERTEX_POSE E133 0.068093 0.097420 -0.549251 -0.835657 -0.835657 0.549251
VERTEX_POSE E134 0.962125 0.542371 0.703007 0.711182 0.711182 -0.703007
VERTEX_POSE E135 0.844172 -0.726503 0.572929 0.819605 -0.819605 0.572929
VERTEX_POSE E136 -0.859975 0.046215 0.998582 -0.053231 0.053231 0.998582
VERTEX_POSE E137 0.797846 0.558805 -0.837246 0.546826 0.546826 0.837246
VERTEX_POSE E138 0.865775 -0.337834 -0.999783 -0.020817 -0.020817 0.999783
VERTEX_POSE E139 0.229410 0.726471 0.917373 0.398030 0.398030 -0.917373
VERTEX_POSE E140 -0.986315 -0.703117 -0.997315 -0.073236 -0.073236 0.997315
VERTEX_POSE E141 0.444227 0.866398 0.446262 0.894902 -0.894902 0.446262
VERTEX_POSE E142 0.562877 -0.344710 -0.508025 0.861343 -0.861343 -0.508025
VERTEX_POSE E143 -0.030914 0.576459 0.655795 0.754939 -0.754939 0.655795
VERTEX_POSE E144 -0.801984 -0.297257 0.932138 0.362104 -0.362104 0.932138
VERTEX_POSE E145 -0.675079 -0.096665 0.377266 -0.926105 0.926105 0.377266
VERTEX_POSE E146 0.800001 0.523513 0.523798 -0.851843 0.851843 0.523798
VERTEX_POSE E147 -0.204890 0.816759 -0.786077 -0.618129 -0.618129 0.786077
VERTEX_POSE E148 0.788362 -0.767014 -0.764733 -0.644348 0.644348 -0.764733
VERTEX_POSE E149 0.482316 -0.654951 0.574442 0.818545 -0.818545 0.574442
VERTEX_POSE E150 0.770055 -0.723246 -0.460760 -0.887525 0.887525 -0.460760
VERTEX_POSE E151 0.398546 0.026210 0.324842 0.945768 0.945768 -0.324842
VERTEX_POSE E152 0.088802 -0.861943 0.820041 -0.572304 0.572304 0.820041
VERTEX_POSE E153 0.836592 0.207674 -0.714782 0.699347 -0.699347 -0.714782
VERTEX_POSE E154 -0.813919 -0.486371 0.648623 -0.761110 0.761110 0.648623
VERTEX_POSE E155 -0.418927 0.977359 0.901453 0.432876 -0.432876 0.901453
VERTEX_POSE E156 0.878414 0.763702 0.678025 -0.735039 0.735039 0.678025
VERTEX_POSE E157 0.509796 -0.514949 0.913556 -0.406713 -0.406713 -0.913556
VERTEX_POSE E158 -0.752480 0.589490 -0.944412 0.328763 0.328763 0.944412
VERTEX_POSE E159 -0.484185 -0.977945 -0.987738 0.156118 0.156118 0.987738
VERTEX_POSE E160 -0.186102 0.588320 -0.236960 0.971520 0.971520 0.236960
VERTEX_POSE E161 -0.146243 -0.626140 -0.746883 -0.664956 -0.664956 0.746883
VERTEX_POSE E162 0.720261 0.666889 -0.274388 0.961619 -0.961619 -0.274388
VERTEX_POSE E163 0.571617 -0.534185 0.869735 -0.493519 -0.493519 -0.869735
VERTEX_POSE E164 0.921850 0.471280 -0.608593 -0.793483 -0.793483 0.608593
VERTEX_POSE E165 0.682386 0.209260 -0.643424 -0.765510 -0.765510 0.643424
VERTEX_POSE E166 0.415788 -0.260688 -0.323883 -0.946097 -0.946097 0.323883
VERTEX_POSE E167 -0.938125 -0.482504 -0.932959 -0.359983 -0.359983 0.932959
VERTEX_POSE E168 0.480232 -0.231935 -0.930434 0.366460 0.366460 0.930434
VERTEX_POSE E169 0.281564 0.401478 -0.908774 -0.417289 0.417289 -0.908774
VERTEX_POSE E170 0.291285 -0.756034 0.639239 0.769008 0.769008 -0.639239
VERTEX_POSE E171 0.493917 0.064948 0.132917 0.991127 -0.991127 0.132917
VERTEX_POSE E172 -0.274209 0.267876 0.150388 -0.988627 0.988627 0.150388
VERTEX_POSE E173 -0.145838 -0.100744 0.961404 -0.275140 0.275140 0.961404
VERTEX_POSE E174 -0.536997 -0.358593 -0.448938 0.893563 0.893563 0.448938
VERTEX_POSE E175 -0.076194 0.970620 0.605076 0.796168 0.796168 -0.605076
VERTEX_POSE E176 0.179082 0.802591 0.967091 -0.254432 0.254432 0.967091
VERTEX_POSE E177 -0.736996 -0.835080 0.201855 -0.979415 0.979415 0.201855
VERTEX_POSE E178 0.718916 0.787379 0.999995 -0.003150 -0.003150 -0.999995
VERTEX_POSE E179 -0.032556 -0.964423 0.103251 -0.994655 0.994655 0.103251
VERTEX_POSE E180 0.745319 -0.490031 0.992487 -0.122352 0.122352 0.992487
VERTEX_POSE E181 0.488971 -0.935867 -0.998727 -0.050445 -0.050445 0.998727
VERTEX_POSE E182 -0.634010 0.061787 0.992297 -0.123883 0.123883 0.992297
VERTEX_POSE E183 -0.165878 -0.351974 0.389697 -0.920943 0.920943 0.389697
VERTEX_POSE E184 0.325563 0.271806 -0.030602 -0.999532 0.999532 -0.030602
VERTEX_POSE E185 -0.447929 0.575416 0.717650 -0.696404 0.696404 0.717650
VERTEX_POSE E186 0.415194 -0.374615 0.718596 -0.695428 0.695428 0.718596
VERTEX_POSE E187 0.203978 0.035509 0.997284 -0.073659 0.073659 0.997284
VERTEX_POSE E188 -0.938134 -0.939533 -0.981017 0.193924 -0.193924 -0.981017
VERTEX_POSE E189 0.662714 -0.785125 0.999682 0.025208 0.025208 -0.999682
VERTEX_POSE E190 0.719792 0.057564 0.663857 0.747860 0.747860 -0.663857
VERTEX_POSE E191 -0.124236 0.648787 0.358886 0.933382 0.933382 -0.358886
VERTEX_POSE E192 -0.483529 -0.411265 -0.232839 0.972515 -0.972515 -0.232839
VERTEX_POSE E193 0.440053 -0.275547 0.390629 0.920548 -0.920548 0.390629
VERTEX_POSE E194 -0.552619 -0.885398 -0.607545 -0.794285 0.794285 -0.607545
VERTEX_POSE E195 -0.561679 -0.939985 -0.834013 -0.551745 -0.551745 0.834013
VERTEX_POSE E196 0.122439 0.933713 0.893516 -0.449031 0.449031 0.893516
VERTEX_POSE E197 0.863169 -0.146085 0.898396 -0.439186 0.439186 0.898396
VERTEX_POSE E198 -0.499804 -0.422490 -0.441207 -0.897405 0.897405 -0.441207
VERTEX_POSE E199 -0.397329 -0.298222 0.546172 0.837673 -0.837673 0.546172
VERTEX_POSE E200 0.144733 -0.744607 -0.403659 -0.914909 -0.914909 0.403659
VERTEX_POSE E201 0.791480 -0.178523 0.983657 0.180055 -0.180055 0.983657
VERTEX_POSE E202 -0.903411 0.766726 -0.418511 0.908212 0.908212 0.418511
VERTEX_POSE E203 0.870524 0.523269 0.850918 0.525299 0.525299 -0.850918
VERTEX_POSE E204 -0.354358 0.720732 0.534653 0.845071 0.845071 -0.534653
VERTEX_POSE E205 -0.440408 -0.591868 0.948025 -0.318195 0.318195 0.948025
VERTEX_POSE E206 -0.205670 0.493889 0.822974 -0.568080 0.568080 0.822974
VERTEX_POSE E207 0.824724 0.523323 -0.874829 -0.484431 -0.484431 0.874829
VERTEX_POSE E208 -0.177405 -0.426948 -0.834997 0.550254 -0.550254 -0.834997
VERTEX_POSE E209 -0.486754 0.281268 0.978844 0.204608 0.204608 -0.978844
VERTEX_POSE E210 -0.207832 0.558900 0.672973 0.739667 -0.739667 0.672973
VERTEX_POSE E211 -0.432085 0.083021 0.878333 -0.478050 -0.478050 -0.878333
VERTEX_POSE E212 -0.997783 0.345401 0.621683 -0.783269 0.783269 0.621683
VERTEX_POSE E213 0.158158 -0.379314 -0.681843 0.731498 0.731498 0.681843
VERTEX_POSE E214 0.402036 0.731047 0.998376 0.056967 0.056967 -0.998376
VERTEX_POSE E215 0.327780 -0.382793 0.635300 -0.772266 -0.772266 -0.635300
VERTEX_POSE E216 0.710228 -0.803898 -0.878370 0.477981 0.477981 0.878370
VERTEX_POSE E217 -0.182769 -0.643569 -0.974348 -0.225045 -0.225045 0.974348
VERTEX_POSE E218 -0.468242 0.652716 -0.773185 0.634180 -0.634180 -0.773185
VERTEX_POSE E219 0.772095 -0.743431 -0.580042 -0.814587 0.814587 -0.580042
VERTEX_POSE E220 -0.520055 -0.428694 0.641409 -0.767199 0.767199 0.641409
VERTEX_POSE E221 -0.748450 -0.289721 -0.414003 -0.910276 -0.910276 0.414003
VERTEX_POSE E222 -0.352141 0.905356 -0.554711 0.832043 -0.832043 -0.554711
VERTEX_POSE E223 -0.003584 0.160041 0.529216 0.848487 0.848487 -0.529216
VERTEX_POSE E224 0.691603 0.434732 -0.946658 0.322240 -0.322240 -0.946658
VERTEX_POSE E225 0.095240 -0.980042 -0.288493 -0.957482 0.957482 -0.288493
VERTEX_POSE E226 0.434737 0.220056 0.287136 -0.957890 0.957890 0.287136
VERTEX_POSE E227 -0.185958 0.368445 0.928931 0.370253 -0.370253 0.928931
VERTEX_POSE E228 -0.041591 -0.126127 0.345603 0.938381 0.938381 -0.345603
VERTEX_POSE E229 0.934932 0.797566 -0.994769 0.102149 -0.102149 -0.994769
VERTEX_POSE E230 0.416713 -0.929777 0.553052 0.833147 -0.833147 0.553052
VERTEX_POSE E231 -0.896858 0.129266 0.962134 0.272577 0.272577 -0.962134
VERTEX_POSE E232 0.726413 -0.380957 -0.651492 0.758655 0.758655 0.651492
VERTEX_POSE E233 0.513302 0.836949 -0.999197 -0.040077 0.040077 -0.999197
VERTEX_POSE E234 0.973666 -0.347465 0.011991 -0.999928 -0.999928 -0.011991
VERTEX_POSE E235 -0.627945 -0.660225 -0.987793 0.155770 0.155770 0.987793
VERTEX_POSE E236 -0.927106 -0.754919 -0.887390 0.461019 0.461019 0.887390
VERTEX_POSE E237 -0.232004 -0.853576 0.998246 0.059208 -0.059208 0.998246
VERTEX_POSE E238 -0.803221 0.863098 0.509366 0.860550 0.860550 -0.509366
VERTEX_POSE E239 -0.104511 -0.181867 -0.594577 0.804039 -0.804039 -0.594577
VERTEX_POSE E240 0.281242 0.427692 -0.816478 0.577377 -0.577377 -0.816478
VERTEX_POSE E241 -0.011053 0.421998 -0.877938 -0.478775 0.478775 -0.877938
VERTEX_POSE E242 0.463404 0.901153 0.989014 0.147822 0.147822 -0.989014
VERTEX_POSE E243 0.283459 -0.226908 0.893893 -0.448280 -0.448280 -0.893893
VERTEX_POSE E244 -0.852895 -0.957316 0.686854 -0.726795 -0.726795 -0.686854
VERTEX_POSE E245 -0.134560 0.632200 -0.856563 -0.516042 -0.516042 0.856563
VERTEX_POSE E246 -0.388761 0.390299 -0.718303 -0.695730 -0.695730 0.718303
VERTEX_POSE E247 0.857334 -0.761213 -0.381908 0.924200 -0.924200 -0.381908
VERTEX_POSE E248 0.682671 0.988631 -0.973679 -0.227923 0.227923 -0.973679
VERTEX_POSE E249 0.142997 0.043015 -0.249449 0.968388 -0.968388 -0.249449
VERTEX_POSE E250 0.629428 -0.504644 0.231025 0.972948 0.972948 -0.231025
VERTEX_POSE E251 -0.837384 -0.440062 -0.096759 0.995308 0.995308 0.096759
VERTEX_POSE E252 0.394547 0.753294 0.460570 -0.887623 -0.887623 -0.460570
VERTEX_POSE E253 -0.722713 -0.599288 -0.113217 0.993570 -0.993570 -0.113217
VERTEX_POSE E254 0.159032 0.719979 0.647255 0.762273 -0.762273 0.647255
VERTEX_POSE E255 0.086150 0.188026 0.938964 0.344017 -0.344017 0.938964
VERTEX_POSE E256 0.372527 -0.579330 -0.124428 -0.992229 0.992229 -0.124428
VERTEX_POSE E257 -0.406232 -0.059965 -0.719407 0.694589 -0.694589 -0.719407
VERTEX_POSE E258 0.900192 -0.443528 0.757201 -0.653181 -0.653181 -0.757201
VERTEX_POSE E259 -0.669064 0.294543 -0.992686 -0.120725 -0.120725 0.992686
VERTEX_POSE E260 -0.471299 -0.262399 -0.912869 -0.408253 -0.408253 0.912869
VERTEX_POSE E261 0.316905 -0.373305 0.906522 0.422158 -0.422158 0.906522
VERTEX_POSE E262 -0.565922 -0.576191 -0.782774 0.622307 0.622307 0.782774
VERTEX_POSE E263 -0.744886 0.356644 0.474989 -0.879992 0.879992 0.474989
VERTEX_POSE E264 -0.169792 -0.536357 -0.864822 -0.502079 0.502079 -0.864822
VERTEX_POSE E265 -0.592257 0.076344 -0.237824 -0.971308 0.971308 -0.237824
VERTEX_POSE E266 -0.372831 0.696419 -0.749268 0.662267 0.662267 0.749268
VERTEX_POSE E267 -0.096898 -0.291276 -0.826310 0.563215 -0.563215 -0.826310
VERTEX_POSE E268 0.175739 0.222768 0.666457 0.745543 0.745543 -0.666457
VERTEX_POSE E269 -0.176052 0.559518 -0.992511 0.122153 -0.122153 -0.992511
VERTEX_POSE E270 0.798591 0.526857 0.721893 -0.692004 -0.692004 -0.721893
VERTEX_POSE E271 -0.543019 -0.349540 -0.753109 -0.657896 -0.657896 0.753109
VERTEX_POSE E272 0.812895 -0.018484 -0.936302 0.351195 -0.351195 -0.936302
VERTEX_POSE E273 0.261995 0.428010 -0.551082 -0.834451 -0.834451 0.551082
VERTEX_POSE E274 0.740440 0.423552 -0.181032 -0.983477 -0.983477 0.181032
VERTEX_POSE E275 0.960000 0.024200 0.608437 0.793602 -0.793602 0.608437
VERTEX_POSE E276 -0.872565 0.060210 0.491582 0.870831 -0.870831 0.491582
VERTEX_POSE E277 -0.648321 -0.186148 0.827761 -0.561081 0.561081 0.827761
VERTEX_POSE E278 0.817334 0.262987 -0.235852 -0.971789 -0.971789 0.235852
VERTEX_POSE E279 0.810106 0.048842 -0.848141 0.529771 0.529771 0.848141
VERTEX_POSE E280 0.494676 0.856867 -0.036678 0.999327 -0.999327 -0.036678
VERTEX_POSE E281 0.446763 0.758342 0.974479 -0.224480 -0.224480 -0.974479
VERTEX_POSE E282 0.972722 0.608780 -0.185930 0.982563 -0.982563 -0.185930
VERTEX_POSE E283 -0.110777 0.610161 -0.945043 -0.326947 -0.326947 0.945043
VERTEX_POSE E284 0.724050 -0.840946 0.890488 0.455006 0.455006 -0.890488
VERTEX_POSE E285 0.131754 0.328758 0.956605 0.291388 -0.291388 0.956605
VERTEX_POSE E286 0.975373 -0.201812 0.746887 -0.664951 -0.664951 -0.746887
VERTEX_POSE E287 0.096577 -0.420276 0.151345 -0.988481 0.988481 0.151345
VERTEX_POSE E288 0.725522 -0.731207 -0.429860 0.902896 -0.902896 -0.429860
VERTEX_POSE E289 0.875565 0.354659 -0.180702 -0.983538 0.983538 -0.180702
VERTEX_POSE E290 0.427513 0.874267 -0.920956 0.389666 0.389666 0.920956
VERTEX_POSE E291 -0.745777 0.006394 0.719250 -0.694751 0.694751 0.719250
VERTEX_POSE E292 0.192471 0.981354 -0.825626 0.564217 -0.564217 -0.825626
VERTEX_POSE E293 0.861591 -0.701924 -0.589998 0.807405 0.807405 0.589998
VERTEX_POSE E294 -0.490663 -0.636962 0.705983 0.708229 0.708229 -0.705983
VERTEX_POSE E295 -0.977321 -0.555003 -0.997161 -0.075304 0.075304 -0.997161
VERTEX_POSE E296 -0.730665 0.374420 -0.344446 0.938806 0.938806 0.344446
VERTEX_POSE E297 0.136505 -0.940543 0.909657 0.415359 -0.415359 0.909657
VERTEX_POSE E298 -0.074220 0.153721 0.741002 0.671503 -0.671503 0.741002
VERTEX_POSE E299 0.445074 -0.402812 -0.992950 0.118532 0.118532 0.992950
VERTEX_POSE E300 0.960453 0.618975 -0.470240 0.882538 0.882538 0.470240
VERTEX_POSE E301 -0.275629 -0.319422 -0.368386 -0.929673 0.929673 -0.368386
VERTEX_POSE E302 0.902054 0.247647 -0.540949 -0.841055 0.841055 -0.540949
VERTEX_POSE E303 0.773349 -0.399509 -0.904459 0.426561 -0.426561 -0.904459
VERTEX_POSE E304 0.986366 -0.891411 -0.754693 -0.656078 0.656078 -0.754693
VERTEX_POSE E305 0.642494 -0.328800 0.940281 -0.340401 -0.340401 -0.940281
VERTEX_POSE E306 0.733349 0.624691 0.830438 0.557110 -0.557110 0.830438
VERTEX_POSE E307 -0.886199 0.168799 0.342486 -0.939523 0.939523 0.342486
VERTEX_POSE E308 0.994173 0.485051 -0.079102 0.996867 -0.996867 -0.079102
VERTEX_POSE E309 0.550683 -0.112322 -0.725379 -0.688350 -0.688350 0.725379
VERTEX_POSE E310 0.923907 -0.782359 0.235333 -0.971915 -0.971915 -0.235333
VERTEX_POSE E311 0.488849 0.341918 0.412369 0.911017 -0.911017 0.412369
VERTEX_POSE E312 -0.002554 -0.353980 -0.481095 -0.876669 -0.876669 0.481095
VERTEX_POSE E313 0.896629 0.826421 0.108308 -0.994117 0.994117 0.108308
VERTEX_POSE E314 -0.621928 -0.047921 -0.771165 0.636636 0.636636 0.771165
VERTEX_POSE E315 -0.278504 -0.194926 -0.346605 -0.938011 -0.938011 0.346605
VERTEX_POSE E316 0.028382 0.155179 0.847542 -0.530729 -0.530729 -0.847542
VERTEX_POSE E317 -0.646554 0.750267 0.457860 0.889024 0.889024 -0.457860
VERTEX_POSE E318 0.818073 0.384798 -0.459694 -0.888077 0.888077 -0.459694
VERTEX_POINT L6 -0.246096 0.423971
VERTEX_POINT L7 -0.770989 0.104926
VERTEX_POINT L8 0.245586 0.259066
VERTEX_POINT L9 0.008127 -0.569635
VERTEX_POINT L10 0.421482 0.086279
VERTEX_POINT L11 0.107177 0.557141
VERTEX_POINT L12 0.517464 -0.206597
VERTEX_POINT L13 0.444160 0.531276
VERTEX_POINT L14 0.376511 -0.068439
VERTEX_POINT L15 -0.346031 -0.147140
VERTEX_POINT L16 -0.630059 -0.315003
VERTEX_POINT L17 -0.178415 0.528749
VERTEX_POINT L18 -0.385577 -0.528165
VERTEX_POINT L19 0.094311 0.365575
VERTEX_POINT L20 -0.276361 -0.223604
VERTEX_BEARING C4 B3 -0.023608 -0.999721
VERTEX_BEARING C5 B4 0.755417 -0.655244
VERTEX_BEARING C6 B5 -0.975367 -0.220587
VERTEX_BEARING C7 B6 -0.999909 -0.013474
VERTEX_BEARING C8 B7 -0.662529 -0.749037
VERTEX_BEARING C10 B8 -0.969710 0.244258
VERTEX_BEARING C11 B10 0.995669 -0.092965
VERTEX_BEARING C12 B11 -0.920745 -0.390166
VERTEX_BEARING C13 B12 0.052138 -0.998640
VERTEX_BEARING C15 B13 -0.793640 0.608388
VERTEX_BEARING C19 B14 0.692899 -0.721035
VERTEX_BEARING C21 B15 0.274599 -0.961559
VERTEX_BEARING C23 B16 -0.747911 0.663798
VERTEX_BEARING C25 B17 0.067229 -0.997738
VERTEX_BEARING C26 B18 0.970900 0.239486
VERTEX_BEARING C27 B19 0.366685 0.930345
VERTEX_BEARING C28 B20 -0.017236 -0.999851
VERTEX_BEARING C30 B21 -0.730144 0.683293
VERTEX_BEARING C32 B22 0.992039 0.125930
VERTEX_BEARING C33 B23 -0.419631 0.907695
VERTEX_BEARING C34 B24 -0.331666 -0.943397
VERTEX_BEARING C35 B25 0.774843 -0.632154
VERTEX_BEARING C36 B26 -0.964166 0.265298
VERTEX_BEARING C37 B27 0.861262 -0.508162
VERTEX_BEARING C38 B28 -0.577754 0.816211
VERTEX_BEARING C39 B29 0.592126 -0.805845
VERTEX_BEARING C40 B30 0.949439 -0.313953
VERTEX_BEARING C41 B31 0.998758 0.049816
VERTEX_BEARING C42 B32 0.691445 -0.722429
VERTEX_BEARING C43 B33 -0.000872 1.000000
VERTEX_BEARING C44 B34 0.914829 0.403842
VERTEX_BEARING C45 B35 -0.904972 0.425472
VERTEX_BEARING C46 B36 -0.581902 -0.813259
VERTEX_BEARING C47 B37 -0.553199 -0.833049
VERTEX_BEARING C48 B38 -0.286341 -0.958128
VERTEX_BEARING C49 B39 0.882350 0.470594
VERTEX_BEARING C50 B40 -0.168813 0.985648
VERTEX_BEARING C52 B41 -0.762970 0.646434
VERTEX_BEARING C54 B42 0.552192 0.833717
VERTEX_BEARING C55 B43 0.798511 0.601980
VERTEX_BEARING C56 B44 0.410530 -0.911847
VERTEX_BEARING C57 B45 0.499591 0.866261
VERTEX_BEARING C58 B46 0.146809 -0.989165
VERTEX_BEARING C59 B47 0.604034 -0.796959
VERTEX_BEARING C60 B48 -0.434215 -0.900809
VERTEX_BEARING C61 B49 -0.016834 0.999858
VERTEX_BEARING C62 B50 0.006814 0.999977
VERTEX_BEARING C63 B51 0.602414 -0.798184
VERTEX_BEARING C64 B52 0.919766 -0.392467
VERTEX_BEARING C65 B53 -0.962789 -0.270255
VERTEX_BEARING C66 B54 -0.762984 -0.646417
VERTEX_BEARING C75 B55 -0.993745 -0.111669
VERTEX_BEARING C76 B56 -0.882812 0.469726
VERTEX_BEARING C77 B57 -0.826654 0.562711
VERTEX_BEARING C78 B58 0.842685 0.538407
VERTEX_BEARING C79 B59 0.541105 -0.840955
VERTEX_BEARING C80 B60 -0.885034 0.465527
VERTEX_BEARING C81 B61 0.686353 -0.727269
VERTEX_BEARING C82 B62 -0.135327 0.990801
VERTEX_BEARING C83 B63 0.374128 -0.927377
VERTEX_BEARING C84 B64 -0.283774 -0.958891
VERTEX_BEARING C85 B65 -0.444594 0.895732
VERTEX_BEARING C86 B66 0.739404 0.673262
VERTEX_BEARING C87 B67 0.660416 -0.750900
VERTEX_BEARING C88 B68 0.539740 0.841832
VERTEX_BEARING C89 B69 -0.563975 0.825792
VERTEX_BEARING B110 C101 -0.295103 0.955465
VERTEX_BEARING B111 C102 -0.980908 0.194470
VERTEX_BEARING B112 C103 0.655854 0.754887
VERTEX_BEARING B113 C104 -0.709897 0.704305
VERTEX_BEARING B114 C105 -0.980234 -0.197843
VERTEX_BEARING B115 C106 -0.680359 0.732879
VERTEX_BEARING B116 C107 0.829067 0.559149
VERTEX_BEARING B117 C108 0.991878 -0.127191
VERTEX_BEARING B118 C109 0.739474 0.673185
VERTEX_BEARING B119 C110 -0.680762 0.732505
VERTEX_BEARING B120 C111 -0.620269 -0.784389
VERTEX_BEARING B121 C112 -0.050223 0.998738
VERTEX_BEARING B122 C113 0.713141 0.701021
VERTEX_BEARING B123 C114 0.998076 0.061996
VERTEX_BEARING B124 C116 0.869793 -0.493417
VERTEX_BEARING D29 E112 -0.753227 -0.657760
VERTEX_BEARING D32 E113 -0.715450 0.698664
VERTEX_BEARING D33 E114 -0.680250 0.732980
VERTEX_BEARING D34 E115 -0.707906 0.706307
VERTEX_BEARING D35 E116 0.867307 0.497774
VERTEX_BEARING D36 E117 0.712566 -0.701605
VERTEX_BEARING D37 E118 -0.978283 0.207275
VERTEX_BEARING D38 E119 0.649863 0.760051
VERTEX_BEARING D39 E120 -0.895016 -0.446035
VERTEX_BEARING D40 E121 0.911305 0.411732
VERTEX_BEARING D41 E122 -0.624668 0.780890
VERTEX_BEARING D42 E123 0.024687 0.999695
VERTEX_BEARING D43 E124 0.939729 -0.341919
VERTEX_BEARING D44 E125 0.771606 -0.636101
VERTEX_BEARING D45 E126 -0.734360 0.678760
VERTEX_BEARING D46 E127 0.949201 -0.314671
VERTEX_BEARING D47 E128 -0.606654 -0.794966
VERTEX_BEARING D48 E129 -0.587290 -0.809376
VERTEX_BEARING D49 E130 -0.174622 0.984636
VERTEX_BEARING D50 E131 -0.261315 0.965254
VERTEX_BEARING D51 E132 0.062932 0.998018
VERTEX_BEARING D52 E133 0.139554 0.990214
VERTEX_BEARING D53 E134 -0.654582 0.755991
VERTEX_BEARING D54 E135 -0.717472 -0.696588
VERTEX_BEARING D55 E136 0.099227 0.995065
VERTEX_BEARING D56 E137 -0.201174 0.979556
VERTEX_BEARING D57 E138 -0.453900 -0.891052
VERTEX_BEARING D58 E139 -0.966298 0.257426
VERTEX_BEARING D59 E140 -0.795968 0.605339
VERTEX_BEARING D61 E141 -0.336558 0.941663
VERTEX_BEARING D62 E142 0.617791 0.786342
VERTEX_BEARING D63 E143 -0.182659 0.983176
VERTEX_BEARING D64 E144 -0.332214 0.943204
VERTEX_BEARING D65 E145 0.756586 0.653894
VERTEX_BEARING D66 E146 0.910923 -0.412576
VERTEX_BEARING D67 E147 -0.907166 0.420773
VERTEX_BEARING D68 E148 0.303237 -0.952915
VERTEX_BEARING D69 E149 0.615483 0.788150
VERTEX_BEARING D70 E150 -0.989534 -0.144298
VERTEX_BEARING D71 E151 0.985550 0.169385
VERTEX_BEARING D72 E152 0.852724 0.522361
VERTEX_BEARING D73 E153 -0.876890 -0.480691
VERTEX_BEARING D74 E154 -0.996675 -0.081477
VERTEX_BEARING D75 E155 -0.207217 -0.978295
VERTEX_BEARING D76 E156 -0.984048 0.177904
VERTEX_BEARING D77 E157 -0.367047 -0.930202
VERTEX_BEARING D78 E158 -0.989434 -0.144982
VERTEX_BEARING D79 E159 -0.714192 0.699950
VERTEX_BEARING D80 E160 0.970829 0.239774
VERTEX_BEARING A11 C14 0.911369 -0.411591
VERTEX_BEARING A13 C18 0.711457 0.702730
VERTEX_BEARING A14 C20 -0.769099 -0.639130
VERTEX_BEARING A17 C24 -0.708424 -0.705787
VERTEX_BEARING A19 C26 0.980949 -0.194264
VERTEX_BEARING A20 C27 0.215222 0.976565
VERTEX_BEARING A22 C29 0.510970 -0.859598
VERTEX_BEARING A23 C31 -0.118283 0.992980
VERTEX_BEARING A137 C90 0.728791 0.684736
VERTEX_BEARING A141 C91 0.872516 0.488586
VERTEX_BEARING A142 C92 0.999499 0.031637
VERTEX_BEARING A143 C93 -0.554542 0.832156
VERTEX_BEARING A144 C94 0.797447 0.603389
VERTEX_BEARING A145 C95 -0.312036 -0.950070
VERTEX_BEARING A146 C96 0.736943 0.675954
VERTEX_BEARING A173 C97 0.967434 -0.253123
VERTEX_BEARING A174 C98 -0.993697 0.112100
VERTEX_BEARING A175 C99 0.885990 -0.463705
VERTEX_BEARING A176 C100 -0.845498 0.533978
VERTEX_BEARING C132 A205 0.996567 0.082791
VERTEX_BEARING A212 C151 -0.921062 0.389415
VERTEX_BEARING A213 C153 0.789709 -0.613481
VERTEX_BEARING A214 C156 0.482444 -0.875927
VERTEX_BEARING A215 C158 -0.456667 -0.889638
VERTEX_BEARING A216 C159 -0.913024 0.407905
VERTEX_BEARING E0 C0 -0.879241 -0.476377
VERTEX_BEARING E1 C1 -0.754436 0.656373
VERTEX_BEARING E2 C2 -0.204153 0.978939
VERTEX_BEARING E3 C3 -0.480493 0.876999
VERTEX_BEARING E8 C7 0.651574 -0.758585
VERTEX_BEARING E9 C9 -0.997184 0.074989
VERTEX_BEARING E10 C10 -0.778200 -0.628016
VERTEX_BEARING E11 C11 -0.353136 0.935572
VERTEX_BEARING E13 C13 -0.093256 0.995642
VERTEX_BEARING E14 C14 -0.882294 -0.470698
VERTEX_BEARING E15 C16 -0.929205 -0.369566
VERTEX_BEARING E20 C22 0.981021 -0.193900
VERTEX_BEARING E229 C134 -0.987193 -0.159531
VERTEX_BEARING E263 C160 0.883634 -0.468178
VERTEX_BEARING E295 C172 0.917288 -0.398226
VERTEX_BEARING E300 C178 0.692664 -0.721261
VERTEX_BEARING E305 C184 0.267866 0.963456
VERTEX_BEARING E310 C190 -0.586291 -0.810100
VERTEX_BEARING A2 D0 0.109145 0.994026
VERTEX_BEARING A3 D1 0.720137 -0.693832
VERTEX_BEARING A4 D2 0.821320 0.570468
VERTEX_BEARING A6 D3 -0.784267 -0.620423
VERTEX_BEARING A7 D4 -0.985499 0.169680
VERTEX_BEARING A8 D5 0.606007 -0.795459
VERTEX_BEARING A9 D6 -0.530353 0.847777
VERTEX_BEARING A11 D7 0.770380 -0.637585
VERTEX_BEARING A17 D8 0.857693 0.514163
VERTEX_BEARING A20 D9 -0.761047 -0.648697
VERTEX_BEARING A26 D10 0.570184 -0.821517
VERTEX_BEARING A131 D11 -0.766238 0.642557
VERTEX_BEARING A136 D12 -0.751775 0.659419
VERTEX_BEARING A138 D13 0.946019 0.324111
VERTEX_BEARING A139 D15 0.102205 -0.994763
VERTEX_BEARING A140 D17 -0.022488 0.999747
VERTEX_BEARING D28 A152 -0.915670 -0.401932
VERTEX_BEARING D29 A154 -0.812469 0.583004
VERTEX_BEARING D30 A155 0.734566 -0.678538
VERTEX_BEARING D31 A156 -0.996742 -0.080651
VERTEX_BEARING A259 D121 -0.143488 0.989652
VERTEX_BEARING A260 D122 -0.761058 -0.648683
VERTEX_BEARING A265 D123 -0.054945 0.998489
VERTEX_BEARING E252 B128 0.561302 -0.827611
VERTEX_BEARING E253 B129 -0.969482 0.245161
VERTEX_BEARING E254 B130 0.380456 -0.924799
VERTEX_BEARING E255 B131 -0.780368 0.625320
VERTEX_BEARING E256 B132 -0.745040 0.667020
VERTEX_BEARING E257 B133 -0.358152 -0.933663
VERTEX_BEARING E258 B134 -0.992259 -0.124185
VERTEX_BEARING E259 B135 -0.457474 -0.889223
VERTEX_BEARING E260 B136 0.777894 -0.628396
VERTEX_BEARING E261 B137 -0.998254 -0.059061
VERTEX_BEARING E262 B138 -0.751166 0.660113
VERTEX_BEARING E263 B139 -0.890747 -0.454500
VERTEX_BEARING E264 B140 -0.681451 -0.731864
VERTEX_BEARING E265 B141 -0.823385 0.567483
VERTEX_BEARING E266 B142 -0.463736 -0.885973
VERTEX_BEARING E268 B143 -0.805308 -0.592856
VERTEX_BEARING E269 B144 0.984225 0.176919
VERTEX_BEARING E271 B145 -0.441664 -0.897180
VERTEX_BEARING E272 B146 0.986294 -0.164998
VERTEX_BEARING E273 B147 -0.952586 -0.304269
VERTEX_BEARING E274 B148 0.004976 -0.999988
VERTEX_BEARING E275 B149 -0.192675 -0.981263
VERTEX_BEARING E279 B150 0.221913 0.975066
VERTEX_BEARING E280 B151 0.705663 -0.708547
VERTEX_BEARING E281 B152 0.010526 -0.999945
VERTEX_BEARING E282 B153 0.993867 0.110584
VERTEX_BEARING E283 B154 0.731038 -0.682336
VERTEX_BEARING E284 B155 0.429744 0.902951
VERTEX_BEARING E288 B157 -0.815688 -0.578491
VERTEX_BEARING E289 B158 0.992505 0.122201
VERTEX_BEARING E292 B159 -0.858794 0.512321
VERTEX_BEARING E293 B160 0.985258 -0.171077
VERTEX_BEARING E294 B161 0.754588 -0.656199
VERTEX_BEARING E295 B162 0.417659 -0.908604
VERTEX_BEARING A12 E16 -0.290161 0.956978
VERTEX_BEARING A13 E17 0.712040 -0.702139
VERTEX_BEARING E18 A14 -0.979119 -0.203288
VERTEX_BEARING A15 E19 -0.723951 -0.689851
VERTEX_BEARING E20 A16 -0.559215 -0.829023
VERTEX_BEARING A17 E21 -0.992389 0.123142
VERTEX_BEARING E22 A18 -0.105823 0.994385
VERTEX_BEARING A20 E23 -0.323301 0.946296
VERTEX_BEARING E24 A21 -0.605399 0.795922
VERTEX_BEARING E26 A24 0.094307 0.995543
VERTEX_BEARING A25 E27 -0.483776 0.875192
VERTEX_BEARING A26 E30 0.170339 -0.985386
VERTEX_BEARING E31 A27 0.226501 -0.974011
VERTEX_BEARING A28 E32 -0.738806 -0.673918
VERTEX_BEARING A29 E34 0.948865 -0.315681
VERTEX_BEARING A32 E37 -0.942065 0.335431
VERTEX_BEARING A33 E38 -0.755252 0.655435
VERTEX_BEARING A34 E40 -0.013921 0.999903
VERTEX_BEARING A38 E44 0.833054 0.553191
VERTEX_BEARING A39 E46 0.981786 -0.189992
VERTEX_BEARING A40 E48 -0.243631 0.969868
VERTEX_BEARING A48 E56 -0.534794 0.844982
VERTEX_BEARING A61 E68 0.225638 0.974211
VERTEX_BEARING A64 E71 -0.678188 0.734888
VERTEX_BEARING A70 E76 0.729037 0.684474
VERTEX_BEARING A74 E77 0.711221 -0.702969
VERTEX_BEARING A75 E78 0.980180 -0.198110
VERTEX_BEARING A76 E79 0.996077 0.088490
VERTEX_BEARING A77 E80 0.793175 0.608993
VERTEX_BEARING A78 E81 0.994455 0.105162
VERTEX_BEARING A79 E82 0.948725 0.316104
VERTEX_BEARING A80 E83 -0.965110 0.261843
VERTEX_BEARING A81 E84 0.967366 0.253385
VERTEX_BEARING A82 E85 0.619167 -0.785260
VERTEX_BEARING A83 E86 -0.077827 -0.996967
VERTEX_BEARING A84 E87 -0.935351 0.353721
VERTEX_BEARING A85 E88 -0.994868 0.101182
VERTEX_BEARING A86 E89 0.701613 0.712558
VERTEX_BEARING A87 E90 -0.826830 0.562452
VERTEX_BEARING A88 E91 -0.827671 -0.561214
VERTEX_BEARING A89 E92 -0.095205 0.995458
VERTEX_BEARING A90 E93 0.799539 -0.600614
VERTEX_BEARING A91 E94 0.958579 -0.284827
VERTEX_BEARING A94 E95 -0.677998 0.735063
VERTEX_BEARING A95 E96 -0.988426 0.151704
VERTEX_BEARING A96 E97 0.876580 0.481256
VERTEX_BEARING A98 E98 -0.938404 0.345541
VERTEX_BEARING A103 E99 -0.323059 -0.946379
VERTEX_BEARING A104 E100 -0.372610 -0.927988
VERTEX_BEARING A105 E101 -0.837207 -0.546886
VERTEX_BEARING A106 E102 -0.829371 0.558699
VERTEX_BEARING A107 E103 0.831241 0.555912
VERTEX_BEARING A108 E104 -0.668846 -0.743401
VERTEX_BEARING E207 A186 0.975843 0.218475
VERTEX_BEARING E208 A187 -0.961761 0.273892
VERTEX_BEARING E209 A188 -0.665266 -0.746606
VERTEX_BEARING E210 A189 0.499869 0.866101
VERTEX_BEARING E211 A190 -0.725625 -0.688091
VERTEX_BEARING E212 A191 -0.993872 0.110534
VERTEX_BEARING E213 A192 -0.950730 -0.310019
VERTEX_BEARING E214 A193 0.981884 0.189482
VERTEX_BEARING E215 A194 0.563488 -0.826124
VERTEX_BEARING E216 A195 -0.178460 -0.983947
VERTEX_BEARING E217 A196 0.573414 -0.819266
VERTEX_BEARING E218 A197 0.371746 -0.928334
VERTEX_BEARING E219 A198 0.713635 -0.700518
VERTEX_BEARING E220 A199 0.657951 0.753061
VERTEX_BEARING E221 A200 0.783515 0.621372
VERTEX_BEARING E223 A201 0.566323 -0.824183
VERTEX_BEARING E224 A202 -0.924782 -0.380497
VERTEX_BEARING E225 A203 -0.719734 -0.694250
VERTEX_BEARING E226 A204 -0.472349 0.881412
VERTEX_BEARING E227 A206 -0.951269 0.308363
VERTEX_BEARING E228 A207 0.983257 -0.182223
VERTEX_BEARING E230 A208 -0.389322 0.921102
VERTEX_BEARING E232 A209 -0.822639 -0.568565
VERTEX_BEARING E233 A210 0.655807 -0.754929
VERTEX_BEARING E234 A211 0.976775 -0.214268
VERTEX_BEARING E266 A226 -0.019453 -0.999811
VERTEX_BEARING E311 A266 -0.919498 -0.393094
VERTEX_BEARING A0 B0 0.769977 0.638072
VERTEX_BEARING A1 B1 0.565796 -0.824546
VERTEX_BEARING A2 B2 -0.741690 -0.670743
VERTEX_BEARING A3 B3 0.766543 0.642192
VERTEX_BEARING A8 B9 0.749751 0.661720
VERTEX_BEARING A245 B156 -0.803890 0.594778
