VERTEX_POSE A0 -0.300875 -0.024722 -0.437236 -0.766220 -0.526924 -0.380432 0.833241 0.517860 -0.167513
VERTEX_POSE A1 0.461353 -0.289263 -0.278172 0.413430 0.907453 -0.678537 0.252222 -0.607176 0.336025
VERTEX_POSE A2 0.655229 0.117290 0.479588 -0.203414 0.357510 -0.972690 0.032502 -0.111788 -0.933343
VERTEX_POSE A3 0.635494 0.600259 0.076111 -0.931015 -0.110689 -0.092788 -0.849814 0.352989 -0.515329
VERTEX_POSE A4 -0.212144 -0.218224 -0.501476 0.647013 -0.573061 -0.627174 -0.024847 -0.433621 -0.819136
VERTEX_POSE A5 0.384975 0.432399 0.293681 0.208216 -0.087788 -0.886038 -0.438729 0.414227 -0.894321
VERTEX_POINT L0 -0.709254 0.094720 -0.587440
VERTEX_BEARING A1 L0 0.537498 -0.542052 0.645969
VERTEX_BEARING A2 L0 -0.508770 -0.660220 -0.552506
VERTEX_BEARING A3 L0 -0.673231 0.562882 -0.479504
VERTEX_BEARING A4 L0 -0.485509 0.577099 -0.656687
VERTEX_BEARING A5 L0 0.754922 0.513676 0.407712
