VERTEX_POSE A0 -0.263987 0.943567 -0.687415 -0.015717 0.941419 0.108829 0.401758 -0.302291 0.565332 0.636025 -0.127783 0.663805 0.072647 -0.227182 -0.705255
VERTEX_POSE A1 -0.843146 -0.271118 -0.177268 -0.000239 -0.638511 0.459846 -0.425335 -0.430434 0.440999 0.523417 0.529345 -0.549405 -0.020307 -0.165701 -0.586508
VERTEX_POSE A2 -0.360448 0.041703 0.326590 0.189437 0.917550 -0.518427 -0.294957 0.294519 -0.061448 0.240449 -0.889777 0.396040 -0.226372 0.655613 0.257442
VERTEX_POSE A3 -0.944335 0.560375 -0.070380 0.294118 0.927547 -0.512850 -0.376893 -0.394255 -0.336053 0.072367 -0.653766 -0.749910 0.428909 0.118098 0.365577
VERTEX_POSE A4 0.108137 -0.067493 0.655260 -0.190922 0.339667 0.327350 0.376078 -0.167959 -0.674482 0.816348 -0.349835 -0.090476 0.485418 0.435915 0.213600
VERTEX_POSE A5 -0.365138 -0.608337 -0.964424 0.479567 0.504161 -0.028414 -0.787085 -0.506640 -0.447149 -0.837600 0.208078 0.064956 -0.085220 -0.191614 0.360549
VERTEX_POINT L0 0.172273 -0.138194 0.242944 0.662678 0.088283
VERTEX_BEARING A1 L0 -0.191708 -0.029622 -0.685536 0.464827 -0.525687
VERTEX_BEARING A2 L0 0.431295 -0.267783 -0.482589 0.689537 -0.184182
VERTEX_BEARING A3 L0 -0.688038 -0.144689 0.699219 -0.018854 -0.128082
VERTEX_BEARING A4 L0 0.308650 -0.256662 -0.626075 0.517365 0.423348
VERTEX_BEARING A5 L0 0.243211 -0.554046 -0.509478 0.129691 -0.597908
