VERTEX_POSE A0 0.435557 -0.490187 0.852588 -0.065095 -0.992625 -0.974531 0.085277 -0.214598 -0.086159
VERTEX_POSE A1 0.159531 0.435025 0.948997 0.914077 0.321313 -0.405510 0.716618 0.005022 -0.619045
VERTEX_POSE A2 -0.183166 -0.200153 -0.608924 -0.210683 0.000301 -0.764930 -0.622710 -0.608683 0.782453
VERTEX_POSE A3 -0.971700 0.300445 -0.319949 -0.360451 -0.636352 0.055007 0.715380 -0.931155 0.288594
VERTEX_POSE A4 0.497884 0.413991 0.075320 0.600360 -0.364623 -0.739956 -0.590882 0.303368 -0.719658
VERTEX_POSE A5 -0.109531 0.866352 -0.711507 -0.078583 0.880495 -0.672755 0.299227 0.735680 0.367685
VERTEX_POINT L0 0.295345 -0.821141 -0.573756
VERTEX_BEARING A1 L0 0.055876 -0.998286 0.017432
VERTEX_BEARING A2 L0 -0.546502 -0.450363 0.706052
VERTEX_BEARING A3 L0 0.973178 0.125575 0.192758
VERTEX_BEARING A4 L0 0.073540 0.992340 0.099266
VERTEX_BEARING A5 L0 -0.121919 0.748243 -0.652126
