VERTEX_POSE A0 0.560497 -0.178038 -0.390259 -0.375611 0.053235 0.994768 -0.971058 0.466903 0.062114 -0.328409 0.366811 0.282359 -0.509666 -0.445651 -0.478987 0.267389 0.172260 -0.389263 0.455183 -0.415687 -0.368155
VERTEX_POSE A1 0.681131 -0.277836 -0.804405 0.535947 -0.671230 0.792557 0.532263 -0.356646 0.019966 -0.390220 0.603885 -0.479802 -0.454032 -0.433757 -0.373334 -0.373938 -0.108728 0.249090 -0.499238 0.316704 -0.168345
VERTEX_POSE A2 -0.215710 -0.966459 -0.609889 -0.284564 -0.990219 0.371621 0.699824 -0.539829 0.603389 -0.404919 -0.273992 0.062732 0.195759 -0.528196 -0.193506 -0.266298 0.439860 -0.080058 -0.297015 0.429389 0.450986
VERTEX_POSE A3 -0.276827 -0.636573 0.216652 -0.946923 -0.309295 -0.245659 -0.773615 0.228661 0.090032 -0.433202 -0.370905 0.455498 0.159099 0.406247 0.207511 0.114446 -0.309882 -0.341118 -0.278436 0.508012 -0.782558
VERTEX_POSE A4 0.107550 0.978231 0.202756 -0.035789 0.608814 0.044716 -0.450667 -0.394076 -0.450892 0.387460 -0.272360 -0.050785 -0.482464 -0.146792 0.624580 0.483255 0.251089 0.529233 -0.147655 0.396017 -0.121641
VERTEX_POSE A5 0.152401 -0.647857 0.300051 0.166484 -0.685915 0.912569 0.779397 0.508519 0.310273 -0.094034 0.492372 0.255953 0.047311 0.503896 0.296996 -0.284313 0.543615 0.387683 -0.495661 -0.426628 -0.172216
VERTEX_POINT L0 0.574493 0.393729 -0.771959 -0.999839 -0.381316 0.473807 0.704055
VERTEX_BEARING A1 L0 0.016997 -0.427360 -0.163083 0.222756 0.685921 -0.485669 0.185733
VERTEX_BEARING A2 L0 0.397232 -0.288379 0.314497 0.467663 -0.176383 -0.588775 -0.252310
VERTEX_BEARING A3 L0 0.398074 0.011132 0.665766 0.435349 0.391999 0.026537 -0.232963
VERTEX_BEARING A4 L0 -0.446721 -0.059043 -0.359890 -0.456095 -0.300952 -0.603427 0.068671
VERTEX_BEARING A5 L0 0.020538 0.007719 0.641921 0.628972 -0.190142 0.323758 0.225560
