VERTEX_POSE A0 0.953030 -0.382451 0.467101 0.558998 -0.263838 -0.134575 0.971359 -0.582657 0.051314 -0.170526 -0.496774 -0.012096 -0.279569 -0.551806 -0.188288 -0.317388 -0.419623 0.072964 0.175671 -0.469826 0.655764
VERTEX_POSE A1 -0.519780 0.070375 -0.333312 -0.081922 0.129798 -0.012325 -0.005607 0.629034 0.129798 0.402804 -0.364216 -0.211800 0.421717 0.026957 0.562504 0.361734 0.015537 -0.369112 0.189422 -0.359698 -0.565792
VERTEX_POSE A2 -0.475564 -0.313549 -0.137823 0.749561 -0.579596 0.077106 -0.065211 -0.632038 -0.347072 0.045909 0.597970 -0.259916 0.541905 0.174915 -0.108483 0.472105 0.126448 -0.473152 0.404244 0.231327 0.192721
VERTEX_POSE A3 -0.135297 0.660550 -0.527695 -0.689763 0.947781 0.735842 0.728894 0.312391 0.547533 0.545501 -0.065742 0.282739 -0.120866 0.376388 -0.511559 -0.259314 0.421578 -0.560498 -0.381996 0.042780 -0.309737
VERTEX_POSE A4 0.723930 -0.124931 0.408514 -0.197455 0.652193 0.880648 -0.528122 -0.566101 -0.413510 -0.171278 0.420171 -0.451112 0.166742 0.262559 0.547620 0.259441 0.209423 -0.471742 0.506918 -0.296487 0.154761
VERTEX_POSE A5 0.624129 -0.859773 0.376845 0.600062 -0.643855 -0.511816 0.179879 0.556468 -0.431193 0.360733 -0.197109 0.023182 -0.017294 0.438408 0.505575 0.251659 -0.239680 -0.013586 0.615819 -0.551324 -0.287464
VERTEX_POINT L0 0.675626 0.795865 0.927217 -0.265944 -0.515479 -0.590962 -0.230734
VERTEX_BEARING A1 L0 0.166021 -0.402716 0.152599 0.535773 -0.690693 -0.125629 0.084136
VERTEX_BEARING A2 L0 0.038472 0.004656 -0.222557 0.189327 -0.115933 0.677738 -0.663590
VERTEX_BEARING A3 L0 0.572202 -0.183582 0.628927 -0.339615 -0.076105 0.339530 -0.083201
VERTEX_BEARING A4 L0 0.269889 -0.288657 0.505845 0.556543 0.244493 -0.448992 0.129797
VERTEX_BEARING A5 L0 -0.557948 0.293537 -0.371787 -0.298923 -0.210874 0.026051 -0.574285
