VERTEX_POSE A0 -0.184654 0.474539 0.705759 0.006787 -0.105603 -0.485571 -0.364699 -0.676827 -0.535247 -0.180395 0.754555 -0.523053
VERTEX_POSE A1 0.133236 0.725557 -0.085895 0.791655 0.507197 -0.708863 -0.013225 0.562111 0.425172 0.222294 -0.749537 -0.363496
VERTEX_POSE A2 -0.969031 -0.258271 0.710838 -0.841439 -0.582835 -0.532571 -0.015530 0.752549 0.041412 0.102978 -0.811386 0.373409
VERTEX_POSE A3 0.035712 -0.086661 -0.035299 -0.555551 -0.078197 -0.810487 -0.125296 0.574390 -0.309204 0.106052 0.939457 0.044050
VERTEX_POSE A4 -0.438298 0.488779 -0.957812 0.505941 0.105389 0.126283 -0.537481 0.711654 0.147637 0.601389 0.823535 0.340489
VERTEX_POSE A5 0.630325 0.339743 0.123882 -0.775258 -0.361966 -0.565367 0.667682 -0.237762 -0.042600 -0.780363 0.649127 -0.121914
VERTEX_POINT L0 0.313079 0.469085 0.384164 0.857206
VERTEX_BEARING A1 L0 -0.517310 -0.535770 0.562507 -0.359064
VERTEX_BEARING A2 L0 0.574049 0.338753 0.572560 -0.477377
VERTEX_BEARING A3 L0 0.577883 0.096980 0.540831 -0.603447
VERTEX_BEARING A4 L0 -0.313387 0.322007 -0.728000 0.517799
VERTEX_BEARING A5 L0 -0.435777 -0.569459 0.404881 -0.567351
