VERTEX_POSE A0 -0.892705 -0.207818 -0.144001 0.939698 -0.320518 -0.119850 -0.716298 0.485655 -0.431422 0.160457 0.445040 0.850899
VERTEX_POSE A1 -0.934530 0.291386 -0.156051 -0.928465 0.355594 0.591068 0.462780 -0.649263 -0.253207 -0.477005 -0.771540 0.039525
VERTEX_POSE A2 -0.773585 -0.245246 0.255726 0.906548 0.586752 0.243865 -0.452886 -0.438322 -0.037269 0.726779 -0.670244 0.469250
VERTEX_POSE A3 0.878242 0.495884 -0.820173 0.812328 -0.337266 -0.156059 0.725955 -0.018999 -0.161498 0.966451 0.577199 0.203118
VERTEX_POSE A4 -0.746375 -0.389840 -0.363999 -0.588023 0.309542 0.735051 0.244437 0.019353 -0.249493 -0.536600 -0.884414 0.413989
VERTEX_POSE A5 0.077136 0.032406 -0.404756 0.797764 -0.105632 0.844688 -0.453169 0.011877 -0.535479 0.352850 0.704799 0.402316
VERTEX_POINT L0 -0.649008 -0.598306 0.318223 -0.404089
VERTEX_BEARING A1 L0 0.571303 -0.489271 -0.246958 0.610933
VERTEX_BEARING A2 L0 -0.294337 0.321685 0.866855 -0.241758
VERTEX_BEARING A3 L0 0.271189 0.673817 -0.561101 0.396979
VERTEX_BEARING A4 L0 -0.589995 0.277309 0.727922 -0.212450
VERTEX_BEARING A5 L0 -0.290976 0.427539 -0.668564 0.534384
