VERTEX_POSE A0 0.463901 0.525824 -0.007898 -0.215624 -0.039223 -0.571190 -0.521193 0.459838 0.505957 0.557150 0.423207 0.412212 0.454495 -0.144308 -0.260975 0.526655 0.136337 -0.100118
VERTEX_POSE A1 -0.637274 -0.750104 -0.258705 0.129976 -0.082536 -0.867183 0.310950 -0.274536 0.337387 -0.487898 0.108647 0.538987 -0.465505 0.352305 0.402892 0.072928 0.631395 0.516373
VERTEX_POSE A2 0.009229 0.585810 0.851063 0.611083 -0.329612 -0.240172 -0.378951 -0.300953 -0.606348 -0.360934 0.216569 -0.512706 -0.182228 0.331563 -0.404141 0.613149 -0.495276 -0.174361
VERTEX_POSE A3 -0.728870 0.915839 -0.435679 -0.668114 0.414898 0.554532 -0.024116 -0.397595 -0.498159 -0.434515 -0.306676 0.062572 0.607263 -0.620825 0.487071 0.457630 0.226270 -0.233134
VERTEX_POSE A4 0.968973 -0.992607 -0.809644 0.437861 -0.549206 0.274679 0.633197 -0.215968 -0.172855 0.473433 -0.683282 -0.548922 -0.030133 -0.241905 -0.305696 0.584411 -0.089164 -0.166881
VERTEX_POSE A5 0.315595 0.170148 -0.652090 0.226384 0.655035 0.186233 -0.482763 0.443929 -0.211232 0.017745 -0.096474 -0.783051 0.483937 -0.231706 0.432317 0.244022 0.540296 0.276059
VERTEX_POINT L0 -0.107216 0.987469 -0.299620 0.663394 -0.914817 0.296440
VERTEX_BEARING A1 L0 0.506943 -0.541540 -0.066731 -0.080615 0.492787 -0.442666
VERTEX_BEARING A2 L0 -0.510115 0.478532 0.457869 -0.456504 0.105138 0.285824
VERTEX_BEARING A3 L0 0.605505 0.358957 -0.553243 0.426318 0.113397 -0.061888
VERTEX_BEARING A4 L0 0.511123 -0.440111 0.538206 -0.013430 -0.501726 0.058996
VERTEX_BEARING A5 L0 -0.589349 -0.548449 0.210449 -0.209310 0.470980 0.204817
