VERTEX_POSE A0 -0.612872 0.962907 0.971893 0.628987 -0.646610 0.742240 0.334380 -0.231204 -0.685628
VERTEX_POSE A1 -0.936787 0.114583 -0.507049 0.748095 -0.612487 0.516999 0.296697 -0.416012 -0.732687
VERTEX_POSE A2 -0.775687 0.417231 -0.610105 -0.033906 -0.986626 -0.751333 0.130362 0.659052 0.097857
VERTEX_POSE A3 0.454551 0.813929 -0.744515 0.816235 -0.444408 -0.389476 -0.895217 0.426696 0.032986
VERTEX_POSE A4 0.231789 -0.771602 -0.797753 -0.310065 0.777836 0.560051 0.614076 -0.768246 0.133725
VERTEX_POSE A5 -0.576428 -0.999906 0.169996 -0.580590 -0.729829 -0.349917 -0.176597 -0.735169 0.660427
VERTEX_POINT L0 0.356322 -0.690147 -0.879082
VERTEX_BEARING A1 L0 0.443431 0.590367 -0.674415
VERTEX_BEARING A2 L0 0.763770 -0.642957 -0.057107
VERTEX_BEARING A3 L0 0.144237 0.898881 0.413773
VERTEX_BEARING A4 L0 -0.480107 -0.253094 0.839905
VERTEX_BEARING A5 L0 -0.475900 0.817058 -0.325478
