VERTEX_POSE A0 0.854488 0.743702 -0.773453 -0.849198 0.258902 -0.315461 0.169543 0.382926 -0.026158 0.867254 0.950548 0.041488
VERTEX_POSE A1 0.702408 -0.020688 0.990597 0.345565 0.637169 0.699380 0.454702 -0.005320 -0.485874 0.518494 0.388831 -0.491939
VERTEX_POSE A2 -0.431292 -0.942690 0.807324 0.017722 0.512537 -0.693241 0.596933 0.177861 -0.126294 0.475313 0.604173 0.511723
VERTEX_POSE A3 -0.388881 -0.300574 0.500465 -0.225993 -0.220013 -0.331169 0.490636 0.064079 0.266085 -0.924578 -0.800043 -0.177134
VERTEX_POSE A4 0.169044 0.023858 -0.895665 0.064222 -0.679828 -0.597482 -0.608024 0.211931 -0.137915 -0.125758 0.386160 -0.763077
VERTEX_POSE A5 0.308599 -0.795043 0.956335 0.600478 0.585420 -0.140868 -0.379070 0.629010 0.009799 -0.613490 -0.716584 -0.456217
VERTEX_POINT L0 0.784101 0.609020 0.613386 -0.234169
VERTEX_BEARING A1 L0 0.593755 0.512721 -0.344143 0.515886
VERTEX_BEARING A2 L0 -0.058136 0.359664 -0.494747 0.788979
VERTEX_BEARING A3 L0 -0.641720 -0.595248 0.482678 0.029941
VERTEX_BEARING A4 L0 -0.649393 -0.648354 -0.317892 -0.238474
VERTEX_BEARING A5 L0 -0.064446 -0.632348 0.707015 -0.310020
