VERTEX_POSE A0 0.404090 -0.108414 -0.542712 0.706334 0.451130 0.824981 -0.325305 0.173066 -0.032855 -0.614466 -0.308145 0.390344 -0.348552 0.423137 -0.741256 -0.485930 -0.356644 0.157918
VERTEX_POSE A1 0.339776 0.324477 0.694277 -0.326239 -0.411887 -0.753852 0.323076 0.464553 0.602899 -0.425019 -0.185159 -0.082300 -0.342327 0.343634 -0.442696 0.177944 0.429747 0.668601
VERTEX_POSE A2 0.998066 0.729628 0.023985 -0.493665 0.149191 -0.581324 -0.104045 0.816816 0.393801 -0.451715 0.647165 0.193760 -0.299664 -0.136064 -0.569218 -0.183196 0.038284 -0.197858
VERTEX_POSE A3 -0.276475 0.439443 0.224312 0.692020 0.234344 0.790770 0.130847 -0.332492 -0.442346 0.635709 -0.478485 0.272390 -0.445861 -0.223193 -0.573388 -0.595851 0.175203 0.079206
VERTEX_POSE A4 -0.721025 -0.238250 0.178521 0.593586 -0.453699 -0.899119 -0.557719 -0.169811 -0.531162 0.451989 0.248161 -0.657753 -0.245682 -0.008585 -0.241289 -0.318798 0.476079 0.482209
VERTEX_POSE A5 -0.559905 -0.630680 -0.545035 0.257783 -0.214727 -0.565364 0.329623 0.691421 0.357942 -0.009149 0.505556 0.074677 0.374498 -0.281798 0.486910 0.154332 -0.360983 0.642688
VERTEX_POINT L0 0.297453 -0.253998 -0.223962 0.348116 0.067295 -0.243821
VERTEX_BEARING A1 L0 -0.577181 0.258289 -0.229312 -0.573053 0.303214 -0.356702
VERTEX_BEARING A2 L0 -0.256739 -0.132290 0.559700 0.444730 0.548402 -0.323715
VERTEX_BEARING A3 L0 0.258362 0.286114 -0.047371 0.566143 0.505017 -0.523052
VERTEX_BEARING A4 L0 -0.271595 0.324867 -0.187354 0.479469 -0.741754 0.074208
VERTEX_BEARING A5 L0 0.248324 0.446918 0.531462 0.674721 -0.028020 -0.010694
