VERTEX_POSE A0 -0.702923 -0.913555 -0.755566 -0.555641 0.075211 0.394168 0.489395 0.446300 -0.518649 0.517272 0.284961 0.534469 -0.458041 0.303678 0.447763
VERTEX_POSE A1 0.952815 -0.836435 -0.587158 -0.340217 -0.077075 -0.344434 -0.667482 0.579697 0.136757 -0.359264 0.704633 -0.327418 0.197522 0.555916 0.015543
VERTEX_POSE A2 -0.166781 -0.596203 -0.152037 -0.868180 0.254499 -0.549070 0.493775 0.281185 -0.120623 0.347900 0.512294 -0.612008 -0.488979 0.351950 -0.489991
VERTEX_POSE A3 0.963275 0.625643 0.243981 -0.503934 -0.047876 0.379656 -0.696252 0.706206 0.211805 0.572174 -0.001676 -0.172221 -0.677742 -0.009560 0.105043
VERTEX_POSE A4 0.772232 0.680867 0.581978 0.457178 0.292591 0.218727 0.662515 -0.201695 -0.420346 -0.583969 0.504650 0.728949 0.174618 -0.197716 0.314993
VERTEX_POSE A5 0.511334 0.757287 -0.684101 0.471534 -0.635768 -0.184728 -0.544013 0.377502 0.299461 -0.504276 0.558539 -0.563338 0.293347 -0.501721 -0.465140
VERTEX_POINT L0 0.856198 0.488745 -0.962451 0.053784 -0.449296
VERTEX_BEARING A1 L0 0.500573 -0.582215 -0.382885 -0.050801 0.511147
VERTEX_BEARING A2 L0 0.380912 -0.000320 -0.669914 0.619487 0.149522
VERTEX_BEARING A3 L0 0.603559 0.197338 -0.236388 -0.735439 -0.004998
VERTEX_BEARING A4 L0 0.407027 0.538806 0.391165 0.126352 0.612406
VERTEX_BEARING A5 L0 0.641762 -0.153493 -0.328860 0.445076 -0.508272
