VERTEX_POSE A0 -0.410198 -0.705186 -0.080729 0.134538 0.194552 0.541298 0.620991 -0.563555 -0.596936 -0.583574 -0.469241 0.221005
VERTEX_POSE A1 -0.406587 0.321051 0.892786 0.796943 -0.651892 -0.596882 0.702168 -0.270328 0.278433 -0.745315 -0.066869 -0.123126
VERTEX_POSE A2 -0.597866 -0.988179 0.990505 0.609249 0.448410 -0.504579 0.501464 0.666734 0.699908 -0.309662 -0.239982 -0.452741
VERTEX_POSE A3 -0.809318 -0.457796 -0.095192 -0.208020 -0.457185 0.508608 0.262732 -0.185463 0.193336 0.827930 -0.827390 -0.146468
VERTEX_POSE A4 0.637993 0.583540 -0.903308 0.135297 0.835712 -0.518091 0.320111 0.697871 0.085816 -0.061586 0.437893 0.490678
VERTEX_POSE A5 0.089128 0.745807 0.886917 -0.158426 -0.646472 0.486716 0.402860 -0.411101 -0.592163 -0.763221 0.262907 0.107690
VERTEX_POINT L0 -0.244224 0.123803 -0.034340 -0.648791
VERTEX_BEARING A1 L0 0.612948 -0.366571 -0.472279 -0.516598
VERTEX_BEARING A2 L0 -0.499097 0.653564 0.435986 -0.365613
VERTEX_BEARING A3 L0 -0.639524 -0.690323 0.293400 -0.168460
VERTEX_BEARING A4 L0 0.607888 0.742409 0.192412 0.205619
VERTEX_BEARING A5 L0 -0.343143 -0.770222 0.458640 0.280463
