VERTEX_POSE A0 0.885792 0.225529 0.882407 0.555785 0.149527 -0.136209 0.698305 0.400659 -0.128482 -0.592943 0.266537 -0.061409 -0.720062 -0.328317 0.380147 -0.339139 -0.186339 -0.425414 -0.295689 0.283434 0.356783
VERTEX_POSE A1 0.685215 -0.891936 -0.381685 0.850631 0.053151 0.602728 0.995320 -0.547968 0.223161 0.425653 0.358422 0.577251 -0.128659 0.086357 -0.049079 0.320057 0.273070 0.159831 0.601226 0.223362 -0.605583
VERTEX_POSE A2 0.830188 -0.920671 0.967530 0.914853 0.980456 0.040442 0.590263 0.067007 0.266917 -0.290913 -0.394275 0.538885 -0.001653 -0.423498 0.578249 -0.575268 0.163003 0.137582 0.398382 -0.302109 -0.503638
VERTEX_POSE A3 0.973962 -0.555902 -0.080112 0.449117 -0.145336 0.530597 0.711488 0.565108 -0.264988 -0.429980 0.411946 0.006813 -0.499195 0.098381 0.323627 -0.319152 -0.237476 0.445248 0.584880 0.431208 -0.087592
VERTEX_POSE A4 0.663063 0.122242 0.284645 -0.315449 -0.091187 -0.812939 0.269044 0.476991 0.195383 -0.048882 -0.704422 -0.288093 -0.084695 0.677850 0.166947 -0.325610 0.622053 -0.332453 0.139165 -0.105190 0.155737
VERTEX_POSE A5 0.302205 -0.457059 0.344858 -0.777339 -0.117177 -0.702578 -0.808145 -0.364106 -0.215527 0.009354 -0.501636 0.557842 -0.007909 -0.313828 0.563077 0.472061 0.026019 0.361958 -0.244368 -0.322193 -0.569559
VERTEX_POINT L0 -0.842053 -0.877533 0.054528 0.660662 0.533821 0.226798 0.399901
VERTEX_BEARING A1 L0 0.558672 0.447077 0.139387 -0.423279 0.208183 -0.487524 -0.091616
VERTEX_BEARING A2 L0 0.125150 0.021461 0.511513 0.403754 -0.190784 -0.565042 -0.451158
VERTEX_BEARING A3 L0 0.010819 -0.254621 -0.126735 0.652951 -0.317193 0.208878 -0.590256
VERTEX_BEARING A4 L0 -0.475734 0.334660 -0.613920 -0.086592 0.227922 -0.353357 0.316977
VERTEX_BEARING A5 L0 0.387534 -0.494356 -0.450423 -0.183289 0.397720 0.393272 0.236875
