VERTEX_POSE A0 -0.070301 0.344744 -0.286112 -0.319884 -0.841753 0.414445 -0.406452 -0.500895 0.591120 -0.133922 0.189456 0.190530 -0.361568 -0.541629 0.147418 -0.111050 -0.544993 0.623838
VERTEX_POSE A1 -0.706856 0.120815 -0.064941 0.990980 -0.264158 0.454165 0.483678 0.287290 -0.465402 0.299331 -0.003258 0.423136 -0.446328 -0.404798 0.087072 0.576012 -0.585368 0.391369
VERTEX_POSE A2 0.939349 0.821897 -0.538838 0.258263 0.328669 -0.623070 -0.158641 0.373855 -0.288192 0.267701 -0.547976 -0.759150 -0.365928 -0.065140 0.469108 -0.251217 0.487376 -0.380665
VERTEX_POSE A3 -0.728518 0.931912 -0.250473 -0.405248 -0.228948 0.198851 0.357744 0.373153 -0.300926 -0.113765 0.384970 -0.637122 0.135065 0.466822 -0.474885 -0.387523 -0.624101 0.271648
VERTEX_POSE A4 0.215720 -0.596605 -0.076913 -0.595234 0.996823 -0.801700 -0.524035 0.341948 0.573700 -0.419152 0.252459 0.359968 -0.421771 -0.194170 -0.389734 -0.571457 0.052308 0.462104
VERTEX_POSE A5 0.006796 0.066678 -0.047769 0.994957 0.555612 -0.928137 0.465653 -0.483165 -0.430398 -0.580527 0.167940 0.631707 0.391711 -0.090036 -0.643117 0.149408 -0.051803 -0.007627
VERTEX_POINT L0 0.594118 0.263987 -0.783029 -0.028280 -0.063503 0.650323
VERTEX_BEARING A1 L0 -0.433968 -0.615650 0.062397 -0.082554 0.154325 -0.630969
VERTEX_BEARING A2 L0 -0.251115 -0.586594 0.556348 -0.235520 0.477132 0.014201
VERTEX_BEARING A3 L0 0.227557 0.795641 -0.472068 0.210164 -0.206043 0.075511
VERTEX_BEARING A4 L0 0.187760 -0.390375 -0.201969 -0.592973 0.533048 -0.368517
VERTEX_BEARING A5 L0 0.252033 0.354773 -0.472860 -0.633398 -0.416314 0.111845
