VERTEX_POSE A0 -0.478163 0.707552 0.596595 -0.657230 -0.723096 0.066378 0.559289 -0.181619 0.103826 -0.784270 0.391852 0.589516
VERTEX_POSE A1 0.728032 0.046543 -0.444215 -0.697950 -0.457911 -0.096430 0.585969 -0.386624 0.560526 0.705995 -0.364373 0.585486
VERTEX_POSE A2 0.995749 0.643557 -0.931239 0.406241 0.096441 -0.986991 -0.666105 -0.053970 -0.352793 0.074767 -0.650031 -0.131707
VERTEX_POSE A3 -0.029487 0.921335 -0.288167 0.876495 0.714771 -0.089859 0.127618 -0.825298 -0.546593 -0.499375 0.417196 -0.247855
VERTEX_POSE A4 -0.466240 -0.760497 -0.892933 -0.291559 0.570539 -0.425070 0.481269 -0.089216 0.545181 0.805626 -0.381632 0.402892
VERTEX_POSE A5 0.244021 -0.668131 -0.112806 0.633302 -0.785660 -0.413996 0.382010 -0.583999 -0.120398 -0.593291 -0.471499 0.368182
VERTEX_POINT L0 -0.687512 0.718570 -0.270413 -0.436578
VERTEX_BEARING A1 L0 0.534179 0.325929 -0.230990 -0.745028
VERTEX_BEARING A2 L0 -0.786244 0.115242 0.533744 -0.289236
VERTEX_BEARING A3 L0 0.185799 0.530821 -0.571576 0.597501
VERTEX_BEARING A4 L0 -0.255296 -0.148716 -0.633094 -0.715472
VERTEX_BEARING A5 L0 0.593757 -0.731548 -0.233168 -0.240671
