VERTEX_POSE A0 0.010678 -0.364152 0.887725 0.654011 0.430644 -0.497854 0.864034 0.569570 0.260751
VERTEX_POSE A1 0.000037 0.784636 -0.078707 -0.646306 0.681202 0.675769 0.301628 -0.354436 -0.667072
VERTEX_POSE A2 -0.065452 0.457805 0.678701 -0.103240 -0.436557 -0.989938 0.132516 0.096770 0.889864
VERTEX_POSE A3 -0.496052 0.913222 0.148427 0.819118 0.550697 0.356496 -0.707999 -0.449396 0.442120
VERTEX_POSE A4 0.941385 -0.491135 0.525743 0.667668 -0.329228 -0.587634 -0.783720 0.457062 -0.526680
VERTEX_POSE A5 0.357757 -0.781326 -0.755022 -0.784270 0.117270 0.606914 0.348789 0.128747 -0.929835
VERTEX_POINT L0 -0.569868 0.395482 -0.032515
VERTEX_BEARING A1 L0 0.848768 -0.327866 0.414847
VERTEX_BEARING A2 L0 0.663888 0.623984 -0.412185
VERTEX_BEARING A3 L0 -0.294614 -0.422579 -0.857105
VERTEX_BEARING A4 L0 -0.286980 -0.520509 0.804184
VERTEX_BEARING A5 L0 0.505827 0.859083 -0.078204
