VERTEX_POSE A0 -0.495895 -0.910408 0.882599 -0.693250 0.268338 0.205170 0.330863 -0.844730 -0.902602 -0.218227 0.061920 0.443524
VERTEX_POSE A1 -0.935992 0.256382 0.992883 -0.701603 0.509247 -0.548287 0.724528 0.533071 -0.463368 0.271154 -0.031876 -0.584544
VERTEX_POSE A2 -0.044227 0.704783 -0.326995 0.118669 0.428500 -0.410811 0.842900 0.478048 0.122431 0.053975 -0.301528 0.774462
VERTEX_POSE A3 0.139201 0.116574 -0.251174 -0.999189 0.568060 -0.462202 0.531816 0.102446 0.053349 -0.785073 0.625807 0.399418
VERTEX_POSE A4 -0.732977 0.778308 -0.045355 -0.124666 0.511769 0.513817 0.065270 0.117795 0.834467 -0.486079 -0.193642 -0.697025
VERTEX_POSE A5 -0.380037 -0.204506 -0.950196 -0.152447 0.350881 0.683667 0.183636 -0.476820 -0.916091 0.129490 -0.062745 0.537098
VERTEX_POINT L0 0.560814 0.542762 0.301513 -0.161619
VERTEX_BEARING A1 L0 0.156109 0.857479 -0.363424 0.329065
VERTEX_BEARING A2 L0 0.025788 -0.127855 0.663360 0.736846
VERTEX_BEARING A3 L0 -0.462584 -0.036999 -0.409356 -0.785541
VERTEX_BEARING A4 L0 0.108131 0.449156 0.868851 -0.177945
VERTEX_BEARING A5 L0 -0.628432 -0.489892 -0.177891 -0.577438
