VERTEX_POSE A0 0.170461 0.901860 -0.061173 0.646025 -0.978717 0.357401 0.446283 0.453304 -0.135043 0.273354 0.785469 -0.577328 0.313648 0.508674 -0.259342
VERTEX_POSE A1 0.609192 0.959332 -0.018838 0.185767 -0.948666 0.397397 -0.345805 -0.040429 -0.335211 -0.692369 -0.409770 0.588256 -0.408823 0.122564 0.658031
VERTEX_POSE A2 0.066330 0.574005 0.484286 -0.472482 -0.888042 -0.540032 0.522446 -0.633276 -0.463767 0.480338 0.158493 0.054516 0.547095 0.271350 -0.433056
VERTEX_POSE A3 0.657976 0.839737 -0.616979 -0.720372 0.317319 0.667007 0.648428 0.020582 0.120290 -0.372571 -0.010197 0.260953 -0.567404 -0.589722 0.492971
VERTEX_POSE A4 -0.824166 0.803005 -0.395421 -0.508697 -0.926652 0.475151 -0.366957 0.289087 -0.267465 -0.589913 0.362195 0.189853 0.423491 0.553731 0.695180
VERTEX_POSE A5 0.168264 0.901597 0.435901 0.683314 0.156108 -0.410021 -0.586723 0.364592 0.484588 0.532824 -0.637155 -0.137774 0.006336 -0.629344 0.122161
VERTEX_POINT L0 0.861447 0.097416 -0.694166 0.532773 -0.872953
VERTEX_BEARING A1 L0 0.444845 -0.525225 0.490338 -0.041430 0.533014
VERTEX_BEARING A2 L0 0.737245 0.349172 -0.288017 0.232707 0.444344
VERTEX_BEARING A3 L0 0.569086 0.420516 0.206094 -0.659684 0.147140
VERTEX_BEARING A4 L0 -0.570498 0.807387 0.132184 0.037459 0.061499
VERTEX_BEARING A5 L0 0.251702 0.901406 0.247273 -0.185858 0.168603
