VERTEX_POSE A0 0.363250 -0.502500 0.164920 0.217714 0.331907 -0.218276 0.779889 -0.116894 0.327005 0.594880 -0.117009 0.493492 0.519389 -0.584187 -0.037227
VERTEX_POSE A1 -0.470950 -0.860080 0.707343 -0.168603 0.156940 0.583801 -0.329357 0.142275 0.295606 -0.232609 -0.708676 0.043067 -0.549344 0.763526 0.011833
VERTEX_POSE A2 -0.428915 0.484195 0.575857 0.360674 0.105878 -0.276343 0.607040 0.566808 0.418654 -0.317827 -0.523232 -0.527715 0.426546 -0.472087 0.022766
VERTEX_POSE A3 -0.722840 -0.566130 -0.217644 0.196063 0.469364 -0.545481 0.576189 0.303697 -0.248155 0.667910 0.187087 -0.122206 -0.559491 -0.386238 -0.508324
VERTEX_POSE A4 0.500749 -0.404175 0.417289 -0.136165 0.693325 0.380355 0.413619 0.513982 0.024433 0.722525 0.056351 -0.105894 0.714665 -0.240616 0.560714
VERTEX_POSE A5 0.182624 -0.525357 0.449569 0.144309 -0.424060 -0.196251 -0.572447 0.091650 0.729503 -0.390776 0.309794 -0.723873 0.170015 -0.525726 -0.123501
VERTEX_POINT L0 0.520599 -0.561394 0.694659 -0.993336 -0.605678
VERTEX_BEARING A1 L0 -0.333304 -0.182760 -0.439324 0.770198 0.263244
VERTEX_BEARING A2 L0 0.535170 0.352888 0.559163 -0.492974 0.182693
VERTEX_BEARING A3 L0 -0.389281 0.507940 -0.692256 -0.331700 -0.034855
VERTEX_BEARING A4 L0 -0.005937 0.542987 0.487007 0.292131 0.618557
VERTEX_BEARING A5 L0 -0.969736 -0.085448 -0.184541 -0.073118 0.113617
