VERTEX_POSE A0 -0.318302 -0.581235 0.681135 0.051953 0.661734 0.888673 0.453581 0.164764 -0.445860 -0.057527 0.488309 0.305151 -0.535797 0.278333 0.259247 -0.211354 -0.052352 0.868497
VERTEX_POSE A1 -0.263927 -0.047157 -0.994149 0.349148 -0.800893 0.297228 -0.581063 -0.668599 -0.430858 0.392385 0.005823 -0.096588 -0.311251 -0.279315 0.410987 -0.521531 0.459244 -0.199172
VERTEX_POSE A2 -0.941611 0.627379 -0.586974 0.320996 -0.045383 0.737552 0.419795 -0.109652 -0.163664 0.463935 0.308503 0.612147 -0.431293 0.237904 -0.372497 -0.523556 0.614039 -0.259437
VERTEX_POSE A3 -0.082457 -0.233512 -0.129497 0.499283 0.704120 0.099778 0.666872 0.389692 0.110742 -0.245595 -0.070099 0.635917 0.441117 -0.406114 0.064045 -0.466066 -0.582596 -0.035862
VERTEX_POSE A4 0.988899 0.299441 0.653026 0.749431 -0.939105 0.589213 0.522639 -0.040530 0.043736 0.380578 -0.258933 -0.162451 -0.288647 -0.102235 0.500298 0.617275 0.569450 -0.660036
VERTEX_POSE A5 -0.058670 -0.266976 -0.762356 -0.186212 -0.362943 0.690511 -0.310907 0.109361 0.427409 -0.334934 0.152867 0.379835 0.578151 -0.509610 0.379046 0.447331 0.468353 0.521323
VERTEX_POINT L0 0.773954 -0.009909 -0.041348 0.489832 -0.465606 0.187733
VERTEX_BEARING A1 L0 0.418640 -0.448369 -0.395385 -0.103520 0.127950 -0.663542
VERTEX_BEARING A2 L0 -0.485789 0.141034 -0.411605 -0.713191 0.157222 -0.203324
VERTEX_BEARING A3 L0 -0.398128 0.394334 -0.365417 0.525101 -0.431405 -0.301040
VERTEX_BEARING A4 L0 0.066356 0.517949 0.309527 0.428646 0.598561 0.299175
VERTEX_BEARING A5 L0 -0.417476 -0.490311 0.532628 -0.091264 -0.490415 -0.229739
