VERTEX_POSE A0 -0.831421 0.689334 0.151751 -0.716754 -0.755974 0.636130 -0.719393 0.082660 0.066551 0.092517 -0.265996 -0.554778 -0.541051 -0.521697 -0.338458
VERTEX_POSE A1 0.896422 -0.153581 -0.238911 -0.249190 -0.912365 -0.092558 0.593707 -0.097864 -0.360532 -0.866157 -0.333200 -0.223107 0.531070 -0.426439 0.352803
VERTEX_POSE A2 0.974526 0.972470 -0.189923 -0.699584 -0.852568 -0.191400 -0.499905 0.188324 -0.621062 0.937787 0.080585 0.142320 0.256322 -0.167930 0.540539
VERTEX_POSE A3 0.733845 0.884776 0.573591 -0.714102 -0.071294 0.434687 -0.748958 -0.265556 -0.054738 0.468133 -0.107646 -0.552416 -0.651512 -0.464988 -0.003255
VERTEX_POSE A4 0.114559 -0.106675 -0.626035 0.012494 -0.051563 0.082974 -0.446097 -0.359450 0.319200 -0.474796 -0.131404 -0.451644 -0.738115 0.659164 -0.370173
VERTEX_POSE A5 0.047012 -0.177540 0.385085 0.711936 0.527623 -0.820559 -0.363928 -0.243019 0.358844 0.362894 0.200895 -0.317164 0.827610 -0.187989 0.116145
VERTEX_POINT L0 -0.093549 -0.920958 -0.455734 0.523322 -0.666004
VERTEX_BEARING A1 L0 0.001701 0.542373 -0.099328 0.171681 -0.816387
VERTEX_BEARING A2 L0 -0.556681 -0.400033 -0.690074 -0.218173 -0.079237
VERTEX_BEARING A3 L0 -0.688393 0.442663 -0.533265 -0.100538 0.188907
VERTEX_BEARING A4 L0 -0.139087 -0.394044 0.381553 0.352506 -0.745346
VERTEX_BEARING A5 L0 -0.862924 -0.031407 0.254277 0.434057 -0.036235
