VERTEX_POSE A0 0.068412 0.031638 -0.430252 -0.091017 0.795794 0.879508 0.220976 0.204300 0.539586 -0.224111 0.608387 0.338102 -0.532109 0.142085 0.082106
VERTEX_POSE A1 -0.039258 -0.085697 -0.475259 -0.157218 0.301849 -0.143804 -0.473789 0.556511 0.536918 0.718448 -0.200523 -0.068355 -0.246528 -0.385714 0.621496
VERTEX_POSE A2 0.159147 -0.241978 0.916586 0.732653 0.604161 -0.365552 -0.473217 -0.045169 -0.451694 0.605511 -0.298211 0.578989 0.382068 0.403063 -0.580631
VERTEX_POSE A3 -0.719933 0.143178 -0.266969 -0.762531 -0.386456 0.136645 -0.742089 -0.440776 -0.400620 0.397932 -0.116117 0.162997 -0.519772 0.775968 0.071841
VERTEX_POSE A4 0.956459 0.553871 -0.572018 -0.463954 0.416842 -0.590248 0.260058 0.176979 0.452956 -0.505135 0.588373 0.348562 0.296117 -0.493588 -0.541601
VERTEX_POSE A5 -0.308998 -0.138676 0.326099 -0.463040 0.397146 0.357831 0.451428 0.008815 0.554478 -0.322465 -0.019481 0.610963 0.343236 0.628188 -0.608750
VERTEX_POINT L0 -0.403505 -0.320796 -0.915139 -0.217024 -0.218868
VERTEX_BEARING A1 L0 0.352986 0.322472 0.491048 0.564602 -0.459901
VERTEX_BEARING A2 L0 -0.689975 -0.649790 0.255101 -0.141535 -0.128836
VERTEX_BEARING A3 L0 -0.228725 0.573183 0.439935 -0.561612 -0.331958
VERTEX_BEARING A4 L0 -0.552613 0.252373 -0.120601 0.488697 0.614457
VERTEX_BEARING A5 L0 0.359631 0.236050 -0.304928 -0.558481 0.640362
