VERTEX_POSE A0 0.706874 -0.699816 0.448406 -0.673883 -0.126581 0.286243 -0.077843 0.065507 -0.575218 0.221876 -0.012194 -0.165288 0.319903 0.500160 -0.521283 0.698966 0.319017 -0.368063 -0.423521 -0.212073 0.117303
VERTEX_POSE A1 -0.506401 0.202288 -0.383766 -0.173157 0.269886 0.039953 0.290742 0.801802 -0.053554 -0.000466 0.058056 -0.117678 -0.302213 0.380449 -0.379208 0.263632 -0.296691 -0.359177 -0.634751 -0.003675 -0.517393
VERTEX_POSE A2 -0.320754 0.065216 -0.117144 -0.666964 0.877389 0.480045 -0.905002 -0.783435 -0.357816 0.370323 -0.537078 -0.074735 -0.171636 0.017476 -0.403036 -0.072693 -0.565464 0.048212 0.025292 0.485378 -0.266887
VERTEX_POSE A3 0.965153 -0.421103 -0.295213 0.489453 0.689683 0.392593 0.511866 0.375222 -0.256771 0.650624 -0.240368 -0.242604 -0.543389 -0.238509 0.433107 -0.050923 -0.119003 -0.425793 0.021259 -0.369137 -0.615487
VERTEX_POSE A4 0.376592 -0.093633 0.686816 -0.498949 -0.721222 0.750649 0.177337 0.477622 -0.410414 -0.319301 0.416913 0.319734 0.415173 0.454171 0.334651 -0.440826 -0.462077 -0.396874 0.399784 0.097912 -0.006352
VERTEX_POSE A5 0.897480 0.022237 -0.137568 -0.456300 0.731078 0.981418 -0.991417 0.121041 0.201557 0.549106 -0.683291 0.202287 -0.060433 -0.502235 -0.146777 0.238062 0.086140 0.411159 -0.015899 -0.406136 -0.677952
VERTEX_POINT L0 -0.924852 -0.859195 -0.727208 -0.654729 -0.830574 0.025696 -0.633380
VERTEX_BEARING A1 L0 0.244191 -0.477842 0.419071 -0.371148 -0.184028 0.372420 -0.475503
VERTEX_BEARING A2 L0 -0.549502 0.195320 0.124435 -0.139977 -0.680814 -0.312575 -0.252209
VERTEX_BEARING A3 L0 0.511814 0.051308 0.490100 0.006464 -0.210302 0.644490 0.188627
VERTEX_BEARING A4 L0 0.432720 0.442918 -0.356901 0.385998 -0.225455 0.413080 -0.344587
VERTEX_BEARING A5 L0 0.419788 0.424343 -0.107715 -0.388672 0.472977 -0.108510 -0.495541
