VERTEX_POSE A0 0.350510 0.850757 0.230982 0.731582 -0.478222 -0.145118 0.587142 -0.666130 -0.653121
VERTEX_POSE A1 0.915419 0.351389 0.034781 0.392603 0.641698 -0.804907 -0.106848 -0.444958 0.759478
VERTEX_POSE A2 0.248119 0.740105 -0.242402 -0.246659 -0.969000 0.958658 -0.241847 0.141893 -0.050492
VERTEX_POSE A3 0.275612 -0.448232 0.003671 -0.492893 -0.295147 -0.727056 0.656464 0.477961 0.694221
VERTEX_POSE A4 -0.134254 0.095446 0.388182 0.578728 -0.313794 -0.664955 -0.715930 -0.472132 0.623681
VERTEX_POSE A5 -0.982863 -0.689596 -0.964005 0.642179 -0.735979 0.370810 0.542975 -0.670899 -0.404368
VERTEX_POINT L0 0.992083 0.657243 0.300131
VERTEX_BEARING A1 L0 0.374102 -0.823548 -0.426400
VERTEX_BEARING A2 L0 -0.341918 0.883631 -0.319826
VERTEX_BEARING A3 L0 0.576013 -0.500566 0.646253
VERTEX_BEARING A4 L0 -0.750794 0.486428 0.446875
VERTEX_BEARING A5 L0 0.138889 -0.926414 -0.349954
