VERTEX_POSE A0 -0.026225 0.090972 -0.389491 0.295501 -0.732657 0.444876 0.243850 -0.284130 0.041171 -0.513013 -0.271093 -0.001407 -0.190570 -0.381110 -0.234828 0.516982 -0.679752 -0.485775 -0.364073 0.087141 -0.488611
VERTEX_POSE A1 0.862259 0.285991 0.845994 0.040145 0.051696 0.123810 -0.468834 0.532851 0.660290 -0.447260 0.294854 0.373705 -0.172207 -0.464146 0.322867 -0.022862 0.498192 0.397150 -0.025907 -0.051873 -0.307105
VERTEX_POSE A2 0.237623 0.349291 -0.167261 -0.412303 -0.461534 -0.798176 -0.120378 -0.061971 0.499994 0.482234 -0.507357 0.556438 0.203203 -0.100241 -0.013869 0.272387 -0.373737 -0.582796 -0.515140 0.173471 -0.214621
VERTEX_POSE A3 0.642721 0.311155 0.755728 -0.237945 0.370531 0.005894 0.500720 -0.007272 0.217216 0.541677 -0.168903 -0.085645 0.489767 -0.470181 0.309818 -0.243442 0.372709 -0.266907 -0.552475 0.589597 0.379855
VERTEX_POSE A4 0.121744 -0.969561 0.199961 0.387303 -0.196969 -0.085686 -0.465912 0.016988 0.449420 0.055625 0.437536 0.738078 -0.224411 0.548385 0.462462 0.125004 -0.310518 -0.315456 0.417831 0.189720 0.267109
VERTEX_POSE A5 0.475520 -0.039506 0.509260 -0.497022 0.638631 0.490584 -0.957167 0.409527 -0.118164 -0.348752 0.395929 0.440072 0.544276 -0.236251 0.333602 0.379517 0.543419 0.408949 -0.338664 -0.387181 0.108412
VERTEX_POINT L0 0.979413 -0.483023 -0.314099 0.997659 0.174476 -0.559423 -0.767775
VERTEX_BEARING A1 L0 -0.368458 0.378767 -0.137168 0.065831 0.298327 -0.616355 0.478260
VERTEX_BEARING A2 L0 -0.589323 0.109745 0.352584 0.077981 0.423973 -0.561597 0.122937
VERTEX_BEARING A3 L0 -0.147983 0.204972 -0.378041 0.435076 0.457757 -0.577379 0.246927
VERTEX_BEARING A4 L0 0.451163 -0.238778 0.675620 0.073937 0.213150 0.120475 -0.466433
VERTEX_BEARING A5 L0 0.202584 -0.068728 0.231898 0.791298 0.427844 -0.264272 -0.146341
