VERTEX_POSE A0 -0.019647 0.364258 0.852370 -0.723734 -0.951417 0.558247 -0.374715 0.533946 -0.610574 0.250077 -0.395270 -0.131061 0.336678 0.657140 0.122814 0.447573 0.449572 0.055054
VERTEX_POSE A1 0.532698 -0.296875 0.873133 -0.657121 -0.589109 0.742249 -0.358400 -0.295249 0.515928 -0.362581 0.166423 0.607405 -0.137853 0.308545 -0.673218 -0.271685 0.324723 -0.493366
VERTEX_POSE A2 0.539482 -0.107892 0.626759 0.658118 -0.180240 0.395740 -0.407363 -0.462376 0.508098 0.434924 -0.100416 0.084060 0.377203 -0.694307 0.312891 0.116163 -0.570636 0.307289
VERTEX_POSE A3 0.368736 -0.831683 0.647632 -0.375635 -0.357284 -0.053276 -0.239849 -0.534567 0.044394 -0.490121 -0.243372 0.018798 -0.015329 0.641749 -0.763133 -0.053308 -0.546503 0.242865
VERTEX_POSE A4 0.967445 0.518701 0.947503 0.217562 0.313306 -0.931702 0.716938 -0.478973 0.550169 0.416057 -0.387535 -0.283480 0.052836 -0.658950 0.094748 0.272382 -0.146155 -0.093344
VERTEX_POSE A5 0.969908 0.369501 0.133863 0.719369 -0.361532 0.904709 0.190762 0.116350 -0.044715 0.526310 0.272474 -0.321562 0.460457 0.557539 -0.436891 -0.317939 0.696041 -0.440594
VERTEX_POINT L0 0.003807 0.576555 0.868470 -0.481996 0.864642 -0.492131
VERTEX_BEARING A1 L0 -0.234152 0.522195 -0.401595 0.184208 0.339543 -0.601651
VERTEX_BEARING A2 L0 -0.155184 0.629840 -0.516300 -0.321443 0.307670 -0.338626
VERTEX_BEARING A3 L0 -0.154684 -0.776362 -0.105108 -0.081848 -0.565269 0.189893
VERTEX_BEARING A4 L0 -0.337600 0.327585 -0.606424 0.528878 -0.317202 0.175028
VERTEX_BEARING A5 L0 0.244795 -0.467215 0.535860 0.133075 0.336485 0.551097
