VERTEX_POSE A0 -0.164673 -0.467160 -0.352490 0.139943 0.985728 0.531092 0.005031 0.835678 -0.168268
VERTEX_POSE A1 -0.575463 -0.570518 0.152959 -0.095130 0.825856 0.141566 -0.541432 0.985347 0.157520
VERTEX_POSE A2 -0.229437 -0.443991 -0.913242 -0.652484 0.357142 -0.684818 0.099763 0.324483 0.928707
VERTEX_POSE A3 0.555655 -0.103154 0.574394 0.470309 -0.250298 0.578251 0.811803 0.666660 -0.527567
VERTEX_POSE A4 -0.740673 -0.083463 0.035444 0.568829 -0.731228 -0.817093 -0.450248 -0.093767 -0.512428
VERTEX_POSE A5 -0.973677 -0.394840 0.848208 -0.420951 -0.454249 0.886427 -0.389674 0.192478 0.801132
VERTEX_POINT L0 -0.710108 0.173073 -0.145409
VERTEX_BEARING A1 L0 0.244660 -0.722960 0.646120
VERTEX_BEARING A2 L0 -0.987992 -0.113583 0.104740
VERTEX_BEARING A3 L0 -0.495810 0.853007 0.162945
VERTEX_BEARING A4 L0 -0.652261 0.522337 -0.549290
VERTEX_BEARING A5 L0 -0.608331 0.235506 0.757938
