VERTEX_POSE A0 0.709407 0.722194 0.389862 0.437774 0.186827 0.454191 0.644802 -0.549520 0.399501 0.077980 -0.235646 -0.226853 0.026399 0.501381 -0.158294 -0.441369 -0.497594 0.356671 -0.206626 0.259000 0.684706
VERTEX_POSE A1 0.252623 0.902985 0.793649 0.443849 0.327141 0.633201 -0.161559 -0.581512 0.465327 -0.085754 -0.085736 -0.436021 -0.310023 0.485796 -0.211759 0.192410 -0.358487 0.398704 0.703596 0.179973 0.107716
VERTEX_POSE A2 0.253389 -0.153317 0.140742 0.659527 0.389794 -0.642280 0.825798 0.516838 -0.236181 0.438872 0.024543 -0.223559 0.178618 0.272919 0.174745 -0.382525 0.636266 0.316938 0.544556 -0.411135 -0.424029
VERTEX_POSE A3 0.921483 -0.043246 0.951503 -0.617563 0.991906 -0.722881 0.544241 -0.090774 0.175057 -0.318328 -0.452643 0.469803 0.315320 -0.476509 -0.301774 0.145875 -0.484373 0.626047 -0.460418 -0.171574 0.356894
VERTEX_POSE A4 0.479119 -0.025306 -0.993644 0.162300 -0.890935 0.956659 0.520071 -0.438382 -0.540011 -0.007276 -0.197048 0.581661 -0.260728 -0.320863 -0.153111 -0.258268 -0.242200 -0.543834 0.287298 0.063459 -0.661013
VERTEX_POSE A5 -0.389221 0.857771 -0.303997 -0.441298 0.123171 -0.330126 0.393325 0.377690 -0.389186 0.610652 0.025242 -0.214708 0.455477 -0.125239 -0.009767 -0.352133 -0.700827 -0.261213 -0.321645 0.480042 -0.213842
VERTEX_POINT L0 0.336127 0.365062 -0.389374 -0.943743 0.665086 0.768865 -0.984720
VERTEX_BEARING A1 L0 -0.385888 0.221776 0.468489 0.426549 0.421150 0.035877 -0.470982
VERTEX_BEARING A2 L0 0.194732 -0.363925 -0.045940 -0.161823 -0.147005 0.746713 0.471328
VERTEX_BEARING A3 L0 0.053938 -0.592189 0.540408 -0.164033 -0.508884 -0.239473 -0.105566
VERTEX_BEARING A4 L0 0.007437 0.372407 -0.067622 0.491868 -0.461330 0.380634 -0.506994
VERTEX_BEARING A5 L0 -0.422909 -0.243639 0.481609 0.481152 0.351473 -0.378072 -0.178499
