VERTEX_POSE A0 0.532728 0.407335 0.022279 -0.751773 -0.310535 -0.411392 -0.494789 -0.275713 0.305449 0.076979 0.324648 -0.696886 -0.163509 0.110297 0.525666 -0.621602 0.296237 0.183590 0.420991 0.012111 -0.482964
VERTEX_POSE A1 -0.836834 0.345932 0.736593 0.932031 -0.129200 -0.617170 -0.938953 0.074607 0.198864 0.207602 0.181713 -0.138051 -0.511663 0.623307 0.254100 -0.096986 0.508236 0.726038 -0.258422 0.085015 -0.525340
VERTEX_POSE A2 -0.105862 0.004624 -0.749125 0.344434 -0.717996 0.572425 0.676128 -0.251046 0.003546 -0.603336 0.036755 0.584251 -0.167859 -0.387738 -0.579980 0.160884 0.375392 -0.222138 0.685445 0.077736 -0.152739
VERTEX_POSE A3 -0.811195 -0.682051 0.717553 0.414122 0.085946 0.607324 0.472358 -0.178173 -0.202932 0.021673 -0.301304 0.716811 -0.156104 0.389868 -0.518247 -0.440638 -0.483915 0.234388 -0.225185 -0.229935 -0.538706
VERTEX_POSE A4 0.013309 -0.490977 0.640652 0.031286 -0.074177 -0.572037 -0.033102 0.198740 -0.365707 -0.447435 -0.491606 -0.590518 -0.033381 0.214950 -0.393043 0.222952 -0.436341 0.281622 -0.442978 -0.486180 -0.286986
VERTEX_POSE A5 0.998884 -0.294158 -0.482930 0.891587 0.739363 0.312770 -0.572397 0.371487 -0.128155 0.660110 -0.170599 -0.400364 -0.387504 -0.354249 0.369223 0.247099 0.606566 -0.183861 -0.380982 -0.213555 0.393595
VERTEX_POINT L0 0.521594 0.970023 -0.331335 -0.371616 -0.544004 -0.173838 -0.447422
VERTEX_BEARING A1 L0 -0.540183 0.020895 0.556104 0.036050 -0.289811 0.280878 -0.484077
VERTEX_BEARING A2 L0 -0.077639 -0.264682 0.144095 -0.524211 0.016257 -0.028536 -0.792008
VERTEX_BEARING A3 L0 0.085677 0.474928 0.052141 -0.496424 -0.501619 -0.049459 0.513692
VERTEX_BEARING A4 L0 0.464689 -0.486284 -0.300096 0.303086 0.490618 -0.164695 0.312800
VERTEX_BEARING A5 L0 0.565284 -0.042381 0.185744 0.320797 0.189711 0.069543 -0.707404
