VERTEX_POSE A0 0.847583 0.621582 0.605326 0.633335 0.268741 0.805622 -0.249076 0.585152 -0.656200 0.016203 0.659652 -0.091145
VERTEX_POSE A1 0.845317 0.810193 0.561974 -0.626099 -0.654171 -0.330920 0.164095 0.459002 -0.693989 0.124485 0.252017 -0.815053
VERTEX_POSE A2 -0.001445 0.030240 -0.718632 0.820523 0.226651 -0.430954 -0.563202 0.673586 -0.767174 -0.582911 0.207067 0.144141
VERTEX_POSE A3 0.348258 -0.695173 0.810692 0.379017 0.534226 -0.773479 0.783762 0.535843 0.305939 -0.108069 0.081984 0.320817
VERTEX_POSE A4 0.145470 -0.594425 -0.860112 -0.011366 -0.671345 0.137237 0.073006 0.718911 -0.408077 -0.595588 -0.614361 0.331071
VERTEX_POSE A5 -0.666326 0.268688 -0.018217 -0.183172 0.032990 0.157269 0.081190 -0.657351 -0.981973 -0.171318 0.167477 -0.716802
VERTEX_POINT L0 0.566827 0.026047 -0.137185 0.059836
VERTEX_BEARING A1 L0 0.764451 -0.312192 0.424505 0.371412
VERTEX_BEARING A2 L0 -0.230062 -0.577149 0.541596 -0.566255
VERTEX_BEARING A3 L0 -0.492892 -0.514172 -0.469319 0.521943
VERTEX_BEARING A4 L0 -0.750761 -0.295340 -0.003642 0.590863
VERTEX_BEARING A5 L0 -0.269993 0.050480 0.659361 -0.699857
