VERTEX_POSE A0 -0.679209 -0.579669 -0.710909 0.411373 0.857687 -0.831256 -0.153276 -0.798661 0.203361 -0.496247 0.170839 -0.048209 0.599630 0.193269 0.496478 0.040986 0.547649 -0.272988
VERTEX_POSE A1 -0.247418 0.430090 0.275772 0.929680 0.711649 0.884638 0.504406 0.548464 -0.177707 -0.083094 -0.236837 -0.352838 -0.337134 0.340102 -0.726164 0.246389 -0.130112 0.625628
VERTEX_POSE A2 0.646695 0.935800 -0.638910 0.629019 -0.396586 -0.658704 -0.511540 -0.174783 -0.458428 -0.221173 -0.073314 0.297497 0.583306 0.195011 -0.252329 0.872362 0.344790 -0.181614
VERTEX_POSE A3 0.393654 0.735138 0.624436 -0.985652 -0.335372 0.416883 -0.390969 -0.203713 0.410780 0.150326 0.257226 -0.857931 -0.489781 0.255713 0.496897 0.359272 0.354185 0.073431
VERTEX_POSE A4 0.806874 -0.135707 0.138052 0.203199 -0.788246 -0.975040 -0.336421 0.620383 0.010140 0.207337 0.430044 0.475832 0.748901 -0.171482 0.139340 -0.281796 0.348587 0.486729
VERTEX_POSE A5 -0.365354 -0.855499 0.659159 0.650190 -0.406796 0.587585 -0.530078 -0.632918 0.045711 0.171887 0.028025 0.616896 0.625879 -0.270433 -0.080716 -0.009014 -0.563828 0.340726
VERTEX_POINT L0 -0.489161 0.038700 -0.215980 0.938658 0.361242 0.682639
VERTEX_BEARING A1 L0 -0.169526 -0.426664 -0.051206 -0.501753 0.367322 0.632388
VERTEX_BEARING A2 L0 0.306933 0.326957 -0.387095 -0.188230 0.241933 -0.745041
VERTEX_BEARING A3 L0 0.302543 0.600818 0.190582 -0.348316 -0.599004 0.176163
VERTEX_BEARING A4 L0 -0.479166 0.180494 -0.592724 0.599361 0.149139 -0.070884
VERTEX_BEARING A5 L0 0.238226 0.125236 0.725369 -0.238088 -0.576212 -0.112684
