VERTEX_POSE A0 -0.114717 0.558575 0.631886 0.639474 0.363759 -0.236859 -0.389579 0.399628 0.379918 0.481451 0.456371 -0.191523 0.475645 -0.718136 0.519016
VERTEX_POSE A1 -0.177166 0.459391 -0.763441 -0.070124 0.167800 -0.619842 0.406435 -0.638611 0.225613 0.337004 0.616271 -0.290986 -0.526360 -0.098623 -0.356461
VERTEX_POSE A2 0.281851 0.332731 0.991258 -0.637231 -0.538023 0.256493 -0.792350 0.893247 0.276285 -0.167275 0.115559 -0.246805 0.403470 0.217780 0.345986
VERTEX_POSE A3 -0.932643 0.739433 -0.422825 0.170335 -0.699247 0.042650 -0.567114 -0.727076 0.016903 0.365367 -0.549348 -0.085583 -0.512452 0.573345 0.337203
VERTEX_POSE A4 -0.001426 -0.319644 0.161376 -0.576071 0.358101 -0.964837 0.173144 -0.108437 -0.617671 -0.143129 0.148874 -0.069565 -0.609408 -0.178899 -0.441546
VERTEX_POSE A5 0.695470 -0.080307 -0.627444 0.713887 -0.389481 -0.260372 0.089777 -0.594939 -0.047276 0.326744 -0.216613 0.437175 0.806286 -0.529500 0.541005
VERTEX_POINT L0 0.593060 -0.791392 0.243730 -0.133190 -0.478254
VERTEX_BEARING A1 L0 -0.217065 -0.458557 -0.558047 0.223928 0.617291
VERTEX_BEARING A2 L0 -0.835408 -0.055797 0.541402 -0.064257 -0.041664
VERTEX_BEARING A3 L0 0.188074 -0.063992 0.420512 -0.689174 0.555646
VERTEX_BEARING A4 L0 0.462457 -0.487464 0.276639 -0.670849 0.148135
VERTEX_BEARING A5 L0 -0.433602 -0.272373 0.568912 -0.636329 0.096059
