VERTEX_POSE A0 0.662924 -0.459359 0.548865 0.345738 0.264782 0.640415 -0.767765 0.685809 0.583461
VERTEX_POSE A1 0.428863 -0.600552 -0.431421 0.421859 -0.848275 0.616972 0.009880 -0.664365 -0.529464
VERTEX_POSE A2 0.270408 -0.424527 -0.846493 0.892965 -0.334326 -0.438448 -0.797560 -0.101863 0.502120
VERTEX_POSE A3 0.032277 0.315286 0.760017 0.829833 0.055212 0.080020 0.973034 0.552244 -0.223958
VERTEX_POSE A4 0.249316 0.894002 -0.654556 0.736763 -0.675552 0.606385 0.641535 0.299128 0.363404
VERTEX_POSE A5 0.004803 -0.556165 -0.642027 -0.094091 -0.745858 -0.782726 0.464732 0.615213 0.477200
VERTEX_POINT L0 0.157625 0.013829 -0.280428
VERTEX_BEARING A1 L0 0.680991 -0.413536 0.604351
VERTEX_BEARING A2 L0 -0.180284 -0.631079 -0.754478
VERTEX_BEARING A3 L0 0.526958 0.827766 0.192661
VERTEX_BEARING A4 L0 0.723076 -0.662432 0.195819
VERTEX_BEARING A5 L0 0.797160 -0.046156 0.602001
