VERTEX_POSE A0 -0.052318 -0.039613 -0.470895 0.268329 0.533905 -0.517816 -0.621947 -0.812321 0.572824
VERTEX_POSE A1 0.054035 -0.714222 -0.468363 0.965606 -0.233851 -0.228179 -0.552555 -0.124658 -0.799998
VERTEX_POSE A2 0.002960 -0.341383 0.451542 0.255249 0.255034 0.029322 0.962100 0.966431 -0.096549
VERTEX_POSE A3 -0.781826 0.998482 0.181299 -0.032758 0.864411 0.740704 -0.316034 0.671032 0.391045
VERTEX_POSE A4 -0.752061 0.512286 -0.372880 -0.869366 -0.484452 0.170323 -0.478977 0.463888 -0.732043
VERTEX_POSE A5 -0.907270 -0.896630 0.095226 -0.135055 -0.288710 0.654277 -0.744377 -0.744098 -0.602121
VERTEX_POINT L0 -0.432166 0.984703 0.893623
VERTEX_BEARING A1 L0 0.806698 0.447858 0.385568
VERTEX_BEARING A2 L0 0.062993 -0.575113 0.815645
VERTEX_BEARING A3 L0 0.242439 -0.968133 -0.062777
VERTEX_BEARING A4 L0 0.457556 0.662213 -0.593395
VERTEX_BEARING A5 L0 0.713006 -0.207981 0.669602
