VERTEX_POSE A0 0.461131 0.346363 -0.710606 0.693619 -0.717254 -0.503695 -0.549058 -0.514960 -0.429048
VERTEX_POSE A1 0.107269 0.804106 0.762751 -0.434660 0.529477 0.117720 0.835382 0.892868 0.147616
VERTEX_POSE A2 0.564687 0.951830 -0.056229 0.188257 -0.845748 -0.926652 -0.321385 0.325386 -0.425937
VERTEX_POSE A3 0.342440 0.399350 0.789461 0.891505 0.185462 0.338665 -0.878808 0.300873 0.439659
VERTEX_POSE A4 -0.340400 -0.420124 -0.412483 0.010839 -0.532962 0.518542 -0.720465 -0.854983 -0.443714
VERTEX_POSE A5 0.328998 0.281748 -0.687827 -0.658959 -0.678100 -0.750786 0.566632 -0.045762 0.468090
VERTEX_POINT L0 0.728001 0.675076 0.748801
VERTEX_BEARING A1 L0 0.881521 -0.470468 -0.039762
VERTEX_BEARING A2 L0 -0.679151 0.358623 -0.640425
VERTEX_BEARING A3 L0 -0.285117 -0.222817 -0.932234
VERTEX_BEARING A4 L0 0.329380 0.367801 0.869616
VERTEX_BEARING A5 L0 -0.551910 0.731034 -0.401230
