VERTEX_POSE A0 -0.288826 0.938034 -0.725764 0.396331 0.330387 -0.020834 -0.210316 -0.571143 -0.604135 -0.456843 0.486262 0.040445 -0.229171 -0.383306 -0.031898 0.210612 -0.099667 -0.100554 -0.493933 0.511920 -0.301875
VERTEX_POSE A1 -0.735400 0.235238 -0.413791 -0.104749 -0.080323 0.612297 0.693174 0.180058 0.497345 -0.278193 0.470912 -0.293067 0.428134 -0.522150 -0.316165 -0.584960 -0.208723 -0.261528 -0.119734 0.347971 -0.435579
VERTEX_POSE A2 0.154902 -0.958607 -0.487505 -0.310100 -0.912769 -0.699355 0.295134 -0.142322 -0.546415 -0.524666 -0.323661 -0.301138 0.409235 0.389734 -0.355849 0.081447 0.519604 0.197547 -0.180126 0.645163 0.011788
VERTEX_POSE A3 -0.294030 -0.568046 0.703384 -0.992008 -0.739857 0.379657 0.653882 0.177760 -0.162863 0.462618 -0.448618 -0.283063 -0.171379 0.472550 -0.335148 0.177793 0.646161 -0.311977 -0.428036 -0.567466 -0.172578
VERTEX_POSE A4 -0.902883 -0.588603 -0.518124 0.075427 0.579625 -0.464751 -0.850060 -0.605987 -0.104962 -0.513094 -0.201464 0.417440 -0.145737 -0.083366 -0.794117 -0.006491 0.367850 0.374265 -0.293181 0.219525 -0.274347
VERTEX_POSE A5 0.387174 -0.679206 0.809688 -0.817457 0.260686 0.413155 -0.436627 -0.389316 0.465817 -0.542937 -0.131818 -0.005191 0.462541 -0.191026 0.451743 -0.441379 -0.578108 0.347385 -0.014676 0.449046 -0.114887
VERTEX_POINT L0 -0.306219 0.026226 -0.822924 0.520626 0.894407 0.839367 0.966673
VERTEX_BEARING A1 L0 0.381300 -0.000094 0.037368 0.421479 0.663499 -0.416088 0.249416
VERTEX_BEARING A2 L0 -0.433627 0.367709 -0.332742 -0.060187 -0.513680 -0.116360 -0.533864
VERTEX_BEARING A3 L0 0.126272 0.642017 -0.587653 -0.243751 -0.055228 -0.389393 0.111542
VERTEX_BEARING A4 L0 -0.730289 0.301189 0.499267 0.175787 0.114023 0.271846 -0.094305
VERTEX_BEARING A5 L0 -0.296052 -0.384038 0.374060 0.462811 -0.394240 -0.501445 -0.062294
