VERTEX_POSE A0 -0.712605 0.891606 -0.892527 -0.899883 -0.413786 -0.869056 0.275194 -0.378412 -0.846000 0.259837 -0.193220 0.184476
VERTEX_POSE A1 0.503854 0.762763 0.278981 -0.763177 0.204451 -0.101213 0.543087 0.637832 0.726565 -0.062985 0.367912 -0.760894
VERTEX_POSE A2 -0.829593 0.486110 0.519470 -0.364294 -0.190156 -0.061331 0.345780 0.920666 0.908118 -0.376305 0.139994 0.083714
VERTEX_POSE A3 -0.439162 0.238314 0.079022 -0.940259 0.455105 -0.570434 0.196431 -0.419296 -0.630935 0.116871 0.596837 0.696518
VERTEX_POSE A4 -0.462453 -0.954592 -0.053994 -0.225532 -0.420275 0.703136 -0.451698 -0.361059 0.582894 0.520360 -0.528746 0.323207
VERTEX_POSE A5 0.530898 0.774446 0.402244 -0.152329 -0.614358 0.552128 0.521671 0.103907 -0.103335 0.578361 -0.582877 -0.591487
VERTEX_POINT L0 0.517377 0.519611 0.894571 -0.617729
VERTEX_BEARING A1 L0 -0.302794 0.181012 0.818405 -0.453612
VERTEX_BEARING A2 L0 0.335955 -0.027568 0.929864 -0.147402
VERTEX_BEARING A3 L0 -0.637375 0.592656 -0.410805 0.271572
VERTEX_BEARING A4 L0 -0.472510 0.586119 -0.523217 -0.399302
VERTEX_BEARING A5 L0 -0.693371 -0.177950 -0.653593 -0.245738
