VERTEX_POSE A0 -0.710880 0.443920 0.399476 0.191326 -0.554373 -0.508401 -0.405578 0.252743 0.400781 -0.563880 0.300482 -0.322779 0.738397 -0.505472 -0.198397
VERTEX_POSE A1 -0.429574 -0.508833 -0.693546 -0.705402 0.771446 -0.402979 0.324894 0.220313 0.278649 -0.518965 0.116357 0.434278 0.809336 -0.575455 0.385011
VERTEX_POSE A2 0.614228 0.583026 -0.234466 -0.367734 0.860145 0.014180 0.615374 -0.081948 -0.208550 -0.417631 0.403201 0.385481 0.632426 0.818580 -0.123647
VERTEX_POSE A3 0.025716 0.224092 0.417631 -0.114720 -0.361382 0.340130 -0.426372 -0.636039 0.147515 -0.237482 -0.652465 -0.399789 -0.548721 0.513358 -0.263897
VERTEX_POSE A4 0.422177 -0.935301 0.264428 -0.043336 0.648245 -0.862379 -0.484728 0.257709 -0.311205 -0.367856 0.750737 0.233597 -0.262807 0.001407 -0.188457
VERTEX_POSE A5 0.094237 -0.332814 0.239555 -0.584591 -0.387981 -0.057565 -0.702148 -0.075864 -0.316246 0.142597 0.331560 0.347756 0.458762 -0.921771 0.294247
VERTEX_POINT L0 0.284679 -0.416863 0.705800 0.236380 -0.301948
VERTEX_BEARING A1 L0 0.227543 -0.451884 -0.329648 -0.768197 -0.212675
VERTEX_BEARING A2 L0 0.472539 -0.594689 0.420318 -0.488794 0.086405
VERTEX_BEARING A3 L0 0.519125 -0.038039 -0.305877 0.793623 -0.075261
VERTEX_BEARING A4 L0 0.062705 -0.391889 0.583493 -0.184870 0.683995
VERTEX_BEARING A5 L0 0.219592 -0.435356 -0.396868 -0.575251 0.523285
