VERTEX_POSE A0 -0.135602 0.375054 0.280736 -0.400327 -0.415064 -0.844506 -0.178990 -0.355735 0.892011
VERTEX_POSE A1 0.762463 -0.649174 0.434183 0.669685 -0.729243 -0.733725 -0.620476 0.114756 0.288469
VERTEX_POSE A2 0.349699 -0.910541 -0.079865 -0.356275 0.686934 0.924045 0.158479 0.138595 0.709229
VERTEX_POSE A3 -0.078697 0.919433 0.082279 0.355464 -0.761242 0.031919 -0.570033 0.934145 0.309148
VERTEX_POSE A4 -0.056722 0.550115 -0.988314 0.663267 0.495308 0.712712 -0.646732 -0.228294 -0.580007
VERTEX_POSE A5 -0.415137 -0.774071 -0.462632 -0.280262 -0.299646 -0.582094 -0.702378 0.763296 -0.645660
VERTEX_POINT L0 -0.551169 0.722530 -0.616739
VERTEX_BEARING A1 L0 -0.196897 -0.925592 0.323283
VERTEX_BEARING A2 L0 -0.461621 0.812098 -0.356936
VERTEX_BEARING A3 L0 0.357004 -0.756857 -0.547462
VERTEX_BEARING A4 L0 -0.812021 0.580416 0.061149
VERTEX_BEARING A5 L0 0.931777 0.349208 -0.099224
