VERTEX_POSE A0 0.227367 -0.902722 0.045177 0.307574 -0.416638 -0.623796 -0.765834 0.630667 -0.481055 -0.461522 -0.092179 -0.011632
VERTEX_POSE A1 -0.051901 -0.417655 -0.417049 -0.981295 -0.380952 0.203303 -0.887741 0.190605 -0.202331 -0.680600 -0.160792 -0.677584
VERTEX_POSE A2 -0.402723 0.746825 0.390079 0.219472 -0.450125 0.334952 0.688705 0.719083 -0.079074 0.142485 -0.562868 0.591967
VERTEX_POSE A3 0.938141 0.398530 0.847789 0.211274 0.565437 -0.476639 0.197017 -0.572966 0.028129 0.481854 -0.800421 -0.460807
VERTEX_POSE A4 -0.431368 0.143279 -0.166499 -0.992276 0.441884 -0.748527 0.450753 0.644747 -0.541092 0.068530 -0.555680 -0.138967
VERTEX_POSE A5 -0.276237 0.336351 -0.653929 0.662646 0.844034 0.424700 0.071626 -0.604428 -0.468421 0.674011 -0.251114 -0.002199
VERTEX_POINT L0 -0.385007 0.868624 -0.229998 0.098475
VERTEX_BEARING A1 L0 -0.161975 0.464422 -0.369826 0.788229
VERTEX_BEARING A2 L0 0.254433 -0.166710 0.763251 0.570017
VERTEX_BEARING A3 L0 -0.327941 -0.559768 0.738703 -0.182847
VERTEX_BEARING A4 L0 0.477174 -0.035621 -0.450707 -0.753591
VERTEX_BEARING A5 L0 -0.480062 -0.070471 0.803750 -0.344327
