VERTEX_POSE A0 -0.598402 -0.211067 0.694667 0.369954 0.728103 0.571451 -0.462508 -0.333911 0.324747 -0.545813 0.124228 -0.553044 -0.398227 -0.470410 -0.500590 0.246024 0.505982 0.054044
VERTEX_POSE A1 -0.401600 -0.774835 -0.961393 0.993716 -0.193810 -0.571722 0.376688 -0.239718 -0.551012 -0.304913 0.408108 -0.723895 -0.313000 0.159150 0.206038 0.403564 0.497514 0.370603
VERTEX_POSE A2 0.196391 0.314731 -0.191193 0.309502 0.399848 -0.311828 0.191724 0.561943 -0.316216 -0.406548 0.553102 0.213573 0.041724 -0.511180 -0.363412 0.314780 0.650783 -0.336056
VERTEX_POSE A3 -0.025965 -0.046711 0.473268 0.882119 -0.551730 -0.331648 -0.647629 0.308072 -0.024951 -0.415076 -0.263040 0.303244 -0.090565 0.575010 0.215128 -0.171608 -0.675486 -0.529869
VERTEX_POSE A4 0.824803 -0.359641 0.395124 -0.465978 -0.498377 -0.654710 0.043083 -0.498624 -0.260522 -0.447099 0.579247 0.036171 -0.357885 -0.343161 0.178308 0.446464 -0.659447 0.482782
VERTEX_POSE A5 -0.532664 0.538494 0.887620 0.210070 0.248020 0.143678 0.447523 0.319633 -0.240510 -0.699890 0.224031 -0.465468 0.434951 -0.223020 0.471448 -0.359240 0.529379 0.111964
VERTEX_POINT L0 -0.106915 0.994349 0.398868 -0.440443 -0.633662 -0.912312
VERTEX_BEARING A1 L0 0.228669 -0.510443 0.230023 0.576189 -0.548552 -0.036670
VERTEX_BEARING A2 L0 -0.647153 0.602976 -0.377797 -0.216713 0.075043 -0.149289
VERTEX_BEARING A3 L0 -0.379673 0.231461 -0.298446 0.451494 0.595350 0.393593
VERTEX_BEARING A4 L0 -0.454510 0.046147 0.527309 0.496630 -0.318817 -0.406143
VERTEX_BEARING A5 L0 0.028172 0.635061 -0.221312 0.629892 0.287709 -0.259586
