VERTEX_POSE A0 0.709821 -0.231877 -0.493439 -0.677961 0.090205 0.523914 0.150502 0.219262 0.297029 -0.134129 0.341540 0.466108 0.310497 -0.527493 -0.701680 -0.356949 -0.428614 0.557687
VERTEX_POSE A1 -0.616142 0.168065 0.032996 -0.739970 0.803395 0.697444 -0.365067 0.540706 0.533833 0.102190 0.613928 -0.102651 0.445650 0.417999 -0.045754 0.403385 0.064368 0.590943
VERTEX_POSE A2 -0.897566 0.256177 -0.574382 -0.133362 -0.185553 -0.710744 -0.229844 0.019932 -0.455565 -0.512058 0.074162 -0.623273 -0.816143 0.132242 0.110127 -0.573701 0.236462 -0.048054
VERTEX_POSE A3 0.799199 -0.439801 0.552957 0.508531 -0.363929 0.545737 0.681603 -0.134742 -0.076879 0.645036 -0.070079 -0.457743 0.307290 0.378471 -0.566896 -0.222887 -0.329844 0.404135
VERTEX_POSE A4 0.415142 0.774233 -0.369110 0.524888 -0.880197 0.955667 0.447221 -0.458190 0.593817 -0.390478 0.071991 -0.265524 -0.183389 0.107183 -0.412892 -0.515266 0.487936 0.538608
VERTEX_POSE A5 -0.398043 0.269703 0.122377 0.447511 0.485815 -0.757363 0.050741 -0.377327 0.113056 -0.377813 -0.801882 0.257370 0.016285 0.628021 -0.549951 -0.333504 -0.197274 -0.378164
VERTEX_POINT L0 0.430632 0.592988 -0.398131 -0.193618 -0.362171 -0.184818
VERTEX_BEARING A1 L0 -0.664986 0.107177 -0.113345 0.457175 0.144342 -0.551014
VERTEX_BEARING A2 L0 0.570974 0.033445 0.134434 0.393492 -0.705126 0.052524
VERTEX_BEARING A3 L0 -0.311039 0.472203 0.209179 -0.539886 -0.585839 0.042878
VERTEX_BEARING A4 L0 -0.656507 -0.201810 -0.278933 -0.218708 0.634484 -0.008019
VERTEX_BEARING A5 L0 0.030249 0.045123 0.274777 -0.920908 0.248571 0.108107
