VERTEX_POSE A0 -0.929115 -0.796218 -0.950739 0.600724 -0.681391 0.558625 -0.264632 -0.320748 -0.527580 0.530200 -0.414874 -0.319216 0.331933 0.359965 -0.266038 0.312596 0.380620 -0.110826 0.341695 0.523962 0.327042
VERTEX_POSE A1 -0.510046 -0.826087 -0.958014 0.685717 -0.497303 -0.181021 -0.380025 0.454884 0.007136 -0.104226 -0.429625 0.498218 -0.457476 0.121291 0.181301 0.137811 0.224434 0.693587 0.038712 0.138673 0.722045
VERTEX_POSE A2 0.606485 -0.149007 0.271929 -0.292163 -0.714926 -0.523764 -0.718931 -0.564233 -0.409943 -0.088521 -0.306346 -0.435601 0.029612 0.126966 -0.675509 -0.302401 0.458108 -0.266328 0.253111 -0.552774 -0.083555
VERTEX_POSE A3 0.817317 0.619725 0.861333 -0.870239 -0.797049 -0.427822 0.773631 0.155486 0.580367 0.411158 0.183700 -0.602487 -0.159486 0.232625 0.218151 0.617650 -0.543148 -0.022371 -0.493083 0.087615 0.135139
VERTEX_POSE A4 0.142564 -0.619639 0.395950 0.363799 0.168865 0.428524 -0.450299 0.405706 -0.344607 -0.010834 0.189349 0.246073 0.136724 0.388920 0.170724 -0.570791 -0.343884 -0.155557 0.822635 -0.522948 0.050675
VERTEX_POSE A5 0.187172 -0.024860 -0.565019 0.371776 0.754691 -0.192165 0.931003 -0.100186 -0.003550 -0.393060 0.241795 -0.106314 -0.610168 0.411229 -0.583364 0.436579 0.180425 0.372143 0.440587 -0.570931 -0.047257
VERTEX_POINT L0 0.906715 -0.834804 -0.727786 0.863985 0.217196 -0.257935 0.481708
VERTEX_BEARING A1 L0 -0.353080 0.339091 0.437398 -0.557986 -0.146205 0.296486 -0.385236
VERTEX_BEARING A2 L0 0.306157 0.597728 -0.346654 0.650923 0.009976 0.028164 -0.065014
VERTEX_BEARING A3 L0 -0.511970 0.228364 0.437473 -0.215376 -0.251907 0.599824 0.157232
VERTEX_BEARING A4 L0 -0.618350 0.115114 -0.237258 0.331547 -0.471889 0.458852 0.070383
VERTEX_BEARING A5 L0 -0.298467 -0.386846 0.482130 0.009354 -0.545095 0.464959 -0.124158
