VERTEX_POSE A0 -0.313465 -0.997917 -0.234013 0.717388 0.567171 -0.865788 -0.255151 0.142867 -0.620310 0.205513 0.200447 -0.484402 0.307737 -0.329877 0.021480 0.445303 -0.345006 0.505644 0.572955 0.374057 0.180461
VERTEX_POSE A1 0.379814 -0.167481 0.220104 0.159343 -0.428978 -0.202409 0.208403 -0.679199 -0.451839 0.250633 -0.015365 -0.224438 0.353941 0.077319 0.223037 -0.484516 0.718216 -0.405228 -0.303847 0.143373 -0.111489
VERTEX_POSE A2 -0.301642 0.171158 0.247822 -0.128825 -0.373781 -0.544286 0.047909 -0.197060 0.359933 0.430406 0.495507 0.703656 -0.300302 -0.302697 0.007660 0.065071 -0.206999 -0.204904 0.497814 0.378075 0.493977
VERTEX_POSE A3 0.063469 -0.275397 -0.799595 -0.141223 0.305684 -0.691112 -0.447927 -0.436587 -0.349382 -0.027070 -0.362932 0.251662 0.177836 0.205147 -0.035613 0.474874 0.525927 0.621678 -0.636123 -0.302079 0.179073
VERTEX_POSE A4 -0.464576 0.646693 -0.480147 -0.160957 -0.907316 -0.998955 -0.533903 -0.443274 -0.409846 -0.565729 0.286318 0.401858 -0.346039 -0.195940 -0.629909 0.354830 -0.229853 -0.176296 -0.425011 0.355797 0.007222
VERTEX_POSE A5 0.605304 0.976389 -0.845421 0.368084 -0.316612 -0.278191 0.609065 -0.084242 0.546303 0.023465 -0.163653 -0.499138 -0.027009 -0.482692 -0.507474 -0.164823 -0.492349 -0.505374 0.290531 0.477130 -0.299492
VERTEX_POINT L0 0.978098 -0.948383 0.909552 0.213147 0.692226 -0.468304 0.154994
VERTEX_BEARING A1 L0 0.367670 -0.084791 -0.410130 -0.474767 0.678655 -0.033016 0.048555
VERTEX_BEARING A2 L0 -0.168215 0.263354 0.085713 0.447704 -0.500331 0.489358 0.452505
VERTEX_BEARING A3 L0 -0.178235 0.287506 0.651937 0.500355 0.195144 0.247168 -0.333200
VERTEX_BEARING A4 L0 -0.129643 -0.062065 -0.334869 -0.627571 -0.488505 -0.292105 0.386519
VERTEX_BEARING A5 L0 0.188994 0.409843 -0.373135 -0.354541 -0.449169 -0.229488 -0.526273
