VERTEX_POSE A0 0.464277 0.624377 -0.904824 -0.870825 -0.719408 0.597032 0.286847 0.642877 0.413727 0.467554 0.478541 0.107958
VERTEX_POSE A1 -0.917448 -0.651556 0.870592 -0.022534 0.611896 -0.295876 -0.221386 -0.497952 0.684944 0.433664 0.327754 -0.690244
VERTEX_POSE A2 0.596949 -0.659264 -0.146193 0.987548 -0.375517 -0.724208 -0.646539 0.639737 0.286957 0.222091 0.598857 0.130134
VERTEX_POSE A3 0.344034 -0.463298 0.181506 -0.851885 -0.449478 -0.569762 -0.268643 -0.617845 0.686079 -0.268835 -0.505070 0.470496
VERTEX_POSE A4 0.777599 -0.674855 -0.864608 -0.779146 0.740167 -0.131186 0.386458 -0.681918 -0.302931 -0.112749 -0.459387 -0.710680
VERTEX_POSE A5 0.515141 0.369786 -0.108327 0.916045 0.248562 -0.454754 0.198616 0.778447 0.815417 0.181858 -0.483595 0.392616
VERTEX_POINT L0 -0.230922 -0.897237 0.305027 -0.493448
VERTEX_BEARING A1 L0 -0.779961 -0.502809 -0.202687 0.312668
VERTEX_BEARING A2 L0 -0.075489 0.074331 -0.844707 -0.524640
VERTEX_BEARING A3 L0 0.743980 -0.560021 0.185395 -0.313846
VERTEX_BEARING A4 L0 0.017713 -0.586645 0.566135 -0.578813
VERTEX_BEARING A5 L0 0.456633 -0.707042 -0.517539 0.154051
