VERTEX_POSE A0 0.134722 -0.558496 -0.638117 0.705499 0.896507 -0.836597 0.262056 0.687358 0.477744 -0.112660 -0.003953 -0.490137 -0.550264 -0.277052 -0.411089 0.312585 -0.480923 0.316458
VERTEX_POSE A1 0.464326 -0.664936 -0.077260 0.970114 0.764454 0.504242 -0.525274 -0.047591 -0.507129 -0.043317 0.569380 -0.010867 0.020842 -0.817259 0.059852 -0.571871 0.372421 0.028147
VERTEX_POSE A2 0.927597 0.344702 -0.396761 0.417604 0.970399 -0.247613 0.708802 0.087492 -0.342981 0.460263 -0.490982 0.059053 0.050306 0.595595 0.341891 0.463462 0.139571 -0.455505
VERTEX_POSE A3 0.861715 -0.781042 -0.652293 -0.048264 -0.759259 -0.757491 0.377351 0.160881 -0.507056 0.208006 0.122165 -0.543421 -0.270052 0.533035 -0.487380 0.104558 0.524508 0.583511
VERTEX_POSE A4 0.970264 -0.997486 0.688753 0.835634 -0.629835 -0.510073 -0.080276 0.249885 0.324064 -0.470178 -0.468050 0.345477 -0.603298 -0.741998 -0.371872 0.089140 0.408913 -0.196542
VERTEX_POSE A5 0.403908 -0.152454 -0.562945 -0.362310 0.616290 -0.947795 0.428505 -0.320027 -0.261280 0.529695 -0.042646 -0.577108 -0.162363 -0.486799 0.569891 0.193174 -0.628617 -0.098302
VERTEX_POINT L0 -0.565540 -0.998767 0.678381 -0.513230 -0.809601 -0.399108
VERTEX_BEARING A1 L0 -0.644711 0.044598 0.305982 0.400187 0.076711 -0.568066
VERTEX_BEARING A2 L0 0.428685 0.543579 0.135774 -0.361587 -0.507778 -0.337243
VERTEX_BEARING A3 L0 0.508255 -0.178178 0.659082 -0.300246 -0.010900 -0.430433
VERTEX_BEARING A4 L0 0.371914 0.616708 0.162781 0.477715 0.221751 -0.421269
VERTEX_BEARING A5 L0 0.473941 0.200339 0.324150 0.575350 -0.388723 0.384757
