VERTEX_POSE A0 -0.665466 0.049638 -0.665643 -0.801505 0.369564 -0.169434 0.492441 0.684354 0.211232 -0.547783 0.594415 0.150428 0.310609 0.424567 0.512909
VERTEX_POSE A1 0.968772 -0.325585 -0.222325 0.082149 -0.894147 0.035424 -0.587501 0.707941 -0.387446 -0.662462 -0.274231 -0.159085 -0.653317 -0.182759 -0.051981
VERTEX_POSE A2 0.034051 -0.227948 -0.213665 0.544783 0.510066 -0.180967 0.468114 0.054610 0.375844 0.669667 0.570701 0.665943 -0.539112 0.268951 0.152544
VERTEX_POSE A3 -0.348282 0.685708 0.790870 0.670818 -0.563739 -0.067689 0.222839 0.572654 0.640012 -0.253731 -0.002422 -0.766661 0.355173 0.123843 -0.643874
VERTEX_POSE A4 0.901918 0.978517 0.982304 -0.123910 -0.407935 0.434224 -0.318351 -0.107858 -0.049808 0.161229 -0.542615 -0.870027 -0.139327 -0.129904 -0.763105
VERTEX_POSE A5 0.614134 0.578434 -0.532886 -0.602225 -0.382448 0.629495 0.007829 -0.329295 0.598388 0.544527 0.647715 -0.441613 0.314825 -0.061389 0.351028
VERTEX_POINT L0 0.704064 0.288914 -0.852502 -0.976424 0.990447
VERTEX_BEARING A1 L0 -0.379744 -0.367952 0.643498 -0.476403 -0.281702
VERTEX_BEARING A2 L0 -0.479604 0.601614 0.622450 0.087896 -0.113453
VERTEX_BEARING A3 L0 0.299717 0.201678 0.782494 -0.506380 -0.027893
VERTEX_BEARING A4 L0 -0.233936 0.822539 -0.177620 0.129867 -0.469350
VERTEX_BEARING A5 L0 0.482473 -0.514600 -0.517696 0.443265 0.194714
