VERTEX_POSE A0 -0.315526 0.134319 -0.117179 -0.019486 0.580589 0.982548 0.374037 0.106898 0.533008 -0.267624 0.183950 -0.368726 -0.512715 0.416020 0.249613 0.593129 -0.465808 -0.506080
VERTEX_POSE A1 0.956222 -0.609116 0.594584 -0.533325 -0.359979 -0.772971 0.611122 -0.285763 -0.407635 0.564512 -0.481701 -0.237051 -0.180833 -0.446468 -0.239614 0.033048 -0.371768 -0.585702
VERTEX_POSE A2 0.215925 -0.460609 -0.978522 0.958634 0.288874 -0.688626 0.483516 -0.186538 -0.308670 -0.066009 -0.402306 -0.461526 -0.619078 0.042163 -0.316345 0.599274 -0.160479 -0.622039
VERTEX_POSE A3 0.114380 -0.806567 0.736239 0.614818 -0.648393 -0.858453 0.823991 0.136602 -0.313086 -0.364168 -0.293149 -0.182212 -0.229188 0.559263 0.278162 -0.359661 0.084721 -0.611056
VERTEX_POSE A4 -0.929034 -0.303323 -0.037439 -0.650272 0.429126 0.633310 -0.469025 0.356222 0.527742 -0.565814 0.013024 0.114055 0.420504 0.379514 0.290374 0.557898 0.490096 0.290982
VERTEX_POSE A5 -0.685628 -0.418442 0.210064 -0.993072 -0.914091 -0.333017 0.547792 0.122444 -0.009635 0.366524 -0.593298 0.463293 -0.581591 -0.465794 -0.047669 0.488946 0.085480 -0.424257
VERTEX_POINT L0 -0.898822 -0.082580 -0.983063 -0.402612 -0.760813 0.641624
VERTEX_BEARING A1 L0 -0.506335 0.026576 -0.634499 0.538773 -0.218610 0.047569
VERTEX_BEARING A2 L0 0.044716 -0.110880 -0.276625 -0.173210 -0.636163 -0.688825
VERTEX_BEARING A3 L0 -0.547515 0.290220 0.696455 -0.166331 0.320430 0.024673
VERTEX_BEARING A4 L0 -0.597984 0.117736 -0.594160 -0.126713 -0.402300 -0.312452
VERTEX_BEARING A5 L0 -0.193701 -0.504793 -0.012232 0.622888 0.350945 0.443128
