VERTEX_POSE A0 -0.896468 -0.488343 -0.485347 -0.544578 0.640856 -0.441109 -0.561848 -0.217072 -0.604401 0.648927 -0.228094 -0.283998 -0.093035 -0.506499 0.508275
VERTEX_POSE A1 -0.602110 0.344356 0.261310 0.674835 0.289625 -0.346700 -0.627934 -0.313574 0.357727 0.290888 -0.058525 -0.559011 -0.434382 0.619969 -0.534431
VERTEX_POSE A2 -0.118374 0.950080 0.789064 -0.919263 -0.885407 -0.219484 0.083096 0.389582 0.599114 0.652799 -0.643418 -0.112075 -0.384369 0.601120 0.269128
VERTEX_POSE A3 -0.062366 -0.844064 -0.652592 -0.964329 0.177610 0.465577 0.657894 -0.597306 0.429811 0.539677 -0.348038 0.194007 -0.095822 -0.312368 -0.502122
VERTEX_POSE A4 -0.125220 0.895788 -0.947626 0.703003 -0.769952 -0.355095 -0.661976 -0.639432 -0.019799 -0.113698 -0.545577 0.303410 -0.410427 -0.600041 0.308692
VERTEX_POSE A5 -0.121324 -0.712365 0.531291 -0.567251 0.684451 0.615176 0.574440 -0.419921 -0.108637 0.367314 -0.767287 0.556044 -0.219496 0.033457 0.145977
VERTEX_POINT L0 -0.107911 -0.433216 -0.774005 -0.805045 0.039657
VERTEX_BEARING A1 L0 -0.647126 0.438927 -0.544537 0.043384 0.300280
VERTEX_BEARING A2 L0 0.434412 0.561494 0.391239 0.361912 -0.460395
VERTEX_BEARING A3 L0 -0.312257 -0.145444 -0.676511 -0.041473 0.649581
VERTEX_BEARING A4 L0 -0.479242 0.536959 -0.468783 0.412260 -0.303787
VERTEX_BEARING A5 L0 -0.367382 0.547868 -0.524253 0.537554 0.032642
