VERTEX_POSE A0 -0.025716 -0.272316 0.873646 -0.531917 -0.177838 -0.792417 0.787935 -0.439268 0.468174 -0.522303 0.650525 -0.736015 -0.389967 0.712948 -0.968124 -0.595792 0.138045 -0.005281 -0.961996 -1.087488
VERTEX_POSE A1 0.769082 -0.934197 0.124496 -0.264313 -0.622995 0.388634 0.484372 0.419233 0.756136 0.581720 -0.777131 0.411015 -0.979671 -0.371685 -0.537341 0.066026 -0.809473 -0.662496 0.286741 -0.215086
VERTEX_POSE A2 -0.077727 0.487306 -0.500299 0.997010 -0.940007 -0.330683 -0.440280 -0.756137 -0.645980 -0.501459 -0.128682 -0.371871 -0.480052 0.838178 -0.584461 0.639588 -0.103270 -0.562284 0.487706 0.145534
VERTEX_POSE A3 -0.654433 -0.394672 -0.736217 0.395623 0.514550 0.004827 -0.489134 0.031600 0.766526 -0.529956 0.087080 -0.004517 0.231101 -1.075093 -0.833169 -0.698064 -0.080352 -0.306469 0.561151 0.452587
VERTEX_POSE A4 0.845228 -0.330986 -0.029720 -0.545325 -0.754106 -0.146771 -0.468685 -0.948836 0.252031 0.299434 -0.440506 0.858703 -0.174118 0.476495 0.638222 0.784186 -0.495927 -0.613512 0.807196 0.197056
VERTEX_POSE A5 -0.224704 0.122956 0.697544 0.516097 0.354222 -0.655090 -0.171187 -0.889472 0.262122 -0.759677 -0.764833 -0.739835 -0.805327 0.175881 0.573156 0.444980 -0.840091 0.896953 -0.851625 0.255778
VERTEX_POSE A6 -0.875344 -0.698717 -0.088514 -0.826029 0.679087 0.022092 -0.564445 -0.590282 -0.774676 0.799900 -0.286297 0.169130 -0.176468 0.199412 -0.579660 -0.347231 0.932283 -0.734050 -0.627617 -0.405877
VERTEX_POSE A7 -0.188496 0.663267 0.757774 -0.693520 -0.066025 0.170896 -0.053479 0.883289 0.277738 -0.931387 0.311979 -1.054209 0.006429 0.398059 0.184381 0.347301 0.519118 -0.342485 -0.614810 -0.252048
VERTEX_POSE A8 -0.968410 0.043470 -0.842107 -0.899165 0.696714 -0.711790 -0.316820 0.346334 -0.499687 0.449923 -0.442496 0.135275 -0.522520 -0.135531 0.155298 0.469569 0.432327 0.044244 -0.066163 -0.528849
VERTEX_POSE A9 0.957092 0.455053 0.835258 0.361858 -0.369026 0.324688 -0.049111 -0.717187 -0.068082 -0.636761 0.055350 0.482605 -0.026570 -0.065813 0.240038 -0.518201 0.158383 0.561095 0.195696 0.410578
VERTEX_POSE A10 -0.725973 -0.295094 0.525831 0.158073 -0.880135 -0.222520 -0.054935 -0.655813 0.358865 -0.817633 0.351628 -0.651081 0.394012 0.414061 -0.754162 -0.557102 0.291293 0.319195 0.368378 0.680308
VERTEX_POSE A11 -0.748933 0.442272 -0.502305 -0.969516 -0.177289 -0.291030 -0.386547 0.736193 0.310770 -0.849895 -0.162761 0.820672 0.035829 0.386523 0.070801 -0.249050 -0.568837 0.427150 0.327413 -0.028324
VERTEX_POSE A12 -0.861764 -0.722254 -0.281662 -0.476023 -0.335425 -0.182443 0.565765 -0.511792 0.570541 -0.510572 -0.030978 -0.562484 -0.691500 -0.770209 0.691030 0.348289 -0.738834 -0.499285 0.470901 -0.003260
VERTEX_POSE A13 -0.902094 0.924962 0.358388 -0.373348 -0.432699 -0.465223 -0.638894 -0.457965 -0.345957 -0.894081 0.729303 1.008981 -0.355143 0.127327 -0.347754 0.005334 -0.627457 0.430823 -0.571821 -0.713563
VERTEX_POSE A14 0.894868 -0.292070 -0.711342 -0.724767 0.137231 0.702211 0.556487 0.464729 -1.121427 0.700442 -0.274299 -0.488580 -0.951804 0.696761 0.317447 -0.226462 -0.930402 -0.002740 -0.576783 -0.669219
VERTEX_POSE A15 -0.540303 -0.927758 -0.124201 0.726654 -0.588812 -0.843092 -0.249571 0.903156 -0.444272 -0.158130 0.378432 0.437176 -0.640155 0.682307 0.869980 -0.659873 0.241003 -0.523765 -1.094523 -0.804969
VERTEX_POSE A16 -0.524127 -0.722968 0.507519 -0.397509 0.213508 -0.620589 -0.009225 -0.450531 -0.766606 -0.369200 0.659678 -0.248898 0.381799 -0.193297 0.380613 -0.051724 0.638382 0.180718 -0.963043 -0.359504
VERTEX_POSE A17 0.769189 -0.917025 -0.193366 0.803857 -0.342279 -0.470896 -0.285276 0.401733 0.240412 -0.405412 0.442486 0.364028 0.519910 0.901318 0.284431 -0.891617 0.184631 -0.904982 -0.030356 0.329095
VERTEX_POSE A18 -0.849466 0.532292 -0.658765 -0.442987 0.576628 -0.735141 0.275013 0.709211 -0.474732 0.346413 -0.047361 -0.644387 -0.782283 -0.474765 0.194092 0.365058 -0.260299 -0.333874 0.623949 -0.729246
VERTEX_POSE A19 -0.341608 -0.489560 -0.985153 -0.654962 0.243178 -0.720986 -0.042378 -0.527904 -0.409361 -0.257064 0.777997 0.318810 0.662142 0.208274 -0.330797 0.097438 0.384761 -0.420626 0.748055 0.002976
VERTEX_POSE A20 -0.121817 0.104866 -0.629245 -0.016462 0.206488 -0.827583 0.355665 0.994386 0.308630 -0.885808 0.630409 -0.363963 -0.877847 -0.108593 0.761141 0.366713 0.376268 -0.572024 0.054010 -0.528748
VERTEX_POSE A21 -0.592289 0.281290 -0.249431 -0.679424 -0.182216 -0.337847 -0.563733 -0.517611 0.506692 0.650772 0.352772 -0.949183 0.180416 0.512216 0.355714 -0.195788 -0.407609 0.334323 -0.835433 0.830211
VERTEX_POSE A22 -0.612444 0.288768 0.182718 -0.560856 -0.394862 -0.554309 -0.336656 0.912525 -0.737518 0.533735 -0.697272 0.618377 -0.721047 -0.498748 0.702749 0.786626 0.445698 -0.207182 -0.483178 0.063854
VERTEX_POSE A23 -0.915140 -0.769543 -0.051122 0.910442 0.941892 -0.124127 0.341743 -0.806274 0.423633 -0.325651 -0.899411 0.451021 -0.590982 -0.121266 -1.065671 -0.636055 -0.234402 0.288512 -0.800327 0.297522
VERTEX_POSE A24 -0.767486 -0.801668 -0.746128 -0.118505 0.844111 0.528904 -0.212886 -0.927525 0.457000 -0.423505 0.370644 0.006123 -0.799933 -0.224005 -0.448756 -0.736724 0.281565 0.847265 -0.023102 0.529838
VERTEX_POSE A25 -0.664371 0.147960 -0.570514 -0.145117 -0.835900 -0.228564 0.438258 -0.685194 -0.629982 -0.016490 -0.700660 -0.305318 0.620983 -0.013164 -0.106241 0.914616 0.548002 -1.001159 -0.376113 0.543184
VERTEX_POSE A26 0.637263 -0.061194 -0.028909 -0.660162 0.054642 -0.657251 0.626706 0.320129 0.708858 0.150404 0.091642 -0.186684 -0.843319 -0.218659 0.531376 0.413520 -0.402145 -0.313695 0.229141 -1.014722
VERTEX_POSE A27 0.567309 -0.321168 -0.272447 0.184513 0.523996 0.008894 0.875884 -0.626419 0.349822 0.088683 0.579726 -0.097422 0.696343 0.742649 0.959215 0.115786 -0.141298 0.498392 -0.164607 0.021379
VERTEX_POSE A28 0.324232 -0.841298 -0.425423 0.128195 -0.232613 -0.981748 -0.431674 0.281820 -0.122848 0.526677 0.259778 0.183554 -0.549664 0.955970 0.007451 -0.830942 -0.689321 -0.746701 0.337498 -0.185153
VERTEX_POSE A29 0.456508 -0.058800 -0.800159 0.647571 0.888729 0.989651 -0.280211 -0.870744 0.425103 -0.779048 0.946980 0.327875 0.733155 0.679927 0.835654 -0.112504 0.267972 -0.473091 -0.976805 -0.026011
VERTEX_POSE A30 0.608117 -0.010864 0.206279 0.500155 -0.445723 -0.589125 0.424989 0.777363 0.380161 0.935966 -0.207573 -0.341757 -0.347581 0.574142 -0.119615 -0.603474 -0.437477 1.003127 -0.295495 0.678641
VERTEX_POSE A31 -0.701484 -0.113614 -0.551777 0.596278 0.589549 0.946419 0.846565 -0.355959 0.180022 0.182588 0.767050 0.727364 -0.306769 1.042648 -0.178808 -0.774081 0.099970 0.852521 -0.878987 -0.635419
VERTEX_POSE A32 0.225590 0.007004 0.324337 -0.616743 -0.734266 -0.902748 -0.277983 -0.207514 -0.456361 0.302077 0.442437 -0.256066 0.691806 -0.889539 0.276130 0.830160 0.295002 0.521224 -0.316902 -0.565327
VERTEX_POSE A33 -0.469610 -0.523558 0.705979 0.497165 -0.385730 0.831796 -0.037491 -0.458824 -0.069155 -0.062899 0.719218 0.338327 0.240459 -0.382878 0.507836 -0.925160 0.359543 -0.589118 -0.704972 -0.642206
VERTEX_POSE A34 -0.355917 0.491715 -0.287994 -0.008098 0.104100 -1.056512 -0.005357 0.900288 0.072686 0.750286 -0.336112 -0.501447 -0.972957 -0.759320 0.575852 -0.285960 0.543903 0.575304 -0.666448 0.489533
VERTEX_POSE A35 0.070818 0.676018 -0.705383 -0.162068 -0.488372 -0.895959 0.129624 -0.332744 -0.591959 -0.672532 0.453496 0.200312 -0.389971 -0.870340 0.293236 -0.017707 0.510202 0.235256 -0.844466 -0.021018
VERTEX_POSE A36 0.305687 0.599398 0.403524 0.013262 0.968492 -0.675297 -0.448351 0.630643 -0.036854 -0.772739 -0.139483 -0.565225 -0.118244 -0.628501 0.611994 -0.643625 -0.171105 0.274249 -0.015274 0.620610
VERTEX_POSE A37 -0.231261 0.792997 0.623491 0.165873 -0.216814 0.776061 -0.443610 0.733175 0.894293 0.760622 -0.958851 -0.208321 0.868410 0.667686 -0.858911 -0.329261 -0.663530 0.493109 -0.887935 -0.288609
VERTEX_POSE A38 0.882323 0.339284 -0.947609 0.144413 0.445602 0.900556 -0.003665 -0.420666 0.661992 -0.512200 0.536532 -0.328273 -0.938714 -0.801826 -0.114891 0.699990 -0.524547 -0.553398 -0.207159 0.541799
VERTEX_POSE A39 0.337277 -0.357132 0.561417 0.114097 0.665206 1.077464 -0.439448 -0.322224 -0.110995 -0.490337 0.609779 0.027830 -0.766030 0.548939 0.423363 0.331851 -0.011572 0.456635 0.656737 0.885804
VERTEX_POSE A40 -0.274169 0.248050 0.458750 -0.472270 0.414160 0.770081 0.090121 0.330621 -0.422030 0.632856 0.756708 -0.127455 -0.490323 -0.409663 -0.487736 -0.822010 0.634344 -0.674360 0.394054 -0.477381
VERTEX_POSE A41 -0.843650 -0.955810 0.578222 -0.697515 0.565468 0.704913 -0.127773 0.617536 -0.013594 -0.682271 -0.054102 -0.300630 0.980106 -0.083485 0.504207 0.420401 0.680373 0.900249 0.181588 -0.893299
VERTEX_POSE A42 0.588344 -0.914860 -0.940888 0.144581 -0.512083 0.730470 -0.503855 -0.486498 -0.333850 0.100298 -0.732463 -0.236099 -0.629530 -0.156049 0.023118 -0.545961 0.564350 -0.650752 -0.408029 -0.093660
VERTEX_POSE A43 -0.135933 0.525796 -0.822912 0.051708 -0.921265 0.061008 -0.593219 0.857584 0.754090 0.354738 -0.344949 0.220987 -0.846673 -0.493123 0.727580 0.253406 0.559967 -0.537605 0.425187 0.168606
VERTEX_POSE A44 -0.745744 0.969152 -0.063390 -0.070863 -0.867231 -0.094966 -0.398113 -0.549813 0.796391 -0.372770 0.011329 -0.023905 -0.571292 -0.377013 0.365087 0.641121 -0.683047 0.508175 0.022318 0.352484
VERTEX_POSE A45 0.483213 -0.206929 -0.652230 0.419814 0.625148 -0.256296 -0.173335 0.868977 -0.747307 0.344232 0.153630 0.585811 0.732634 0.417657 0.198084 -0.194929 -0.071820 0.292648 -0.607387 0.365912
VERTEX_POSE A46 0.323764 0.598038 0.052886 -0.221638 -0.510077 -0.236927 0.185103 0.960005 0.421925 0.731361 0.341609 -0.607227 -0.477576 -0.526930 -0.592304 -0.607756 0.783960 -1.013566 0.902453 -0.224646
VERTEX_POSE A47 -0.269871 -0.753816 -0.555871 0.531628 0.346277 0.303303 -0.089050 -0.243334 0.224984 0.923899 -0.111043 -0.358652 0.594594 -0.912123 0.621375 -0.594940 -0.855097 -1.031339 -0.389863 -0.293781
VERTEX_POSE A48 0.252401 -0.123954 0.154404 0.223671 -0.717131 0.030212 -0.413866 0.725342 -0.139236 0.352060 0.545850 -0.582375 -0.713220 -0.020497 0.589451 -0.130807 0.365509 -0.582760 0.474867 0.297376
VERTEX_POSE A49 0.474298 0.130330 0.394121 0.335375 -0.933449 0.269378 -0.634427 -0.579416 -0.279197 -0.705889 0.873905 -0.589775 0.035418 -0.294659 0.713975 -0.457427 -0.062723 -0.613997 -0.523290 -0.441490
VERTEX_POSE A50 0.388521 -0.243375 -0.541024 0.876666 -0.410545 -0.946398 -0.664167 0.007587 0.065238 -0.001914 0.400361 -0.678444 0.927843 0.078553 0.026851 0.171809 0.555730 0.020646 -0.172701 0.941278
VERTEX_POSE A51 -0.869415 0.980912 0.525159 -0.792791 0.489358 0.654816 -0.664774 -0.047629 -0.000973 0.513757 0.751615 -0.140528 -0.490442 0.647354 -0.808977 -0.245345 -0.318165 -0.356337 -0.472604 0.377442
VERTEX_POSE A52 0.882009 -0.588379 -0.855309 0.655951 -0.115665 0.432181 -1.094875 0.290814 0.789459 -0.455565 -0.473446 0.401563 0.249547 0.797475 0.884511 0.611892 0.433913 -0.491133 -0.389710 0.928374
VERTEX_POSE A53 0.776078 -0.954608 0.641693 -0.684190 0.194593 0.632585 -0.118089 -0.838278 0.660104 -0.486754 -0.581972 -0.473260 1.033252 -0.838262 0.708257 0.703291 0.570889 0.729818 0.530127 0.155369
VERTEX_POSE A54 -0.784556 -0.788631 -0.525963 -0.882348 0.431250 0.294562 0.652858 -0.239468 -0.217699 -0.490026 -0.022864 -0.545297 0.247548 -0.305511 0.619861 -0.191701 0.053918 0.162111 -0.278635 -0.829400
VERTEX_POSE A55 -0.885477 -0.390047 -0.601437 -0.462554 -0.271554 1.055623 0.248673 0.322341 0.161337 -0.669774 -0.888317 0.436599 0.017259 -0.473906 -0.154901 -0.824979 0.634950 -0.468268 0.618816 -0.231297
VERTEX_POSE A56 -0.888294 0.193352 -0.928821 0.170693 0.358693 0.623787 0.755545 -0.388650 -0.246984 -0.624584 0.766169 -0.493406 -0.033041 -0.173166 -0.919155 -0.078030 -0.890267 0.695204 -1.026441 -0.679036
VERTEX_POSE A57 0.852707 0.150174 0.445129 -0.542510 -0.514108 0.753537 0.557453 0.408384 -0.660930 -0.074216 0.445461 -0.307548 0.173119 -0.803197 0.517326 -0.268389 -0.619241 0.273818 -1.011717 0.219175
VERTEX_POSE A58 0.681832 0.288785 0.126116 0.721959 -0.747558 -0.680534 -0.505957 0.967834 0.173716 -0.719878 -0.232304 -0.093746 0.366293 -0.331369 0.832345 -0.747309 0.035205 -0.770545 -0.567250 -0.828805
VERTEX_POSE A59 0.435938 0.352054 -0.354244 -0.701112 -0.873920 -0.736511 0.450365 -0.266579 -0.416442 0.120207 0.396312 0.359474 0.774360 0.761750 0.083156 -0.711967 0.572583 0.722780 0.224965 -0.488033
VERTEX_POSE A60 0.309215 -0.908625 0.644969 -0.894939 -0.625379 -0.489163 0.793174 -0.578570 -0.477538 -0.776460 -0.947542 -0.586250 -0.785887 0.746542 -0.547448 -0.162287 -0.354750 -1.018939 0.522472 0.482903
VERTEX_POSE A61 0.289950 -0.722079 -0.667605 0.222114 -0.193281 -0.772398 0.428900 -0.823485 -0.563488 -0.564819 0.649935 0.418212 0.047027 -0.353172 -0.759499 -0.256685 -0.011500 0.189595 -1.063357 -0.690215
VERTEX_POSE A62 0.734454 -0.761559 0.093979 0.895166 0.715630 -0.410477 -0.194660 -0.434473 0.485243 -0.438990 -0.318799 -0.118361 -0.506892 0.487251 0.138032 0.154415 0.059823 0.317734 0.163037 0.081098
VERTEX_POSE A63 -0.465194 0.098378 -0.030694 -0.511682 -0.359645 -0.818911 0.161041 0.265189 -0.232075 -0.829550 0.143082 0.273999 -0.255590 0.606842 -0.312181 -0.149579 -0.450379 0.113464 -0.328775 -0.497979
VERTEX_POSE A64 0.820340 -0.245637 -0.961626 -0.280721 0.420989 -0.660985 -0.597728 0.251627 0.064908 -0.082642 0.668510 0.146727 0.548971 -0.330661 -0.272882 0.730675 0.708015 -0.871173 0.310944 -0.418576
VERTEX_POSE A65 -0.621463 0.730155 0.805985 -0.112932 -0.180271 -0.495931 -0.723209 0.876498 0.509283 -0.455304 0.553305 0.800680 0.337364 0.340354 0.281128 0.671168 0.703097 -0.788160 0.742981 0.402559
VERTEX_POSE A66 0.605624 -0.225604 0.263923 0.326251 0.151983 -0.075202 0.807805 0.800823 0.801211 0.123679 -0.533149 -0.848635 0.419978 -0.747915 0.445792 0.817121 -0.328483 -0.162384 0.284534 0.005442
VERTEX_POSE A67 0.126026 -0.646239 0.441898 0.732542 0.389481 -0.199513 0.444162 0.149892 0.776681 -0.053545 0.202666 -0.126336 -0.307046 0.742038 0.190926 0.656073 0.191955 -0.227170 0.149002 0.309920
VERTEX_POSE A68 0.147276 0.523153 0.429476 -0.947059 0.602915 -0.917851 0.626612 0.672670 0.107074 -0.777460 0.900059 0.376012 0.386160 0.025725 0.501279 0.703231 0.164433 0.671826 0.239149 0.638467
VERTEX_POSE A69 0.487947 -0.886320 0.316314 -0.529337 -0.402414 -0.487330 0.736494 -0.177887 -0.307241 0.011549 0.167915 -0.623703 -0.153314 -0.078130 -0.093529 0.119817 0.936432 -0.461816 -0.602077 -0.008130
VERTEX_POSE A70 -0.536697 -0.003371 0.003315 -0.153361 0.054687 -0.407284 -0.459845 -0.169641 0.445545 0.637461 0.056303 0.745148 0.138331 -0.039790 -0.416802 0.648798 -0.854231 0.535485 -0.567640 -0.785406
VERTEX_POSE A71 0.873106 -0.228797 -0.111775 -0.419329 0.017076 0.007127 -0.038502 -0.466619 0.803221 0.318377 0.626899 0.695268 0.098709 -0.772675 -0.223590 0.904632 -0.141992 0.223325 -0.545463 0.023533
VERTEX_POSE A72 0.644297 -0.842129 -0.105464 -0.226851 -0.836947 0.448329 0.254094 0.382573 0.515455 0.488942 -0.864767 -0.674628 -0.511696 -0.152084 -0.703144 0.459908 -0.593345 -0.427659 0.906722 0.574238
VERTEX_POSE A73 -0.948352 0.081769 0.062427 0.991219 0.542604 -0.671405 0.874783 -0.201829 -0.270680 -0.703943 -0.577458 0.346894 0.005260 0.483996 0.843121 0.415186 -0.745475 -0.313751 -0.143153 -0.538054
VERTEX_POSE A74 -0.262827 -0.703001 0.065313 0.632379 0.095811 0.614659 -0.363711 -0.308577 0.398860 0.190575 0.173826 -0.375610 -0.939959 0.417398 -0.687977 0.406572 0.078637 -0.338090 -0.219467 -0.979671
VERTEX_POSE A75 0.898553 -0.872977 0.831146 0.702286 -0.704178 0.070402 0.289239 -0.045064 -0.263868 -0.239822 0.535107 -0.318232 -0.958145 -0.404000 0.702849 -0.053358 -0.658466 0.773448 -0.453882 0.618796
VERTEX_POSE A76 0.534860 0.874840 0.410197 0.411033 0.167752 0.588455 0.736563 -0.200380 -0.601745 -0.397447 -0.386069 0.614775 -0.474339 0.749504 0.594598 -0.243956 -0.868925 -0.316650 0.745076 0.184800
VERTEX_POSE A77 -0.939063 0.895037 -0.881801 -0.589260 0.585734 0.107280 -0.268933 -0.649225 -0.109393 -0.623798 0.536587 -0.847483 0.697946 -0.526822 0.682074 0.939320 0.467511 0.797686 -0.111043 -0.798563
VERTEX_POSE A78 -0.371318 -0.626793 -0.724725 0.233914 0.642099 0.705884 -0.109026 0.609106 -0.650974 -0.812405 0.625699 0.697234 -0.165002 0.451911 -0.361665 0.944498 0.695665 -0.229440 -0.020668 0.375411
VERTEX_POSE A79 -0.212738 -0.249114 -0.435399 -0.365295 0.450621 0.347256 -0.567443 0.645552 -0.594968 -0.215058 -0.076441 0.167200 -0.265018 -0.204350 -0.411239 -0.617435 -0.177471 -0.482538 0.291182 0.639261
VERTEX_POSE A80 0.535235 0.025368 0.512320 0.746115 0.652285 -0.966434 0.291124 -1.015329 0.023287 -1.061913 -0.361734 -0.872777 -0.704060 0.641239 0.445853 -0.201084 -0.504648 0.396783 -0.551315 -0.474231
VERTEX_POSE A81 -0.982796 0.129832 -0.265750 0.110580 -0.768446 -0.140859 -0.665760 -0.515863 -0.583073 0.411653 -0.662514 0.061253 -0.759603 -0.467381 0.783030 0.500133 -0.740510 -0.732653 0.271405 -0.204069
VERTEX_POSE A82 -0.082154 -0.268203 -0.910239 -0.158086 -0.060021 0.478936 -0.515697 -0.520307 -0.723348 0.153043 -0.702005 -0.063223 -0.597563 0.061588 -0.484435 -0.662400 0.189882 0.306503 -0.003196 -0.530897
VERTEX_POSE A83 0.417244 0.436989 0.657011 0.402065 -0.463380 0.030907 -0.810023 -0.870464 -0.935756 0.531998 -0.734720 0.884920 0.472261 -0.633527 0.213075 0.763621 -0.094093 -0.285102 0.202616 0.280410
VERTEX_POSE A84 0.793282 0.175224 -0.624056 0.426390 0.426147 0.719872 -0.807676 -0.311482 -0.157967 -0.001448 0.108562 0.448615 0.173043 -0.615472 -0.846132 -0.631792 -0.563457 -0.050216 0.617606 -0.811042
VERTEX_POSE A85 0.133290 -0.056834 -0.436202 -0.040434 -0.628772 -0.647528 0.020624 0.518859 -0.706892 0.428045 0.429635 -0.329944 0.756979 -0.849394 0.556767 0.672094 0.506004 0.370688 0.516598 0.209617
VERTEX_POSE A86 0.531768 -0.953059 -0.944426 0.939512 0.265066 0.539551 -0.137505 0.715892 0.424234 -0.517874 -0.371627 -0.182274 -0.142841 -0.419965 0.666513 0.089497 -0.404931 -0.249677 -0.833893 0.141223
VERTEX_POSE A87 0.904988 -0.631424 -0.552877 -0.402917 -0.215160 -0.596745 0.197823 -0.523069 -0.929377 -0.506106 0.032654 -0.044551 -0.369479 -0.846971 0.573313 -0.265450 -0.687281 -0.207335 1.044629 -0.359338
VERTEX_POSE A88 -0.014003 -0.906660 -0.991073 0.417056 -0.142880 -0.641036 0.703366 -0.160278 0.401865 0.524458 -0.150013 0.397397 -0.041546 -0.197921 0.227590 0.342584 0.902837 -0.489720 -0.364827 0.345673
VERTEX_POSE A89 0.213600 0.335727 0.181690 0.661471 0.517508 -0.827497 -0.165817 0.692480 0.468260 0.655025 0.660891 0.758222 -1.018983 0.765877 -0.181787 -0.835765 -0.681952 0.851195 0.207649 -0.518235
VERTEX_POSE A90 0.340926 0.720631 0.092879 -0.104029 -0.089079 0.930703 -0.096909 0.837212 -0.522143 -0.105177 0.887237 0.462712 -0.922037 -0.352368 0.442790 0.891199 -0.116720 0.383023 0.175705 -0.264224
VERTEX_POSE A91 -0.704787 -0.815285 0.653896 0.522117 0.231741 -0.702934 0.869557 0.126202 0.079758 0.486117 0.742528 0.794387 0.167879 0.158823 0.662425 0.518325 0.112749 0.171826 0.557293 -0.997320
VERTEX_POSE A92 -0.496450 0.613647 0.514085 -0.116415 -0.675773 -0.138259 0.073803 1.015803 0.009605 0.709581 0.052130 -0.252288 -0.426705 0.015587 0.924673 -0.326364 0.188923 -0.373418 -0.528939 0.082526
VERTEX_POSE A93 0.075381 0.959072 -0.813142 -0.208863 -0.373450 0.220307 -0.443721 -0.611363 -0.271079 -0.543194 -0.104709 1.061680 -0.252727 0.188895 0.229074 0.810894 0.021182 0.104934 0.315124 -0.944358
VERTEX_POSE A94 -0.169982 0.283093 -0.376798 -0.989565 0.872096 0.648341 0.325255 -0.314601 0.449537 0.553217 1.101479 0.569344 0.444243 -0.452494 0.849173 -0.977500 0.111876 -0.277241 -0.424077 0.463727
VERTEX_POSE A95 -0.676111 -0.631989 0.552459 0.602864 0.745217 -0.224475 0.648928 0.663654 -0.389889 0.289527 0.287292 -0.334971 -0.593803 0.720718 0.896691 0.358091 0.370695 -0.450905 0.579840 -0.377035
VERTEX_POSE A96 0.453917 0.689227 0.992842 0.678206 0.446280 -0.548482 0.120283 -0.573820 -0.697354 0.334873 0.825590 -0.377615 0.961607 -0.354739 0.449279 0.431212 0.677861 -0.724346 -0.647316 0.245056
VERTEX_POSE A97 -0.564358 -0.942511 0.887125 0.336686 0.024079 0.240274 0.342152 0.647020 -0.196430 0.204802 0.044781 -0.114241 -0.625038 0.526328 -0.694010 -0.086178 -0.003526 0.396319 -0.437008 -0.224527
VERTEX_POSE A98 0.449916 -0.278229 -0.005642 0.335406 0.134698 0.747731 0.528076 -0.008238 0.798466 -0.067897 -0.677388 0.302241 -1.047800 -0.105237 -0.396754 -0.296411 -0.575163 0.392379 -0.360771 0.893624
VERTEX_POSE A99 -0.398807 0.212380 0.422318 0.731147 0.049195 0.360185 0.729913 -0.899785 0.140328 -1.027030 -0.770723 -0.892159 0.108496 -0.238768 -0.672478 0.185238 -0.437067 -0.523830 -0.195831 0.142594
VERTEX_POINT L0 0.923589 -0.828831 0.203440 0.807349 0.621665
VERTEX_POINT L1 0.913219 0.718400 0.997673 -0.817956 -0.810615
VERTEX_POINT L2 -0.525701 0.983583 -0.689457 -0.688182 -0.933729
VERTEX_POINT L3 0.567886 -0.670960 -0.902024 -0.419502 0.784718
VERTEX_POINT L4 0.964867 -0.199830 0.060100 -0.826736 0.731989
VERTEX_POINT L5 0.211473 -0.719418 0.375856 0.944196 0.162081
VERTEX_POINT L6 0.466439 -0.543937 0.929121 -0.717216 -0.919459
VERTEX_POINT L7 0.499727 -0.324990 -0.529703 0.584297 -0.100260
VERTEX_POINT L8 0.272410 -0.824381 0.494056 -0.645063 -0.252185
VERTEX_POINT L9 -0.904878 -0.170729 -0.795604 0.516698 0.722640
VERTEX_POINT L10 -0.713011 0.425895 0.034899 -0.780999 -0.649639
VERTEX_POINT L11 -0.192355 0.200987 0.006376 -0.898949 -0.599901
VERTEX_POINT L12 -0.887675 0.959102 -0.061354 -0.372722 0.954195
VERTEX_POINT L13 0.204835 -0.842307 0.124659 0.060915 0.290340
VERTEX_POINT L14 -0.775110 -0.362024 -0.336613 0.503117 -0.063281
VERTEX_POINT L15 0.905607 0.134326 0.314590 -0.946332 0.380342
VERTEX_POINT L16 -0.661875 0.100859 0.688457 -0.979519 0.661568
VERTEX_POINT L17 0.756657 -0.315083 -0.281039 0.442628 -0.798215
VERTEX_POINT L18 0.810595 0.502903 0.761713 -0.349249 -0.834818
VERTEX_POINT L19 0.324123 0.194199 0.697384 0.437537 -0.481312
VERTEX_POINT L20 -0.029742 -0.979356 0.900651 0.104099 0.719293
VERTEX_POINT L21 0.151521 0.223533 -0.145408 0.546722 0.076103
VERTEX_POINT L22 0.619335 0.378914 0.351280 -0.040346 0.750429
VERTEX_POINT L23 0.473807 0.634291 0.414735 0.987684 -0.956479
VERTEX_POINT L24 -0.773098 0.182605 0.041449 -0.662141 0.702654
VERTEX_POINT L25 -0.550647 -0.337993 0.974483 -0.029911 0.622525
VERTEX_POINT L26 0.797697 -0.997698 -0.032805 0.590548 0.788737
VERTEX_POINT L27 0.680819 -0.128168 0.034291 -0.983935 0.148933
VERTEX_POINT L28 -0.115004 -0.280504 0.861608 -0.693224 -0.353395
VERTEX_POINT L29 0.247612 -0.275927 0.961552 -0.074047 -0.076565
VERTEX_POINT L30 -0.717988 -0.915788 -0.543391 0.747211 -0.801872
VERTEX_POINT L31 -0.191415 -0.109335 0.065048 -0.885875 -0.731730
VERTEX_POINT L32 0.160831 -0.557526 0.959225 0.107998 0.112819
VERTEX_POINT L33 -0.243688 -0.932205 -0.232847 -0.940971 -0.735601
VERTEX_POINT L34 -0.623529 0.219705 0.163023 -0.305377 -0.947012
VERTEX_POINT L35 0.125698 0.242644 0.019325 0.281261 -0.155192
VERTEX_POINT L36 0.967785 -0.651623 -0.856991 -0.996775 0.426480
VERTEX_POINT L37 0.842910 0.675768 0.092145 -0.022593 -0.866471
VERTEX_POINT L38 -0.374575 0.917653 0.489623 -0.134442 0.744549
VERTEX_POINT L39 0.240194 -0.476004 0.637064 -0.641838 -0.825705
VERTEX_POINT L40 0.938031 -0.494961 0.296541 -0.505895 0.856169
VERTEX_POINT L41 -0.087587 0.343549 -0.475479 0.084559 -0.905090
VERTEX_POINT L42 -0.952160 0.724984 -0.356560 -0.540787 -0.425606
VERTEX_POINT L43 -0.949643 -0.535858 -0.764813 0.121382 0.810363
VERTEX_POINT L44 -0.882752 0.501241 0.649181 -0.854526 0.385250
VERTEX_POINT L45 -0.727271 -0.637040 0.306827 0.962330 0.511113
VERTEX_POINT L46 0.955964 0.598468 0.549777 0.175050 0.190705
VERTEX_POINT L47 -0.544627 -0.397900 0.337638 -0.834045 0.046818
VERTEX_POINT L48 -0.970613 0.047877 -0.974212 0.404958 0.712899
VERTEX_POINT L49 0.766559 0.101371 0.311490 0.825800 0.355888
VERTEX_POINT L50 0.779496 0.796299 0.035022 0.603492 0.565506
VERTEX_POINT L51 -0.000356 0.068521 0.926438 -0.490943 0.432192
VERTEX_POINT L52 -0.081920 -0.675096 -0.833919 0.372522 -0.568009
VERTEX_POINT L53 0.398831 0.175212 -0.613697 -0.436854 0.315935
VERTEX_POINT L54 -0.526549 -0.297188 0.341174 -0.503259 0.475712
VERTEX_POINT L55 0.144982 0.507509 0.207531 0.710381 -0.865356
VERTEX_POINT L56 0.848185 0.837219 -0.639215 0.533236 -0.061540
VERTEX_POINT L57 -0.728852 -0.294886 -0.691631 -0.912711 0.264449
VERTEX_POINT L58 -0.174198 -0.620659 -0.758178 0.726445 0.283577
VERTEX_POINT L59 -0.266820 -0.443285 -0.777607 0.840011 0.585065
VERTEX_POINT L60 0.518760 0.429188 -0.730079 0.013242 -0.812116
VERTEX_POINT L61 0.107814 -0.536447 -0.301569 0.473656 0.481705
VERTEX_POINT L62 0.541765 0.447380 0.287441 0.954136 0.853335
VERTEX_POINT L63 -0.320409 0.871661 -0.770854 -0.878760 0.300703
VERTEX_POINT L64 0.864126 -0.468652 0.465584 0.532685 0.746104
VERTEX_POINT L65 0.918235 -0.332914 -0.549536 -0.351241 0.906322
VERTEX_POINT L66 0.805289 0.114305 0.248472 0.402501 -0.854489
VERTEX_POINT L67 0.831910 -0.120275 0.608593 0.535910 0.172584
VERTEX_POINT L68 0.761145 -0.657146 0.542609 0.626166 -0.960149
VERTEX_POINT L69 -0.569286 0.031958 -0.261906 -0.731941 0.890060
VERTEX_POINT L70 0.072105 0.403721 0.245657 0.894072 0.346879
VERTEX_POINT L71 0.699177 -0.152107 -0.160850 -0.879730 0.896020
VERTEX_POINT L72 0.343127 -0.624493 0.262616 0.352618 0.984970
VERTEX_POINT L73 0.119944 0.128705 0.889097 -0.646715 0.921273
VERTEX_POINT L74 0.749533 0.312035 0.074336 0.241653 0.706383
VERTEX_POINT L75 0.460375 0.876749 -0.088203 0.498092 0.370220
VERTEX_POINT L76 0.392673 0.491665 0.195925 -0.684385 0.432387
VERTEX_POINT L77 0.705497 -0.089497 -0.375887 -0.583298 -0.102912
VERTEX_POINT L78 0.915748 -0.521151 -0.750565 0.664048 -0.582962
VERTEX_POINT L79 0.422060 -0.460458 0.221712 0.720574 0.145285
VERTEX_POINT L80 0.472056 -0.988126 0.935603 -0.757497 -0.747024
VERTEX_POINT L81 0.695244 -0.724853 0.284457 0.267540 0.982545
VERTEX_POINT L82 -0.578296 0.608063 0.148151 -0.770369 -0.422523
VERTEX_POINT L83 -0.609864 -0.663222 -0.898315 0.615025 -0.315034
VERTEX_POINT L84 0.094075 0.450360 0.670760 0.830686 0.298480
VERTEX_POINT L85 -0.104845 -0.689125 -0.510676 -0.273628 -0.946811
VERTEX_POINT L86 0.535118 0.844287 0.309215 0.325406 -0.180390
VERTEX_POINT L87 -0.057740 0.287579 -0.968455 0.363922 -0.763060
VERTEX_POINT L88 0.166303 0.015989 -0.202307 -0.186339 0.317638
VERTEX_POINT L89 -0.639081 -0.776371 0.551037 0.051851 -0.896812
VERTEX_POINT L90 0.675440 0.844294 -0.746061 0.203933 0.822005
VERTEX_POINT L91 -0.314937 -0.554823 0.067614 0.826903 0.505522
VERTEX_POINT L92 0.468733 -0.312818 -0.750532 -0.474493 0.584893
VERTEX_POINT L93 0.217205 0.291675 0.541379 0.158069 0.675340
VERTEX_POINT L94 0.364654 -0.683162 0.296761 0.948143 -0.193775
VERTEX_POINT L95 0.332859 0.218530 0.715052 -0.941808 0.330997
VERTEX_POINT L96 0.135441 0.958760 0.991844 0.806828 0.581662
VERTEX_POINT L97 0.169943 0.431143 -0.454768 0.350644 -0.048263
VERTEX_POINT L98 0.164769 -0.901745 0.323645 0.594103 -0.496418
VERTEX_POINT L99 -0.103414 -0.698385 0.534453 0.432994 0.621513
VERTEX_POINT L100 0.600657 -0.536899 0.283326 0.618703 -0.158203
VERTEX_POINT L101 -0.763126 0.501976 -0.430698 0.488175 0.850461
VERTEX_POINT L102 -0.404237 0.149508 -0.626398 0.553264 0.517533
VERTEX_POINT L103 -0.056216 -0.161392 -0.454058 -0.028679 -0.173233
VERTEX_POINT L104 0.356818 -0.369318 -0.541601 0.841460 0.771734
VERTEX_POINT L105 -0.654704 -0.538458 0.447939 -0.205083 0.223916
VERTEX_POINT L106 -0.595842 -0.284643 0.457739 -0.530587 -0.803013
VERTEX_POINT L107 -0.250509 -0.877653 0.654324 -0.842925 0.204121
VERTEX_POINT L108 -0.949207 0.372045 -0.927948 0.211619 -0.878996
VERTEX_POINT L109 -0.680094 0.194206 0.707173 -0.866539 -0.385975
VERTEX_POINT L110 -0.828449 -0.338111 -0.123964 0.877649 -0.650594
VERTEX_POINT L111 0.522848 0.383919 -0.992345 0.454122 -0.626021
VERTEX_POINT L112 -0.984850 0.469353 -0.008370 0.401000 -0.403431
VERTEX_POINT L113 -0.406745 -0.730048 -0.975813 -0.892720 -0.073116
VERTEX_POINT L114 0.912984 0.720697 -0.890660 0.069147 0.058946
VERTEX_POINT L115 0.109226 -0.080287 -0.337610 0.231686 0.895049
VERTEX_POINT L116 0.488410 -0.419173 -0.486488 -0.166348 -0.019927
VERTEX_POINT L117 0.448102 0.564984 0.418555 -0.605447 0.878556
VERTEX_POINT L118 -0.948514 -0.792708 -0.306065 -0.404392 -0.868010
VERTEX_POINT L119 -0.345287 0.596816 0.311205 0.647313 -0.702289
VERTEX_POINT L120 0.809021 0.788613 -0.030407 0.446404 0.981744
VERTEX_POINT L121 0.726926 -0.948414 -0.052126 0.799541 0.953995
VERTEX_POINT L122 0.339776 -0.958007 -0.621181 0.474215 0.803233
VERTEX_POINT L123 0.277754 -0.524205 0.219061 0.971911 0.566637
VERTEX_POINT L124 -0.055868 0.343261 -0.510747 -0.042391 0.629335
VERTEX_POINT L125 -0.295570 -0.641169 0.675579 0.422358 -0.390541
VERTEX_POINT L126 -0.389387 0.694325 -0.065887 -0.969896 -0.102365
VERTEX_POINT L127 -0.920427 0.302021 -0.518903 -0.235563 0.210997
VERTEX_POINT L128 0.874374 0.789974 -0.779188 -0.226998 0.561196
VERTEX_POINT L129 0.775382 0.792580 -0.742242 0.624206 0.401216
VERTEX_POINT L130 -0.023841 0.603636 -0.984450 -0.802569 -0.167490
VERTEX_POINT L131 0.475030 -0.746925 0.504138 -0.608296 -0.597008
VERTEX_POINT L132 -0.987744 0.294556 -0.172940 0.112381 0.251677
VERTEX_POINT L133 0.571922 -0.246857 -0.610848 0.750695 -0.649957
VERTEX_POINT L134 -0.581186 0.091684 -0.949920 0.363025 0.229759
VERTEX_POINT L135 0.369074 0.925238 0.285459 -0.046159 0.023411
VERTEX_POINT L136 0.917218 0.214686 0.837090 -0.454388 0.573959
VERTEX_POINT L137 -0.177028 0.807041 0.507818 0.832438 0.426746
VERTEX_POINT L138 -0.881435 -0.952415 -0.060217 0.110916 -0.772468
VERTEX_POINT L139 0.968011 -0.413269 0.909143 0.757231 0.694963
VERTEX_POINT L140 0.142878 0.001246 0.214992 0.965898 -0.959229
VERTEX_POINT L141 -0.709885 -0.290527 0.815820 -0.011436 -0.423062
VERTEX_POINT L142 0.490859 0.970650 0.916798 0.211353 -0.931058
VERTEX_POINT L143 0.158029 -0.529401 -0.793378 0.366899 -0.362660
VERTEX_POINT L144 -0.116630 -0.020575 0.840007 0.095844 0.503822
VERTEX_POINT L145 0.403843 0.691347 -0.973862 -0.719500 0.127888
VERTEX_POINT L146 -0.732745 0.390312 -0.130988 -0.401415 -0.467610
VERTEX_POINT L147 -0.628220 0.560252 -0.646482 0.929495 -0.516105
VERTEX_POINT L148 -0.148055 0.256331 0.444693 -0.324947 0.006444
VERTEX_POINT L149 -0.681259 0.597604 0.562948 0.194193 -0.335621
VERTEX_POINT L150 0.026493 0.157068 0.664723 0.576808 -0.218394
VERTEX_POINT L151 -0.339034 0.044943 -0.585714 -0.878543 -0.011812
VERTEX_POINT L152 -0.954333 0.649190 -0.489179 -0.006266 -0.381626
VERTEX_POINT L153 -0.633731 0.199061 -0.956458 0.051023 -0.415161
VERTEX_POINT L154 0.938720 0.520738 0.633347 -0.906632 -0.445175
VERTEX_POINT L155 -0.010201 -0.007550 0.000075 0.951343 -0.752291
VERTEX_POINT L156 0.070699 0.557892 0.719122 -0.526618 0.194298
VERTEX_POINT L157 -0.450667 0.215063 -0.432540 -0.876529 0.452459
VERTEX_POINT L158 0.069372 -0.705528 0.481172 -0.284220 0.458706
VERTEX_POINT L159 -0.054927 0.347866 0.939933 0.246383 -0.244506
VERTEX_POINT L160 -0.675284 0.007642 -0.174783 0.747677 -0.146325
VERTEX_POINT L161 -0.954469 0.898107 0.496721 -0.086789 -0.708784
VERTEX_POINT L162 -0.579897 0.600941 0.444071 0.638088 0.158486
VERTEX_POINT L163 -0.663028 -0.697802 0.652277 -0.139942 -0.894648
VERTEX_POINT L164 0.617452 -0.348750 0.885873 -0.336094 -0.358741
VERTEX_POINT L165 -0.161083 -0.307375 0.494151 0.001113 -0.611755
VERTEX_POINT L166 0.706045 -0.772564 -0.062264 0.813899 0.128763
VERTEX_POINT L167 0.534670 0.865936 0.722963 0.209518 -0.784782
VERTEX_POINT L168 0.661889 -0.500334 0.001969 -0.166450 0.814991
VERTEX_POINT L169 0.824610 -0.724979 0.877519 -0.075186 0.356295
VERTEX_POINT L170 0.502681 -0.547333 0.632106 -0.033251 0.910181
VERTEX_POINT L171 -0.195232 0.500913 -0.783039 -0.200551 0.855762
VERTEX_POINT L172 -0.885274 -0.015506 0.693339 0.913378 0.933233
VERTEX_POINT L173 -0.006460 -0.576683 0.548904 -0.821898 0.979123
VERTEX_POINT L174 0.962796 0.971512 -0.576417 -0.833652 -0.506898
VERTEX_POINT L175 -0.001904 0.963919 0.533345 0.009222 0.437055
VERTEX_POINT L176 -0.602617 -0.885336 0.575042 -0.541398 0.107010
VERTEX_POINT L177 -0.769949 0.361824 0.292596 -0.235067 0.025492
VERTEX_POINT L178 0.369876 0.524170 0.886864 -0.061283 0.920949
VERTEX_POINT L179 0.249328 0.370995 0.019736 0.133655 -0.886546
VERTEX_POINT L180 -0.451208 -0.040573 -0.144457 0.959126 0.689871
VERTEX_POINT L181 -0.603631 -0.318762 0.551587 -0.484475 -0.297445
VERTEX_POINT L182 0.910295 -0.584062 0.434022 0.255111 0.101641
VERTEX_POINT L183 -0.405541 -0.391383 0.366364 -0.047140 -0.691755
VERTEX_POINT L184 -0.237363 0.880299 0.595129 0.566548 0.287394
VERTEX_POINT L185 0.849015 0.936676 0.067368 0.348479 0.656466
VERTEX_POINT L186 0.584257 0.601068 -0.633561 -0.095797 -0.444047
VERTEX_POINT L187 0.833336 0.438191 0.314250 -0.960070 -0.518308
VERTEX_POINT L188 -0.601652 0.151739 0.634828 0.471950 0.108926
VERTEX_POINT L189 -0.346371 0.895539 0.847611 0.619984 -0.985341
VERTEX_POINT L190 -0.221591 -0.213944 0.254184 0.286313 0.237186
VERTEX_POINT L191 -0.276936 -0.840619 -0.539954 0.219628 0.962601
VERTEX_POINT L192 -0.300841 0.793646 0.344332 -0.466805 -0.694125
VERTEX_POINT L193 0.198512 -0.613002 -0.301745 -0.075599 -0.604328
VERTEX_POINT L194 0.060036 -0.538420 -0.887677 -0.920314 -0.932047
VERTEX_POINT L195 -0.683388 -0.555103 0.230205 0.197101 -0.052866
VERTEX_POINT L196 -0.962571 0.079623 -0.807594 0.925513 -0.216083
VERTEX_POINT L197 -0.233919 -0.310984 0.050059 0.893584 0.196716
VERTEX_POINT L198 0.851282 -0.689167 -0.046832 -0.593382 0.162352
VERTEX_POINT L199 0.699318 0.579289 0.194375 -0.240936 -0.401092
VERTEX_POINT L200 -0.409309 -0.035963 -0.072422 -0.181601 -0.446989
VERTEX_POINT L201 0.353963 -0.236500 -0.414726 0.373367 0.072532
VERTEX_POINT L202 -0.495914 0.080202 0.411336 0.558513 -0.545330
VERTEX_POINT L203 -0.294583 0.948531 -0.379084 -0.268223 -0.513756
VERTEX_POINT L204 -0.652497 0.186817 -0.865822 0.551469 0.051655
VERTEX_POINT L205 -0.533118 0.051714 0.834920 0.724860 -0.052227
VERTEX_POINT L206 0.703512 0.912449 -0.845738 0.740999 0.923299
VERTEX_POINT L207 -0.255113 0.301481 0.709220 -0.989929 -0.841335
VERTEX_POINT L208 -0.303067 -0.586462 0.127515 -0.510207 0.973264
VERTEX_POINT L209 0.073388 0.436620 -0.958875 -0.320284 0.844249
VERTEX_POINT L210 0.994215 -0.327524 -0.271044 0.143725 -0.727881
VERTEX_POINT L211 0.245725 0.372965 0.983058 -0.551081 0.663135
VERTEX_POINT L212 0.469756 -0.882142 0.592712 0.195241 -0.453196
VERTEX_POINT L213 0.904510 0.088415 -0.837022 -0.601163 0.373760
VERTEX_POINT L214 0.840184 0.981582 0.349423 0.401780 0.971380
VERTEX_POINT L215 -0.767606 0.998157 0.187841 -0.238211 0.834198
VERTEX_POINT L216 0.753524 0.025091 0.230346 0.747316 0.030226
VERTEX_POINT L217 0.424441 0.582650 0.715862 -0.694017 -0.472666
VERTEX_POINT L218 -0.934270 0.436347 -0.497909 -0.198281 -0.684110
VERTEX_POINT L219 -0.848127 -0.823170 -0.134826 0.219266 -0.860848
VERTEX_POINT L220 -0.921930 0.478189 0.563473 0.925967 -0.458007
VERTEX_POINT L221 -0.155861 -0.777597 0.756275 -0.911967 0.553076
VERTEX_POINT L222 -0.125063 -0.663789 0.325220 -0.561107 -0.898247
VERTEX_POINT L223 -0.222771 0.271835 -0.092196 -0.540839 -0.152132
VERTEX_POINT L224 -0.957349 -0.390599 -0.545471 0.012434 0.948747
VERTEX_POINT L225 0.934972 -0.202209 0.437543 -0.481421 -0.830294
VERTEX_POINT L226 0.093841 0.716731 -0.861991 0.656262 0.795002
VERTEX_POINT L227 -0.919919 0.689024 -0.353065 -0.062053 -0.267336
VERTEX_POINT L228 -0.298946 0.486807 -0.512398 -0.587836 0.366422
VERTEX_POINT L229 -0.054877 -0.972436 0.091178 -0.937120 -0.042646
VERTEX_POINT L230 0.779399 0.268314 0.841310 0.697011 0.331572
VERTEX_POINT L231 0.291745 -0.549156 0.415179 0.230562 0.919433
VERTEX_POINT L232 -0.700914 -0.208936 0.676452 0.436247 -0.970114
VERTEX_POINT L233 -0.716516 -0.651484 0.252646 0.255524 0.786243
VERTEX_POINT L234 0.997161 -0.600626 -0.963904 0.962339 -0.594323
VERTEX_POINT L235 -0.353411 0.977882 0.810630 -0.012284 0.081541
VERTEX_POINT L236 -0.249633 0.400230 0.087566 -0.019616 -0.265985
VERTEX_POINT L237 0.700674 -0.688177 -0.809643 0.703338 -0.671024
VERTEX_POINT L238 0.391476 0.279363 0.519851 -0.002213 0.240205
VERTEX_POINT L239 0.447300 0.813767 -0.784919 0.470177 -0.292720
VERTEX_POINT L240 -0.225939 0.748443 -0.768518 -0.616946 -0.826775
VERTEX_POINT L241 0.385691 0.951840 -0.751193 -0.858488 0.512324
VERTEX_POINT L242 -0.306975 0.186732 -0.801861 0.919096 -0.629585
VERTEX_POINT L243 -0.756182 0.866301 0.824194 0.578295 -0.279971
VERTEX_POINT L244 0.290201 0.040254 -0.588216 -0.459651 -0.113916
VERTEX_POINT L245 -0.466791 0.168314 0.547562 0.320876 -0.658205
VERTEX_POINT L246 -0.523788 0.864457 0.012035 -0.659916 -0.445773
VERTEX_POINT L247 0.043725 -0.934655 0.642130 -0.712336 0.916310
VERTEX_POINT L248 0.957650 -0.249036 0.263424 0.626859 -0.130871
VERTEX_POINT L249 -0.458058 0.300804 0.514126 0.141804 -0.129883
VERTEX_POINT L250 0.195598 -0.757825 -0.492695 0.506930 -0.944538
VERTEX_POINT L251 -0.964280 -0.770847 -0.173103 0.552826 0.411122
VERTEX_POINT L252 0.386081 0.523208 0.270401 0.229837 -0.576808
VERTEX_POINT L253 -0.929465 -0.421613 0.832525 0.945824 -0.842785
VERTEX_POINT L254 -0.187051 0.500988 0.734701 -0.988013 -0.741010
VERTEX_POINT L255 0.428733 -0.867391 0.724930 -0.757730 -0.628060
VERTEX_POINT L256 -0.994493 0.376178 0.270068 -0.535597 -0.673079
VERTEX_POINT L257 0.906790 0.217719 0.872710 0.668249 -0.946008
VERTEX_POINT L258 0.508813 0.821634 -0.628135 0.180217 0.104604
VERTEX_POINT L259 -0.293439 -0.137015 0.757670 -0.123433 0.693343
VERTEX_POINT L260 -0.148087 0.245283 -0.036112 0.731130 0.011345
VERTEX_POINT L261 0.288212 0.089948 -0.786825 -0.122772 -0.563824
VERTEX_POINT L262 0.998306 0.313828 0.172849 -0.892871 0.612776
VERTEX_POINT L263 0.150999 -0.963652 -0.359660 0.167377 0.041231
VERTEX_POINT L264 0.571696 0.438463 0.465822 -0.867248 -0.777581
VERTEX_POINT L265 0.995467 0.713202 0.208944 -0.930532 -0.981547
VERTEX_POINT L266 0.797589 -0.985770 -0.549030 -0.844907 -0.877228
VERTEX_POINT L267 -0.677937 -0.161307 -0.446613 0.113136 -0.043566
VERTEX_POINT L268 0.696140 -0.974975 0.399302 0.772806 -0.652571
VERTEX_POINT L269 0.189065 0.293593 0.970820 0.152879 0.362977
VERTEX_POINT L270 0.769363 -0.347540 -0.231532 -0.416688 0.663713
VERTEX_POINT L271 -0.529798 0.773469 0.630784 -0.844140 -0.479346
VERTEX_POINT L272 -0.425244 0.245433 -0.780373 0.294391 -0.124699
VERTEX_POINT L273 -0.537612 0.839193 -0.033392 -0.497591 -0.965872
VERTEX_POINT L274 -0.285981 0.639769 0.454978 0.734155 0.240683
VERTEX_POINT L275 0.864957 -0.714313 -0.368589 0.834740 0.761386
VERTEX_POINT L276 -0.004403 0.007507 -0.485830 0.823284 -0.624076
VERTEX_POINT L277 0.190231 0.504227 -0.532987 -0.925761 0.794910
VERTEX_POINT L278 -0.091317 -0.648968 -0.726458 -0.877595 0.677696
VERTEX_POINT L279 -0.046754 0.758471 0.777594 0.450143 0.245053
VERTEX_POINT L280 0.732173 -0.194969 0.981139 0.216043 -0.334973
VERTEX_POINT L281 -0.895719 -0.406793 -0.219153 0.629335 0.733158
VERTEX_POINT L282 -0.011034 0.987624 -0.395509 0.002969 -0.343825
VERTEX_POINT L283 0.118254 -0.671761 0.251540 -0.554120 0.088219
VERTEX_POINT L284 -0.825184 0.171594 -0.386628 0.575159 0.890373
VERTEX_POINT L285 0.801915 0.488611 -0.660808 0.014956 -0.084834
VERTEX_POINT L286 -0.453013 -0.539152 -0.023530 -0.311850 0.460159
VERTEX_POINT L287 -0.819677 -0.452228 0.883440 -0.960438 -0.782706
VERTEX_POINT L288 0.708705 -0.293670 -0.788098 -0.316795 -0.030842
VERTEX_POINT L289 -0.944200 -0.717518 0.348336 0.868368 -0.435237
VERTEX_POINT L290 -0.113116 0.410756 0.641109 -0.083871 0.910636
VERTEX_POINT L291 -0.439382 0.951614 0.175790 -0.585665 0.980503
VERTEX_POINT L292 0.344012 0.372429 0.561511 -0.254404 0.000939
VERTEX_POINT L293 -0.114811 -0.275416 -0.186042 0.023258 0.523412
VERTEX_POINT L294 0.711618 0.987962 0.816129 0.581712 0.021734
VERTEX_POINT L295 -0.084292 -0.189107 0.027333 -0.121652 0.223357
VERTEX_POINT L296 -0.119344 -0.562214 -0.977097 0.092726 0.541865
VERTEX_POINT L297 0.509207 -0.997808 -0.732901 0.736804 0.144506
VERTEX_POINT L298 0.237771 0.649586 0.580720 0.991484 -0.820209
VERTEX_POINT L299 -0.423204 -0.537188 0.422204 -0.134468 0.889294
VERTEX_POINT L300 -0.301728 0.295785 -0.762081 -0.110316 -0.492517
VERTEX_POINT L301 0.007134 -0.697954 -0.650811 -0.425204 0.843505
VERTEX_POINT L302 0.046998 -0.763720 0.052988 0.021392 -0.590051
VERTEX_POINT L303 0.273028 -0.458783 -0.542454 -0.815925 0.382785
VERTEX_POINT L304 0.469522 -0.858761 0.315796 0.077205 0.877633
VERTEX_POINT L305 0.761017 0.876050 -0.492034 -0.244454 0.650632
VERTEX_POINT L306 0.137985 -0.173096 0.088958 -0.981185 0.144170
VERTEX_POINT L307 -0.534882 0.148745 0.829966 -0.099511 -0.746443
VERTEX_POINT L308 -0.048752 0.380276 -0.025021 -0.170214 0.445542
VERTEX_POINT L309 -0.953332 0.177936 0.362499 -0.858780 -0.178134
VERTEX_POINT L310 0.418364 -0.092784 0.607560 -0.649368 0.498610
VERTEX_POINT L311 -0.316579 -0.814693 -0.043882 -0.954171 -0.889431
VERTEX_POINT L312 -0.849052 0.771144 -0.856654 0.770555 -0.444976
VERTEX_POINT L313 -0.592670 -0.105160 -0.787949 0.353601 -0.845214
VERTEX_POINT L314 0.801675 -0.486454 -0.792343 -0.508291 0.198788
VERTEX_POINT L315 -0.674236 -0.057262 -0.243282 0.345714 -0.554603
VERTEX_POINT L316 -0.790755 -0.616549 -0.448758 -0.631443 0.069951
VERTEX_POINT L317 -0.651338 -0.025606 0.184127 0.179859 -0.341053
VERTEX_POINT L318 -0.493914 0.490509 -0.359843 0.385276 -0.337309
VERTEX_POINT L319 0.917950 0.089782 -0.236856 0.051762 -0.960891
VERTEX_POINT L320 -0.595538 0.256876 -0.467537 0.048226 0.223710
VERTEX_POINT L321 0.392970 -0.098734 -0.718733 -0.698596 -0.426673
VERTEX_POINT L322 -0.521432 0.041396 0.938934 0.466097 -0.980388
VERTEX_POINT L323 0.748473 -0.370695 -0.906026 0.793822 -0.775352
VERTEX_POINT L324 -0.721841 0.625850 0.095225 0.324662 -0.903261
VERTEX_POINT L325 -0.809815 0.029357 0.755063 0.047809 0.041346
VERTEX_POINT L326 -0.335819 0.440198 0.121307 -0.327830 0.448006
VERTEX_POINT L327 0.158815 -0.936364 0.118127 -0.582613 0.638604
VERTEX_POINT L328 0.699392 0.031549 -0.977838 -0.215387 -0.814148
VERTEX_POINT L329 0.901952 0.089783 -0.297973 -0.336347 0.627797
VERTEX_POINT L330 0.735612 -0.473552 -0.459669 0.282919 0.527898
VERTEX_POINT L331 -0.602337 -0.672666 -0.739919 0.674297 -0.306664
VERTEX_POINT L332 -0.090914 0.391829 0.051215 0.238449 0.471301
VERTEX_POINT L333 -0.217390 -0.237271 0.593319 -0.695689 0.937847
VERTEX_POINT L334 0.670691 -0.131449 -0.282373 0.858372 -0.923879
VERTEX_POINT L335 -0.621393 0.533068 -0.632988 -0.684346 0.348934
VERTEX_POINT L336 -0.456373 -0.361222 -0.898715 0.059857 0.588480
VERTEX_POINT L337 -0.191324 0.695455 0.806585 0.877188 0.220291
VERTEX_POINT L338 -0.156275 -0.318187 -0.803022 0.216143 0.602491
VERTEX_POINT L339 0.494875 -0.980945 0.076264 0.889643 0.034022
VERTEX_POINT L340 -0.144656 -0.126609 0.169084 -0.981592 -0.957843
VERTEX_POINT L341 -0.737910 0.589030 0.804538 0.566775 0.101102
VERTEX_POINT L342 -0.821704 -0.795638 -0.967619 0.935472 0.144591
VERTEX_POINT L343 0.006292 -0.355465 0.312430 0.788963 -0.402818
VERTEX_POINT L344 -0.330580 -0.516130 -0.983411 -0.079623 0.255887
VERTEX_POINT L345 0.979972 -0.282092 -0.759961 -0.572820 -0.656621
VERTEX_POINT L346 0.332055 0.587273 -0.930852 0.134677 0.042579
VERTEX_POINT L347 -0.121335 -0.132679 -0.432168 0.288934 -0.674162
VERTEX_POINT L348 -0.671367 0.692302 0.424166 0.607039 0.002327
VERTEX_POINT L349 0.838142 0.077782 -0.290695 -0.480048 0.705270
VERTEX_POINT L350 -0.203386 0.957103 0.330976 -0.659303 -0.635053
VERTEX_POINT L351 -0.266905 -0.050822 0.956629 -0.344735 -0.773964
VERTEX_POINT L352 0.231112 0.979048 -0.009428 -0.178643 -0.721403
VERTEX_POINT L353 0.275182 -0.001501 0.269910 0.806794 -0.615441
VERTEX_POINT L354 -0.518432 0.578483 -0.949397 -0.550913 -0.549315
VERTEX_POINT L355 0.509272 0.604898 -0.914203 -0.853982 -0.624664
VERTEX_POINT L356 0.465367 -0.972144 0.024973 -0.145398 0.425905
VERTEX_POINT L357 0.145749 0.018681 0.171910 0.121257 0.898690
VERTEX_POINT L358 -0.331913 0.668535 0.203924 -0.436594 -0.986059
VERTEX_POINT L359 0.164759 0.059405 0.047135 0.639215 0.611757
VERTEX_POINT L360 0.047701 -0.891536 0.873937 0.784910 0.526487
VERTEX_POINT L361 -0.596301 -0.805017 0.744256 0.846325 0.541839
VERTEX_POINT L362 0.562422 0.386739 0.307216 0.313512 -0.694907
VERTEX_POINT L363 0.956787 0.500293 -0.074848 0.023360 -0.002211
VERTEX_POINT L364 0.186308 -0.042288 0.337575 -0.849364 0.479686
VERTEX_POINT L365 0.233113 -0.744710 -0.975156 0.171884 -0.618787
VERTEX_POINT L366 -0.664606 0.033361 0.292164 0.339014 -0.653277
VERTEX_POINT L367 0.729935 0.596490 0.438860 0.210493 0.068166
VERTEX_POINT L368 -0.958211 0.950745 0.831429 0.049072 0.601504
VERTEX_POINT L369 0.179120 0.715174 0.489142 -0.444843 0.949214
VERTEX_POINT L370 0.224810 0.615545 -0.484876 0.100136 -0.897812
VERTEX_POINT L371 -0.102867 -0.175864 0.000513 0.067480 0.643662
VERTEX_POINT L372 0.441210 0.304204 0.293680 -0.878068 0.050316
VERTEX_POINT L373 0.403107 0.819907 -0.452494 0.035607 0.246779
VERTEX_POINT L374 0.903425 0.468671 -0.687056 -0.143557 -0.759156
VERTEX_POINT L375 -0.889371 0.788074 0.310270 0.042309 -0.693797
VERTEX_POINT L376 0.383078 -0.462185 -0.212455 0.462788 0.590159
VERTEX_POINT L377 0.235480 0.055944 -0.617908 0.991119 0.283423
VERTEX_POINT L378 -0.010706 -0.344605 0.878101 -0.668757 -0.367959
VERTEX_POINT L379 0.711712 -0.769883 -0.788289 0.069827 -0.407515
VERTEX_POINT L380 0.073622 -0.866273 0.091397 -0.488928 -0.011307
VERTEX_POINT L381 0.785908 -0.387502 0.209077 -0.328060 -0.003012
VERTEX_POINT L382 -0.555194 0.179295 -0.831660 0.725092 -0.181479
VERTEX_POINT L383 -0.695266 -0.887225 -0.918031 0.332428 0.267291
VERTEX_POINT L384 0.061090 0.610997 -0.521013 -0.521267 0.381547
VERTEX_POINT L385 -0.073626 -0.242221 -0.781057 -0.825821 0.269206
VERTEX_POINT L386 0.814006 0.717673 -0.832234 0.478446 0.642627
VERTEX_POINT L387 -0.473543 0.638853 0.503961 0.333336 -0.192548
VERTEX_POINT L388 -0.927876 0.776459 0.390853 0.295436 0.167896
VERTEX_POINT L389 -0.517907 0.386208 0.371690 -0.958148 0.656568
VERTEX_POINT L390 0.691216 -0.301741 -0.448904 -0.027449 -0.580791
VERTEX_POINT L391 0.119825 0.884923 0.264790 0.080346 -0.305617
VERTEX_POINT L392 -0.114209 0.581190 0.115946 0.888177 0.198407
VERTEX_POINT L393 0.253638 -0.915002 0.858312 -0.713937 -0.275698
VERTEX_POINT L394 0.076612 0.385217 -0.810058 -0.896294 0.692172
VERTEX_POINT L395 -0.927901 -0.461098 -0.546479 -0.961187 -0.321907
VERTEX_POINT L396 -0.513249 -0.659713 0.883156 0.457947 0.105515
VERTEX_POINT L397 0.412006 -0.581422 0.482106 0.442720 -0.961105
VERTEX_POINT L398 0.802034 -0.864608 0.892382 0.249306 0.746259
VERTEX_POINT L399 -0.471459 -0.708968 0.714585 -0.492981 -0.292980
VERTEX_POINT L400 -0.408874 -0.866248 -0.028753 0.997876 0.988110
VERTEX_POINT L401 0.026845 0.750937 -0.592494 -0.650559 0.848447
VERTEX_POINT L402 0.425674 0.115168 -0.284902 0.574499 -0.649318
VERTEX_POINT L403 -0.967664 0.437957 -0.735072 -0.880192 0.038425
VERTEX_POINT L404 -0.570049 0.570844 -0.044988 0.385049 0.095226
VERTEX_POINT L405 0.329099 -0.416160 0.028042 -0.569058 -0.408474
VERTEX_POINT L406 -0.857035 0.226031 0.575197 0.162117 0.344629
VERTEX_POINT L407 0.813030 -0.891341 0.742557 -0.152163 -0.314615
VERTEX_POINT L408 -0.435421 0.639784 0.410133 -0.577939 0.874949
VERTEX_POINT L409 0.132259 0.881426 0.453299 0.493361 0.976670
VERTEX_POINT L410 0.524741 -0.661224 0.954267 0.917663 0.277870
VERTEX_POINT L411 0.638202 0.773511 -0.498469 -0.066867 -0.136358
VERTEX_POINT L412 -0.081832 -0.506076 -0.337624 -0.834700 -0.026342
VERTEX_POINT L413 0.969547 0.518072 -0.877392 0.642755 -0.903609
VERTEX_POINT L414 0.942936 0.886285 -0.416500 -0.734439 -0.869067
VERTEX_POINT L415 0.979257 -0.895078 0.141364 -0.355966 -0.644794
VERTEX_POINT L416 -0.104078 -0.724149 -0.658449 0.816934 0.365597
VERTEX_POINT L417 0.756942 0.603958 -0.248734 0.744008 0.773560
VERTEX_POINT L418 -0.494286 0.743775 -0.354676 0.977369 0.162658
VERTEX_POINT L419 -0.031955 -0.947690 0.732404 0.112370 -0.466507
VERTEX_POINT L420 -0.760965 -0.009834 -0.877044 0.785860 0.430128
VERTEX_POINT L421 -0.803070 -0.557966 0.196420 -0.050080 0.581867
VERTEX_POINT L422 -0.912130 0.937233 -0.002806 -0.807284 0.227877
VERTEX_POINT L423 0.124826 -0.428644 0.238903 0.674037 -0.371465
VERTEX_POINT L424 0.450568 -0.472969 0.054732 0.235983 -0.693831
VERTEX_POINT L425 0.164482 0.322450 0.187135 -0.703578 -0.079951
VERTEX_POINT L426 0.196926 0.110258 0.692424 0.712850 0.306628
VERTEX_POINT L427 0.937319 -0.132681 -0.062112 -0.306070 0.411685
VERTEX_POINT L428 -0.423512 0.741028 -0.330759 0.739141 -0.041056
VERTEX_POINT L429 -0.001040 0.245650 0.584806 -0.037844 0.052887
VERTEX_POINT L430 -0.534140 0.158351 -0.347526 0.200949 -0.881295
VERTEX_POINT L431 0.167614 0.874780 0.640488 0.737017 -0.052946
VERTEX_POINT L432 -0.974195 -0.003412 0.992312 0.311597 -0.098666
VERTEX_POINT L433 0.891534 -0.726481 0.367572 -0.224551 -0.530614
VERTEX_POINT L434 0.199950 0.312737 0.905416 0.856826 0.985479
VERTEX_POINT L435 -0.544244 -0.432569 -0.052676 -0.303354 0.996560
VERTEX_POINT L436 0.220633 -0.142641 -0.604386 0.206391 0.060912
VERTEX_POINT L437 0.342915 -0.461233 0.480613 0.018943 0.330108
VERTEX_POINT L438 -0.731215 -0.323909 -0.310119 0.544483 -0.318055
VERTEX_POINT L439 0.785212 -0.502857 0.805747 0.628452 -0.064139
VERTEX_POINT L440 -0.524825 -0.579807 -0.066088 -0.487696 0.306778
VERTEX_POINT L441 0.793526 0.014867 -0.355852 0.462146 0.959815
VERTEX_POINT L442 0.423414 -0.729347 -0.692722 -0.438415 0.799503
VERTEX_POINT L443 0.393342 -0.085882 0.596288 -0.322396 -0.719564
VERTEX_POINT L444 0.763074 -0.467061 -0.233244 0.104901 -0.943794
VERTEX_POINT L445 0.366350 -0.843061 -0.109222 -0.172854 0.930436
VERTEX_POINT L446 0.372600 0.019039 -0.262348 0.321638 -0.364358
VERTEX_POINT L447 -0.341004 -0.191210 0.108306 -0.078165 0.421803
VERTEX_POINT L448 0.123292 0.760897 0.642043 -0.428846 0.703996
VERTEX_POINT L449 0.878314 -0.237186 0.382976 0.299007 0.798300
VERTEX_POINT L450 0.627041 -0.138901 -0.159290 -0.965796 0.955296
VERTEX_POINT L451 0.362326 -0.248937 0.765000 -0.642987 0.134124
VERTEX_POINT L452 -0.924756 0.204848 -0.420604 -0.751072 0.380167
VERTEX_POINT L453 0.714911 -0.201667 0.837904 -0.773080 0.183173
VERTEX_POINT L454 -0.512847 0.322419 0.003902 -0.968949 0.762659
VERTEX_POINT L455 0.525812 0.731879 0.634128 0.484910 0.686336
VERTEX_POINT L456 -0.120607 -0.879217 0.025039 -0.476658 -0.896778
VERTEX_POINT L457 0.684078 -0.567323 -0.303674 0.743900 0.069287
VERTEX_POINT L458 0.463132 -0.400802 -0.427983 -0.821160 0.098021
VERTEX_POINT L459 0.455881 0.861810 0.694280 -0.737517 0.062166
VERTEX_POINT L460 -0.316962 0.678328 -0.718868 -0.293944 -0.877826
VERTEX_POINT L461 0.928992 0.757549 0.224490 0.379790 0.216725
VERTEX_POINT L462 -0.376505 0.736590 0.334769 0.999500 -0.990780
VERTEX_POINT L463 -0.291157 -0.325085 -0.726556 -0.982347 0.023508
VERTEX_POINT L464 0.820525 -0.968932 -0.407938 -0.844762 0.686112
VERTEX_POINT L465 0.823445 0.049327 0.240185 0.856326 0.994699
VERTEX_POINT L466 0.164599 0.242347 0.220768 -0.285701 0.020068
VERTEX_POINT L467 0.041158 -0.111573 -0.012324 0.361629 -0.252976
VERTEX_POINT L468 0.166360 0.588095 -0.279202 -0.124731 0.324806
VERTEX_POINT L469 0.433385 0.918437 0.910649 -0.741218 0.702013
VERTEX_POINT L470 -0.173630 0.385569 -0.206577 -0.009919 0.682884
VERTEX_POINT L471 0.641535 -0.991712 0.654710 0.387573 -0.368416
VERTEX_POINT L472 0.226911 -0.066696 -0.445203 0.720928 0.661827
VERTEX_POINT L473 -0.750216 0.656223 0.100701 0.551666 0.482387
VERTEX_POINT L474 0.034877 -0.077594 0.250999 -0.934822 -0.087980
VERTEX_POINT L475 -0.010015 0.466243 0.321552 -0.174171 0.718033
VERTEX_POINT L476 0.616134 0.813161 0.991478 -0.621188 0.412823
VERTEX_POINT L477 -0.592524 0.941445 0.988651 0.386816 0.547662
VERTEX_POINT L478 0.648981 -0.724967 -0.570142 0.747664 0.139836
VERTEX_POINT L479 -0.260575 0.574059 0.633522 -0.050035 0.116819
VERTEX_POINT L480 -0.714209 -0.295741 0.371627 -0.314177 0.345962
VERTEX_POINT L481 0.276021 0.136132 0.270569 0.781869 0.095132
VERTEX_POINT L482 -0.898248 -0.674879 0.398522 0.306979 -0.749056
VERTEX_POINT L483 -0.638965 0.909107 0.951023 -0.065249 -0.273871
VERTEX_POINT L484 -0.009068 0.934465 0.108473 -0.991211 -0.721695
VERTEX_POINT L485 -0.411095 0.647540 -0.597576 0.338029 -0.986397
VERTEX_POINT L486 0.886847 0.640987 0.585151 -0.580339 -0.587535
VERTEX_POINT L487 0.870325 -0.944753 -0.866488 -0.467870 -0.618473
VERTEX_POINT L488 -0.727017 -0.919782 0.098751 0.081930 0.082889
VERTEX_POINT L489 0.349978 -0.759816 -0.842832 -0.401498 0.510486
VERTEX_POINT L490 0.326206 0.917058 0.827793 -0.205387 0.443693
VERTEX_POINT L491 -0.043979 0.758545 0.379883 0.787986 0.205063
VERTEX_POINT L492 0.278970 0.997733 0.381659 0.978291 -0.272788
VERTEX_POINT L493 0.949701 0.653648 0.162561 -0.205887 0.452913
VERTEX_POINT L494 0.664864 -0.566539 0.653327 0.805639 -0.771429
VERTEX_POINT L495 0.099496 -0.971199 0.973721 -0.866470 -0.586677
VERTEX_POINT L496 0.773145 -0.297025 -0.597254 -0.349561 0.447612
VERTEX_POINT L497 -0.170536 0.675807 -0.125905 -0.480062 0.248639
VERTEX_POINT L498 -0.859346 -0.082773 -0.038603 0.495158 0.160347
VERTEX_POINT L499 -0.060494 -0.708930 0.123544 0.525708 -0.227582
VERTEX_POINT L500 -0.737152 0.594245 -0.215256 -0.221279 -0.049348
VERTEX_POINT L501 -0.032976 -0.697203 0.754820 -0.514761 -0.156769
VERTEX_POINT L502 -0.418960 -0.700642 -0.221745 -0.086719 0.404003
VERTEX_POINT L503 0.489759 -0.472451 0.339540 -0.500351 -0.387521
VERTEX_POINT L504 0.216808 0.959019 -0.144479 -0.963095 -0.674382
VERTEX_POINT L505 0.615917 0.221764 -0.970747 -0.021541 -0.683977
VERTEX_POINT L506 -0.520256 0.993792 -0.338907 0.325478 -0.669488
VERTEX_POINT L507 -0.167058 0.772181 -0.153001 -0.584284 0.738441
VERTEX_POINT L508 -0.976606 0.163209 -0.982096 -0.634725 0.863685
VERTEX_POINT L509 -0.871275 -0.731175 0.090951 0.073143 0.470348
VERTEX_POINT L510 0.572367 0.346239 -0.519479 0.365681 -0.144739
VERTEX_POINT L511 -0.690816 0.867468 0.389531 0.051098 0.209647
VERTEX_POINT L512 0.404746 0.404957 -0.638480 -0.144989 -0.434520
VERTEX_POINT L513 0.674119 0.671361 0.879043 -0.327340 0.106204
VERTEX_POINT L514 -0.329781 0.776576 0.340553 0.985849 0.935776
VERTEX_POINT L515 -0.604322 0.339422 0.469993 -0.136200 -0.156215
VERTEX_POINT L516 -0.736977 0.318901 -0.718533 -0.989311 0.119807
VERTEX_POINT L517 -0.442934 0.417562 -0.074295 -0.594490 -0.651759
VERTEX_POINT L518 -0.733997 0.394670 0.603505 0.395930 0.225312
VERTEX_POINT L519 -0.463994 0.399119 0.380218 0.092619 -0.797304
VERTEX_POINT L520 0.907044 0.657747 0.082873 0.004011 0.858727
VERTEX_POINT L521 0.592209 0.311727 0.431297 -0.809456 -0.330995
VERTEX_POINT L522 0.492028 0.157664 -0.239899 -0.119396 0.407759
VERTEX_POINT L523 0.186014 0.655480 -0.535469 -0.017697 -0.414061
VERTEX_POINT L524 0.541910 -0.034625 -0.406141 -0.015343 -0.878082
VERTEX_POINT L525 0.156892 0.591125 -0.586572 -0.313757 0.636330
VERTEX_POINT L526 -0.714490 0.684280 -0.561748 0.115832 -0.000738
VERTEX_POINT L527 0.315055 0.668350 -0.003395 0.635096 0.569530
VERTEX_POINT L528 0.986356 0.266932 0.287523 0.206182 -0.115031
VERTEX_POINT L529 -0.573836 -0.398492 0.399649 -0.389009 -0.840391
VERTEX_POINT L530 -0.745439 0.959420 -0.879851 0.160804 -0.658051
VERTEX_POINT L531 -0.750796 -0.138823 -0.927733 0.984902 0.835621
VERTEX_POINT L532 0.393188 -0.095696 0.154469 0.096230 0.002840
VERTEX_POINT L533 -0.164399 -0.741222 -0.101597 -0.925915 0.745952
VERTEX_POINT L534 0.738963 0.388726 0.411807 -0.515449 -0.551900
VERTEX_POINT L535 -0.390004 -0.136677 -0.990010 0.133135 0.328458
VERTEX_POINT L536 -0.548482 0.480541 -0.072344 0.052544 -0.938026
VERTEX_POINT L537 -0.781293 0.382518 -0.927100 0.810029 -0.221389
VERTEX_POINT L538 0.442938 -0.364496 -0.143011 0.548851 0.066899
VERTEX_POINT L539 -0.525088 -0.356250 -0.054440 0.417819 0.925659
VERTEX_POINT L540 -0.652568 0.651344 0.163851 -0.116828 -0.751041
VERTEX_POINT L541 0.015305 0.981743 0.337511 -0.085468 0.922160
VERTEX_POINT L542 -0.215904 -0.488782 -0.664909 -0.531083 0.135306
VERTEX_POINT L543 0.752178 0.056301 0.525371 0.738183 -0.185562
VERTEX_POINT L544 -0.310576 0.653104 0.216554 0.587192 0.028364
VERTEX_POINT L545 0.454315 -0.712206 0.675644 -0.545234 0.071082
VERTEX_POINT L546 -0.852144 -0.604277 -0.004637 -0.398017 0.658223
VERTEX_POINT L547 -0.047553 -0.027995 0.498021 0.597881 -0.851829
VERTEX_POINT L548 -0.988619 0.705356 -0.398651 -0.139724 0.419323
VERTEX_POINT L549 -0.586141 0.790393 -0.401132 0.997914 -0.116465
VERTEX_POINT L550 0.488454 -0.628877 -0.121761 -0.309500 -0.649133
VERTEX_POINT L551 0.918425 0.363103 0.684222 0.864287 0.278050
VERTEX_POINT L552 -0.993932 0.102120 -0.969835 -0.811543 0.552540
VERTEX_POINT L553 -0.019519 0.528787 0.638340 0.571104 0.758626
VERTEX_POINT L554 0.104440 0.018583 -0.851247 -0.153410 0.863988
VERTEX_POINT L555 0.547978 -0.932505 -0.375976 0.173114 0.674459
VERTEX_POINT L556 -0.862627 0.119912 -0.948232 -0.742653 0.394957
VERTEX_POINT L557 0.389950 -0.297137 -0.412995 0.962422 -0.136750
VERTEX_POINT L558 -0.136967 0.735846 0.620628 -0.191791 0.243989
VERTEX_POINT L559 -0.876271 -0.613156 0.339291 0.463529 -0.720074
VERTEX_POINT L560 0.816114 0.304371 0.986654 -0.426587 0.022859
VERTEX_POINT L561 0.117594 0.695266 0.740777 0.969013 0.585938
VERTEX_POINT L562 -0.627067 0.248021 0.411558 0.448431 -0.884453
VERTEX_POINT L563 0.209302 -0.791325 0.141123 0.669643 -0.974302
VERTEX_POINT L564 0.953195 0.954044 -0.360820 -0.956902 0.331890
VERTEX_POINT L565 -0.888105 -0.363253 -0.176635 0.932982 -0.436354
VERTEX_POINT L566 0.819298 0.071998 0.151113 -0.197223 0.354156
VERTEX_POINT L567 -0.595286 0.434585 0.566837 0.095643 0.393864
VERTEX_POINT L568 -0.669398 -0.980735 -0.103735 0.743011 0.342257
VERTEX_POINT L569 0.262235 0.707502 -0.991898 -0.648372 -0.578945
VERTEX_POINT L570 -0.120374 -0.921665 -0.487603 -0.486538 0.319524
VERTEX_POINT L571 -0.321966 0.670609 -0.939885 -0.373817 0.591216
VERTEX_POINT L572 -0.722460 0.689245 0.345613 0.266161 -0.656785
VERTEX_POINT L573 0.663722 -0.410446 -0.152512 -0.017621 -0.545170
VERTEX_POINT L574 -0.569789 -0.273090 0.585486 -0.635634 -0.594345
VERTEX_POINT L575 -0.033036 0.342349 -0.437833 -0.146647 0.371579
VERTEX_POINT L576 0.118037 -0.122653 -0.476868 0.437145 0.525912
VERTEX_POINT L577 -0.421933 0.122633 -0.419151 -0.033651 -0.936122
VERTEX_POINT L578 0.919411 -0.685646 -0.939812 -0.548766 0.519750
VERTEX_POINT L579 0.129419 -0.417296 0.124481 -0.702580 -0.054765
VERTEX_POINT L580 -0.008073 -0.086974 0.179717 -0.035737 -0.052587
VERTEX_POINT L581 0.407865 -0.314523 -0.061573 0.141734 0.870617
VERTEX_POINT L582 0.047844 0.945807 -0.191297 -0.838292 -0.776715
VERTEX_POINT L583 -0.002005 -0.984854 0.209883 0.152720 -0.500047
VERTEX_POINT L584 -0.611654 -0.785736 -0.423233 -0.287162 0.629244
VERTEX_POINT L585 -0.847716 -0.035611 -0.042544 0.008298 -0.912727
VERTEX_POINT L586 -0.454027 -0.917359 0.833907 -0.674167 -0.825588
VERTEX_POINT L587 -0.474281 0.334176 -0.371465 -0.029815 0.024200
VERTEX_POINT L588 0.542234 0.667252 0.544461 -0.029280 -0.049477
VERTEX_POINT L589 0.409007 0.818487 0.454535 0.134043 0.418401
VERTEX_POINT L590 -0.350552 0.721020 0.967826 -0.566286 0.304126
VERTEX_POINT L591 0.358348 -0.028377 0.531115 0.544133 0.973382
VERTEX_POINT L592 -0.473399 0.513753 0.195312 0.103056 0.004339
VERTEX_POINT L593 0.022381 -0.030960 0.379384 0.882145 0.419673
VERTEX_POINT L594 -0.432351 0.180298 -0.327762 0.213776 0.999080
VERTEX_POINT L595 -0.520204 0.467796 0.834493 0.146154 -0.663771
VERTEX_POINT L596 0.134276 0.605787 -0.797251 0.815128 0.983319
VERTEX_POINT L597 -0.613053 -0.747704 0.823351 -0.983447 0.353236
VERTEX_POINT L598 -0.115490 -0.097619 0.401329 -0.758203 0.730094
VERTEX_POINT L599 0.464878 0.625052 0.099014 0.558139 0.325576
VERTEX_POINT L600 0.649182 0.959798 0.831453 -0.631819 0.774292
VERTEX_POINT L601 0.764136 -0.019283 0.913726 -0.244742 0.049617
VERTEX_POINT L602 -0.857088 0.295660 0.159129 -0.815678 -0.083208
VERTEX_POINT L603 0.926723 0.649043 0.177066 0.634342 -0.882493
VERTEX_POINT L604 0.427858 0.570270 -0.238786 0.737637 0.504447
VERTEX_POINT L605 -0.426876 -0.977430 -0.255385 -0.451312 0.322447
VERTEX_POINT L606 -0.106313 -0.008607 0.739232 -0.512305 0.489086
VERTEX_POINT L607 -0.454104 -0.552382 0.284346 0.174781 0.030359
VERTEX_POINT L608 0.151191 0.145203 0.325464 0.515037 0.386324
VERTEX_POINT L609 -0.186902 0.305746 0.799420 -0.061071 0.008836
VERTEX_POINT L610 0.675314 0.030321 -0.591173 0.472202 0.975594
VERTEX_POINT L611 -0.856882 -0.941771 -0.494819 -0.520700 -0.666263
VERTEX_POINT L612 -0.779037 0.991224 -0.262152 -0.919337 -0.120546
VERTEX_POINT L613 -0.276842 -0.023872 0.217530 0.633910 -0.801121
VERTEX_POINT L614 0.141113 -0.926624 0.715064 0.632020 -0.166310
VERTEX_POINT L615 -0.390692 -0.794512 0.314615 -0.206499 -0.491303
VERTEX_POINT L616 -0.124558 0.940517 -0.825015 -0.357792 -0.713848
VERTEX_POINT L617 0.687087 -0.843983 0.548971 0.957853 0.008102
VERTEX_POINT L618 0.135027 0.539664 0.943150 0.763687 0.532897
VERTEX_POINT L619 -0.582324 0.607770 0.719446 0.612928 0.236675
VERTEX_POINT L620 0.096093 0.974504 0.003506 0.091896 -0.573497
VERTEX_POINT L621 0.784475 0.260683 0.910977 -0.802599 -0.162977
VERTEX_POINT L622 0.776024 -0.420607 0.250561 0.157061 0.210057
VERTEX_POINT L623 0.622694 0.488257 -0.801182 -0.805049 0.430842
VERTEX_POINT L624 -0.193144 -0.770276 0.290361 -0.920453 -0.743304
VERTEX_POINT L625 -0.656327 0.759691 0.922799 -0.629163 0.209138
VERTEX_POINT L626 -0.897509 -0.043947 -0.966689 0.341105 0.767072
VERTEX_POINT L627 0.941132 0.835510 0.493110 0.894674 -0.759986
VERTEX_POINT L628 -0.269380 -0.988013 0.746150 -0.612610 -0.437626
VERTEX_POINT L629 -0.012999 0.858435 0.434640 0.582902 0.497165
VERTEX_POINT L630 0.406010 0.460562 -0.407877 0.452813 0.565590
VERTEX_POINT L631 -0.620198 0.971785 0.577603 -0.244429 -0.663334
VERTEX_POINT L632 -0.248863 -0.160849 0.348366 -0.661840 -0.453217
VERTEX_POINT L633 0.548923 -0.243777 0.751252 0.637135 -0.517618
VERTEX_POINT L634 -0.693475 0.620828 -0.245332 -0.610087 -0.545828
VERTEX_POINT L635 -0.821005 -0.590579 -0.890420 -0.924203 -0.948770
VERTEX_POINT L636 -0.877954 -0.221207 -0.504133 -0.814177 0.804829
VERTEX_POINT L637 0.200212 -0.387779 -0.506099 -0.122392 0.943259
VERTEX_POINT L638 -0.275110 -0.142961 0.393927 0.250579 0.081589
VERTEX_POINT L639 0.273238 0.923996 0.821331 0.700860 0.191153
VERTEX_POINT L640 -0.986691 0.917967 -0.706679 0.816538 -0.047905
VERTEX_POINT L641 -0.599796 0.887360 0.802754 -0.277219 0.057184
VERTEX_POINT L642 0.416356 0.982225 -0.673487 -0.819840 0.524890
VERTEX_POINT L643 -0.765728 0.909191 0.031169 0.897201 0.831549
VERTEX_POINT L644 0.123363 -0.136512 0.020283 -0.643310 0.256062
VERTEX_POINT L645 -0.442531 -0.944399 -0.958423 0.812180 -0.641420
VERTEX_POINT L646 -0.156420 -0.885321 -0.654216 -0.309298 -0.659754
VERTEX_POINT L647 0.998805 -0.195994 0.195269 -0.001102 0.542215
VERTEX_POINT L648 -0.755445 -0.788382 0.590547 0.770033 0.366681
VERTEX_POINT L649 0.978608 0.654342 -0.711065 -0.545611 0.873143
VERTEX_POINT L650 -0.583519 -0.588225 -0.085285 -0.388174 -0.221110
VERTEX_POINT L651 0.340649 -0.813878 -0.405947 -0.138072 0.793184
VERTEX_POINT L652 0.763083 -0.084974 -0.800089 -0.348209 -0.289834
VERTEX_POINT L653 -0.807495 -0.008832 -0.834723 0.768886 0.988947
VERTEX_POINT L654 -0.036657 0.674379 -0.207129 0.056880 0.224026
VERTEX_POINT L655 -0.430061 0.144749 0.490272 -0.268663 -0.033138
VERTEX_POINT L656 -0.463822 -0.249141 -0.911924 -0.860277 0.198085
VERTEX_POINT L657 0.065834 -0.369568 -0.173818 -0.602015 -0.008902
VERTEX_POINT L658 -0.488929 -0.019740 -0.016618 -0.373988 0.206877
VERTEX_POINT L659 0.266798 -0.237154 0.834226 -0.472887 0.760459
VERTEX_POINT L660 -0.947165 -0.511133 -0.739179 0.980887 -0.511737
VERTEX_POINT L661 0.917081 -0.559178 0.575506 -0.921175 -0.227533
VERTEX_POINT L662 0.646601 -0.265369 0.411828 0.282684 -0.902875
VERTEX_POINT L663 -0.196029 0.328018 0.609188 -0.680952 0.035046
VERTEX_POINT L664 0.466004 0.197045 0.326758 0.715960 0.254849
VERTEX_POINT L665 0.953126 -0.644541 -0.833503 0.672598 -0.448703
VERTEX_POINT L666 -0.017034 0.737439 0.718768 -0.605155 0.086276
VERTEX_POINT L667 0.588050 0.975837 0.822625 0.901783 0.059678
VERTEX_POINT L668 0.153338 -0.032320 -0.339602 -0.449794 -0.505444
VERTEX_POINT L669 0.707856 -0.405522 0.112695 0.645424 -0.832135
VERTEX_POINT L670 -0.138712 0.899833 0.643957 0.602644 -0.749168
VERTEX_POINT L671 0.166647 -0.114353 -0.046281 -0.633256 0.446651
VERTEX_POINT L672 -0.891939 -0.518162 -0.084551 -0.631795 0.225049
VERTEX_POINT L673 -0.722356 0.882058 0.970469 0.782804 0.775722
VERTEX_POINT L674 0.400919 -0.205162 0.984888 -0.736055 0.278199
VERTEX_POINT L675 0.231423 0.345326 0.935732 -0.275105 -0.518889
VERTEX_POINT L676 -0.164887 0.937659 -0.987954 0.594984 -0.865698
VERTEX_POINT L677 -0.755501 -0.090483 -0.669328 -0.045353 0.618445
VERTEX_POINT L678 0.230228 -0.850668 0.131001 0.723793 -0.976674
VERTEX_POINT L679 0.079668 -0.850723 0.602593 0.365016 0.500983
VERTEX_POINT L680 -0.776893 -0.436141 -0.380394 0.409037 0.491588
