VERTEX_POSE A0 0.488015 0.355166 0.326706 -0.030158 -0.144290 -0.249536 0.455186 -0.822437 -0.354838 -0.918088 -0.229842 0.383422 0.087293 0.436287 0.690695 -0.074882 -0.404639 0.597114 -0.324789 -0.292380
VERTEX_POSE A1 -0.654869 0.095473 -0.761441 0.847831 -0.116941 -0.648090 -0.813326 0.456959 -0.006967 0.746435 0.442869 0.501016 -0.572385 0.586768 -0.926070 0.372689 0.440058 -0.461779 -0.238213 -0.893890
VERTEX_POSE A2 0.130934 -0.676511 -0.088824 0.491861 -0.059876 0.793219 0.286506 -0.210118 0.155561 -0.739907 0.174729 -0.066675 0.513338 0.686027 -0.003762 -0.208904 0.543136 -0.547300 0.143835 -0.342175
VERTEX_POSE A3 -0.179255 0.170371 -0.637122 -0.134704 0.555207 0.635840 0.750197 0.183229 0.242879 0.725097 -0.197273 0.255554 -0.024273 -0.005167 0.240962 -0.189384 1.146688 -0.963310 0.624180 0.356665
VERTEX_POSE A4 0.417029 0.559599 -0.972372 0.447893 0.296293 0.757434 -0.145439 -0.542116 0.257081 0.860079 -0.341131 0.440909 -0.162253 0.493880 0.579932 -0.046689 0.501514 0.019969 -0.617677 -0.515000
VERTEX_POSE A5 0.076247 0.023261 0.320990 -0.199188 -0.036797 -0.763431 -0.621031 0.878062 -0.612699 0.482996 -0.265282 0.700731 -0.819205 -0.157831 -0.447224 -0.732033 -0.574313 0.447333 0.153075 0.808240
VERTEX_POSE A6 -0.994838 0.282781 -0.523452 -0.752107 -0.404878 0.105528 -0.838307 0.790667 -0.906036 0.595296 0.095952 -0.497891 0.421016 0.849918 0.656396 0.442821 0.801663 0.712810 0.767075 -0.139648
VERTEX_POSE A7 0.564997 -0.428763 0.526641 0.286690 0.297106 -0.593304 0.443219 0.599741 0.533743 -0.508263 0.076844 -0.478470 -0.891224 0.501019 -0.589128 -0.286466 -0.848175 0.379488 -0.160595 0.144544
VERTEX_POSE A8 -0.230869 0.147030 -0.678740 0.610849 -0.471748 0.522398 0.658316 0.357719 0.098765 -0.492552 1.004556 -0.176854 0.598553 0.418856 -0.572839 -0.342170 0.162140 0.846496 -0.455298 -0.140733
VERTEX_POSE A9 -0.214103 -0.841038 0.402142 0.213438 0.125246 0.711206 -0.950643 0.201673 0.672492 0.352465 0.734673 0.096372 -0.393535 -0.840565 -0.316220 -0.641381 0.317692 -0.802276 -0.341754 0.568414
VERTEX_POSE A10 -0.116583 -0.691900 -0.539919 -0.139810 0.917393 -0.195535 -0.575001 -1.172216 0.522640 -0.592328 0.432518 -0.422747 -0.702150 0.121345 0.883220 0.490460 -0.543213 -0.781158 0.682160 -0.097053
VERTEX_POSE A11 -0.562465 -0.816242 -0.678022 -0.660456 0.567775 0.170886 0.596764 0.083045 -0.785484 -0.405732 0.272724 -0.509401 0.696755 0.742863 -0.682048 0.406841 -0.923344 -0.366624 -0.577534 0.139983
VERTEX_POSE A12 -0.257015 0.328193 0.185068 0.735871 0.604574 -0.434264 0.638517 -0.471537 0.659327 0.856686 0.477666 0.415928 -0.300938 -0.158754 0.733764 -0.318173 -0.285191 0.265405 0.267820 -0.920920
VERTEX_POSE A13 0.077964 0.381846 0.633761 0.741477 0.862814 -0.741979 -0.028255 -0.477174 0.326025 0.476719 0.849696 0.318755 0.785627 -0.405948 0.408942 -0.876840 0.177922 0.833757 -0.081837 -0.688975
VERTEX_POSE A14 0.613035 0.585244 -0.705640 -0.663968 -0.099351 0.431590 0.212727 0.947593 0.750092 -0.477197 -0.084205 -0.656922 0.370552 0.262249 0.339645 0.670075 -0.663927 -0.371898 -0.758183 -0.139733
VERTEX_POSE A15 0.756427 0.420912 0.779564 -0.709077 0.614122 -0.799848 0.498294 0.567803 -0.663898 -0.550779 -0.785575 -0.915249 0.020426 0.255233 0.194369 0.899165 0.061609 -0.156449 0.787327 -0.985893
VERTEX_POSE A16 -0.843183 -0.151687 -0.214423 0.479719 0.170925 0.902758 -0.418866 0.700306 -0.046349 -0.233033 0.606720 0.458872 0.522211 -0.213599 0.714798 0.624950 -0.289952 -0.361987 0.881268 0.825481
VERTEX_POSE A17 -0.178780 -0.757665 0.171510 -0.607221 -0.412329 0.098143 -0.176960 0.472863 -0.650359 -0.419800 -0.721664 0.346438 -0.662968 -0.299171 0.267793 -0.794067 0.356187 0.838369 0.222658 -0.605329
VERTEX_POSE A18 -0.243631 0.707468 -0.307914 0.072214 -0.497132 -0.462672 -0.324736 0.344341 0.117393 0.757350 0.118687 -0.626673 0.215720 0.032821 0.305624 -0.066296 0.783389 -0.303450 0.275847 0.242120
VERTEX_POSE A19 0.451630 -0.333481 -0.153979 -0.220172 -0.452750 -0.358539 0.844702 0.386363 -0.191797 0.298924 -0.627653 0.597564 -0.622181 0.458359 -0.621282 -0.117550 0.924517 0.907193 0.726364 0.351227
VERTEX_POSE A20 0.229933 -0.836517 -0.672143 0.936183 0.132792 0.407028 -0.873981 -0.565218 -0.592805 -0.015455 -0.466265 -0.697193 -0.233911 0.606451 0.479985 -0.444122 0.794583 0.550042 0.721151 -0.008943
VERTEX_POSE A21 -0.627610 0.047296 -0.302498 0.565486 0.409737 0.628176 0.311189 0.785164 0.597742 0.040446 0.183497 0.407717 -0.130764 0.403983 -0.777975 0.726941 0.652450 -0.392666 -1.016636 0.662207
VERTEX_POSE A22 -0.981576 -0.374546 0.486444 -0.193841 -0.918286 -0.122722 0.521270 0.213910 0.323084 0.141850 -0.112116 0.085114 -0.511755 -0.588753 -0.444295 0.470194 -0.662840 0.759952 0.356081 -0.239372
VERTEX_POSE A23 0.657048 0.137155 -0.695488 0.416035 0.953744 0.487575 0.939373 0.118010 0.682718 -0.672340 0.999282 -0.370551 0.635126 0.732562 0.286538 -0.341409 -0.568279 -1.019155 -0.327896 0.299739
VERTEX_POSE A24 -0.351733 -0.258804 0.512672 0.218941 0.490988 0.973058 0.359850 0.887415 -0.224721 -0.777189 -0.672838 -0.833065 0.753490 0.196428 0.232020 1.146178 -0.963228 -0.948350 0.171914 0.661763
VERTEX_POSE A25 0.035604 -0.632524 0.479439 0.538983 -0.060874 0.121737 0.641191 0.607599 -0.970195 -0.327118 -0.509258 0.053529 0.886948 -0.238664 0.949221 -0.292474 -0.775561 0.228769 -0.722474 0.790787
VERTEX_POSE A26 0.092093 0.645708 0.557044 0.364664 -0.357861 -0.299649 -0.142205 -0.564153 -0.708741 0.598245 0.296964 -0.531923 -0.013514 -0.384971 -0.437636 -0.797637 0.494533 0.100749 0.249388 0.526782
VERTEX_POSE A27 -0.971755 0.306994 -0.537675 -0.631975 -0.735079 -0.427036 -0.820053 0.291236 -0.811427 0.328283 0.442327 0.303687 -0.548144 -0.201292 0.587595 0.188765 0.874075 0.069232 -0.408301 0.445043
VERTEX_POSE A28 -0.130374 -0.577389 0.686907 0.978599 0.456143 -0.715357 0.315909 -0.028609 -0.186849 -0.111078 0.308630 -0.399130 0.207789 0.556203 -0.399989 -0.040695 -0.734677 0.303747 0.895118 -0.114120
VERTEX_POSE A29 0.520279 0.564052 -0.713658 0.110089 0.600202 0.634783 0.116925 0.046739 0.201917 0.652532 -0.347990 -0.347051 0.020977 -0.654913 -0.378057 0.244466 0.318201 -0.211624 0.502198 0.313738
VERTEX_POSE A30 -0.939604 -0.194352 0.451906 -0.788558 -0.247731 -0.126491 -0.480444 0.587237 0.372636 0.599921 0.491513 -0.480949 -0.152092 0.194959 -0.170469 0.113207 -0.480004 -0.678263 0.498589 0.142918
VERTEX_POSE A31 -0.642358 0.777777 0.013613 -0.051558 -0.688147 -0.100108 -0.558844 -0.099575 -0.862504 0.474291 -0.576888 0.622317 -0.434170 -0.616027 -0.267746 -0.245917 0.914495 0.619333 0.900132 0.194855
VERTEX_POSE A32 0.865410 -0.340475 -0.475099 -0.042079 -0.516739 -0.195261 0.049160 -0.638550 0.378548 -0.003360 0.576158 0.600795 0.694178 -0.122684 -0.659188 0.675628 0.315962 0.158365 0.247393 -0.383928
VERTEX_POSE A33 0.191330 0.129137 -0.636918 0.703303 0.692393 -0.798527 -0.321783 -0.850230 -0.769418 0.904818 0.481711 0.223191 1.049986 -0.843012 -0.424933 0.163872 0.673947 0.836241 0.328277 0.198795
VERTEX_POSE A34 0.178387 -0.051852 0.376490 0.813738 0.867060 0.268176 -1.032748 -0.078467 0.868611 0.186352 0.844754 0.238153 0.721911 -0.432892 -0.350494 0.079928 0.720115 0.790065 -0.036479 -0.452152
VERTEX_POSE A35 0.282439 -0.780876 -0.447471 -0.594186 0.779554 0.073380 0.494603 0.009918 -0.804216 -0.227848 -0.319866 -0.236673 -0.166367 0.968753 -0.161547 -0.577802 -0.067860 0.562329 -0.626413 -0.070517
VERTEX_POSE A36 -0.732423 -0.847602 0.684072 -0.495885 -0.344404 0.126369 -0.672357 -0.540402 -0.317705 0.505368 -0.766258 0.822894 0.535070 -0.368790 -0.550002 0.535570 0.212492 0.477233 0.209085 0.513779
VERTEX_POSE A37 0.183549 -0.769071 0.853039 -0.938369 -0.537818 -0.012224 0.199701 -0.722142 0.522989 0.628705 0.094313 0.522828 -0.147552 0.151547 -0.063648 0.215609 -0.307926 0.461379 -0.510420 -0.340249
VERTEX_POSE A38 -0.152563 -0.209639 -0.920830 0.692505 0.076660 0.589656 -0.072487 0.208031 0.486911 -0.626715 -0.333152 -0.282865 0.523767 -0.896169 -0.403796 0.314256 0.677991 -0.771511 -0.807438 -0.077541
VERTEX_POSE A39 0.036708 0.299427 -0.994669 -0.885036 0.183847 0.138770 -0.698885 -0.150747 -0.150680 0.098596 0.811216 -0.928318 -0.584479 0.066073 0.635612 -0.680252 0.296781 0.021673 0.075425 0.731415
VERTEX_POSE A40 0.969446 -0.610109 0.255181 0.275069 0.587428 0.698603 -0.009778 0.231351 0.525201 0.032164 0.487992 -0.640149 -0.489264 0.507099 -0.029837 0.172342 -0.769557 -0.317322 1.002520 0.366375
VERTEX_POSE A41 0.730853 0.098461 -0.460749 -0.447305 -0.005948 0.242967 -0.653769 0.560117 0.280648 0.021269 -0.075518 0.150407 -0.327741 0.819617 0.444574 0.964915 0.560219 1.073730 -0.211232 -0.453774
VERTEX_POSE A42 0.474243 0.483186 -0.672690 -0.545492 -0.248377 -1.079574 -0.403504 0.448679 0.636124 -0.614285 0.848229 0.433820 0.662234 0.282769 0.282618 -0.741739 0.054953 0.206507 -0.593261 -0.936519
VERTEX_POSE A43 -0.287569 0.718084 -0.559752 0.010940 0.192001 -0.752163 0.136596 0.792636 0.550487 -0.787696 0.606464 0.723042 0.000017 0.078197 -0.155581 -0.264428 -0.801757 0.504965 0.980675 0.160532
VERTEX_POSE A44 -0.191183 -0.519693 -0.826988 -0.705828 -0.143134 -0.382216 -0.520511 0.799111 0.353462 -0.699810 -0.791622 -0.939217 -0.483666 -0.271591 -0.582738 0.312821 -0.473559 -0.316105 0.707251 -0.171452
VERTEX_POSE A45 0.087278 0.068429 -0.378330 -0.209460 0.652271 0.577596 0.276553 0.230594 0.587690 -0.692987 -0.497754 -0.533198 0.304557 -0.740239 -0.544880 -0.681320 0.505093 0.097892 0.395106 0.407148
VERTEX_POSE A46 -0.531142 0.138997 -0.780188 0.301863 -0.193877 0.109719 1.155969 0.281421 0.544936 0.249861 -0.554119 0.548176 -0.061358 -0.704480 -0.079254 0.191412 -0.403022 -0.935796 0.228880 -0.668222
VERTEX_POSE A47 -0.034367 0.328620 -0.041412 0.773890 -0.972209 0.182289 -0.243857 -0.655353 0.853230 -0.115747 0.887014 -0.015163 -0.463242 0.164727 -0.579637 0.852646 0.473734 -0.768301 -0.820527 0.468920
VERTEX_POSE A48 0.908498 0.310764 0.793180 0.183319 -0.760058 0.519491 -0.765679 -0.137643 0.288033 -0.336149 0.521704 -0.771437 -0.482632 -0.469636 -0.272128 -0.537230 0.367013 -0.449053 0.053290 0.759785
VERTEX_POSE A49 0.225227 -0.153535 -0.088103 -0.625923 0.308991 -0.098867 0.254604 0.479253 1.005233 0.273076 -0.063301 -0.413118 -0.117495 -0.606846 0.043358 0.569468 -0.790707 0.352093 -0.916128 -0.299355
VERTEX_POSE A50 -0.582737 0.995138 0.804609 -0.446282 -0.424959 0.351598 -0.509105 -0.328540 0.230650 0.283393 -0.581409 0.008986 0.590379 -0.140856 -0.677388 -0.103931 -0.173053 -0.284395 -0.133367 -0.469972
VERTEX_POSE A51 0.138431 0.474248 -0.878963 0.119502 0.372735 -0.115778 -0.632869 -0.728378 0.609342 -0.615070 0.548164 0.011767 -0.518149 0.185138 -0.643727 -0.442472 0.015510 -0.667110 -0.034152 0.615407
VERTEX_POSE A52 0.597617 0.893761 0.609399 0.939563 -0.281272 -0.004319 -0.418331 0.319947 -0.829286 -0.123008 0.440887 -0.616059 0.629384 -0.044812 0.432909 0.699532 0.715423 0.044446 -0.425497 0.667880
VERTEX_POSE A53 -0.564312 -0.379408 0.291053 0.359877 -0.343245 0.956274 -0.687310 0.073301 -0.975839 -0.652495 -0.834676 -0.653915 0.460570 0.573631 -0.421747 -0.886992 1.151710 -0.068792 0.761515 0.345520
VERTEX_POSE A54 -0.204521 -0.388597 -0.574452 -0.464463 0.326478 0.640639 -0.249926 0.205361 0.241002 0.408234 -0.241701 0.039099 0.274494 -0.686598 -0.281797 0.580845 0.465081 -0.515552 -0.416397 -0.164080
VERTEX_POSE A55 -0.754116 -0.365043 0.122071 0.158504 -0.790284 0.395344 0.086809 -0.730935 0.758546 -0.015720 0.300218 -0.287333 0.350896 0.392335 0.403023 0.374531 0.378359 0.085887 -0.844316 0.250150
VERTEX_POSE A56 0.471292 -0.011932 -0.229509 -0.101140 0.595882 -0.128536 0.647662 -0.270232 -0.051970 -0.424900 -0.856749 -0.597629 0.748608 -0.189320 -0.597358 -0.344883 -0.481809 -0.824999 -0.366712 0.582080
VERTEX_POSE A57 0.887572 -0.742889 0.982592 0.900201 0.968617 -0.681721 0.019417 -0.068893 -0.084437 -0.318825 0.109956 -0.325311 -0.427899 0.072798 -0.125055 0.252611 -0.659505 0.223555 -0.542567 -0.431546
VERTEX_POSE A58 -0.725871 0.941951 0.584397 0.526530 -0.525362 -0.280784 -0.202741 0.295268 -0.496610 -0.486435 0.557678 0.707104 0.175455 0.814588 -0.347489 0.919274 0.127630 -0.499917 0.206279 0.343644
VERTEX_POSE A59 -0.659081 0.410678 -0.542602 -0.122540 0.052024 0.507326 0.337514 -0.821476 -0.221997 -0.697963 -0.335883 -0.809872 0.668674 0.115422 -0.637784 -0.121611 -0.759304 -0.229926 -0.599340 0.211389
VERTEX_POSE A60 0.407852 0.821163 -0.731066 0.010290 0.568819 0.304082 0.545421 0.183087 0.554839 -0.976541 -0.244883 -0.731814 -0.066822 -0.867981 -0.636965 -0.248433 0.457255 0.396382 0.425917 -0.665390
VERTEX_POSE A61 -0.665474 -0.252401 0.036302 0.737972 0.226907 0.575901 -0.613550 0.318674 0.631933 0.599383 -0.276727 0.168610 0.539151 -0.318369 0.298031 0.426119 0.964108 -0.694578 0.350325 0.348853
VERTEX_POSE A62 -0.301439 0.188455 0.471011 0.825901 0.363877 -0.930564 0.425618 0.723486 -0.381551 1.010261 -0.147527 -0.667958 -0.362772 -0.682431 -0.031428 -0.562980 1.007218 0.791247 0.659113 0.243642
VERTEX_POSE A63 0.273262 -0.519312 -0.206165 0.968211 -0.947921 0.592411 0.309184 -0.664809 -0.379904 1.112495 0.300618 0.010889 -0.338302 0.850847 -0.836336 -0.306969 -0.525374 0.589571 -0.023014 0.100738
VERTEX_POSE A64 0.525856 0.876736 0.399385 0.441275 -0.080700 -0.781462 -0.157384 0.439200 -0.336724 0.637521 -0.477513 -0.189777 0.888719 0.342340 0.761729 0.341988 0.321054 0.003397 -0.048428 0.836144
VERTEX_POSE A65 0.876948 -0.863397 -0.152499 0.639639 0.230937 0.531437 -0.060801 0.485875 -0.072473 0.403456 0.565317 0.224575 -0.547478 -0.002532 0.208423 -0.298084 0.104225 -0.590081 -0.417957 0.404006
VERTEX_POSE A66 -0.444299 -0.300188 0.346364 -0.625974 0.831633 0.771909 0.364097 0.525112 0.315789 0.866357 -0.387713 -0.642701 0.614082 -0.249707 -0.447049 0.250222 0.622477 0.236260 -0.203602 -0.698862
VERTEX_POSE A67 0.793432 -0.970867 0.083456 0.945391 0.574896 -0.774328 -0.442526 -0.251906 0.851083 -0.436102 0.324114 -0.114976 0.469195 0.581181 -0.223220 -0.883411 0.584999 0.338451 -0.339042 -0.808097
VERTEX_POSE A68 0.060497 -0.632468 -0.299460 0.701271 0.693118 0.346928 0.235268 -0.004679 -0.008385 0.427593 0.522659 -0.626172 0.351896 -0.186491 -0.177861 -0.342516 -0.081971 -0.234940 -0.346436 0.533536
VERTEX_POSE A69 0.403138 0.490173 0.425534 -0.933470 -0.091707 -0.602490 -0.395711 -0.030972 -0.072872 1.026655 0.268012 -0.569584 0.479481 0.538997 0.815102 -0.218477 0.911087 -0.600439 -0.478964 0.724060
VERTEX_POSE A70 -0.169860 0.328561 0.088788 -0.939645 -0.241257 -0.101029 -0.622256 -0.214467 0.311550 0.062976 0.816174 0.015355 -0.722607 0.002712 -0.381895 0.384492 -0.374746 0.902662 0.083581 -0.464295
VERTEX_POSE A71 0.029943 -0.242577 0.955720 -0.023660 0.280546 -0.682029 1.262197 0.106872 0.634992 0.462951 0.476278 0.227223 0.486078 -0.784649 -0.837679 -0.271436 0.817233 0.765074 0.299396 0.827797
VERTEX_POSE A72 0.133991 -0.411367 0.964785 -0.380775 0.902345 0.615315 -0.949430 -0.758821 -0.528371 -0.813601 0.339267 0.717623 0.715818 -0.421808 -0.996742 0.398103 -0.670219 0.290778 0.128736 0.965811
VERTEX_POSE A73 -0.695617 -0.188254 0.416098 -0.485138 0.510366 0.044468 0.642624 0.651811 0.360745 -0.714948 0.684276 -0.779655 0.039307 0.448640 0.525680 0.386382 0.115854 -0.305453 -0.186183 -0.042718
VERTEX_POSE A74 0.742374 -0.524493 -0.604031 0.987280 -0.527453 0.619436 -0.685228 -0.149131 -0.380078 0.064717 -0.311448 0.979988 0.860918 -0.183227 -0.504364 0.581289 -0.738323 0.209693 -0.483827 -1.043531
VERTEX_POSE A75 0.942808 0.068940 -0.862203 -0.086603 -0.240789 -0.049290 0.472314 0.304928 0.035853 0.746905 -0.643044 0.654955 0.052001 0.505744 -0.788412 -0.156308 0.161827 0.281789 -0.570610 -0.587559
VERTEX_POSE A76 0.391660 0.880176 -0.962232 0.305402 0.162637 -0.642899 -0.045393 -0.220235 0.041747 0.652912 0.769828 -0.306552 0.458721 -0.417706 0.779333 0.197483 -0.434061 0.104003 -0.670397 0.350980
VERTEX_POSE A77 -0.788768 0.614504 -0.384219 0.289144 0.278670 -0.922351 0.209637 -0.213644 0.136108 0.523660 -0.432808 0.553159 -0.390418 -0.576686 0.279694 0.879333 -0.246821 0.295642 0.311536 0.845235
VERTEX_POSE A78 -0.091559 -0.602440 0.096385 -0.312713 -0.212998 -0.247489 -0.597784 0.550044 -0.182167 -0.420976 0.521278 -0.158495 -0.295578 -0.723405 -1.032699 -0.026660 -0.249796 0.359321 -0.832160 -0.393881
VERTEX_POSE A79 0.300158 0.190940 0.830948 -0.511278 0.402579 0.512136 -0.216416 0.177307 -0.668791 -0.258266 0.230263 0.461039 -0.141785 -0.485652 -0.250703 -0.647812 -0.639977 0.228477 -0.695611 0.554336
VERTEX_POSE A80 0.436459 -0.539031 0.527678 0.663221 -0.412338 -0.521566 0.636011 0.162388 0.893030 -0.444355 0.444112 0.718356 0.762820 -0.734694 0.010352 0.359566 0.637067 -0.294938 -0.599602 -0.709528
VERTEX_POSE A81 0.325705 -0.607302 -0.099006 0.241005 0.362043 0.208732 0.905871 0.293168 0.610741 -0.547909 -0.345621 -0.268692 0.093876 0.661533 0.684234 0.582824 -0.465296 0.774038 -0.294582 0.834598
VERTEX_POSE A82 -0.561411 -0.334812 0.951985 0.608224 -0.224686 0.511031 0.344261 0.128779 0.672783 -0.643683 -0.112327 -0.272073 -0.153926 0.452273 0.335265 0.306197 0.693137 0.207952 0.541449 -0.478821
VERTEX_POSE A83 0.034076 -0.645270 0.137077 0.602784 0.306390 0.919061 -0.147921 -0.232029 0.151182 -0.779375 0.513638 0.094685 -0.070377 -0.951352 0.699712 0.240103 0.277825 0.111554 0.828630 0.280385
VERTEX_POSE A84 0.761392 0.013290 -0.807953 -0.399117 -0.981202 0.626454 0.308007 -0.384631 -0.455460 -0.164183 -0.451849 0.554292 -0.156475 0.845491 -0.026941 -1.093951 -0.001115 -0.721332 0.291780 0.601006
VERTEX_POSE A85 0.234068 0.276590 -0.622466 -0.856240 -0.898208 -0.854505 0.825351 -0.600542 0.338403 -0.819623 -0.818103 -0.110733 -0.660425 -0.150219 -1.099632 -0.715329 0.677327 -0.535979 -0.229300 -0.917683
VERTEX_POSE A86 0.279960 -0.010313 -0.740851 -0.238712 0.516106 0.315459 -0.435983 0.286963 0.347074 0.111165 -0.784704 -0.935836 0.256442 -0.376132 0.516627 0.642174 -0.340125 -0.008687 -0.825926 -0.638336
VERTEX_POSE A87 0.232685 -0.998642 -0.037462 0.499743 0.614680 -0.653166 -0.558392 -0.664307 0.115510 -0.817803 0.652500 -0.117275 -0.169736 0.333811 0.686204 0.010437 -0.311132 -0.585497 0.507819 0.438304
VERTEX_POSE A88 0.121640 0.533701 -0.639874 -0.956039 -0.929591 0.080801 0.254545 -0.213658 0.625345 0.372413 -0.620459 -0.098159 -0.965021 -0.387920 -0.415287 0.235679 0.486010 0.836722 -0.299151 0.680059
VERTEX_POSE A89 0.554090 -0.068362 0.843546 -0.712182 0.990743 -0.158106 -0.248716 0.620986 0.526051 0.293611 0.373030 -0.010088 -0.988605 -0.162819 0.769226 -0.072746 -0.553070 -0.555037 0.266276 -0.586884
VERTEX_POSE A90 0.573603 0.412036 0.419936 -0.622797 -0.333296 0.835279 0.133043 0.469964 0.227725 -0.372954 1.009209 0.533365 1.130711 -0.107519 -0.603912 0.474176 0.794262 0.705469 -0.486085 -0.121001
VERTEX_POSE A91 -0.470508 0.354864 -0.370940 0.054252 0.639228 -0.061410 0.878233 -0.071289 -0.602341 0.057270 -0.966930 0.888931 -0.448779 -0.776877 0.632690 0.094995 0.389967 -0.477628 -0.894545 0.299267
VERTEX_POSE A92 0.888615 0.679237 -0.120152 -0.974210 0.217650 -0.419094 0.439827 -0.156725 -0.208897 -0.911683 -0.377813 0.459809 0.151097 -0.409212 0.674332 0.062070 -0.464554 -0.476148 0.246668 -0.749381
VERTEX_POSE A93 -0.727836 -0.399508 -0.109053 -0.796896 -0.969419 0.242355 0.667940 0.814094 0.859598 -0.004341 0.073216 -0.100111 -0.991308 0.677322 0.749111 -0.314110 -0.480195 -0.402120 0.054920 -0.416021
VERTEX_POSE A94 0.802754 0.835552 0.422894 0.022463 0.691307 -0.965552 0.056786 -0.270597 -0.270415 -0.040649 -1.009773 0.208570 0.935807 0.075081 -0.171128 0.884531 -0.108440 0.764726 0.000032 -0.743469
VERTEX_POSE A95 0.414471 0.555973 -0.720767 0.467065 -0.863049 0.169094 0.192826 0.039387 0.111574 -0.116213 -0.879011 0.127788 -0.055440 -0.041334 0.663412 -0.566648 0.167546 0.554243 0.655608 -0.026082
VERTEX_POSE A96 -0.850888 -0.262905 0.738448 0.842744 0.261518 0.195818 -0.528600 0.456789 0.557052 0.850368 0.271283 -0.660743 0.136795 -0.722802 0.525998 0.321247 -0.690020 0.693645 -0.646987 -0.512082
VERTEX_POSE A97 -0.641545 -0.464636 -0.230741 0.396488 0.522940 -0.504238 -0.663493 -0.570712 0.877793 0.012370 0.655591 -0.131764 1.215365 -0.383880 -0.841176 0.269241 0.566908 0.497126 0.082886 -0.878971
VERTEX_POSE A98 0.207903 0.585106 0.362689 0.412456 0.711846 0.128392 0.191011 0.651667 0.482927 -0.225779 -0.504319 0.800454 0.275337 0.024695 -0.189721 0.877479 -0.353796 -0.184904 -0.165444 -0.394747
VERTEX_POSE A99 0.209609 0.104627 -0.561013 0.544015 -0.045364 0.472601 0.005468 -0.835138 -0.542983 0.924728 -0.127772 -0.888314 -0.746381 0.055016 -0.159827 0.490975 0.569392 -0.584485 0.145465 -0.795888
VERTEX_POINT L0 0.761593 -0.974464 -0.805207 0.463019 -0.568767
VERTEX_POINT L1 -0.961957 -0.086333 -0.548523 0.472810 -0.529411
VERTEX_POINT L2 -0.760448 0.862049 -0.605292 -0.479645 -0.764818
VERTEX_POINT L3 -0.104415 -0.385830 -0.840422 -0.917756 -0.666422
VERTEX_POINT L4 -0.657574 0.725413 0.867575 0.987673 0.980955
VERTEX_POINT L5 0.981926 -0.662444 -0.209323 -0.492365 -0.292271
VERTEX_POINT L6 -0.161607 0.683110 -0.702626 -0.004359 0.092789
VERTEX_POINT L7 0.734086 0.605589 0.905343 0.293075 0.143592
VERTEX_POINT L8 -0.806843 0.952060 0.406457 0.796779 0.986400
VERTEX_POINT L9 0.746834 -0.919331 0.393759 0.682928 0.879791
VERTEX_POINT L10 0.034244 -0.203471 0.736291 0.781797 -0.453828
VERTEX_POINT L11 0.629617 -0.586971 -0.065864 0.460000 -0.425939
VERTEX_POINT L12 0.072539 -0.526633 -0.705247 -0.076067 0.241834
VERTEX_POINT L13 0.472833 0.461717 0.688276 0.390020 0.321486
VERTEX_POINT L14 -0.336307 -0.232241 -0.928787 0.062784 0.880451
VERTEX_POINT L15 -0.166069 0.486657 -0.513200 0.524816 0.260632
VERTEX_POINT L16 -0.293099 -0.261693 -0.934190 0.533781 0.423278
VERTEX_POINT L17 0.943653 0.757447 -0.669638 0.824072 0.396557
VERTEX_POINT L18 -0.933384 0.488015 0.449338 0.024559 -0.124688
VERTEX_POINT L19 0.828541 -0.727992 -0.574065 0.577742 0.493687
VERTEX_POINT L20 0.497742 -0.310915 -0.826092 -0.888110 0.387300
VERTEX_POINT L21 0.640219 -0.099949 -0.130726 0.401762 0.542016
VERTEX_POINT L22 -0.641967 0.626872 0.054995 -0.368006 0.132915
VERTEX_POINT L23 0.386358 -0.631677 0.053756 -0.862320 -0.395050
VERTEX_POINT L24 0.912383 0.500543 0.760220 0.604866 0.572598
VERTEX_POINT L25 -0.839214 0.462423 -0.522111 0.654457 -0.175778
VERTEX_POINT L26 -0.199172 0.924296 0.332988 0.604745 -0.258099
VERTEX_POINT L27 -0.938505 -0.762363 0.498668 0.447610 -0.165885
VERTEX_POINT L28 -0.480758 0.997787 0.247148 0.050945 -0.652838
VERTEX_POINT L29 -0.991268 0.509402 -0.304323 0.017201 -0.546253
VERTEX_POINT L30 0.271104 0.342264 0.937655 -0.008375 0.788752
VERTEX_POINT L31 -0.719165 -0.976676 0.441941 -0.486036 -0.221605
VERTEX_POINT L32 -0.953226 -0.576931 0.147154 -0.509989 -0.075663
VERTEX_POINT L33 0.510655 0.204313 -0.667637 0.511980 -0.976066
VERTEX_POINT L34 0.176420 -0.362507 0.601519 -0.403792 0.111973
VERTEX_POINT L35 -0.610800 -0.851518 0.014729 -0.522317 -0.094708
VERTEX_POINT L36 0.492581 0.541870 0.123040 -0.980385 -0.268337
VERTEX_POINT L37 -0.985187 -0.679397 0.898893 0.591849 -0.795239
VERTEX_POINT L38 -0.876714 0.754071 -0.079929 0.770759 -0.951116
VERTEX_POINT L39 0.685738 0.493930 -0.470502 0.816394 -0.281937
VERTEX_POINT L40 0.761647 -0.598728 0.292652 0.274777 -0.915448
VERTEX_POINT L41 0.157530 -0.449399 -0.343638 0.552555 -0.404944
VERTEX_POINT L42 0.315355 0.906959 0.463633 0.276393 0.292124
VERTEX_POINT L43 -0.165814 -0.125361 0.587406 -0.801290 0.326387
VERTEX_POINT L44 -0.369637 -0.987683 -0.655362 -0.057424 0.916542
VERTEX_POINT L45 0.979048 -0.325281 0.534846 -0.660823 0.172575
VERTEX_POINT L46 0.668117 -0.638704 -0.925795 0.723526 -0.412981
VERTEX_POINT L47 0.337264 -0.249376 -0.589552 -0.523643 0.339819
VERTEX_POINT L48 0.922700 -0.567834 0.865208 -0.836750 -0.430868
VERTEX_POINT L49 0.734734 0.849311 0.523543 -0.251915 0.462331
VERTEX_POINT L50 0.165805 0.022632 -0.163617 -0.945901 -0.166494
VERTEX_POINT L51 0.420443 0.121251 -0.960884 -0.724860 0.956432
VERTEX_POINT L52 0.374953 -0.250638 -0.607183 -0.850153 0.004348
VERTEX_POINT L53 0.523837 -0.350496 0.891378 -0.313907 0.966421
VERTEX_POINT L54 -0.193199 0.489573 0.092872 -0.587181 -0.438618
VERTEX_POINT L55 0.287336 -0.750095 -0.846963 0.754714 -0.423055
VERTEX_POINT L56 0.684624 -0.888073 -0.630733 -0.659450 -0.209357
VERTEX_POINT L57 0.607629 0.413869 -0.574140 -0.982436 0.303283
VERTEX_POINT L58 0.348831 -0.512458 0.651705 0.202324 0.411061
VERTEX_POINT L59 -0.796134 -0.890286 0.616415 0.391495 0.137805
VERTEX_POINT L60 0.616361 -0.076729 0.121538 0.034765 0.757031
VERTEX_POINT L61 -0.380065 0.829806 0.589360 -0.806051 0.199812
VERTEX_POINT L62 -0.515299 -0.866962 0.058356 0.905459 0.916200
VERTEX_POINT L63 0.663135 0.346340 -0.731308 0.524776 -0.318633
VERTEX_POINT L64 -0.869410 0.034119 0.921724 0.705928 0.223746
VERTEX_POINT L65 0.661120 -0.229469 -0.340125 -0.498333 0.028173
VERTEX_POINT L66 -0.947665 0.494822 0.283421 -0.997541 0.586659
VERTEX_POINT L67 0.623171 -0.424011 0.044764 0.725543 0.955409
VERTEX_POINT L68 0.675933 0.091134 -0.441232 -0.906484 0.232934
VERTEX_POINT L69 -0.824379 0.248894 -0.796508 0.773218 0.635543
VERTEX_POINT L70 0.308909 -0.930081 0.574261 0.541937 -0.326528
VERTEX_POINT L71 0.437580 0.492406 0.851420 0.368293 0.317487
VERTEX_POINT L72 0.333150 0.799495 -0.140146 0.325773 -0.769401
VERTEX_POINT L73 -0.375736 0.976879 0.037895 -0.181670 0.965596
VERTEX_POINT L74 -0.728234 -0.632955 0.438825 0.567003 -0.356127
VERTEX_POINT L75 0.963513 0.811812 0.204492 -0.731651 -0.852859
VERTEX_POINT L76 -0.396688 -0.348403 -0.427259 0.157507 0.138171
VERTEX_POINT L77 0.939884 -0.271659 0.513031 0.290529 0.230892
VERTEX_POINT L78 0.300777 -0.437564 0.614939 -0.255295 0.486960
VERTEX_POINT L79 -0.473988 0.083763 -0.562051 0.320757 0.707303
VERTEX_POINT L80 0.674617 -0.422348 0.036574 -0.961385 -0.306777
VERTEX_POINT L81 -0.533418 0.585068 -0.548678 -0.201196 -0.679533
VERTEX_POINT L82 0.946455 -0.794986 -0.522935 0.595897 0.663735
VERTEX_POINT L83 0.049570 0.327014 0.429390 -0.811538 0.697571
VERTEX_POINT L84 0.990419 -0.765428 -0.657300 0.484897 -0.713112
VERTEX_POINT L85 -0.246744 0.694587 0.569937 -0.991284 -0.774883
VERTEX_POINT L86 -0.663094 0.576918 0.582427 0.943175 -0.725484
VERTEX_POINT L87 0.675043 -0.653501 -0.288032 0.825446 0.077531
VERTEX_POINT L88 -0.639115 0.108456 0.995797 -0.973720 0.528400
VERTEX_POINT L89 0.685738 -0.935540 0.234132 0.145499 0.685577
VERTEX_POINT L90 0.878908 -0.543786 -0.671617 0.216941 -0.784664
VERTEX_POINT L91 0.977245 -0.968273 0.117335 0.061045 0.285431
VERTEX_POINT L92 -0.694327 0.894266 -0.176507 0.339448 -0.114611
VERTEX_POINT L93 -0.636391 -0.410748 0.386739 0.122400 -0.868464
VERTEX_POINT L94 0.640380 0.378068 0.386027 -0.414179 0.966798
VERTEX_POINT L95 -0.563737 -0.071614 -0.254784 0.045376 -0.890866
VERTEX_POINT L96 -0.975271 0.359783 -0.953386 0.624068 0.159709
VERTEX_POINT L97 0.692715 -0.127110 -0.330553 -0.411720 0.553458
VERTEX_POINT L98 -0.940566 0.504375 0.789980 -0.229081 -0.935457
VERTEX_POINT L99 0.700663 -0.549082 -0.394619 0.717584 -0.607357
VERTEX_POINT L100 0.868336 -0.878216 -0.127061 -0.638502 0.189001
VERTEX_POINT L101 0.368344 0.574294 0.364242 -0.687144 -0.261985
VERTEX_POINT L102 0.138243 0.943324 -0.543199 0.085877 0.710129
VERTEX_POINT L103 0.201486 0.921279 0.732793 0.687271 0.419600
VERTEX_POINT L104 0.992608 0.551172 -0.597864 0.131186 -0.296389
VERTEX_POINT L105 0.410009 -0.689631 0.895627 -0.347120 -0.645998
VERTEX_POINT L106 0.165000 0.733091 -0.062715 0.955619 0.566741
VERTEX_POINT L107 -0.404080 -0.797230 -0.025123 -0.711306 0.841782
VERTEX_POINT L108 0.349892 0.038710 0.408658 0.943409 0.584894
VERTEX_POINT L109 -0.534224 -0.704473 -0.447776 -0.299675 0.053702
VERTEX_POINT L110 0.121932 0.286533 0.412827 0.609451 0.549085
VERTEX_POINT L111 0.024509 0.616362 -0.554769 0.982024 -0.721882
VERTEX_POINT L112 -0.067642 0.880595 0.003547 0.499129 0.374168
VERTEX_POINT L113 0.068387 0.491547 0.889892 0.205347 0.212820
VERTEX_POINT L114 -0.925921 -0.056625 0.874622 -0.829515 0.975689
VERTEX_POINT L115 -0.077223 -0.884832 0.346247 -0.015975 0.661056
VERTEX_POINT L116 0.821643 0.186134 0.459829 0.214063 0.437937
VERTEX_POINT L117 -0.589014 -0.479706 0.457049 -0.886339 -0.749795
VERTEX_POINT L118 -0.402180 -0.538333 -0.941786 -0.190528 -0.261413
VERTEX_POINT L119 -0.817472 -0.705409 0.455626 0.240344 -0.033663
VERTEX_POINT L120 -0.903277 -0.415246 -0.308819 0.259160 0.935781
VERTEX_POINT L121 -0.523272 -0.082119 -0.613403 -0.973587 -0.046077
VERTEX_POINT L122 -0.840227 -0.673682 -0.427039 -0.698611 -0.748232
VERTEX_POINT L123 -0.597604 -0.520980 0.514674 -0.401392 -0.178830
VERTEX_POINT L124 -0.159663 0.507133 0.773336 0.148814 0.085459
VERTEX_POINT L125 0.800154 0.704386 0.958988 -0.112790 -0.781433
VERTEX_POINT L126 -0.161341 0.407406 -0.740110 0.643984 -0.069695
VERTEX_POINT L127 -0.134934 -0.133084 0.819950 -0.227119 -0.754832
VERTEX_POINT L128 0.492869 -0.422724 -0.371565 0.475490 0.772024
VERTEX_POINT L129 -0.101907 -0.088220 -0.950130 -0.585097 -0.005152
VERTEX_POINT L130 -0.434271 0.317834 -0.574668 -0.509535 -0.362190
VERTEX_POINT L131 0.361205 -0.300940 0.501374 0.836988 -0.038975
VERTEX_POINT L132 -0.733563 -0.513926 0.414112 -0.272241 0.732863
VERTEX_POINT L133 0.703972 0.261158 -0.117867 0.576341 -0.652060
VERTEX_POINT L134 -0.437309 -0.379662 0.234167 0.524259 -0.619375
VERTEX_POINT L135 -0.740956 -0.962753 0.816248 0.858945 -0.563526
VERTEX_POINT L136 0.113980 0.571526 -0.222240 -0.770779 -0.298058
VERTEX_POINT L137 0.727691 -0.646571 -0.828548 0.479878 0.947367
VERTEX_POINT L138 -0.145036 -0.759984 -0.208875 -0.852361 -0.721744
VERTEX_POINT L139 -0.536127 -0.389764 -0.813582 -0.827370 -0.713163
VERTEX_POINT L140 -0.806533 -0.351044 -0.276324 -0.819797 0.001068
VERTEX_POINT L141 0.976896 0.526550 -0.796048 0.757089 0.827341
VERTEX_POINT L142 0.488382 -0.773402 -0.368351 -0.845346 -0.435046
VERTEX_POINT L143 0.125825 -0.470449 0.727223 0.679332 -0.624763
VERTEX_POINT L144 0.045283 0.018097 -0.906156 -0.037563 0.040161
VERTEX_POINT L145 0.562461 0.169974 -0.493730 -0.674861 -0.459357
VERTEX_POINT L146 -0.951398 -0.355281 0.073469 -0.336643 -0.963708
VERTEX_POINT L147 -0.133074 -0.795769 0.553673 -0.823500 -0.521902
VERTEX_POINT L148 0.973447 0.690267 0.963319 -0.561201 -0.209152
VERTEX_POINT L149 -0.353578 0.106386 0.131684 0.472829 -0.225121
VERTEX_POINT L150 0.049454 -0.501178 0.009299 0.416844 0.444435
VERTEX_POINT L151 -0.929829 -0.724979 -0.345500 0.697959 -0.273371
VERTEX_POINT L152 0.123150 -0.975733 0.518281 0.499242 0.728802
VERTEX_POINT L153 0.209228 -0.174860 0.582260 0.718233 0.696203
VERTEX_POINT L154 -0.527433 -0.245959 -0.830826 -0.703433 0.547799
VERTEX_POINT L155 0.963487 0.531399 0.291618 -0.351944 -0.185739
VERTEX_POINT L156 0.009381 -0.470474 0.541248 -0.394557 0.914770
VERTEX_POINT L157 0.311226 -0.838553 -0.570936 0.940551 -0.521896
VERTEX_POINT L158 -0.171446 -0.601685 0.111568 0.420937 0.059428
VERTEX_POINT L159 -0.497749 0.106802 -0.830317 -0.919067 0.686794
VERTEX_POINT L160 -0.790681 0.073227 -0.521066 -0.644546 0.472952
VERTEX_POINT L161 0.394282 0.716149 0.536900 0.911401 0.697239
VERTEX_POINT L162 0.863456 0.805862 0.671057 0.917921 -0.352181
VERTEX_POINT L163 -0.524245 0.559302 0.893046 0.083213 0.205815
VERTEX_POINT L164 0.098254 -0.022693 -0.580967 0.487743 -0.954822
VERTEX_POINT L165 -0.573853 -0.573800 -0.094776 0.442179 0.028444
VERTEX_POINT L166 -0.265200 0.596548 0.709294 -0.057842 0.642289
VERTEX_POINT L167 -0.787766 -0.451167 0.196793 0.716963 -0.252880
VERTEX_POINT L168 -0.846162 -0.220371 0.076676 -0.077942 -0.024189
VERTEX_POINT L169 0.589764 0.836565 -0.499581 0.089797 0.920545
VERTEX_POINT L170 -0.323893 0.159069 0.383210 0.889593 0.033957
VERTEX_POINT L171 -0.652695 0.428585 0.800352 0.102260 0.976879
VERTEX_POINT L172 0.566660 0.363114 -0.295630 -0.153114 0.747887
VERTEX_POINT L173 -0.835511 0.385668 -0.985141 -0.955753 0.598911
VERTEX_POINT L174 0.473130 0.958136 0.527575 -0.218408 -0.647884
VERTEX_POINT L175 -0.388057 -0.618789 -0.201786 0.809323 -0.211952
VERTEX_POINT L176 0.726950 -0.444359 -0.478871 -0.630614 -0.860446
VERTEX_POINT L177 0.521733 -0.397145 -0.398956 0.444949 -0.611592
VERTEX_POINT L178 0.478870 -0.414558 -0.648113 0.985823 0.266145
VERTEX_POINT L179 0.700397 -0.754091 -0.515551 -0.191815 -0.069598
VERTEX_POINT L180 -0.831845 0.709241 0.732728 -0.082222 0.163288
VERTEX_POINT L181 -0.471676 0.084264 0.361186 0.402667 -0.289420
VERTEX_POINT L182 0.770568 -0.479070 0.138949 -0.493856 0.657031
VERTEX_POINT L183 0.291305 0.733507 0.251009 -0.582980 -0.107910
VERTEX_POINT L184 0.737551 0.909404 -0.056554 0.120899 -0.593217
VERTEX_POINT L185 -0.756866 0.274971 0.308123 -0.197289 0.204830
VERTEX_POINT L186 0.254792 0.264906 -0.457374 0.065076 0.706351
VERTEX_POINT L187 -0.253067 -0.561070 -0.515306 0.726342 -0.678447
VERTEX_POINT L188 0.554360 0.436418 0.737187 -0.256738 0.682934
VERTEX_POINT L189 -0.916654 0.663222 0.654194 -0.513987 -0.234221
VERTEX_POINT L190 0.249183 0.545732 -0.345623 0.807275 -0.991654
VERTEX_POINT L191 0.763679 -0.490355 -0.783879 0.098716 0.155887
VERTEX_POINT L192 0.477628 0.379371 0.191094 -0.602586 -0.536982
VERTEX_POINT L193 0.112639 0.351594 -0.674565 0.725196 -0.343835
VERTEX_POINT L194 -0.760566 -0.931053 -0.890834 -0.818071 -0.638298
VERTEX_POINT L195 -0.424118 -0.643323 0.610126 0.885157 -0.491804
VERTEX_POINT L196 0.538786 0.777794 0.230659 0.167375 0.684609
VERTEX_POINT L197 -0.025766 0.665495 0.818460 0.124087 -0.996009
VERTEX_POINT L198 -0.211884 -0.094490 -0.193081 0.602120 0.255317
VERTEX_POINT L199 0.692624 -0.442577 -0.692665 -0.910567 -0.339580
VERTEX_POINT L200 -0.436002 0.502060 -0.681121 -0.786116 0.924537
VERTEX_POINT L201 0.464223 -0.935420 -0.809871 0.491713 -0.710726
VERTEX_POINT L202 -0.960071 0.986008 -0.892312 0.191693 -0.362700
VERTEX_POINT L203 -0.869342 -0.134826 0.023249 0.060770 0.672423
VERTEX_POINT L204 0.628712 0.450247 -0.795012 0.535960 0.888185
VERTEX_POINT L205 0.513059 0.944144 0.635263 0.973285 -0.010584
VERTEX_POINT L206 -0.257399 0.246385 0.821463 -0.129907 -0.539529
VERTEX_POINT L207 0.355661 -0.994111 -0.273883 0.905346 -0.972261
VERTEX_POINT L208 0.034792 -0.453001 -0.763693 0.418235 0.377824
VERTEX_POINT L209 -0.778530 0.831827 -0.826650 -0.144084 0.726616
VERTEX_POINT L210 0.056058 -0.748203 0.210566 -0.286468 -0.041859
VERTEX_POINT L211 0.202947 -0.743761 0.969035 -0.663987 -0.458889
VERTEX_POINT L212 -0.250206 -0.083909 0.534536 -0.741418 -0.562804
VERTEX_POINT L213 -0.173374 -0.227273 -0.650485 0.219676 -0.384828
VERTEX_POINT L214 -0.505748 0.989746 0.220044 -0.246967 0.433201
VERTEX_POINT L215 -0.512655 -0.174505 -0.522018 0.379482 -0.156021
VERTEX_POINT L216 0.069760 -0.952302 0.657637 -0.977613 0.820002
VERTEX_POINT L217 0.749044 0.254653 0.762670 0.818109 0.139552
VERTEX_POINT L218 0.234278 0.264425 -0.037324 0.105824 0.165532
VERTEX_POINT L219 -0.375880 0.484116 0.394824 -0.234351 0.502937
VERTEX_POINT L220 0.832390 -0.082125 0.416864 -0.695879 0.905331
VERTEX_POINT L221 -0.516539 -0.189842 0.617053 -0.086901 0.173879
VERTEX_POINT L222 -0.612201 0.993761 0.610945 0.864365 -0.341177
VERTEX_POINT L223 0.310018 -0.702754 -0.392042 -0.298465 -0.631651
VERTEX_POINT L224 0.596100 -0.838249 0.942488 -0.361705 0.830044
VERTEX_POINT L225 -0.372767 -0.937292 0.720111 -0.953706 0.020525
VERTEX_POINT L226 0.885900 -0.346077 -0.781916 -0.413308 -0.123455
VERTEX_POINT L227 0.134886 0.939545 0.173147 0.805670 0.514653
VERTEX_POINT L228 0.601467 0.728204 0.538571 0.170381 0.024516
VERTEX_POINT L229 -0.325984 0.559433 0.025003 -0.811188 -0.868138
VERTEX_POINT L230 -0.172490 -0.503032 0.480482 0.895103 -0.824926
VERTEX_POINT L231 -0.834536 0.230264 0.857450 0.384264 -0.050948
VERTEX_POINT L232 -0.861761 0.624013 0.215132 0.680525 -0.578865
VERTEX_POINT L233 -0.132562 -0.517024 0.588170 0.086796 -0.187626
VERTEX_POINT L234 -0.703878 -0.904562 -0.119301 -0.554966 -0.378524
VERTEX_POINT L235 0.766951 0.074261 0.420120 0.216486 -0.690680
VERTEX_POINT L236 -0.619502 -0.572880 0.223433 0.060081 0.801789
VERTEX_POINT L237 0.038723 0.341823 -0.297838 0.315127 0.081946
VERTEX_POINT L238 0.122612 0.080150 -0.853762 0.121832 -0.662941
VERTEX_POINT L239 0.415290 -0.025882 0.459739 -0.521684 0.179613
VERTEX_POINT L240 0.260193 0.173650 -0.124488 -0.828957 -0.191438
VERTEX_POINT L241 -0.821329 0.331947 0.356803 0.835363 0.295200
VERTEX_POINT L242 -0.381763 0.230357 0.428774 -0.185671 0.720725
VERTEX_POINT L243 -0.990013 -0.910259 -0.589952 -0.570374 0.245759
VERTEX_POINT L244 0.005296 -0.895326 0.706318 0.055039 0.910372
VERTEX_POINT L245 0.112489 0.220104 -0.351182 0.567362 0.153926
VERTEX_POINT L246 -0.502667 -0.084764 -0.111971 0.809108 -0.910262
VERTEX_POINT L247 -0.924944 -0.847628 0.363955 0.077427 0.730374
VERTEX_POINT L248 -0.138467 -0.525243 -0.588512 0.385471 -0.706523
VERTEX_POINT L249 0.731611 -0.820339 0.850705 -0.085068 0.255270
VERTEX_POINT L250 -0.300824 0.636488 -0.241221 0.843076 0.233310
VERTEX_POINT L251 -0.306077 0.392631 0.828352 0.689592 -0.801192
VERTEX_POINT L252 -0.784928 -0.010182 0.467758 0.828031 -0.570851
VERTEX_POINT L253 0.086975 0.630250 -0.630276 0.707441 0.892134
VERTEX_POINT L254 -0.996059 0.689877 -0.563690 -0.608873 -0.432843
VERTEX_POINT L255 0.811173 0.151570 0.410245 -0.533675 -0.740807
VERTEX_POINT L256 0.714208 0.692958 -0.910165 0.753735 -0.087341
VERTEX_POINT L257 0.889841 -0.656200 -0.345605 -0.022181 0.443702
VERTEX_POINT L258 -0.053942 0.091115 -0.416608 -0.728005 0.773846
VERTEX_POINT L259 0.315675 0.421162 0.628406 -0.075884 0.937174
VERTEX_POINT L260 -0.436143 0.903233 0.679398 0.166631 0.575563
VERTEX_POINT L261 0.773568 0.588083 -0.936126 -0.832902 0.948920
VERTEX_POINT L262 0.481139 -0.348575 0.485856 -0.691620 -0.113773
VERTEX_POINT L263 -0.297903 0.527246 -0.105470 -0.152844 0.996699
VERTEX_POINT L264 -0.358994 -0.928941 0.652044 0.253894 -0.238706
VERTEX_POINT L265 0.777261 -0.253137 -0.633445 -0.246585 0.507703
VERTEX_POINT L266 -0.530953 -0.398493 -0.685349 -0.936358 -0.693981
VERTEX_POINT L267 0.021504 -0.501821 -0.124523 -0.686025 -0.436917
VERTEX_POINT L268 -0.184016 -0.911314 0.068717 -0.931458 -0.410351
VERTEX_POINT L269 0.591660 0.681657 -0.539112 0.185473 -0.356922
VERTEX_POINT L270 -0.563206 0.472297 -0.664784 -0.207709 0.742696
VERTEX_POINT L271 -0.923823 0.262335 0.944230 -0.760415 0.398211
VERTEX_POINT L272 0.770330 0.013604 0.817691 0.020837 0.938278
VERTEX_POINT L273 0.055031 -0.297345 0.763991 0.606620 0.463420
VERTEX_POINT L274 -0.913835 0.352076 -0.645723 -0.330789 -0.356030
VERTEX_POINT L275 -0.224373 0.118278 0.524009 -0.924124 0.848649
VERTEX_POINT L276 -0.832480 0.922758 -0.587191 0.173982 -0.382654
VERTEX_POINT L277 -0.416502 -0.732689 0.242307 -0.521681 -0.266292
VERTEX_POINT L278 -0.149317 0.270650 -0.112035 0.153303 0.579023
VERTEX_POINT L279 0.029052 -0.602485 -0.175703 -0.440548 -0.089176
VERTEX_POINT L280 -0.684891 -0.553028 0.093011 0.393250 0.988978
VERTEX_POINT L281 0.549859 -0.092862 0.646744 -0.003621 -0.187666
VERTEX_POINT L282 0.722975 0.790146 -0.347351 -0.750956 0.109632
VERTEX_POINT L283 -0.469819 0.436791 -0.439231 0.221281 -0.581873
VERTEX_POINT L284 -0.363166 -0.462612 -0.983532 -0.296179 -0.295533
VERTEX_POINT L285 0.726916 0.480023 0.088959 -0.359829 0.676789
VERTEX_POINT L286 -0.658646 -0.411639 0.971014 0.687606 -0.322681
VERTEX_POINT L287 -0.648958 -0.769654 -0.893696 -0.542444 0.617126
VERTEX_POINT L288 0.616757 0.823823 0.743354 0.617990 0.120490
VERTEX_POINT L289 0.287412 0.679476 -0.445593 0.959602 -0.548835
VERTEX_POINT L290 0.666717 0.651507 0.734710 0.381672 0.554300
VERTEX_POINT L291 -0.819386 0.727056 0.422752 -0.215379 -0.303946
VERTEX_POINT L292 0.060980 0.267559 -0.381719 -0.873300 -0.599915
VERTEX_POINT L293 0.147856 -0.697067 0.220566 0.690052 -0.559473
VERTEX_POINT L294 -0.117289 0.254302 -0.682718 0.631777 -0.307248
VERTEX_POINT L295 0.701987 0.338619 -0.729675 0.380594 0.161379
VERTEX_POINT L296 -0.074883 0.049796 0.587122 -0.556533 0.948230
VERTEX_POINT L297 0.351758 0.855809 -0.368067 0.695418 -0.001229
VERTEX_POINT L298 -0.276509 0.836798 0.145802 0.694569 0.724461
VERTEX_POINT L299 0.741101 0.138481 -0.344161 -0.487991 -0.462121
VERTEX_POINT L300 -0.056582 0.537466 0.092821 -0.119108 0.641849
VERTEX_POINT L301 0.160285 0.309095 0.481019 -0.513140 0.467157
VERTEX_POINT L302 0.817279 -0.599183 -0.399931 -0.248405 0.936090
VERTEX_POINT L303 -0.286252 -0.448930 -0.089488 0.901729 0.580126
VERTEX_POINT L304 -0.784685 -0.988251 0.245010 -0.906520 -0.069422
VERTEX_POINT L305 0.903443 0.752893 -0.045654 0.420806 -0.419940
VERTEX_POINT L306 0.489375 0.669347 -0.565478 0.977605 0.428776
VERTEX_POINT L307 -0.617165 0.934508 0.657818 0.267462 0.547924
VERTEX_POINT L308 -0.513059 -0.979796 -0.803348 0.899124 0.313768
VERTEX_POINT L309 -0.659942 -0.060003 0.322487 0.130909 0.007799
VERTEX_POINT L310 0.411888 -0.667977 -0.517885 0.826914 -0.541252
VERTEX_POINT L311 -0.197950 -0.532824 0.289664 0.292375 0.302746
VERTEX_POINT L312 0.889917 0.847135 -0.030769 -0.872712 0.820133
VERTEX_POINT L313 0.134863 -0.877831 0.134763 -0.924042 0.568380
VERTEX_POINT L314 0.332231 0.903967 0.850433 -0.486345 0.720873
VERTEX_POINT L315 -0.473249 -0.615477 -0.014301 -0.168891 -0.475400
VERTEX_POINT L316 -0.138221 0.602192 -0.776277 -0.283870 0.245168
VERTEX_POINT L317 0.673585 -0.507672 0.821447 -0.798738 -0.601808
VERTEX_POINT L318 -0.122206 -0.385131 0.092003 0.288665 -0.858274
VERTEX_POINT L319 -0.521464 0.426015 0.967076 -0.665880 -0.634341
VERTEX_POINT L320 -0.039002 -0.828197 -0.624146 -0.839137 -0.150643
VERTEX_POINT L321 -0.455489 -0.733624 -0.173287 -0.329663 0.696027
VERTEX_POINT L322 -0.340850 0.153071 0.389828 0.118741 0.061712
VERTEX_POINT L323 -0.978022 0.439363 -0.005865 -0.712437 0.249442
VERTEX_POINT L324 0.692367 -0.430691 -0.952721 -0.639610 -0.863446
VERTEX_POINT L325 0.541861 -0.592627 0.707110 -0.249483 0.754464
VERTEX_POINT L326 0.723965 -0.222019 0.264460 0.668156 -0.589179
VERTEX_POINT L327 -0.382515 0.619105 0.634401 -0.196143 -0.915216
VERTEX_POINT L328 -0.106381 -0.736817 -0.660957 -0.554064 -0.246765
VERTEX_POINT L329 -0.552545 -0.385221 -0.589738 0.362725 -0.864718
VERTEX_POINT L330 -0.641414 -0.242414 -0.709760 0.315866 -0.377337
VERTEX_POINT L331 0.837037 0.800649 0.431864 0.326828 -0.604916
VERTEX_POINT L332 0.607740 0.923873 0.891281 0.849585 0.602440
VERTEX_POINT L333 -0.824135 0.158403 -0.109691 -0.932539 -0.441247
VERTEX_POINT L334 -0.449215 -0.648282 -0.657623 0.228557 0.975210
VERTEX_POINT L335 0.823056 0.935623 0.136291 0.943065 -0.466983
VERTEX_POINT L336 -0.920692 -0.088704 0.844654 0.488267 0.138813
VERTEX_POINT L337 -0.959840 -0.978934 -0.223101 0.206162 0.403985
VERTEX_POINT L338 -0.794109 0.870131 -0.205891 0.210527 -0.919059
VERTEX_POINT L339 -0.433751 -0.068500 -0.958693 0.387391 -0.547419
VERTEX_POINT L340 -0.619783 -0.038937 -0.900615 -0.662930 -0.588216
VERTEX_POINT L341 0.617778 -0.797847 0.276223 0.037441 -0.460311
VERTEX_POINT L342 0.368299 0.398676 0.330971 -0.320235 0.755327
VERTEX_POINT L343 -0.729866 -0.191802 0.068616 -0.535642 -0.768083
VERTEX_POINT L344 -0.247359 -0.675678 -0.589013 0.113399 -0.891931
VERTEX_POINT L345 -0.299469 0.302644 0.181404 0.193421 0.476199
VERTEX_POINT L346 -0.203115 0.192721 -0.945685 0.295467 -0.243483
VERTEX_POINT L347 0.614420 0.926515 -0.365291 0.829529 0.353237
VERTEX_POINT L348 -0.625884 0.794971 0.002851 0.394683 0.874391
VERTEX_POINT L349 0.674679 0.807590 0.146318 -0.415868 -0.101757
VERTEX_POINT L350 -0.907044 0.352529 -0.398214 -0.836351 0.718895
VERTEX_POINT L351 0.335114 0.966775 0.378705 0.555546 -0.276252
VERTEX_POINT L352 -0.780810 -0.926034 0.973031 0.254469 -0.405730
VERTEX_POINT L353 -0.247894 -0.494400 0.991614 0.282389 -0.219393
VERTEX_POINT L354 0.357092 0.406137 -0.627161 0.843108 0.973191
VERTEX_POINT L355 0.911557 -0.356725 -0.979690 0.614859 -0.269177
VERTEX_POINT L356 -0.706033 -0.087027 0.698725 -0.967093 -0.464928
VERTEX_POINT L357 0.081056 -0.815882 0.637299 0.511265 -0.615988
VERTEX_POINT L358 -0.470958 -0.737620 0.654711 -0.581284 -0.184393
VERTEX_POINT L359 0.187586 0.176156 -0.962232 -0.521158 0.288307
VERTEX_POINT L360 0.528512 -0.201103 -0.952438 -0.126010 -0.480706
VERTEX_POINT L361 -0.112372 0.019966 0.944951 0.734582 0.438270
VERTEX_POINT L362 0.024623 -0.023195 0.469632 0.805670 0.683390
VERTEX_POINT L363 0.136252 -0.277230 0.938843 -0.276425 -0.878266
VERTEX_POINT L364 0.063492 -0.821631 -0.164741 0.802043 0.997023
VERTEX_POINT L365 0.575408 0.328523 0.812009 0.034227 0.658600
VERTEX_POINT L366 -0.040693 -0.341607 0.075134 -0.333360 -0.345249
VERTEX_POINT L367 0.142800 0.089665 -0.320086 0.290309 0.135836
VERTEX_POINT L368 0.615568 0.349589 -0.411092 -0.759611 0.062585
VERTEX_POINT L369 0.165198 -0.471476 0.869242 0.877167 -0.264307
VERTEX_POINT L370 0.709050 -0.978835 -0.278779 -0.322300 0.588417
VERTEX_POINT L371 0.995786 -0.689348 -0.311707 -0.422541 0.474370
VERTEX_POINT L372 -0.217024 -0.269323 0.145466 -0.085392 0.275382
VERTEX_POINT L373 0.077349 0.419842 -0.947809 0.357465 0.343744
VERTEX_POINT L374 -0.734080 0.118850 0.756909 0.041818 0.706287
VERTEX_POINT L375 0.535617 0.054999 0.556453 -0.971992 0.383450
VERTEX_POINT L376 0.777880 -0.277515 0.233595 -0.449114 -0.180057
VERTEX_POINT L377 0.062805 -0.688429 0.811224 -0.662715 -0.537196
VERTEX_POINT L378 0.150037 -0.018486 -0.808838 0.857537 -0.263313
VERTEX_POINT L379 -0.848004 -0.482543 -0.763554 0.945569 -0.305665
VERTEX_POINT L380 -0.262516 -0.880839 -0.042458 -0.078583 0.361047
VERTEX_POINT L381 0.242993 -0.665956 -0.207052 -0.978815 -0.544418
VERTEX_POINT L382 0.487110 -0.515769 0.615150 0.501114 0.418083
VERTEX_POINT L383 -0.043326 -0.806872 -0.069428 -0.824113 0.955316
VERTEX_POINT L384 0.995099 -0.160356 -0.215438 0.303575 0.236190
VERTEX_POINT L385 -0.155799 0.890368 0.987990 0.344223 0.391274
VERTEX_POINT L386 -0.131769 -0.163597 -0.049118 0.790746 -0.313860
VERTEX_POINT L387 -0.710935 0.752617 -0.516713 0.336481 0.771261
VERTEX_POINT L388 0.925257 -0.925513 0.625289 -0.144512 0.775285
VERTEX_POINT L389 0.397273 0.098783 -0.394407 -0.790539 0.501747
VERTEX_POINT L390 0.476651 -0.071227 -0.478945 0.815324 0.059568
VERTEX_POINT L391 0.453769 -0.126616 0.672851 0.729477 -0.705420
VERTEX_POINT L392 -0.715100 -0.881250 -0.449457 0.944043 -0.059983
VERTEX_POINT L393 -0.498726 0.905578 0.990687 0.620994 -0.257042
VERTEX_POINT L394 -0.409979 0.596154 0.611694 -0.546948 -0.583686
VERTEX_POINT L395 0.348392 -0.702881 0.385803 0.746086 -0.062960
VERTEX_POINT L396 -0.923318 0.234101 0.802696 -0.344779 -0.598442
VERTEX_POINT L397 0.549328 -0.745453 -0.313173 0.119692 0.071065
VERTEX_POINT L398 -0.508807 0.386784 -0.934284 0.036395 -0.927124
VERTEX_POINT L399 0.692250 -0.416310 -0.608396 -0.104390 0.464144
VERTEX_POINT L400 -0.285474 -0.216930 -0.443930 -0.003141 0.806758
VERTEX_POINT L401 -0.799757 0.407950 -0.213063 0.714095 0.661293
VERTEX_POINT L402 0.688036 -0.105658 0.079897 0.473069 -0.061487
VERTEX_POINT L403 0.497502 0.513747 0.701536 0.911467 0.082140
VERTEX_POINT L404 0.277592 -0.172209 -0.160872 0.071560 0.005037
VERTEX_POINT L405 0.953956 -0.986808 -0.163194 -0.485113 -0.355200
VERTEX_POINT L406 0.033119 -0.431253 0.257988 0.939475 -0.534410
VERTEX_POINT L407 0.055472 0.550276 -0.927277 0.622446 0.824980
VERTEX_POINT L408 0.016761 -0.675237 -0.351971 -0.147828 0.107604
VERTEX_POINT L409 -0.816843 0.550261 0.449151 0.797012 0.202277
VERTEX_POINT L410 0.207468 -0.932267 -0.690831 0.568015 -0.480686
VERTEX_POINT L411 0.754245 -0.556076 0.605571 0.773589 -0.531349
VERTEX_POINT L412 0.426149 0.884304 -0.757901 0.818197 0.657859
VERTEX_POINT L413 -0.305422 -0.448036 0.924319 0.069130 0.937397
VERTEX_POINT L414 -0.289081 -0.362948 -0.463857 0.949476 -0.576033
VERTEX_POINT L415 0.421248 -0.276052 0.026661 0.121772 -0.105951
VERTEX_POINT L416 0.538779 -0.557667 0.912309 -0.586647 0.328671
VERTEX_POINT L417 0.579150 0.473455 0.487025 0.740221 0.110107
VERTEX_POINT L418 0.710313 -0.523435 0.509947 -0.541747 -0.334690
VERTEX_POINT L419 0.464036 -0.483181 0.537598 0.268840 0.103956
VERTEX_POINT L420 -0.023577 -0.427761 -0.907382 0.949683 -0.388146
VERTEX_POINT L421 0.186964 0.405339 -0.968998 -0.726423 0.724878
VERTEX_POINT L422 -0.082195 0.390203 0.210449 -0.001682 0.398536
VERTEX_POINT L423 0.261323 -0.309011 -0.356838 0.893726 0.551871
VERTEX_POINT L424 0.688238 0.310916 -0.978311 0.894571 -0.532164
VERTEX_POINT L425 0.507826 -0.013643 -0.177857 0.451370 0.814850
VERTEX_POINT L426 -0.390285 -0.011892 -0.971036 0.639812 -0.511089
VERTEX_POINT L427 0.764920 -0.454983 0.824385 -0.450208 -0.130606
VERTEX_POINT L428 0.057154 0.240903 0.508970 -0.428938 -0.114085
VERTEX_POINT L429 0.100908 -0.625107 -0.905320 -0.323794 -0.438213
VERTEX_POINT L430 0.457171 0.128707 -0.784012 0.445401 -0.666463
VERTEX_POINT L431 0.771680 -0.976026 -0.934960 0.567921 -0.307327
VERTEX_POINT L432 0.301150 0.782842 -0.118383 -0.609699 -0.776920
VERTEX_POINT L433 0.145207 -0.976951 0.295885 -0.081530 0.272051
VERTEX_POINT L434 0.269182 0.537721 0.766576 0.479389 0.774812
VERTEX_POINT L435 -0.421258 -0.389367 0.720745 0.461861 0.228117
VERTEX_POINT L436 0.099163 -0.963760 -0.867309 0.433357 0.916851
VERTEX_POINT L437 -0.697698 -0.893532 0.024564 0.418864 -0.759598
VERTEX_POINT L438 0.634214 -0.839090 0.793468 0.084308 0.053097
VERTEX_POINT L439 -0.884076 -0.638997 -0.219280 -0.714472 0.024455
VERTEX_POINT L440 -0.514542 0.656728 -0.526285 0.215876 0.442679
VERTEX_POINT L441 -0.158318 -0.771357 -0.897364 -0.347677 0.572411
VERTEX_POINT L442 0.870169 -0.195073 -0.613709 -0.940883 0.493106
VERTEX_POINT L443 0.911607 0.541033 -0.284187 0.034073 0.100538
VERTEX_POINT L444 0.536259 -0.219393 -0.973045 0.721453 0.509808
VERTEX_POINT L445 -0.418912 0.441980 -0.077566 -0.991407 0.917073
VERTEX_POINT L446 0.332855 -0.735019 0.742474 -0.844155 0.994586
VERTEX_POINT L447 0.075038 0.222940 0.939264 -0.865195 -0.161521
VERTEX_POINT L448 -0.839762 -0.084565 -0.590541 0.748815 0.027180
VERTEX_POINT L449 0.043168 -0.258454 0.252422 -0.385902 -0.340104
VERTEX_POINT L450 -0.460926 0.739759 0.476862 0.403646 0.942436
VERTEX_POINT L451 0.136661 0.487674 -0.497923 0.698497 0.639034
VERTEX_POINT L452 -0.769868 -0.853115 0.283424 -0.112325 -0.615226
VERTEX_POINT L453 0.456879 0.129962 -0.312689 -0.598037 0.340972
VERTEX_POINT L454 -0.602016 -0.821337 0.145239 0.592223 0.190906
VERTEX_POINT L455 0.918370 0.457801 0.305113 -0.217755 -0.147390
VERTEX_POINT L456 -0.035295 -0.883681 0.509454 0.853333 0.155822
VERTEX_POINT L457 0.007699 0.166771 0.174203 0.232035 0.679817
VERTEX_POINT L458 0.683291 -0.997181 0.129497 0.332037 0.722003
VERTEX_POINT L459 -0.978141 0.357222 0.018425 -0.575605 -0.958263
VERTEX_POINT L460 -0.891393 0.541664 0.268883 0.908241 -0.758395
VERTEX_POINT L461 0.140462 0.131526 0.345486 -0.222562 -0.944459
VERTEX_POINT L462 0.793539 0.381196 0.083465 0.992316 -0.265591
VERTEX_POINT L463 0.409757 0.324506 -0.849500 -0.701458 -0.535315
VERTEX_POINT L464 -0.714331 0.154574 -0.358629 0.695908 0.327591
VERTEX_POINT L465 0.062721 -0.081083 -0.149959 0.471705 -0.490779
VERTEX_POINT L466 0.988500 0.935139 0.871245 0.760404 0.692802
VERTEX_POINT L467 0.384831 0.190815 -0.225939 0.129265 0.244442
VERTEX_POINT L468 0.365023 0.025384 0.874605 -0.109431 -0.250377
VERTEX_POINT L469 0.622714 -0.903951 0.664712 -0.155289 -0.254102
VERTEX_POINT L470 0.500755 0.551818 0.554781 0.414794 -0.731103
VERTEX_POINT L471 0.850481 -0.317887 -0.651680 -0.893556 -0.807698
VERTEX_POINT L472 -0.535605 -0.675309 0.767349 0.497034 -0.681691
VERTEX_POINT L473 0.370923 -0.643255 0.941072 0.473911 0.762003
VERTEX_POINT L474 0.762088 -0.776855 0.064133 0.140517 0.292840
VERTEX_POINT L475 -0.999345 0.105298 0.794304 0.218487 0.828118
VERTEX_POINT L476 0.952011 0.798725 -0.136494 0.482504 0.679076
VERTEX_POINT L477 0.094944 -0.511874 -0.193393 0.296362 0.287426
VERTEX_POINT L478 0.075693 -0.671762 0.733568 0.353292 -0.333403
VERTEX_POINT L479 -0.887750 -0.285840 0.272966 0.231319 -0.293744
VERTEX_POINT L480 -0.861888 0.229672 -0.940971 0.910460 0.947322
VERTEX_POINT L481 0.614767 -0.932003 0.210430 -0.243062 -0.390967
VERTEX_POINT L482 0.248911 -0.798166 0.775043 -0.070184 -0.654710
VERTEX_POINT L483 -0.631756 0.376557 0.342453 -0.201865 -0.667904
VERTEX_POINT L484 0.071647 0.197959 0.897742 0.158901 0.950005
VERTEX_POINT L485 0.646895 -0.619503 -0.079718 -0.477961 0.536196
VERTEX_POINT L486 -0.713386 -0.165642 -0.352435 0.580380 0.184706
VERTEX_POINT L487 -0.963648 0.314278 0.407196 0.012234 0.105826
VERTEX_POINT L488 -0.345406 0.547268 -0.905515 0.754074 0.216014
VERTEX_POINT L489 0.969905 -0.162824 0.777063 -0.087583 -0.093291
VERTEX_POINT L490 -0.941789 -0.328500 -0.574379 0.436629 0.147563
VERTEX_POINT L491 -0.236799 0.088931 0.363368 0.662315 0.457618
VERTEX_POINT L492 0.110367 0.968702 0.122548 0.689855 -0.037750
VERTEX_POINT L493 0.851750 -0.947304 0.509086 0.428945 0.881972
VERTEX_POINT L494 -0.827042 -0.586563 0.513868 0.960857 0.922303
VERTEX_POINT L495 0.396035 0.123276 0.763919 0.385764 -0.710159
VERTEX_POINT L496 -0.085529 -0.028387 -0.640873 -0.099350 -0.608806
VERTEX_POINT L497 -0.838542 -0.651424 0.385113 0.721261 0.615105
VERTEX_POINT L498 -0.219133 -0.685909 -0.462020 -0.484971 0.534284
VERTEX_POINT L499 -0.720506 0.996997 -0.766268 0.791219 0.140817
VERTEX_POINT L500 0.784171 -0.555375 0.049825 -0.434028 -0.638996
VERTEX_POINT L501 -0.718379 0.865908 -0.907238 0.929823 0.803181
VERTEX_POINT L502 -0.870025 -0.320890 -0.417948 0.897663 0.333119
VERTEX_POINT L503 -0.751433 -0.230684 -0.182826 -0.936994 -0.320687
VERTEX_POINT L504 0.652545 -0.777347 -0.966166 0.403734 0.565184
VERTEX_POINT L505 0.892063 -0.097745 0.646185 0.038180 -0.374041
VERTEX_POINT L506 -0.750778 0.874615 -0.388522 0.281493 -0.492569
VERTEX_POINT L507 0.604556 -0.978622 -0.102660 -0.113762 0.244259
VERTEX_POINT L508 -0.012993 0.390381 -0.547207 -0.665457 0.913385
VERTEX_POINT L509 0.324915 -0.797147 -0.654954 -0.365214 0.174028
VERTEX_POINT L510 0.716806 -0.264462 -0.829694 -0.882444 0.950515
VERTEX_POINT L511 0.125119 -0.379947 -0.488178 -0.754998 0.860707
VERTEX_POINT L512 -0.060318 -0.729150 0.555476 0.391724 0.783061
VERTEX_POINT L513 -0.034283 -0.062628 0.945349 0.047373 -0.704194
VERTEX_POINT L514 0.493363 0.996609 0.854275 0.043137 -0.807197
VERTEX_POINT L515 -0.988671 0.468809 0.453218 -0.449375 0.733065
VERTEX_POINT L516 -0.387389 0.317869 -0.134369 0.569412 0.832002
VERTEX_POINT L517 0.779977 -0.169033 -0.498160 -0.376483 0.377509
VERTEX_POINT L518 -0.952319 -0.216913 -0.139586 0.562859 -0.161108
VERTEX_POINT L519 0.267205 -0.134864 -0.039885 0.323485 0.048015
VERTEX_POINT L520 0.749882 0.668143 -0.721098 0.535934 -0.715782
VERTEX_POINT L521 -0.894108 0.454588 0.286035 -0.000512 0.986455
VERTEX_POINT L522 -0.969594 0.954068 -0.676517 -0.014200 -0.494366
VERTEX_POINT L523 -0.139751 0.636845 0.401451 0.225789 0.246468
VERTEX_POINT L524 0.957642 0.507284 -0.204879 -0.571567 0.868427
VERTEX_POINT L525 -0.796636 -0.632495 0.837352 -0.053343 -0.572063
VERTEX_POINT L526 -0.743715 -0.239878 0.165369 -0.388447 0.536310
VERTEX_POINT L527 -0.127886 -0.521104 0.154248 0.329083 -0.740379
VERTEX_POINT L528 -0.635178 -0.283919 0.222464 -0.332082 -0.956958
VERTEX_POINT L529 0.037151 0.074212 0.703350 0.126582 0.070593
VERTEX_POINT L530 0.151608 -0.524107 0.387981 0.120302 0.400438
VERTEX_POINT L531 -0.851007 0.160705 -0.727710 0.233890 -0.595954
VERTEX_POINT L532 0.318773 -0.059879 0.796111 0.056404 -0.126226
VERTEX_POINT L533 0.281583 0.155003 0.970033 0.017965 -0.266443
VERTEX_POINT L534 -0.602440 0.930021 0.089464 0.296896 0.083359
VERTEX_POINT L535 -0.028682 0.162774 0.829945 -0.539862 -0.561042
VERTEX_POINT L536 0.173646 -0.942743 0.616218 -0.943855 0.359516
VERTEX_POINT L537 -0.353219 0.804636 0.700942 -0.421610 0.590790
VERTEX_POINT L538 -0.424126 0.184152 -0.272715 0.346376 0.683217
VERTEX_POINT L539 -0.839347 0.447638 -0.930989 -0.609312 0.272901
VERTEX_POINT L540 0.971696 -0.992511 -0.954013 0.213176 -0.235182
VERTEX_POINT L541 -0.707320 0.919690 -0.102409 0.463932 0.633732
VERTEX_POINT L542 0.285772 -0.932309 -0.419168 -0.364310 0.133609
VERTEX_POINT L543 -0.088622 -0.721661 0.601464 -0.395101 -0.452121
VERTEX_POINT L544 0.258397 -0.142938 -0.157061 -0.488695 0.929538
VERTEX_POINT L545 -0.220865 -0.935700 -0.564893 0.678827 0.326412
VERTEX_POINT L546 -0.077293 0.747148 0.054682 0.155524 -0.719056
VERTEX_POINT L547 0.871008 -0.825070 0.708570 -0.919284 0.761540
VERTEX_POINT L548 -0.440888 -0.104733 -0.063053 -0.697656 -0.296079
VERTEX_POINT L549 -0.029612 -0.469765 0.915096 -0.281617 0.119835
VERTEX_POINT L550 0.138213 0.040067 -0.331315 0.404202 -0.190445
VERTEX_POINT L551 -0.691005 -0.436589 0.215849 0.838278 -0.011860
VERTEX_POINT L552 0.076280 0.984823 0.201131 0.717871 0.106290
VERTEX_POINT L553 0.168618 -0.005866 -0.007831 -0.609998 0.315189
VERTEX_POINT L554 0.169244 -0.799744 -0.382700 0.064067 -0.765392
VERTEX_POINT L555 0.033922 0.492107 0.996253 -0.853695 -0.025283
VERTEX_POINT L556 0.371982 0.361639 -0.170480 0.336659 0.743126
VERTEX_POINT L557 0.425528 -0.039623 0.782669 0.675620 0.770917
VERTEX_POINT L558 0.906036 0.971003 0.150501 0.475388 0.234337
VERTEX_POINT L559 0.736804 -0.922280 -0.948015 -0.995423 0.786169
VERTEX_POINT L560 -0.537320 -0.965410 0.486019 -0.197798 -0.158490
VERTEX_POINT L561 0.057644 -0.553104 -0.461518 -0.404310 -0.365225
VERTEX_POINT L562 0.885797 0.238425 -0.675726 0.238467 -0.809785
VERTEX_POINT L563 0.781453 -0.025290 0.282130 0.858607 0.715284
VERTEX_POINT L564 -0.660773 0.601898 -0.491486 0.613654 0.368332
VERTEX_POINT L565 -0.716644 0.168446 0.413738 -0.464637 0.273574
VERTEX_POINT L566 -0.247230 -0.862515 0.112075 -0.681255 -0.845758
VERTEX_POINT L567 0.512873 0.659156 -0.875268 0.669800 -0.272152
VERTEX_POINT L568 -0.069862 -0.026918 0.114680 0.113753 -0.135636
VERTEX_POINT L569 0.328645 0.321637 0.839360 0.665120 0.837459
VERTEX_POINT L570 0.673526 0.106794 -0.806257 -0.939513 -0.999250
VERTEX_POINT L571 -0.098166 -0.019429 0.160667 -0.673072 0.629182
VERTEX_POINT L572 0.621325 0.241327 -0.263050 0.129053 0.471191
VERTEX_POINT L573 -0.040701 0.174485 -0.225425 -0.303822 0.134358
VERTEX_POINT L574 0.813211 0.258909 -0.237869 -0.068172 -0.822939
VERTEX_POINT L575 -0.120279 -0.901611 0.579889 0.640357 0.400729
VERTEX_POINT L576 0.738434 0.238785 0.209682 -0.624995 -0.539230
VERTEX_POINT L577 -0.264082 0.006057 0.816813 -0.912648 -0.541995
VERTEX_POINT L578 -0.249271 -0.726681 0.288459 0.721074 0.162269
VERTEX_POINT L579 -0.702454 -0.865948 -0.853371 -0.322651 0.164692
VERTEX_POINT L580 0.706306 0.536293 0.731909 -0.194265 0.577840
VERTEX_POINT L581 0.888942 0.313386 0.957145 0.125276 0.971824
VERTEX_POINT L582 -0.393459 -0.302537 0.362478 -0.484373 -0.847169
VERTEX_POINT L583 -0.217414 0.521116 -0.066960 -0.476393 -0.315870
VERTEX_POINT L584 0.057561 -0.692480 -0.050687 0.515278 0.287014
VERTEX_POINT L585 0.775784 -0.102281 0.979778 0.579695 -0.612561
VERTEX_POINT L586 0.816508 0.013223 -0.070708 -0.330088 0.658846
VERTEX_POINT L587 -0.570457 0.669160 0.778834 -0.148063 0.030140
VERTEX_POINT L588 0.201313 0.858096 0.762447 0.255315 -0.841644
VERTEX_POINT L589 0.722544 -0.015775 -0.920206 -0.854701 -0.106816
VERTEX_POINT L590 -0.833654 0.746879 0.830818 -0.143486 -0.183691
VERTEX_POINT L591 0.663993 0.892686 0.248465 -0.942482 -0.000133
VERTEX_POINT L592 -0.219812 0.431121 -0.381725 -0.259011 0.527959
VERTEX_POINT L593 -0.947857 -0.014696 -0.844907 -0.905019 0.006524
VERTEX_POINT L594 0.445445 -0.132604 -0.469405 0.916124 -0.284849
VERTEX_POINT L595 0.119414 0.033020 0.126789 -0.645357 -0.103709
VERTEX_POINT L596 -0.664500 -0.846249 0.568831 -0.369656 -0.719902
VERTEX_POINT L597 -0.801784 0.004881 0.642669 -0.765131 -0.130607
VERTEX_POINT L598 -0.367713 -0.307825 0.251521 -0.975557 0.624140
VERTEX_POINT L599 0.265637 0.126833 -0.316490 0.744097 0.144463
VERTEX_POINT L600 0.526860 -0.673482 0.482029 0.899990 -0.293148
VERTEX_POINT L601 -0.694186 0.798969 0.445264 -0.915070 0.624889
VERTEX_POINT L602 -0.832529 -0.892596 0.844177 -0.928975 -0.226355
VERTEX_POINT L603 0.148185 0.567845 -0.781021 0.029042 -0.821956
VERTEX_POINT L604 0.265113 -0.026546 -0.780161 -0.218892 -0.240752
VERTEX_POINT L605 0.980682 0.366313 -0.393692 0.002853 -0.049294
VERTEX_POINT L606 -0.972094 0.666233 0.798868 -0.330600 0.578773
VERTEX_POINT L607 0.003546 -0.787761 0.429520 0.156112 0.220018
VERTEX_POINT L608 -0.283399 -0.627630 -0.576879 0.090205 0.408710
VERTEX_POINT L609 -0.221365 0.939552 0.087328 -0.609526 -0.258958
VERTEX_POINT L610 0.301092 -0.653709 0.576149 0.833462 -0.615290
VERTEX_POINT L611 -0.577094 0.908663 -0.844971 0.895940 -0.013450
VERTEX_POINT L612 -0.332423 0.252938 0.044473 0.515749 -0.287134
VERTEX_POINT L613 0.907633 0.043754 -0.061373 -0.650911 -0.462459
VERTEX_POINT L614 0.205492 0.429779 0.088069 -0.580453 0.670680
VERTEX_POINT L615 0.725138 0.560459 0.993786 0.031027 0.999880
VERTEX_POINT L616 0.683417 0.941473 -0.081596 0.928784 -0.075020
VERTEX_POINT L617 0.022000 -0.556998 -0.982639 0.089459 0.329526
VERTEX_POINT L618 -0.845319 0.229619 0.772620 0.882964 0.030020
VERTEX_POINT L619 -0.115270 0.799569 -0.319149 0.184099 0.083337
VERTEX_POINT L620 -0.255456 0.427227 -0.902845 0.234758 -0.777290
VERTEX_POINT L621 -0.678973 -0.023502 0.603438 -0.260522 0.846329
VERTEX_POINT L622 -0.451277 0.692255 0.929316 0.241617 -0.916796
VERTEX_POINT L623 0.524731 -0.141651 -0.284570 0.975747 0.750669
VERTEX_POINT L624 -0.626830 0.961802 0.758531 -0.165541 -0.147147
VERTEX_POINT L625 0.994168 -0.440348 -0.540089 0.157741 -0.201645
VERTEX_POINT L626 -0.355854 0.891368 0.842219 -0.669610 -0.353040
VERTEX_POINT L627 -0.291330 -0.884447 0.327362 0.464803 0.132951
VERTEX_POINT L628 -0.807617 0.564533 -0.897420 0.392610 0.667749
VERTEX_POINT L629 0.276433 -0.416456 0.093740 -0.645167 -0.728900
VERTEX_POINT L630 0.974307 0.242386 -0.989128 0.208900 -0.722586
VERTEX_POINT L631 0.719243 0.891050 0.584609 0.292600 -0.625399
VERTEX_POINT L632 0.582247 -0.617487 -0.460996 -0.560237 0.895989
VERTEX_POINT L633 -0.858222 0.349789 0.855049 0.279925 0.051059
VERTEX_POINT L634 -0.132572 0.458895 0.803588 -0.678357 -0.447355
VERTEX_POINT L635 -0.152641 0.355967 -0.241157 0.220871 -0.344763
VERTEX_POINT L636 -0.877539 -0.283898 -0.538643 -0.717222 -0.998235
VERTEX_POINT L637 -0.104666 0.125128 0.602457 -0.008957 -0.868582
VERTEX_POINT L638 0.850906 0.568207 -0.811637 -0.623017 0.875255
VERTEX_POINT L639 -0.160939 0.088472 -0.115522 0.372982 0.410475
VERTEX_POINT L640 0.673970 0.064681 -0.310215 0.381516 -0.127540
VERTEX_POINT L641 0.151998 0.914498 0.764512 -0.789555 -0.740036
VERTEX_POINT L642 0.261968 -0.002864 0.039507 0.268922 -0.602975
VERTEX_POINT L643 -0.658453 -0.682381 0.734257 -0.102735 0.585326
VERTEX_POINT L644 0.059631 -0.041748 -0.296861 -0.440466 -0.202494
VERTEX_POINT L645 -0.532540 -0.573085 -0.872424 0.688469 -0.932295
VERTEX_POINT L646 -0.933315 0.878078 0.728043 0.928292 0.585206
VERTEX_POINT L647 -0.256952 -0.100274 0.621544 -0.511683 0.722486
VERTEX_POINT L648 0.489459 -0.130083 -0.855062 -0.222072 0.397231
VERTEX_POINT L649 -0.778634 0.107697 0.500663 0.811256 -0.384774
VERTEX_POINT L650 0.627779 -0.300705 -0.697605 0.672416 -0.194177
VERTEX_POINT L651 -0.765997 -0.702856 -0.757907 -0.987314 0.619941
VERTEX_POINT L652 -0.457607 -0.915806 0.104101 -0.449266 -0.538445
VERTEX_POINT L653 -0.823499 -0.608450 -0.768289 -0.085967 -0.110973
VERTEX_POINT L654 0.758734 0.155493 -0.042477 0.988433 0.370610
VERTEX_POINT L655 -0.084437 -0.954003 -0.137368 0.385192 0.314408
VERTEX_POINT L656 -0.829331 -0.048798 -0.308378 -0.928226 0.687382
VERTEX_POINT L657 -0.597120 0.046861 -0.200258 -0.681177 -0.982430
VERTEX_POINT L658 0.624234 -0.838451 -0.810006 -0.150005 -0.552641
VERTEX_POINT L659 -0.636948 -0.484265 -0.205798 0.464385 0.355131
VERTEX_POINT L660 0.679313 0.630405 0.893482 -0.326344 -0.711330
VERTEX_POINT L661 0.598541 0.403935 -0.799134 -0.941105 -0.275227
VERTEX_POINT L662 -0.917704 -0.593215 -0.621189 -0.243015 0.729732
VERTEX_POINT L663 0.261559 -0.987082 -0.567513 0.113419 -0.815341
VERTEX_POINT L664 0.740319 -0.246276 -0.944085 0.338820 0.775832
VERTEX_POINT L665 -0.050276 0.865680 -0.817600 0.078628 -0.717623
VERTEX_POINT L666 -0.891081 0.368886 0.191329 -0.665710 -0.160105
VERTEX_POINT L667 0.862780 0.469826 -0.482728 0.621597 0.777596
VERTEX_POINT L668 0.845058 -0.009192 0.784856 -0.930330 -0.586205
VERTEX_POINT L669 0.959824 -0.062907 0.379692 -0.288727 -0.284850
VERTEX_POINT L670 -0.298159 -0.441701 0.401750 -0.005420 0.188071
VERTEX_POINT L671 0.519028 -0.944511 -0.525359 0.451186 0.286255
VERTEX_POINT L672 0.111822 -0.148409 0.144205 -0.078283 -0.024886
VERTEX_POINT L673 0.963809 0.555434 -0.558743 -0.736498 0.585096
VERTEX_POINT L674 0.860575 -0.626892 -0.791102 -0.651548 -0.128418
VERTEX_POINT L675 -0.828547 0.809843 0.847344 0.481251 0.772620
VERTEX_POINT L676 -0.568732 0.982349 -0.431166 0.951971 0.652801
VERTEX_POINT L677 0.927260 -0.748814 0.936941 -0.723256 -0.543212
VERTEX_POINT L678 -0.085498 -0.290431 0.468887 0.969568 0.495106
VERTEX_POINT L679 0.920728 -0.147734 -0.286229 -0.270101 0.050032
VERTEX_POINT L680 -0.851374 0.358883 0.437604 -0.912000 0.072015
