VERTEX_POSE A0 -0.875905 -0.797480 -0.906096 0.891007 -0.337970 -0.531598 -0.335491 0.499980 -0.255071 -0.627957 -0.579295 -0.791123 0.069803 -0.511746 0.570734 -0.223731 -0.607599 -0.177451 0.876896 -0.337840
VERTEX_POSE A1 -0.524060 -0.485523 -0.198981 -0.367170 -0.113404 0.011713 -0.946052 0.514931 -0.844054 0.116139 0.628251 0.268693 -0.650983 0.029266 -0.596510 0.017590 0.129708 -0.637003 -0.462347 -0.932107
VERTEX_POSE A2 0.095639 0.146271 0.792207 -0.682410 0.867636 -0.553083 -0.932288 -0.005107 -0.937945 0.285895 -0.726272 0.528069 -0.157467 -0.411794 0.386790 -0.737303 -0.630284 -0.287088 -0.420970 0.776013
VERTEX_POSE A3 -0.909255 0.852683 -0.392241 0.439048 0.281314 -0.402426 -0.362708 -0.620500 0.276733 -0.497879 0.269132 -0.693416 0.482813 -0.145113 0.613241 0.236161 -0.792418 -0.258639 -0.702844 -0.236376
VERTEX_POSE A4 -0.540851 -0.101800 -0.603081 0.765969 -0.515654 0.979340 -0.718057 0.112104 0.282026 0.935109 0.551254 -0.877018 -0.601447 0.436241 0.253085 -0.345162 0.386645 -0.017667 0.035509 -1.102688
VERTEX_POSE A5 0.417721 -0.083011 0.497589 -0.067690 -0.111903 -0.853621 -0.053557 0.510871 -0.063026 -0.455640 -0.776461 0.010399 1.004074 -0.550320 -0.363711 -0.494461 -0.593128 0.835721 -0.316754 0.211971
VERTEX_POSE A6 -0.281754 -0.916719 0.083691 -0.792108 -0.677339 -0.607130 -0.848982 -0.086970 0.362626 -0.083758 -0.890474 0.251286 -0.053542 0.618199 0.799744 -0.542914 0.132529 -0.087007 0.430116 -0.100829
VERTEX_POSE A7 0.947508 0.016379 0.765281 -0.932821 0.352729 0.768451 0.209332 -0.309147 -0.331302 -0.270632 -0.655455 0.334663 -0.672486 0.661279 0.359478 -0.687579 -0.505268 -0.526891 -0.420777 0.036559
VERTEX_POSE A8 -0.502484 0.923519 -0.435391 0.944082 0.092222 -0.190276 -0.511871 1.006066 -0.132585 0.288164 0.421374 0.604059 -0.914111 -0.177101 -0.843304 -0.296654 -0.104712 0.567408 0.427940 0.468753
VERTEX_POSE A9 -0.859488 -0.639659 0.490211 0.763308 -0.810497 0.032501 -0.658246 0.042910 0.524267 0.177307 -0.495410 0.144117 0.401660 0.137600 0.072634 -0.256449 -0.522131 -0.647429 0.171171 -0.426960
VERTEX_POSE A10 0.483610 -0.753977 0.689050 -0.842405 0.433207 -0.656050 -0.162962 0.651452 -0.682592 0.692129 -0.585508 0.010392 0.764395 0.769426 -0.318588 -0.507054 0.235038 -0.661068 -0.296559 -0.143112
VERTEX_POSE A11 -0.393311 0.606486 -0.358210 0.350292 0.484824 0.863497 0.802410 -0.034430 -0.555345 0.578230 0.675480 0.468377 -0.424756 0.823045 0.009391 -0.039265 -0.508749 0.353345 -0.488041 0.068312
VERTEX_POSE A12 -0.894984 -0.773048 0.881497 0.271564 0.583703 -0.457409 -0.423484 0.870460 0.680571 -0.636289 0.515903 -0.519399 -0.575363 -0.370137 0.587670 -0.576621 -0.529826 0.510064 0.547686 0.325765
VERTEX_POSE A13 -0.492935 0.868058 -0.621362 0.326706 0.352178 -0.771606 0.077467 -0.609387 -0.763596 0.710080 -0.163805 -0.076792 -0.227425 0.606292 -0.835548 -0.752788 0.603562 -0.051125 0.869758 0.868933
VERTEX_POSE A14 -0.121659 -0.423325 0.298797 0.776635 -0.099485 -0.820675 -0.391015 -0.441367 0.333321 0.494615 -0.351151 -0.774233 -0.112671 0.628482 -0.376554 0.248060 -0.959576 0.430748 -1.113382 -0.278384
VERTEX_POSE A15 -0.124515 -0.856081 -0.388777 0.035424 -0.317328 0.679138 0.314072 -0.997528 0.050447 -0.424706 -0.170435 -0.416999 0.933657 0.151672 -0.912093 0.076711 -0.724158 0.391619 0.682879 0.226764
VERTEX_POSE A16 0.668106 0.214977 -0.139788 0.385822 0.660649 0.074013 0.703782 -1.008632 -0.296446 0.798867 0.271632 0.983346 -0.292060 -0.304415 -0.691182 -0.612837 -0.662010 -0.289998 -0.166712 0.010509
VERTEX_POSE A17 0.717647 0.372664 -0.569248 -0.434415 -0.379229 -0.803567 0.505995 0.181932 -0.064939 0.026699 -0.943734 0.458936 -0.722824 -0.312632 0.546637 0.938230 -0.524211 0.766758 0.296304 0.671581
VERTEX_POSE A18 0.526716 0.598299 0.749987 0.313606 0.326178 0.031228 -0.298363 -1.084601 0.787633 0.610549 0.074327 0.114638 0.673458 -0.438428 0.867970 -0.665762 0.055559 -0.133878 -0.217258 0.169076
VERTEX_POSE A19 -0.861782 0.251128 -0.919990 0.545836 -0.187453 -0.465208 0.572434 -0.282211 0.626169 0.793496 -0.186380 0.470182 -0.475276 -0.923501 -0.314029 0.397783 -0.500418 -0.666689 -0.176724 -0.393716
VERTEX_POSE A20 -0.168414 0.254518 0.348339 -0.353991 -0.113832 0.508394 -0.827610 0.671003 0.199068 -0.243700 -0.758687 -0.412418 0.345817 0.597579 0.053705 -0.436134 -0.271247 0.995257 0.638336 0.071254
VERTEX_POSE A21 -0.311154 0.002657 -0.981823 -0.622912 -0.357622 -0.151117 -1.109354 -0.327521 0.547078 0.179322 -0.727432 -0.958453 0.284818 -0.479717 -0.336531 0.021935 0.117997 -0.102916 -0.142065 0.695793
VERTEX_POSE A22 -0.309132 0.643581 -0.778422 -0.723856 0.408417 0.132097 0.071391 0.534814 0.765019 0.365522 -0.466473 0.613437 -0.391760 0.339652 0.160667 0.171701 0.596541 0.091784 -0.831617 -0.195957
VERTEX_POSE A23 0.715037 0.573882 -0.128305 -0.887341 0.945743 0.183983 -0.180741 -0.446446 -0.198167 0.300596 0.646576 -0.436448 0.236814 -0.393929 0.714888 -0.014008 0.132274 0.253843 0.812284 -0.221485
VERTEX_POSE A24 0.479477 0.455464 0.753912 0.317654 0.615270 -0.077639 -0.179214 0.624429 0.453154 -0.142752 0.366488 -0.631960 0.003189 0.216777 0.099795 0.633270 0.212416 -0.025405 0.409656 0.070828
VERTEX_POSE A25 0.812421 0.235633 0.463894 0.555860 0.109286 0.466909 0.009462 -0.366348 -0.197897 0.108372 0.842456 0.442312 -0.869941 0.370059 0.266252 0.515521 0.397987 0.789325 0.335166 0.086307
VERTEX_POSE A26 0.226769 0.243956 0.992102 0.654441 0.642068 1.070246 -0.535408 -0.598068 -0.103007 -0.528106 0.763339 0.250818 -0.725638 0.697510 0.458572 0.656008 0.423758 0.670159 0.596567 0.521425
VERTEX_POSE A27 -0.545368 -0.136129 -0.442956 -0.035016 0.844945 0.769914 -0.281873 -1.009799 -0.409190 0.667358 -0.567687 0.717856 0.871846 0.314284 0.545214 0.156347 0.342880 -0.354363 0.623678 -0.374231
VERTEX_POSE A28 -0.614426 0.566296 0.037401 -0.554748 -0.768240 0.162883 -0.585841 -0.477016 -0.696030 0.151874 -0.715200 -0.206250 -0.492365 0.324669 -0.536840 0.357730 0.411491 -0.493752 -0.590633 0.267817
VERTEX_POSE A29 -0.160439 -0.861853 -0.518751 -0.316328 0.932502 0.061302 0.268593 -0.576264 0.770180 -0.691279 -0.617862 -0.034525 0.819904 -0.708750 0.969836 0.565931 0.522252 0.083059 -0.055490 -0.238121
VERTEX_POSE A30 -0.324821 -0.706447 0.924267 0.430775 0.147308 0.602932 0.180555 -0.393849 -0.306376 0.889218 -0.604244 -0.084549 -0.868630 -0.645557 0.861851 0.103628 0.468389 0.617446 0.001327 -0.657425
VERTEX_POSE A31 -0.490331 0.768816 0.131305 -0.663741 -0.106210 -0.564338 -0.707141 -0.381688 -0.546747 0.379963 0.553948 -0.127793 -0.560639 0.748331 -0.661564 0.295369 -0.318386 -0.236716 0.285417 0.116312
VERTEX_POSE A32 0.315501 -0.347375 0.282268 0.316502 -0.180902 0.467457 0.686057 0.445358 -0.188464 -0.132473 -0.421842 0.310663 -0.641785 0.456220 0.421227 -0.389498 0.133918 -0.724185 -0.024547 0.670863
VERTEX_POSE A33 0.770818 0.439824 0.716474 0.748365 0.014944 -0.464058 -0.652922 -0.650750 -0.476177 -0.638014 0.916930 0.413513 -0.198624 0.105904 0.111430 -0.600285 -0.425340 0.923720 -0.495581 0.149653
VERTEX_POSE A34 -0.399586 0.621499 0.739064 0.775307 -0.824896 0.510970 0.058885 0.042131 -0.173075 -0.889256 -0.151369 0.581518 -0.339541 -0.418707 -0.104787 -0.334616 0.787569 -0.618491 0.034941 -0.449945
VERTEX_POSE A35 0.774651 0.550825 0.679187 0.082472 0.303444 -0.645323 -0.081127 1.012698 -0.592897 -0.089841 -0.603068 -0.068695 -0.648466 -0.308184 0.568004 0.721400 0.102104 0.703134 -0.796326 0.308325
VERTEX_POSE A36 0.188539 -0.643187 0.214062 -0.319326 0.903041 0.365206 -0.192461 0.925160 0.875403 0.443427 -0.354140 0.202626 0.480475 -0.281675 0.471589 0.209359 0.489925 -0.531032 0.967884 0.380067
VERTEX_POSE A37 0.318660 0.704780 -0.177245 0.983199 -0.502235 0.756882 -0.465495 -0.710903 0.403942 0.661200 0.506728 -0.292468 0.880874 -0.804528 -0.022907 -0.006848 -0.405263 -0.872873 -0.392621 -0.101732
VERTEX_POSE A38 0.722158 -0.432796 0.444468 0.149650 -0.343827 0.409760 0.476497 -0.107299 -0.560623 -0.474677 -0.394896 -0.570172 0.667023 -0.444165 -0.511624 0.195019 0.840699 -0.050732 -0.369202 0.010844
VERTEX_POSE A39 0.686055 -0.719668 0.778671 -0.375243 -0.004737 -0.612635 0.069104 -0.783129 -0.286712 -1.204184 0.385342 -0.723387 -0.033369 -0.158798 0.715497 -0.091614 0.002509 -0.497683 0.525450 0.976441
VERTEX_POSE A40 0.459172 -0.934879 -0.687034 0.746507 -0.312732 -0.505341 -0.148794 0.056693 0.428119 -0.690556 -0.261312 -0.493712 -0.488494 -0.028095 0.242453 -0.190139 0.790277 0.215535 0.117720 -0.301364
VERTEX_POSE A41 0.205768 -0.186773 0.133519 0.307245 -0.910620 0.421147 0.092552 0.320921 0.187173 0.491682 -0.662465 -0.650144 0.062898 -0.079296 -0.308795 0.119129 0.096259 0.077949 -0.684143 -0.423217
VERTEX_POSE A42 -0.707256 0.886818 -0.579539 0.975049 -0.519913 0.596037 -0.341963 -0.337579 0.022738 0.784189 0.290951 -0.616732 -0.155869 0.322169 0.462753 -0.288290 0.904842 -0.417819 -0.534369 0.060870
VERTEX_POSE A43 0.564188 -0.707926 -0.805537 0.018071 -0.729029 0.310686 0.486204 -0.471391 0.286208 -0.251183 0.700620 -0.710025 -0.820096 -0.840633 -0.382649 -0.693777 0.776172 1.135903 -0.816027 -0.311591
VERTEX_POSE A44 0.712832 -0.318715 0.512157 -0.366049 0.441559 0.652947 0.050181 0.419650 0.368753 0.133367 -0.568716 0.031488 0.886139 0.044128 0.530621 -0.202800 -0.184470 0.057586 -0.038852 0.559164
VERTEX_POSE A45 0.171085 -0.536508 0.719258 0.751684 0.380602 -0.539317 0.420873 -0.755281 0.891957 0.578538 -0.267615 0.342804 -0.568156 -0.026060 0.173298 -0.014559 -0.349656 0.141715 -0.647477 -0.699338
VERTEX_POSE A46 -0.560327 -0.564007 -0.194314 -0.946505 -0.046357 -0.645353 0.027890 -0.014978 0.591849 0.266223 -0.649709 -0.816757 0.442261 -0.391458 -0.120655 -0.614423 0.565010 -0.161938 -0.910974 -0.761457
VERTEX_POSE A47 0.380938 0.896261 -0.627631 -0.980228 0.102207 -0.652828 -0.366579 0.336775 -0.348065 0.612043 0.937939 -0.024955 -0.781048 0.637246 -0.832999 0.502915 -0.353686 -0.666204 -0.560120 -0.401681
VERTEX_POSE A48 -0.111268 0.836157 -0.849989 -0.682731 -0.998627 -0.920441 -0.870967 0.349833 -0.890871 0.434782 -0.761855 0.020733 -0.158085 0.689395 -0.413006 0.729047 0.737367 -0.187754 0.585660 0.354029
VERTEX_POSE A49 0.966389 -0.965708 -0.444327 0.367101 -0.720179 -0.171709 -0.531720 -0.583614 -0.061778 -0.559269 -0.734909 0.971824 0.478584 -0.604192 -0.627811 0.388552 -0.474032 0.448816 -0.773176 0.320739
VERTEX_POSE A50 0.519156 0.147389 -0.547621 0.565609 0.914754 0.075917 -0.393075 -0.154246 -0.580038 -0.170969 -0.404672 -0.216368 0.628741 0.141121 0.158301 -0.247154 0.460112 0.517564 0.204491 -0.512627
VERTEX_POSE A51 0.720318 0.090674 0.498350 -0.036722 -0.112459 -0.857810 0.843143 -0.240364 -0.010508 -0.142207 0.644475 0.817476 0.451017 -0.659540 0.116998 0.322783 -0.077187 -0.422282 -0.746664 -0.825925
VERTEX_POSE A52 -0.344765 0.036950 -0.426150 0.744189 -0.077801 0.333757 0.493143 -0.178791 0.501826 0.287082 0.700248 0.148554 -0.768245 0.072063 -0.468543 -0.058835 0.710287 -0.655238 0.338956 -0.046341
VERTEX_POSE A53 -0.789976 -0.209030 -0.326044 0.841752 0.323171 0.699145 -0.126131 -0.354029 -0.403589 0.018994 -0.910649 -0.381822 -1.036289 0.359935 -0.539853 0.643459 0.487840 0.648583 0.073305 0.432918
VERTEX_POSE A54 0.435355 -0.335444 -0.629956 0.075937 -0.166716 -0.435337 -0.585260 -0.077746 -0.030894 -0.680550 0.270448 -0.649616 0.721774 0.428269 -0.888651 -0.177190 -0.440070 -0.140782 -0.252909 0.982716
VERTEX_POSE A55 -0.865287 -0.507586 -0.672237 0.061843 -0.462531 -1.046237 -0.223964 0.060126 -0.230862 0.981397 0.565976 0.070894 0.088912 0.388483 -0.206381 -0.558246 0.698667 -0.463710 0.278767 -0.668996
VERTEX_POSE A56 -0.977554 -0.973398 -0.862149 0.397613 -0.567543 -0.452367 -0.097848 -0.781703 0.273252 0.914100 -0.418638 -0.833178 0.037124 -0.198466 0.573273 -0.365100 -0.688061 0.093521 -0.575367 -0.108358
VERTEX_POSE A57 -0.337876 0.908513 -0.637854 -0.269622 -0.524648 0.770011 0.114032 -0.522100 0.096444 -0.734871 0.318940 -0.174711 0.622059 0.269069 0.347214 0.178349 0.534684 0.471700 0.063223 0.493158
VERTEX_POSE A58 -0.410655 0.356285 -0.115193 -0.973172 -0.617587 0.365798 0.239414 0.023564 -0.041292 -0.672933 -0.238223 -0.124268 -0.284323 0.884603 -0.851501 0.098501 -0.134091 -0.123944 0.539139 0.183202
VERTEX_POSE A59 -0.591981 0.592898 0.175252 0.842865 -0.335784 0.232472 -0.897174 0.146579 0.259433 0.230225 0.153326 -0.237272 -0.307343 -0.512091 0.644964 0.099592 -0.694613 0.607493 0.019231 0.415877
VERTEX_POSE A60 0.501686 -0.953340 -0.156605 0.414050 -0.592146 0.091597 0.546676 0.673256 0.742954 0.527037 -0.294462 0.082195 -0.149270 -0.522619 -0.267955 -0.030249 0.263070 -0.646805 0.676361 -0.418288
VERTEX_POSE A61 0.264524 0.649838 -0.190926 0.457603 0.529721 -0.576852 0.411908 0.701630 -0.640799 -0.291309 -0.629964 -0.546488 -0.436003 0.829721 -0.752433 0.800565 -0.431712 0.478677 0.867056 0.270862
VERTEX_POSE A62 -0.082312 0.361714 -0.693443 -0.820876 0.558006 -0.932954 -0.187757 0.579929 -0.679932 -0.851138 -0.730153 -0.638517 0.614885 -0.802692 -0.125790 -0.761783 0.567668 0.662130 -0.690340 -0.598875
VERTEX_POSE A63 -0.182813 -0.300715 -0.874337 -0.269448 0.226952 -0.235690 -0.131819 -0.635935 0.973321 0.028920 0.163099 0.165496 0.712178 -0.700848 -0.287577 -0.274458 0.056406 -0.325586 0.786296 0.541863
VERTEX_POSE A64 0.035341 0.089663 -0.474452 0.205967 -0.455335 0.336448 0.428191 0.001419 -0.548025 0.950879 0.344405 -0.375077 -0.711361 0.408950 -0.417139 -0.104038 0.871400 0.938738 0.071189 0.751166
VERTEX_POSE A65 0.518102 -0.016787 -0.954378 0.954431 0.733111 -0.279384 0.705074 0.653257 0.488281 -0.489319 -0.072256 0.653272 0.527111 -0.070517 0.123062 0.572935 -0.823701 0.764878 0.027531 0.477493
VERTEX_POSE A66 -0.408162 -0.749891 0.804850 0.813024 -0.469604 0.290814 0.416916 -0.344766 0.358738 -0.923353 -0.301756 0.645590 0.131921 0.827521 0.566880 -0.176081 -0.007020 -0.542833 -0.413843 0.592716
VERTEX_POSE A67 -0.776119 0.446476 0.739610 0.886642 -0.552294 0.571276 0.543699 0.492081 0.307632 0.512378 -0.214210 0.855669 -0.671636 -0.270957 0.172926 -0.144709 0.828010 0.275059 0.478067 -0.460084
VERTEX_POSE A68 -0.163239 -0.312007 -0.131623 0.937630 -0.769125 -0.756067 -0.121537 -0.192060 -0.569410 0.069680 0.226980 -0.073885 -0.386499 0.763907 0.184335 -0.391921 0.246189 0.010891 -0.782823 -0.450392
VERTEX_POSE A69 -0.686004 -0.182687 0.249318 -0.037326 0.186569 0.317304 0.285631 -0.394219 0.449106 -0.512488 -0.577995 0.009160 -0.015492 -0.670343 -0.791090 -0.617412 -0.195385 0.511727 -0.681529 0.461657
VERTEX_POSE A70 0.909936 0.726808 0.518281 -0.488601 0.442969 -0.730229 -0.579047 0.753635 -0.308526 -0.644303 -0.590035 0.913328 -0.730133 0.325638 0.103512 0.437486 0.672096 -0.040077 0.001377 -0.032446
VERTEX_POSE A71 -0.704067 -0.246885 0.181343 0.684137 -0.081856 -0.719146 -0.632141 0.079779 -0.064452 -0.099523 0.210032 0.548574 -0.232914 -0.565206 0.201708 0.335844 0.772061 0.531594 -0.754313 0.423700
VERTEX_POSE A72 0.519764 0.630540 -0.617163 -0.730081 0.275949 -0.704337 -0.586037 -0.287053 0.367990 0.452767 0.205749 0.754011 -0.130748 0.203041 -0.180301 -0.483975 1.153724 -0.625687 0.907892 0.356365
VERTEX_POSE A73 -0.797321 0.613625 0.938742 -0.513552 0.923056 0.625186 0.068741 0.409005 0.462583 -0.218780 -0.375190 -0.353729 -0.459478 0.404202 -0.199005 0.390413 -0.391597 0.044632 -0.596178 -0.383119
VERTEX_POSE A74 0.860122 0.045188 0.375806 -0.297793 0.189115 -0.673121 -0.398504 -0.649999 -0.477455 0.438850 -0.558693 -0.462296 -0.071727 0.878681 -0.527373 0.950402 0.222693 -0.674612 -0.606789 0.267748
VERTEX_POSE A75 0.232596 -0.688176 0.894994 -0.096130 -0.282492 0.172234 0.033952 0.709761 0.372485 -0.090335 0.360533 -0.687249 -0.657741 0.315157 -0.486646 0.347156 -0.274594 0.377416 -0.676413 -0.459911
VERTEX_POSE A76 0.373764 -0.922882 0.658000 -0.761868 0.303658 -0.420616 -0.408367 0.619944 -0.729737 0.662634 0.147276 -0.242930 -0.825527 0.126609 -0.739916 -0.200712 -0.721427 0.208759 -0.178545 -0.645754
VERTEX_POSE A77 -0.700205 0.481181 -0.818508 -0.244298 -0.857242 0.346136 -0.398312 -0.066749 0.207504 -0.135201 -0.059818 -0.899168 -0.395070 -0.009388 -0.211194 0.743577 -0.490715 -0.086988 0.370972 0.880123
VERTEX_POSE A78 -0.386466 -0.791915 -0.732637 -0.076358 0.819716 -0.763574 -0.006955 0.658170 0.612312 0.656245 0.480681 0.339162 0.283757 0.490996 -0.426676 0.171561 0.490079 0.449384 -0.957258 0.558125
VERTEX_POSE A79 -0.737504 0.913274 0.808011 -0.444599 0.305031 -0.451896 -1.038065 -0.037388 0.255288 0.341986 -0.618098 0.226165 -0.689139 0.063528 -0.954511 0.123489 -0.827725 0.767321 -0.368388 -0.864753
VERTEX_POSE A80 -0.733816 0.515474 -0.262835 -0.877197 -0.577421 0.749467 -0.678849 -0.061020 0.498947 0.439313 -0.418968 0.474133 0.704207 0.552822 0.040508 -0.293162 0.864392 0.451391 -0.071848 -0.093823
VERTEX_POSE A81 -0.867310 0.355475 -0.280258 -0.510749 0.734469 0.732706 -0.581269 0.665115 -0.793487 -0.240255 0.618687 0.169642 0.847943 0.735922 -0.309567 0.295035 0.095347 -0.378706 -0.482555 0.242249
VERTEX_POSE A82 0.982814 0.003949 0.306360 0.518680 -0.807428 -0.503940 -0.266040 -0.931824 0.469047 -0.840315 0.029235 0.387612 0.723829 -0.238311 -0.767808 -0.035827 0.596642 0.330811 -0.145080 0.203084
VERTEX_POSE A83 -0.078581 -0.447576 0.311015 0.866992 0.344778 0.042204 -0.282188 0.485406 -0.610617 0.162751 -0.784888 0.584230 0.948323 0.052957 -0.462553 0.578034 0.045045 -0.688817 0.254609 0.740190
VERTEX_POSE A84 -0.657285 -0.853556 0.393698 -0.668996 0.057640 -0.876480 -0.337477 -0.728008 0.400473 -0.747475 0.311469 -0.772234 -0.236954 0.785906 0.270540 -0.814743 -0.443106 0.088719 0.461997 -0.406205
VERTEX_POSE A85 0.418169 0.668505 0.676404 -0.405384 0.025856 -0.470682 0.794367 0.268946 0.778207 0.563302 -0.663428 -0.419653 -0.490523 -0.136256 -0.434225 -0.233804 -1.001116 -0.631383 0.588937 -0.239131
VERTEX_POSE A86 0.056132 0.044838 0.638778 -0.071164 0.882246 -0.549175 -0.465256 -0.845255 -0.107132 0.993036 -0.504584 0.831260 -0.086632 -0.147205 0.429385 -0.383263 -0.465458 -0.453571 -0.192825 0.432179
VERTEX_POSE A87 -0.634840 -0.826953 0.531549 0.728616 0.490097 0.611049 0.354829 -0.067996 -0.565361 0.077307 -0.107575 -0.385293 0.385469 0.064083 -0.025583 0.471929 -0.698069 -0.021490 0.582578 0.578773
VERTEX_POSE A88 -0.919706 0.577018 -0.961449 0.324994 0.501208 0.067322 -0.797707 0.359146 0.286604 -0.127211 -0.070969 0.088822 -0.098925 -0.667457 -0.861059 -0.138996 -0.094784 -0.052313 0.396355 0.500216
VERTEX_POSE A89 0.645477 -0.598877 -0.476415 -0.044337 -0.735340 -0.834413 -0.000114 0.246611 0.147672 -0.806402 0.651152 -0.107183 -0.690654 -0.640315 0.618926 0.114666 0.221301 -0.208348 0.124829 0.460679
VERTEX_POSE A90 -0.226820 0.765945 -0.293199 0.571481 -0.845687 -0.307037 -0.304365 0.959634 0.284090 0.405672 0.315432 -0.926106 0.164315 -0.192874 -0.117306 0.897768 0.183538 -0.274529 -0.177715 -0.174631
VERTEX_POSE A91 0.581980 0.623678 -0.118055 -0.260956 0.909061 0.654936 -0.639125 -0.569095 -0.520644 0.410146 -0.890214 0.647955 0.769169 -0.327655 -0.030787 -0.489874 -0.438029 0.574579 0.206513 0.188061
VERTEX_POSE A92 -0.089999 -0.949039 0.332659 -0.586734 0.794381 0.401462 0.248887 0.382279 -0.748086 -0.166685 -0.592336 0.363001 -0.176597 -0.534010 -0.669322 0.345278 0.554231 -0.068402 -1.032043 0.464658
VERTEX_POSE A93 0.690868 0.127659 0.013358 0.750605 0.712320 0.501361 -0.843373 1.093457 0.468810 0.735886 0.923747 0.692831 -0.775976 -0.504786 -0.786695 0.243990 0.410825 -0.998892 -0.808306 0.308696
VERTEX_POSE A94 -0.600833 -0.677037 0.007608 0.469596 0.136013 0.317673 -0.861869 -0.398224 0.373727 -0.023541 0.730939 -0.173851 -0.352419 -0.226675 0.027405 -0.540905 0.656370 0.973368 0.242607 -0.209645
VERTEX_POSE A95 0.945343 0.140623 0.858206 0.619234 -0.660954 0.294663 -0.122180 -0.527679 0.062917 -0.229487 0.457684 -0.561242 0.005688 0.432405 -0.655715 -0.465806 -0.459259 -0.312598 0.805517 -0.218276
VERTEX_POSE A96 0.208970 -0.889128 0.058980 0.705036 0.445430 -0.455884 0.065561 0.078520 -0.762798 0.685049 0.288150 -0.022272 -0.034013 -1.054662 -0.835775 -0.818298 -0.135687 0.211935 -0.623912 0.560094
VERTEX_POSE A97 -0.008996 -0.426928 -0.187542 0.282620 0.666409 -0.372975 -0.014124 -0.274481 -0.529190 -0.598577 -0.381672 -0.631076 0.199597 0.707903 -0.215521 0.747769 -0.482638 -0.324367 0.107619 -0.118293
VERTEX_POSE A98 -0.830777 -0.412901 0.597816 0.505875 -0.213248 -0.459291 0.747013 -0.104649 0.614391 0.237313 0.411759 0.362215 -0.094039 -0.134785 0.103182 0.410388 0.565346 0.471330 0.401017 -0.658895
VERTEX_POSE A99 -0.954269 -0.201134 0.927357 0.642667 0.676306 -0.291007 0.264802 -0.579438 -0.775305 -0.129989 0.427853 0.477159 -0.316103 0.150839 -0.133919 -0.323745 -0.629536 -0.103850 -0.806494 -0.065623
VERTEX_POINT L0 0.305000 0.390385 -0.938224 -0.754705 -0.147022
VERTEX_POINT L1 -0.920841 -0.686093 0.116097 -0.982726 -0.770279
VERTEX_POINT L2 -0.658336 0.551981 0.108700 0.326804 -0.405551
VERTEX_POINT L3 -0.175237 0.020925 -0.555387 -0.484786 -0.871072
VERTEX_POINT L4 -0.718162 0.927532 0.054839 -0.496278 -0.847223
VERTEX_POINT L5 -0.798214 -0.402831 -0.515495 -0.970989 0.783564
VERTEX_POINT L6 -0.942641 0.332749 -0.660394 0.419083 -0.153564
VERTEX_POINT L7 0.655602 -0.995350 -0.287161 -0.258146 0.456435
VERTEX_POINT L8 -0.498419 -0.921650 -0.334003 -0.215287 0.926322
VERTEX_POINT L9 -0.329106 0.540835 -0.393031 -0.657274 -0.333849
VERTEX_POINT L10 0.918098 0.917924 -0.479150 0.297256 -0.238534
VERTEX_POINT L11 -0.232236 0.593824 0.403162 -0.092483 -0.651099
VERTEX_POINT L12 -0.196416 -0.103691 0.326710 -0.168023 -0.599379
VERTEX_POINT L13 0.900912 -0.078127 0.827210 -0.184065 -0.045962
VERTEX_POINT L14 0.689184 -0.853753 -0.285823 -0.225491 0.693679
VERTEX_POINT L15 0.146298 0.042754 -0.279592 0.162980 0.458261
VERTEX_POINT L16 0.319081 -0.409622 0.503614 0.410552 0.979894
VERTEX_POINT L17 -0.254684 0.191085 -0.647045 0.703345 0.575925
VERTEX_POINT L18 0.511459 0.215800 -0.748043 -0.108403 -0.051642
VERTEX_POINT L19 0.399375 -0.832604 0.542165 -0.264454 0.481102
VERTEX_POINT L20 -0.609207 0.592208 -0.123460 -0.340992 0.840584
VERTEX_POINT L21 -0.715362 -0.018255 -0.041242 -0.536922 0.102671
VERTEX_POINT L22 -0.018645 0.791074 -0.575890 0.474590 0.390163
VERTEX_POINT L23 0.300795 0.643168 -0.790801 0.072275 0.634965
VERTEX_POINT L24 0.975506 -0.890595 0.972117 -0.786317 -0.185009
VERTEX_POINT L25 0.380521 -0.885963 0.431718 -0.055814 -0.473824
VERTEX_POINT L26 0.246137 -0.216209 -0.932595 -0.308492 0.974011
VERTEX_POINT L27 0.184476 -0.779723 0.031097 0.918720 -0.739579
VERTEX_POINT L28 -0.628474 -0.312891 -0.755823 -0.773194 -0.807415
VERTEX_POINT L29 0.415361 0.370891 0.665222 -0.802616 -0.239238
VERTEX_POINT L30 0.230207 0.019143 -0.041546 0.561386 0.936727
VERTEX_POINT L31 0.676525 -0.922506 -0.694047 -0.527899 0.045564
VERTEX_POINT L32 0.494520 0.684797 -0.218681 -0.785342 -0.009517
VERTEX_POINT L33 0.571871 -0.428877 -0.932847 -0.111810 -0.468824
VERTEX_POINT L34 -0.498711 0.098419 -0.249435 -0.012685 0.174491
VERTEX_POINT L35 0.776358 0.612329 0.836157 -0.281620 0.143260
VERTEX_POINT L36 0.773657 0.168292 -0.448341 -0.082799 -0.685259
VERTEX_POINT L37 -0.441352 -0.568832 0.090172 -0.593602 -0.979073
VERTEX_POINT L38 0.431960 0.616979 -0.451004 0.460234 -0.400305
VERTEX_POINT L39 -0.724762 0.246643 0.217656 0.701914 -0.758937
VERTEX_POINT L40 0.229542 0.972003 0.697140 -0.250876 -0.312922
VERTEX_POINT L41 0.350058 0.534904 0.069846 -0.242510 0.361161
VERTEX_POINT L42 0.043002 -0.159533 -0.379182 -0.390569 -0.410036
VERTEX_POINT L43 -0.966874 -0.131688 0.023851 0.581101 0.087699
VERTEX_POINT L44 0.250971 -0.543223 -0.102944 0.573426 -0.684801
VERTEX_POINT L45 -0.267815 -0.013286 0.334995 0.383940 -0.716357
VERTEX_POINT L46 0.179424 0.911066 0.744259 -0.255919 -0.454040
VERTEX_POINT L47 -0.429948 0.047155 -0.599330 -0.016023 -0.704908
VERTEX_POINT L48 0.477501 -0.822201 0.687950 0.087285 0.859567
VERTEX_POINT L49 -0.309117 0.126866 0.996216 0.635678 0.494318
VERTEX_POINT L50 0.969427 0.214552 0.942834 0.719523 0.776194
VERTEX_POINT L51 0.868295 0.770006 -0.435510 0.746294 0.700152
VERTEX_POINT L52 -0.024479 -0.891388 -0.045026 -0.901244 -0.403011
VERTEX_POINT L53 -0.049218 0.005626 -0.633056 0.194113 0.166357
VERTEX_POINT L54 0.169089 0.413175 -0.226311 -0.181432 0.335117
VERTEX_POINT L55 -0.048973 -0.781984 -0.072909 -0.687561 0.411980
VERTEX_POINT L56 -0.668696 0.119662 0.798663 -0.861701 0.692534
VERTEX_POINT L57 -0.584773 -0.803034 -0.158906 0.510076 0.309127
VERTEX_POINT L58 -0.864497 -0.561707 0.958188 -0.768842 0.672401
VERTEX_POINT L59 -0.297171 0.806771 -0.957160 -0.634895 0.885119
VERTEX_POINT L60 0.830588 0.567857 -0.493684 0.707460 -0.930110
VERTEX_POINT L61 0.365710 0.457436 -0.083359 0.792545 0.609128
VERTEX_POINT L62 -0.620646 0.884265 -0.651208 -0.162794 -0.069317
VERTEX_POINT L63 0.325107 0.252654 0.287634 0.922118 0.060373
VERTEX_POINT L64 -0.062419 -0.971441 -0.016206 -0.319265 -0.859695
VERTEX_POINT L65 -0.119357 -0.017316 0.099358 0.824521 -0.894826
VERTEX_POINT L66 0.101466 -0.135016 0.123792 -0.359502 -0.796367
VERTEX_POINT L67 -0.288762 0.196852 0.535453 0.597936 -0.544955
VERTEX_POINT L68 0.439292 0.413853 -0.810471 -0.769081 -0.873899
VERTEX_POINT L69 -0.466574 -0.518037 0.672788 -0.899268 -0.196672
VERTEX_POINT L70 -0.013525 -0.556506 -0.246892 0.299850 -0.303892
VERTEX_POINT L71 -0.331166 0.385856 0.886670 -0.019957 -0.186821
VERTEX_POINT L72 0.883484 -0.983133 -0.257366 -0.141778 -0.835511
VERTEX_POINT L73 -0.970523 0.283961 0.373926 0.909281 0.286072
VERTEX_POINT L74 -0.298041 -0.745832 -0.089480 -0.438857 0.900877
VERTEX_POINT L75 0.134455 -0.526357 0.639689 -0.568352 -0.520312
VERTEX_POINT L76 -0.238337 -0.729325 -0.291079 0.293222 0.569714
VERTEX_POINT L77 0.881383 -0.834766 -0.345220 0.305225 -0.553163
VERTEX_POINT L78 0.704507 0.520799 -0.959641 0.415625 -0.225220
VERTEX_POINT L79 -0.760836 -0.551526 -0.603130 -0.619493 0.429282
VERTEX_POINT L80 -0.427734 0.292100 -0.349004 -0.059097 0.941155
VERTEX_POINT L81 0.673934 -0.264650 0.983193 0.135148 -0.449026
VERTEX_POINT L82 -0.892542 -0.781520 -0.038640 -0.873199 0.129434
VERTEX_POINT L83 0.547786 0.400712 0.605970 0.039658 -0.461856
VERTEX_POINT L84 -0.375284 0.740976 -0.649862 -0.670739 0.717331
VERTEX_POINT L85 0.276548 0.631655 0.735049 -0.054631 -0.535450
VERTEX_POINT L86 -0.501187 0.618728 -0.466939 0.352097 0.950124
VERTEX_POINT L87 -0.043980 -0.139362 -0.851199 -0.532440 0.409865
VERTEX_POINT L88 0.691774 0.828621 -0.423857 -0.544555 0.773678
VERTEX_POINT L89 -0.365684 -0.942979 -0.508751 0.583256 0.622525
VERTEX_POINT L90 0.658849 -0.332590 -0.808360 -0.167335 0.294984
VERTEX_POINT L91 0.522362 0.396478 0.082459 -0.837095 0.843568
VERTEX_POINT L92 -0.999974 0.514457 0.407890 0.375800 0.231653
VERTEX_POINT L93 -0.961797 -0.448325 -0.459568 0.669871 -0.774333
VERTEX_POINT L94 -0.152531 -0.350868 -0.629907 -0.914977 -0.096059
VERTEX_POINT L95 -0.062393 0.543016 -0.608316 -0.943465 0.371958
VERTEX_POINT L96 -0.081153 0.534359 0.639790 0.494392 -0.669160
VERTEX_POINT L97 0.948935 0.514116 0.493884 -0.274479 0.107574
VERTEX_POINT L98 0.648845 -0.260132 0.927137 0.654470 0.827003
VERTEX_POINT L99 -0.641862 -0.051788 0.829319 0.725311 -0.543059
VERTEX_POINT L100 -0.517639 0.996078 0.166672 -0.173747 0.910903
VERTEX_POINT L101 -0.364680 0.183362 -0.319755 -0.045680 -0.476889
VERTEX_POINT L102 0.026972 -0.665932 0.715989 -0.294646 0.270120
VERTEX_POINT L103 -0.634155 -0.987055 0.909306 0.684476 -0.924608
VERTEX_POINT L104 -0.335203 -0.532677 -0.945829 -0.136399 0.809183
VERTEX_POINT L105 0.728931 -0.411764 -0.373491 0.266497 0.170997
VERTEX_POINT L106 0.500300 -0.513412 0.548995 -0.883876 -0.444921
VERTEX_POINT L107 0.426459 -0.262002 -0.236908 -0.843177 0.378897
VERTEX_POINT L108 0.610314 -0.246531 0.281289 -0.428278 0.617834
VERTEX_POINT L109 0.204807 -0.992613 0.589353 0.531749 0.329859
VERTEX_POINT L110 0.665623 0.186472 0.159962 -0.462670 -0.191821
VERTEX_POINT L111 -0.817420 -0.954430 0.932285 0.512625 0.558989
VERTEX_POINT L112 -0.121259 -0.257262 0.572547 -0.333102 0.880833
VERTEX_POINT L113 0.773082 0.404952 -0.878678 -0.335870 0.937613
VERTEX_POINT L114 0.730366 0.446281 0.538255 -0.447717 -0.902867
VERTEX_POINT L115 0.503457 -0.516287 0.922684 -0.003841 0.598164
VERTEX_POINT L116 0.049629 0.036607 0.856371 0.609499 -0.597837
VERTEX_POINT L117 -0.770820 0.065009 -0.928684 0.904380 -0.952743
VERTEX_POINT L118 -0.540523 0.344352 -0.928515 0.463719 0.008029
VERTEX_POINT L119 -0.258597 -0.134772 -0.567486 -0.935056 -0.824159
VERTEX_POINT L120 -0.136504 0.122030 -0.437435 0.487636 0.669782
VERTEX_POINT L121 -0.881674 -0.988238 -0.736875 -0.703616 -0.696987
VERTEX_POINT L122 -0.736235 -0.738294 0.514973 -0.772150 -0.980591
VERTEX_POINT L123 -0.136478 -0.363513 0.970454 -0.136564 -0.098564
VERTEX_POINT L124 -0.843471 -0.436563 -0.196443 0.966256 -0.471320
VERTEX_POINT L125 0.111234 -0.089162 0.885066 -0.687127 -0.076651
VERTEX_POINT L126 0.801129 -0.820497 -0.637862 -0.080029 -0.726606
VERTEX_POINT L127 0.075376 -0.902204 -0.556653 0.460648 -0.140480
VERTEX_POINT L128 0.060169 -0.575046 0.378950 0.038394 -0.969076
VERTEX_POINT L129 0.449973 -0.080630 -0.710725 -0.425559 -0.899603
VERTEX_POINT L130 0.433515 0.046008 -0.727333 0.185959 0.316461
VERTEX_POINT L131 0.542530 -0.578968 -0.454378 0.864647 0.941826
VERTEX_POINT L132 -0.914707 -0.897268 -0.030480 0.528762 -0.376492
VERTEX_POINT L133 -0.539514 0.380076 0.988656 0.891313 -0.413419
VERTEX_POINT L134 0.908375 -0.566023 -0.545072 0.549123 -0.982782
VERTEX_POINT L135 -0.249910 -0.429945 0.023691 -0.607637 -0.567309
VERTEX_POINT L136 -0.810582 0.968311 -0.384835 0.157810 0.757578
VERTEX_POINT L137 0.408674 -0.079434 -0.996077 0.665247 -0.427703
VERTEX_POINT L138 -0.823451 0.308053 0.786782 -0.450814 0.811588
VERTEX_POINT L139 0.799732 -0.278219 0.896454 0.729532 0.375412
VERTEX_POINT L140 -0.386519 -0.072047 0.593276 0.196996 0.902156
VERTEX_POINT L141 0.842173 -0.505475 -0.053255 0.086516 -0.380233
VERTEX_POINT L142 0.982311 -0.232650 0.828739 0.242157 -0.065599
VERTEX_POINT L143 0.492222 0.670691 0.165823 0.863894 0.782990
VERTEX_POINT L144 0.615254 0.899477 0.068067 0.750646 -0.442620
VERTEX_POINT L145 0.712678 -0.786369 0.366994 0.794439 0.031534
VERTEX_POINT L146 -0.004321 -0.845596 0.088507 -0.139948 0.381154
VERTEX_POINT L147 -0.335117 -0.063915 -0.075561 0.360146 -0.040457
VERTEX_POINT L148 0.941857 0.278641 0.438310 0.698819 0.078792
VERTEX_POINT L149 0.455156 0.498756 0.159992 -0.676229 -0.610817
VERTEX_POINT L150 0.406286 0.801313 0.356953 0.425090 0.135384
VERTEX_POINT L151 -0.194646 -0.599329 -0.999125 0.186455 -0.251426
VERTEX_POINT L152 0.573483 0.510518 0.423116 -0.379844 -0.307804
VERTEX_POINT L153 0.670051 -0.936980 -0.128074 0.652940 0.154793
VERTEX_POINT L154 0.668876 0.037157 0.971329 -0.950109 0.650010
VERTEX_POINT L155 0.730012 -0.926046 -0.773326 -0.413588 0.220876
VERTEX_POINT L156 -0.218714 -0.026142 -0.243008 0.965813 -0.921858
VERTEX_POINT L157 0.470004 0.216660 -0.666533 -0.030138 0.923403
VERTEX_POINT L158 -0.194612 -0.828250 -0.329979 -0.952940 -0.919604
VERTEX_POINT L159 0.841455 0.398812 -0.864058 0.004207 -0.890934
VERTEX_POINT L160 -0.080022 -0.863970 -0.377259 0.544303 -0.976200
VERTEX_POINT L161 -0.761097 0.217758 -0.057312 0.233019 0.396857
VERTEX_POINT L162 0.383984 0.819844 -0.318436 -0.131146 -0.949108
VERTEX_POINT L163 0.005271 -0.761238 0.592261 0.073064 -0.352692
VERTEX_POINT L164 -0.300611 -0.402166 -0.068656 0.124332 0.983437
VERTEX_POINT L165 0.292359 -0.746179 0.136492 -0.582023 -0.931890
VERTEX_POINT L166 0.755361 -0.191182 -0.384048 0.465427 0.079998
VERTEX_POINT L167 -0.111193 -0.433855 0.546509 -0.717858 0.741015
VERTEX_POINT L168 -0.298967 0.174387 0.140415 -0.916776 -0.359593
VERTEX_POINT L169 0.931910 -0.883129 -0.597266 -0.985386 -0.108414
VERTEX_POINT L170 -0.311462 0.287926 0.442964 -0.988326 0.116427
VERTEX_POINT L171 0.314514 -0.897660 -0.266309 0.280220 -0.457437
VERTEX_POINT L172 0.774083 -0.388604 0.349479 0.101129 0.511354
VERTEX_POINT L173 -0.329150 -0.944724 0.271703 0.253831 -0.949172
VERTEX_POINT L174 -0.193263 0.773031 0.899514 0.144113 -0.674447
VERTEX_POINT L175 0.389337 -0.489126 -0.582454 -0.148224 -0.931266
VERTEX_POINT L176 -0.616473 -0.731093 -0.361303 0.048270 0.082363
VERTEX_POINT L177 0.802416 0.927435 -0.011979 -0.995834 0.706707
VERTEX_POINT L178 -0.945780 0.446959 0.341985 -0.788079 0.028277
VERTEX_POINT L179 -0.674615 0.547548 -0.922993 -0.252911 -0.838846
VERTEX_POINT L180 0.257572 0.426191 -0.851988 -0.672063 -0.904110
VERTEX_POINT L181 0.460506 0.248272 -0.301063 0.637011 -0.836339
VERTEX_POINT L182 0.130738 0.948218 -0.922118 0.933544 -0.090272
VERTEX_POINT L183 -0.168945 -0.063292 0.571129 -0.051907 -0.211914
VERTEX_POINT L184 0.130558 0.311291 0.570863 0.289951 0.318453
VERTEX_POINT L185 -0.200386 -0.014624 -0.950789 0.983435 -0.440262
VERTEX_POINT L186 -0.438933 0.010662 0.797802 0.534505 -0.991038
VERTEX_POINT L187 0.911844 -0.714851 -0.672145 0.255764 0.396595
VERTEX_POINT L188 -0.730381 -0.797965 -0.617323 -0.046703 -0.516859
VERTEX_POINT L189 0.366455 0.182413 -0.532176 0.581565 -0.910642
VERTEX_POINT L190 0.753298 0.683961 -0.536203 -0.740029 0.505661
VERTEX_POINT L191 0.189596 -0.661935 0.005419 -0.502400 -0.493059
VERTEX_POINT L192 0.605358 -0.599829 0.410512 -0.185416 0.486214
VERTEX_POINT L193 0.137283 0.503806 0.145361 0.128825 0.556553
VERTEX_POINT L194 -0.805133 -0.423172 -0.402320 0.570664 0.154249
VERTEX_POINT L195 -0.695253 -0.001995 -0.658144 0.938915 0.469652
VERTEX_POINT L196 -0.570358 0.757627 -0.718147 0.546802 0.624663
VERTEX_POINT L197 0.950228 0.385646 0.213631 0.036092 -0.765753
VERTEX_POINT L198 0.193554 0.564150 0.888365 -0.778943 0.210667
VERTEX_POINT L199 0.130675 -0.067986 0.422268 0.630026 -0.734931
VERTEX_POINT L200 0.882138 0.502517 0.616365 0.050705 0.125833
VERTEX_POINT L201 0.882092 -0.147924 0.331329 -0.767269 -0.672906
VERTEX_POINT L202 -0.554811 0.034355 -0.844041 -0.089754 -0.192367
VERTEX_POINT L203 0.656221 -0.886087 -0.034156 -0.848165 -0.362813
VERTEX_POINT L204 -0.447058 -0.092648 -0.396968 0.486562 -0.622078
VERTEX_POINT L205 0.251926 -0.192615 -0.944527 -0.945641 0.133185
VERTEX_POINT L206 0.045558 -0.375213 0.383390 0.003610 -0.294079
VERTEX_POINT L207 -0.063531 0.176259 0.241729 -0.465168 0.460285
VERTEX_POINT L208 0.054342 -0.265180 0.043494 -0.941475 -0.160108
VERTEX_POINT L209 0.099778 -0.928254 -0.274625 0.215532 0.734197
VERTEX_POINT L210 0.261854 -0.276193 0.318736 0.281921 0.621439
VERTEX_POINT L211 -0.688086 -0.838989 0.191507 -0.613538 -0.064218
VERTEX_POINT L212 -0.439715 0.320017 0.424312 -0.147457 0.897858
VERTEX_POINT L213 -0.607407 -0.327975 0.396618 0.215466 -0.468833
VERTEX_POINT L214 0.142969 0.097719 -0.237365 0.334555 0.723868
VERTEX_POINT L215 0.690843 -0.368691 -0.004824 -0.857506 0.216311
VERTEX_POINT L216 0.192207 0.657401 0.445829 0.198901 0.090905
VERTEX_POINT L217 0.704036 -0.891619 -0.439562 -0.130940 0.732829
VERTEX_POINT L218 0.602686 -0.083542 0.323031 0.398258 -0.387093
VERTEX_POINT L219 0.461825 0.859436 0.828506 -0.847803 0.574046
VERTEX_POINT L220 0.070491 0.290794 0.028261 -0.549375 0.822187
VERTEX_POINT L221 0.355984 -0.399580 0.786828 0.658228 -0.881432
VERTEX_POINT L222 -0.348579 -0.802498 -0.166075 -0.350203 -0.919013
VERTEX_POINT L223 -0.324151 0.690965 -0.561227 0.265208 0.308401
VERTEX_POINT L224 -0.506733 -0.895775 -0.067811 -0.212947 0.675120
VERTEX_POINT L225 -0.153711 -0.225671 0.431604 -0.779539 0.235236
VERTEX_POINT L226 -0.019404 -0.311029 -0.219371 0.204124 -0.221947
VERTEX_POINT L227 -0.077092 0.861852 0.214042 -0.666145 0.299783
VERTEX_POINT L228 -0.203483 -0.840025 -0.354765 0.256553 0.469483
VERTEX_POINT L229 -0.825850 -0.746879 -0.331006 0.425181 0.988720
VERTEX_POINT L230 -0.946417 -0.206134 -0.363689 0.963881 0.564852
VERTEX_POINT L231 -0.321345 0.662492 -0.738399 -0.692742 -0.404684
VERTEX_POINT L232 -0.943758 0.105197 -0.999677 0.657912 -0.684186
VERTEX_POINT L233 -0.501227 0.828221 -0.207730 -0.125873 -0.627515
VERTEX_POINT L234 -0.665124 0.776405 0.227445 -0.540908 0.232504
VERTEX_POINT L235 -0.390817 -0.987452 -0.396645 0.144474 -0.306264
VERTEX_POINT L236 0.750699 -0.364394 -0.152257 -0.071514 0.505671
VERTEX_POINT L237 0.380434 -0.598808 -0.389165 0.462703 0.938424
VERTEX_POINT L238 0.545652 0.188807 0.845084 0.679306 -0.845979
VERTEX_POINT L239 -0.194960 0.370426 0.891237 -0.012989 -0.654438
VERTEX_POINT L240 -0.519787 -0.527063 0.336210 -0.321766 0.672622
VERTEX_POINT L241 -0.192494 0.912613 0.163820 -0.038772 0.775461
VERTEX_POINT L242 0.116955 0.531437 0.082744 0.373473 0.281344
VERTEX_POINT L243 0.040497 0.792955 -0.239478 0.530777 0.570480
VERTEX_POINT L244 0.200099 -0.415361 -0.439561 -0.823307 -0.693372
VERTEX_POINT L245 -0.740076 -0.370844 0.845379 -0.291972 0.005212
VERTEX_POINT L246 -0.268660 -0.575736 0.755698 0.673271 -0.213209
VERTEX_POINT L247 -0.607694 -0.757961 -0.993733 0.375594 0.397533
VERTEX_POINT L248 0.963960 -0.262462 -0.594183 0.577088 -0.261959
VERTEX_POINT L249 -0.665974 0.340722 0.078728 0.071529 0.399698
VERTEX_POINT L250 0.854131 -0.898524 0.834773 0.527791 -0.028420
VERTEX_POINT L251 0.034451 -0.971668 0.434079 -0.972288 -0.439772
VERTEX_POINT L252 0.690010 0.941142 -0.134444 -0.270243 0.518266
VERTEX_POINT L253 -0.494448 -0.701023 -0.331302 -0.822412 0.052567
VERTEX_POINT L254 0.710300 0.719297 0.872852 0.292921 0.868629
VERTEX_POINT L255 -0.816723 -0.954633 0.797745 0.516810 0.193386
VERTEX_POINT L256 0.351841 0.073307 -0.899698 -0.601951 -0.712197
VERTEX_POINT L257 -0.309104 -0.591732 -0.346519 -0.502956 -0.353318
VERTEX_POINT L258 0.106185 0.907219 0.011787 0.850666 -0.506831
VERTEX_POINT L259 -0.851642 0.233282 -0.254462 0.654602 0.757287
VERTEX_POINT L260 -0.134954 -0.338611 0.322475 0.922225 -0.364598
VERTEX_POINT L261 0.159769 -0.298915 0.648098 0.814547 -0.941978
VERTEX_POINT L262 -0.172987 -0.104226 0.007139 0.961859 -0.647397
VERTEX_POINT L263 -0.078713 0.766585 0.322798 0.580137 -0.048784
VERTEX_POINT L264 0.658541 -0.470694 -0.559632 -0.311326 -0.569493
VERTEX_POINT L265 0.161889 -0.327822 -0.765416 -0.579048 0.585107
VERTEX_POINT L266 0.530470 0.779133 0.926153 -0.275388 0.644952
VERTEX_POINT L267 0.409240 0.164912 0.288111 0.617160 0.936177
VERTEX_POINT L268 -0.457676 0.073370 -0.154581 0.883654 0.523531
VERTEX_POINT L269 0.076123 -0.032060 0.771237 -0.596082 0.798973
VERTEX_POINT L270 -0.785720 -0.464661 0.179348 -0.395830 -0.718260
VERTEX_POINT L271 0.022536 0.546308 -0.818372 -0.438112 0.196153
VERTEX_POINT L272 0.883629 -0.119446 -0.064942 0.365145 0.574434
VERTEX_POINT L273 0.331235 -0.933224 -0.737907 0.977643 0.563084
VERTEX_POINT L274 -0.936967 0.339263 -0.057850 -0.907335 -0.233367
VERTEX_POINT L275 0.083728 0.465192 0.495496 0.541839 0.881062
VERTEX_POINT L276 0.591159 -0.304068 -0.892528 -0.314329 -0.431704
VERTEX_POINT L277 -0.205627 0.763526 -0.302152 0.765936 0.553424
VERTEX_POINT L278 0.476034 0.707232 0.501764 -0.082568 0.278595
VERTEX_POINT L279 0.555119 0.433470 -0.486711 -0.737242 0.306337
VERTEX_POINT L280 0.128399 0.104249 0.776576 -0.162535 -0.046878
VERTEX_POINT L281 0.330165 0.808707 0.336537 -0.554776 -0.749825
VERTEX_POINT L282 -0.410430 0.461802 0.947368 -0.709529 0.866565
VERTEX_POINT L283 -0.181591 0.045390 -0.357868 0.567222 -0.528612
VERTEX_POINT L284 0.835717 -0.892315 -0.994765 -0.377188 0.302742
VERTEX_POINT L285 -0.700130 0.181099 0.820220 0.583391 0.735194
VERTEX_POINT L286 0.001686 0.090757 -0.560123 0.084033 0.664774
VERTEX_POINT L287 0.187558 0.180991 -0.894462 0.020861 0.590546
VERTEX_POINT L288 -0.009234 0.589367 -0.526299 -0.919565 -0.618124
VERTEX_POINT L289 -0.892129 -0.002024 0.451664 -0.065302 -0.842057
VERTEX_POINT L290 0.335916 -0.585727 -0.148925 -0.324537 0.347832
VERTEX_POINT L291 0.855812 -0.749244 0.796176 -0.997339 0.017277
VERTEX_POINT L292 0.267640 0.699061 0.099762 -0.250755 -0.784035
VERTEX_POINT L293 -0.837072 0.310047 0.858214 -0.362678 0.700435
VERTEX_POINT L294 -0.222901 -0.982658 0.118974 0.582798 0.968493
VERTEX_POINT L295 -0.073819 -0.771633 0.540130 0.437919 -0.353529
VERTEX_POINT L296 0.324818 0.982225 -0.907202 0.058273 0.285542
VERTEX_POINT L297 -0.692431 0.796475 0.045127 -0.692590 0.613445
VERTEX_POINT L298 -0.664579 0.393280 -0.171759 0.055078 -0.417351
VERTEX_POINT L299 0.867141 0.055595 -0.061784 -0.058072 -0.190927
VERTEX_POINT L300 0.383692 -0.235585 -0.183636 -0.288672 0.412418
VERTEX_POINT L301 -0.450299 0.928618 -0.992411 0.659249 -0.135612
VERTEX_POINT L302 -0.110323 -0.398097 0.119845 0.503816 -0.994774
VERTEX_POINT L303 0.267321 0.644969 0.751421 -0.923527 -0.013149
VERTEX_POINT L304 0.880936 0.995394 -0.730318 0.636891 -0.572528
VERTEX_POINT L305 -0.047289 0.941166 -0.938005 0.596481 -0.228142
VERTEX_POINT L306 -0.648951 0.110161 0.246917 0.618312 -0.132087
VERTEX_POINT L307 0.472095 -0.308673 -0.622846 -0.677438 -0.004232
VERTEX_POINT L308 0.747084 0.704692 -0.240157 0.362418 -0.674718
VERTEX_POINT L309 0.827083 -0.182607 -0.251319 -0.464256 -0.853492
VERTEX_POINT L310 0.027214 -0.875203 -0.109557 -0.414680 -0.697895
VERTEX_POINT L311 -0.124517 -0.191059 -0.463581 -0.800117 0.278405
VERTEX_POINT L312 0.157247 -0.373899 -0.914782 -0.019033 -0.603317
VERTEX_POINT L313 0.616784 0.586599 -0.162189 -0.124209 -0.831330
VERTEX_POINT L314 0.693893 0.854331 0.178552 0.767105 0.749792
VERTEX_POINT L315 -0.007036 -0.266215 -0.909547 0.603779 0.699426
VERTEX_POINT L316 0.916654 -0.232302 -0.341969 -0.540818 0.903863
VERTEX_POINT L317 -0.304421 -0.054912 0.618429 -0.148862 0.414566
VERTEX_POINT L318 -0.819478 0.914777 -0.804009 -0.375360 0.289972
VERTEX_POINT L319 -0.092579 -0.642935 0.131732 -0.460382 -0.714261
VERTEX_POINT L320 -0.196550 0.943064 0.070093 0.785836 0.572509
VERTEX_POINT L321 0.516438 -0.670950 0.047066 0.300102 -0.362196
VERTEX_POINT L322 -0.236768 -0.392178 -0.072093 -0.457722 0.303017
VERTEX_POINT L323 -0.928910 0.642125 -0.830145 -0.464918 0.788474
VERTEX_POINT L324 0.679366 0.639096 -0.094720 0.937424 -0.661761
VERTEX_POINT L325 0.540331 -0.374837 -0.953119 -0.874924 0.271510
VERTEX_POINT L326 -0.002729 0.870492 0.709985 0.973001 -0.565054
VERTEX_POINT L327 0.004184 0.621321 -0.001922 -0.004302 0.623782
VERTEX_POINT L328 0.847900 -0.578362 0.092008 -0.567514 -0.115046
VERTEX_POINT L329 0.332692 0.263772 -0.461774 0.028079 0.017594
VERTEX_POINT L330 -0.128675 -0.323083 0.936294 0.937625 -0.567145
VERTEX_POINT L331 0.231592 0.186053 0.908371 0.143813 -0.702628
VERTEX_POINT L332 0.882393 0.192390 -0.454185 -0.312672 0.881983
VERTEX_POINT L333 0.761002 0.278820 0.056139 0.441441 -0.561920
VERTEX_POINT L334 -0.501087 -0.168977 0.659792 0.220286 0.284223
VERTEX_POINT L335 0.763329 0.187784 -0.184504 -0.675781 -0.690545
VERTEX_POINT L336 -0.286287 0.219986 0.118134 0.037923 0.209939
VERTEX_POINT L337 -0.150038 0.941184 -0.093290 -0.161402 -0.847864
VERTEX_POINT L338 0.235424 0.879111 0.192650 -0.353219 0.305223
VERTEX_POINT L339 -0.539203 -0.075322 0.877977 -0.599659 0.535221
VERTEX_POINT L340 -0.322955 -0.241423 0.655391 0.374342 -0.701355
VERTEX_POINT L341 -0.737362 -0.996093 -0.916907 0.232101 0.607328
VERTEX_POINT L342 0.336281 0.733619 -0.585604 -0.399776 -0.186374
VERTEX_POINT L343 0.834292 0.384678 0.740609 -0.644691 -0.304672
VERTEX_POINT L344 0.879422 0.590506 -0.079096 -0.892108 0.775998
VERTEX_POINT L345 0.030173 0.587950 0.592948 -0.632671 -0.436582
VERTEX_POINT L346 -0.172743 -0.881537 0.831062 0.959089 -0.605246
VERTEX_POINT L347 0.796077 -0.641796 0.578935 -0.432926 0.679861
VERTEX_POINT L348 0.725752 -0.466962 0.211377 0.218468 0.977984
VERTEX_POINT L349 0.007779 -0.966760 -0.972947 -0.416272 0.684725
VERTEX_POINT L350 -0.296503 -0.284731 -0.289333 0.106692 0.965600
VERTEX_POINT L351 -0.470798 -0.523898 -0.718530 0.004304 0.550494
VERTEX_POINT L352 -0.475784 -0.637711 0.074119 0.883831 -0.677471
VERTEX_POINT L353 0.466730 0.323091 0.638574 0.648970 0.268617
VERTEX_POINT L354 -0.399708 -0.881773 -0.548675 0.539386 0.338968
VERTEX_POINT L355 -0.796418 -0.998614 0.979399 0.821255 -0.339231
VERTEX_POINT L356 0.007061 0.948254 0.685455 0.774046 -0.459874
VERTEX_POINT L357 0.597563 0.988719 -0.838690 0.512386 0.773914
VERTEX_POINT L358 0.207766 0.622707 -0.022523 -0.183047 -0.715450
VERTEX_POINT L359 -0.145039 -0.630108 -0.222537 -0.793468 0.425081
VERTEX_POINT L360 -0.069745 0.252491 -0.300464 -0.459535 -0.208492
VERTEX_POINT L361 -0.920909 -0.700376 -0.086229 -0.245422 -0.282595
VERTEX_POINT L362 -0.913447 0.555946 -0.314166 0.350345 0.722453
VERTEX_POINT L363 -0.187352 -0.555119 0.245351 0.227793 -0.326510
VERTEX_POINT L364 0.840093 0.578444 0.969909 -0.803980 0.155485
VERTEX_POINT L365 -0.414533 -0.613032 -0.654374 -0.429369 0.006676
VERTEX_POINT L366 -0.424023 0.632665 -0.939153 0.552012 -0.017054
VERTEX_POINT L367 -0.446194 -0.201570 0.088043 0.233943 -0.634576
VERTEX_POINT L368 0.435429 -0.671848 0.252336 0.409229 0.158812
VERTEX_POINT L369 0.811402 0.511776 0.253497 -0.801208 -0.711831
VERTEX_POINT L370 0.014603 0.723108 -0.033980 0.634284 0.900645
VERTEX_POINT L371 -0.887526 0.086730 -0.092274 -0.216429 0.457457
VERTEX_POINT L372 -0.925960 0.515683 0.336590 0.430893 0.895497
VERTEX_POINT L373 -0.649116 0.456727 0.380417 -0.765492 -0.285729
VERTEX_POINT L374 0.946766 -0.528592 -0.351665 0.138880 -0.847215
VERTEX_POINT L375 0.953462 0.106189 -0.742506 0.538785 0.671494
VERTEX_POINT L376 0.381057 0.044677 -0.026635 -0.398163 0.277689
VERTEX_POINT L377 -0.225977 -0.410129 -0.520603 0.097969 -0.452461
VERTEX_POINT L378 0.749539 0.464393 0.836429 -0.894141 0.351355
VERTEX_POINT L379 0.106808 0.577715 -0.815258 0.820304 0.255673
VERTEX_POINT L380 0.781802 -0.376890 -0.493551 0.681697 -0.767736
VERTEX_POINT L381 -0.546964 -0.820338 -0.452904 0.212550 0.316956
VERTEX_POINT L382 0.636010 -0.946183 -0.533788 -0.175392 -0.193833
VERTEX_POINT L383 -0.693982 -0.014601 0.580568 0.565528 -0.445207
VERTEX_POINT L384 0.919766 0.502753 -0.814330 -0.138480 -0.414427
VERTEX_POINT L385 -0.763698 -0.827956 -0.082463 -0.636006 -0.854865
VERTEX_POINT L386 -0.490400 -0.013215 0.559967 0.386783 0.215562
VERTEX_POINT L387 -0.073173 0.451007 0.871126 -0.364434 0.125699
VERTEX_POINT L388 0.833865 -0.839237 0.078848 0.876380 0.919048
VERTEX_POINT L389 0.717366 -0.390508 -0.462556 -0.796264 0.500113
VERTEX_POINT L390 0.781788 0.820899 -0.351411 -0.157903 -0.449220
VERTEX_POINT L391 -0.235880 0.413253 0.778384 -0.583154 -0.289444
VERTEX_POINT L392 0.796457 -0.090884 0.451214 -0.041685 -0.782482
VERTEX_POINT L393 0.868342 0.376844 0.334423 -0.807558 -0.726768
VERTEX_POINT L394 0.576768 0.858134 0.023734 0.644639 0.384046
VERTEX_POINT L395 0.636550 -0.512440 0.421124 0.154334 0.373003
VERTEX_POINT L396 -0.546192 0.763813 0.680049 -0.236927 0.279908
VERTEX_POINT L397 -0.847255 0.490799 0.084581 0.196650 -0.633008
VERTEX_POINT L398 -0.809644 0.285990 -0.490833 -0.611723 0.738427
VERTEX_POINT L399 0.889237 -0.908035 -0.067615 -0.827698 -0.561279
VERTEX_POINT L400 0.964147 0.002575 -0.661921 0.395443 -0.344839
VERTEX_POINT L401 0.204959 0.009097 0.475187 -0.977439 0.639072
VERTEX_POINT L402 -0.998289 0.178695 0.840111 -0.044127 0.896177
VERTEX_POINT L403 -0.961813 -0.481742 0.674669 -0.173664 -0.449343
VERTEX_POINT L404 0.555843 -0.534176 -0.144396 -0.742932 -0.646657
VERTEX_POINT L405 0.948477 0.650102 -0.511554 -0.905247 -0.951038
VERTEX_POINT L406 0.991649 0.624447 0.932163 -0.634879 -0.777848
VERTEX_POINT L407 -0.063101 0.510501 0.828969 -0.141095 0.631031
VERTEX_POINT L408 -0.277500 -0.760027 -0.032157 0.192722 -0.403499
VERTEX_POINT L409 0.741189 0.088839 0.768593 -0.529020 0.573507
VERTEX_POINT L410 -0.956292 0.088216 -0.986289 -0.320790 -0.113296
VERTEX_POINT L411 -0.495698 -0.136917 0.474292 -0.125580 -0.171235
VERTEX_POINT L412 -0.805775 0.268501 -0.684311 0.683530 -0.109537
VERTEX_POINT L413 0.679718 0.142033 -0.520077 0.503818 0.692871
VERTEX_POINT L414 -0.189680 0.848482 0.054861 -0.560052 0.383558
VERTEX_POINT L415 -0.886009 -0.228746 -0.498640 -0.454950 0.476035
VERTEX_POINT L416 0.916020 0.314077 0.397460 0.867812 0.838005
VERTEX_POINT L417 0.319920 -0.164733 -0.385172 0.826731 -0.400879
VERTEX_POINT L418 0.040818 -0.777740 -0.627515 0.180616 -0.398266
VERTEX_POINT L419 0.749885 0.474839 -0.523692 0.744193 0.757054
VERTEX_POINT L420 0.037287 0.444759 0.152272 -0.969532 -0.900767
VERTEX_POINT L421 -0.177394 -0.956841 0.021074 -0.977287 0.152514
VERTEX_POINT L422 -0.485995 -0.111907 -0.745309 -0.838962 -0.532390
VERTEX_POINT L423 -0.166256 -0.646125 -0.396514 -0.011218 -0.683249
VERTEX_POINT L424 -0.309052 0.420003 -0.644504 -0.784845 0.425746
VERTEX_POINT L425 -0.909227 -0.253773 0.278425 0.805677 0.851656
VERTEX_POINT L426 -0.529707 -0.158565 -0.975390 -0.856883 0.689754
VERTEX_POINT L427 0.144756 0.183816 -0.964455 -0.021772 -0.294346
VERTEX_POINT L428 -0.756481 -0.762974 -0.636993 0.002327 -0.781352
VERTEX_POINT L429 -0.339351 -0.872576 -0.466223 -0.468606 0.428181
VERTEX_POINT L430 0.033993 0.275781 -0.032070 0.150530 0.144375
VERTEX_POINT L431 -0.792334 0.239601 -0.298915 -0.602230 -0.126191
VERTEX_POINT L432 0.865608 0.136522 -0.991036 -0.446045 0.067253
VERTEX_POINT L433 0.035704 -0.545524 -0.191959 -0.893596 0.040553
VERTEX_POINT L434 -0.754147 0.757859 -0.624245 0.224106 0.424466
VERTEX_POINT L435 0.421451 0.602346 -0.135432 -0.188977 0.420596
VERTEX_POINT L436 -0.015820 -0.895422 0.296487 -0.798843 0.089515
VERTEX_POINT L437 -0.762498 0.382305 -0.692082 0.589227 0.646618
VERTEX_POINT L438 -0.641650 0.112847 -0.306464 0.669928 0.051627
VERTEX_POINT L439 0.706680 -0.655449 -0.735670 0.393879 0.686016
VERTEX_POINT L440 0.978691 -0.528855 -0.923489 -0.939793 0.220125
VERTEX_POINT L441 -0.597942 -0.798937 -0.292753 -0.650862 0.938331
VERTEX_POINT L442 -0.789018 0.207634 0.738622 -0.731701 -0.485219
VERTEX_POINT L443 -0.827084 0.739646 -0.607800 0.743737 -0.889412
VERTEX_POINT L444 -0.918224 0.343096 0.187169 0.852956 0.631202
VERTEX_POINT L445 0.021301 0.056116 -0.206517 -0.291753 0.898339
VERTEX_POINT L446 -0.713093 -0.489101 -0.106440 -0.711213 0.586623
VERTEX_POINT L447 0.997796 -0.342828 -0.415371 0.720768 0.469208
VERTEX_POINT L448 -0.658778 0.891383 0.408311 -0.465022 -0.502540
VERTEX_POINT L449 0.327726 -0.266840 0.266045 0.469402 -0.811643
VERTEX_POINT L450 0.747681 -0.867988 0.060937 0.464961 0.226261
VERTEX_POINT L451 0.378508 0.336143 -0.439418 -0.434555 -0.403307
VERTEX_POINT L452 -0.849668 -0.223681 -0.712881 0.492115 0.340871
VERTEX_POINT L453 -0.738314 0.020105 0.315628 0.625999 0.693871
VERTEX_POINT L454 -0.787748 0.690018 0.164069 0.554228 -0.086556
VERTEX_POINT L455 -0.158720 -0.803678 -0.357385 0.707271 -0.233383
VERTEX_POINT L456 -0.647541 0.766332 -0.405946 0.431676 0.545527
VERTEX_POINT L457 -0.317455 -0.468548 0.188678 0.697344 -0.396801
VERTEX_POINT L458 0.986036 0.380138 -0.321839 -0.314501 0.472271
VERTEX_POINT L459 -0.404022 -0.996642 -0.042940 -0.565996 0.764175
VERTEX_POINT L460 0.343194 -0.341124 0.722455 -0.771262 -0.968620
VERTEX_POINT L461 0.020029 -0.344081 0.646091 0.836029 -0.383353
VERTEX_POINT L462 -0.196356 0.242959 0.658146 -0.168226 -0.362016
VERTEX_POINT L463 0.208802 0.795398 0.731419 -0.217307 0.098633
VERTEX_POINT L464 -0.944267 0.110395 -0.545868 0.942433 0.657199
VERTEX_POINT L465 0.049496 0.000817 -0.966100 -0.944120 -0.937550
VERTEX_POINT L466 -0.369747 0.397744 -0.404013 0.593715 -0.480771
VERTEX_POINT L467 0.039913 0.214973 0.750619 -0.856410 -0.253286
VERTEX_POINT L468 0.286998 -0.616878 -0.658182 0.645107 0.709068
VERTEX_POINT L469 -0.011397 -0.489409 0.289524 0.263643 0.570857
VERTEX_POINT L470 -0.253407 0.559524 -0.985051 0.537469 -0.567270
VERTEX_POINT L471 0.265689 -0.145733 -0.581671 0.705314 -0.070807
VERTEX_POINT L472 0.390661 -0.288346 0.996771 0.612781 0.509188
VERTEX_POINT L473 -0.042425 -0.232842 0.753572 0.805768 -0.052489
VERTEX_POINT L474 0.438605 -0.406087 -0.189471 0.449051 0.039781
VERTEX_POINT L475 0.472437 -0.945251 0.183940 0.465737 0.140390
VERTEX_POINT L476 0.978877 0.823275 -0.452945 -0.485985 -0.154150
VERTEX_POINT L477 0.725513 0.104812 0.704089 0.737838 -0.373596
VERTEX_POINT L478 0.470232 -0.288078 0.768569 0.186505 -0.390402
VERTEX_POINT L479 -0.679902 0.714658 0.955365 0.048993 0.343310
VERTEX_POINT L480 0.053238 0.837971 -0.029866 0.207240 -0.185239
VERTEX_POINT L481 0.217913 -0.156066 -0.170494 -0.348535 0.835859
VERTEX_POINT L482 0.698606 0.050801 -0.484052 0.614438 0.940003
VERTEX_POINT L483 0.203570 -0.385710 0.257253 -0.300644 -0.844368
VERTEX_POINT L484 0.479599 0.864038 -0.854865 -0.722535 0.529730
VERTEX_POINT L485 0.910858 -0.259182 0.680016 0.168666 -0.146553
VERTEX_POINT L486 -0.955150 -0.189388 0.899869 -0.593374 -0.077751
VERTEX_POINT L487 0.832058 0.630370 -0.260812 0.709141 0.075257
VERTEX_POINT L488 -0.406597 0.272271 -0.131305 -0.133990 0.456646
VERTEX_POINT L489 -0.969113 -0.809249 -0.421971 0.092125 -0.605480
VERTEX_POINT L490 -0.571964 0.633728 0.696248 -0.856856 -0.160568
VERTEX_POINT L491 0.936597 0.931147 -0.408850 0.094748 0.488026
VERTEX_POINT L492 0.050916 -0.153330 -0.775880 -0.071845 0.011167
VERTEX_POINT L493 0.231680 -0.123314 0.354394 -0.025082 0.477416
VERTEX_POINT L494 0.145400 0.726545 -0.677431 0.877441 -0.413341
VERTEX_POINT L495 0.106649 0.957065 -0.321748 -0.129412 -0.331634
VERTEX_POINT L496 -0.718824 0.877504 0.388294 0.030799 0.539867
VERTEX_POINT L497 0.775653 0.124289 -0.081444 0.471156 0.105889
VERTEX_POINT L498 -0.853438 0.172039 -0.571129 0.014177 0.415080
VERTEX_POINT L499 0.568174 -0.739374 0.730112 -0.324094 0.248935
VERTEX_POINT L500 -0.235744 0.634880 -0.791920 -0.265200 -0.323255
VERTEX_POINT L501 -0.106844 -0.268437 -0.556180 -0.448354 0.847810
VERTEX_POINT L502 -0.166136 0.114893 -0.851558 -0.618780 -0.821872
VERTEX_POINT L503 -0.845083 -0.653467 -0.795149 -0.652419 -0.814067
VERTEX_POINT L504 0.850731 0.498722 -0.802608 -0.642586 -0.204679
VERTEX_POINT L505 -0.727531 0.708806 -0.041029 0.830272 0.217909
VERTEX_POINT L506 0.627353 -0.598717 0.388791 0.813317 0.326323
VERTEX_POINT L507 0.829607 0.321997 -0.255553 -0.128571 0.641171
VERTEX_POINT L508 0.997982 -0.186382 -0.336940 0.568110 0.844313
VERTEX_POINT L509 0.097586 0.113205 0.157360 -0.000178 0.935921
VERTEX_POINT L510 -0.850295 0.036655 -0.300188 0.920422 -0.015519
VERTEX_POINT L511 0.051220 -0.348411 0.633194 -0.224650 -0.340926
VERTEX_POINT L512 -0.684501 0.957138 0.986867 0.651288 0.771780
VERTEX_POINT L513 0.848312 -0.912544 0.215760 0.534860 -0.075517
VERTEX_POINT L514 -0.745209 0.265879 -0.109553 0.474706 -0.185294
VERTEX_POINT L515 0.795098 0.821177 -0.867999 0.928752 0.301509
VERTEX_POINT L516 0.759170 -0.171726 -0.104224 -0.296474 0.777930
VERTEX_POINT L517 -0.700359 -0.923508 -0.209684 0.881332 0.736955
VERTEX_POINT L518 0.627156 0.451547 -0.128811 0.637893 -0.623234
VERTEX_POINT L519 -0.647428 -0.899455 0.764471 0.569536 0.234576
VERTEX_POINT L520 -0.669472 -0.732758 0.368345 -0.026542 -0.868525
VERTEX_POINT L521 -0.944807 0.085275 -0.432562 0.781037 0.216198
VERTEX_POINT L522 -0.710830 -0.968308 -0.644379 -0.335716 -0.277398
VERTEX_POINT L523 0.381444 0.113912 0.592465 0.901612 0.142642
VERTEX_POINT L524 0.286873 0.961961 0.921832 -0.244044 -0.306386
VERTEX_POINT L525 0.434569 0.758237 -0.321810 -0.458275 0.309261
VERTEX_POINT L526 -0.511907 0.070978 -0.729283 -0.227800 0.811008
VERTEX_POINT L527 0.568049 0.839465 0.310126 0.786754 -0.766519
VERTEX_POINT L528 0.210222 -0.117474 0.596746 -0.987119 -0.584850
VERTEX_POINT L529 -0.365345 -0.756983 -0.300411 0.786377 0.226088
VERTEX_POINT L530 0.136223 -0.899909 0.040238 -0.537340 0.482416
VERTEX_POINT L531 0.974478 -0.482594 0.804826 -0.252319 0.091895
VERTEX_POINT L532 0.527810 -0.025420 0.143409 -0.661976 0.073898
VERTEX_POINT L533 0.970087 0.214984 0.188680 -0.156119 0.660544
VERTEX_POINT L534 -0.870606 -0.136061 -0.990323 0.095261 0.277828
VERTEX_POINT L535 0.378541 -0.526698 0.340801 -0.304562 0.869219
VERTEX_POINT L536 -0.757444 -0.076210 -0.852349 -0.325848 -0.121547
VERTEX_POINT L537 0.756748 0.265222 0.398468 -0.091421 -0.395848
VERTEX_POINT L538 0.208148 0.795298 -0.914752 0.566868 0.510390
VERTEX_POINT L539 -0.759462 0.737408 -0.189289 -0.757738 -0.277233
VERTEX_POINT L540 -0.145667 -0.621573 -0.444172 0.908401 -0.459927
VERTEX_POINT L541 0.357854 -0.168047 -0.214940 0.487289 -0.505129
VERTEX_POINT L542 0.291758 -0.611003 -0.556095 0.017612 0.381841
VERTEX_POINT L543 0.169832 -0.664434 -0.457306 0.559689 -0.688148
VERTEX_POINT L544 0.206166 -0.080591 -0.999180 0.022150 0.419354
VERTEX_POINT L545 0.546549 0.654876 0.334352 -0.507682 -0.803453
VERTEX_POINT L546 -0.035070 -0.843258 -0.325305 0.488441 0.613362
VERTEX_POINT L547 -0.034665 0.747684 -0.103404 0.725675 0.197284
VERTEX_POINT L548 0.846190 0.731368 -0.875332 -0.626350 0.933502
VERTEX_POINT L549 -0.407914 0.608289 0.545885 0.126334 0.990128
VERTEX_POINT L550 0.317908 0.848228 -0.338934 0.295211 -0.568139
VERTEX_POINT L551 -0.823282 0.998610 0.493013 0.347108 -0.935023
VERTEX_POINT L552 -0.352721 -0.306436 -0.886678 -0.092629 0.206326
VERTEX_POINT L553 0.607077 0.879920 0.016687 0.959495 0.154463
VERTEX_POINT L554 0.558161 0.112522 0.085478 0.248720 0.207619
VERTEX_POINT L555 0.934152 -0.344475 -0.964846 0.663327 0.899941
VERTEX_POINT L556 0.041647 0.638157 0.694877 -0.498780 -0.536276
VERTEX_POINT L557 -0.953746 -0.816500 0.356195 -0.979080 0.018628
VERTEX_POINT L558 0.502200 -0.505010 0.345280 0.450081 -0.866578
VERTEX_POINT L559 -0.748131 -0.479316 0.291623 -0.485898 -0.121126
VERTEX_POINT L560 -0.319091 -0.573484 -0.944216 0.807298 -0.755284
VERTEX_POINT L561 -0.361577 -0.404919 -0.614482 0.912741 0.615838
VERTEX_POINT L562 -0.773653 0.038089 0.096450 0.261782 0.970769
VERTEX_POINT L563 -0.791281 0.401096 0.199193 -0.854678 0.318614
VERTEX_POINT L564 -0.391490 0.810065 0.574198 -0.243378 0.276382
VERTEX_POINT L565 -0.644259 0.902029 0.106127 -0.642956 0.248597
VERTEX_POINT L566 0.587260 0.874398 -0.460006 -0.159240 0.187833
VERTEX_POINT L567 -0.148934 -0.266145 0.721849 0.430774 -0.845165
VERTEX_POINT L568 -0.887511 0.167251 -0.495405 0.265622 0.852749
VERTEX_POINT L569 -0.204591 0.669697 -0.374758 -0.592372 -0.301777
VERTEX_POINT L570 0.091604 -0.528737 -0.467440 0.673036 -0.122398
VERTEX_POINT L571 -0.033178 0.545678 0.060422 0.174023 -0.607178
VERTEX_POINT L572 -0.846737 -0.498350 0.410302 0.894917 0.193094
VERTEX_POINT L573 -0.616638 -0.139741 -0.023535 -0.309352 -0.740557
VERTEX_POINT L574 -0.863346 0.881243 0.603117 -0.266288 -0.295326
VERTEX_POINT L575 0.359428 0.421059 0.411121 -0.082933 -0.387552
VERTEX_POINT L576 0.929911 -0.484865 -0.689184 0.182966 -0.544010
VERTEX_POINT L577 0.101583 -0.962014 -0.722188 -0.777847 -0.681964
VERTEX_POINT L578 -0.675237 0.168743 -0.692283 -0.357258 0.809732
VERTEX_POINT L579 0.776101 -0.753497 -0.564516 0.556616 -0.610508
VERTEX_POINT L580 0.693670 0.646275 0.823697 0.348486 -0.691836
VERTEX_POINT L581 0.642671 0.016971 -0.031217 0.937953 -0.758407
VERTEX_POINT L582 0.952819 -0.754888 0.928497 -0.096276 -0.545530
VERTEX_POINT L583 -0.659051 -0.660161 0.937019 -0.744143 0.514490
VERTEX_POINT L584 0.249748 -0.103108 0.985470 0.897449 0.396055
VERTEX_POINT L585 0.510980 0.357635 0.013975 -0.847555 0.662089
VERTEX_POINT L586 -0.724900 -0.004636 0.972173 0.919184 0.414431
VERTEX_POINT L587 -0.708605 -0.464951 0.680347 -0.601331 0.859779
VERTEX_POINT L588 0.557234 0.541134 -0.629830 -0.826635 -0.319283
VERTEX_POINT L589 0.777300 0.490354 0.317453 0.369265 0.547853
VERTEX_POINT L590 -0.456736 0.055733 -0.028030 -0.087229 -0.261347
VERTEX_POINT L591 -0.761857 0.967651 -0.574046 0.980663 -0.074568
VERTEX_POINT L592 -0.584277 -0.914565 0.702970 0.282006 0.163690
VERTEX_POINT L593 -0.230390 -0.906178 -0.931580 -0.825447 -0.290578
VERTEX_POINT L594 -0.553138 0.368747 0.625147 -0.874015 -0.755954
VERTEX_POINT L595 0.024233 0.895500 0.277168 -0.961372 -0.559928
VERTEX_POINT L596 0.125351 0.995851 0.174546 -0.468403 0.958019
VERTEX_POINT L597 -0.965878 0.243146 -0.834859 -0.033255 0.431880
VERTEX_POINT L598 0.875299 -0.370645 -0.000983 0.469403 -0.405092
VERTEX_POINT L599 0.237840 0.163101 0.679141 0.797219 0.810768
VERTEX_POINT L600 -0.170469 -0.087158 -0.209617 0.374372 -0.869897
VERTEX_POINT L601 -0.033097 0.100617 0.531577 0.142439 0.472510
VERTEX_POINT L602 -0.795339 -0.291221 -0.260437 -0.028757 -0.796410
VERTEX_POINT L603 -0.017207 0.414492 -0.799316 0.269289 0.323197
VERTEX_POINT L604 0.350266 0.960876 -0.491958 0.833087 0.731953
VERTEX_POINT L605 -0.658685 -0.409977 -0.657320 0.704954 -0.091736
VERTEX_POINT L606 -0.657778 -0.164448 0.611806 -0.813644 0.935645
VERTEX_POINT L607 0.280177 -0.523989 -0.181142 0.016054 -0.812057
VERTEX_POINT L608 0.442898 -0.371992 -0.379508 0.927107 0.226300
VERTEX_POINT L609 -0.333015 -0.995706 0.919523 -0.170902 0.745377
VERTEX_POINT L610 0.056278 -0.277486 0.254342 -0.427330 -0.422564
VERTEX_POINT L611 0.136568 -0.725717 -0.555811 0.275593 0.534463
VERTEX_POINT L612 -0.690344 0.021266 -0.111694 -0.232949 0.986970
VERTEX_POINT L613 0.009097 -0.032374 0.182839 0.476394 0.031905
VERTEX_POINT L614 0.477517 -0.385878 -0.618791 0.531451 0.048953
VERTEX_POINT L615 0.559404 0.918157 -0.126224 -0.335500 0.383025
VERTEX_POINT L616 -0.479923 -0.674739 -0.803186 0.628839 -0.306006
VERTEX_POINT L617 0.752617 0.609486 -0.646619 0.450635 -0.536616
VERTEX_POINT L618 0.850799 -0.546793 -0.445878 0.063170 0.242805
VERTEX_POINT L619 -0.922689 0.866395 -0.433016 0.802204 0.374711
VERTEX_POINT L620 0.529917 0.099839 0.670834 -0.180100 -0.988763
VERTEX_POINT L621 -0.605937 0.508939 0.526092 0.975940 0.981458
VERTEX_POINT L622 -0.684546 0.834046 -0.007062 0.782867 -0.699857
VERTEX_POINT L623 0.945640 0.185274 0.373804 -0.898094 0.174927
VERTEX_POINT L624 0.163673 0.602761 0.594512 -0.849506 -0.309120
VERTEX_POINT L625 -0.237683 0.202793 -0.381915 0.908852 -0.455810
VERTEX_POINT L626 -0.030126 0.080773 -0.349027 -0.859466 0.615000
VERTEX_POINT L627 -0.710976 0.598612 -0.230942 -0.317910 -0.351101
VERTEX_POINT L628 -0.203561 -0.554061 -0.216774 -0.124403 0.976070
VERTEX_POINT L629 -0.154827 0.710128 0.649990 0.609937 -0.790093
VERTEX_POINT L630 0.526864 -0.238287 -0.551801 -0.520690 -0.540333
VERTEX_POINT L631 0.625970 0.358781 0.573609 -0.750031 -0.893827
VERTEX_POINT L632 0.812076 -0.189255 0.181567 -0.247624 0.682417
VERTEX_POINT L633 0.731525 0.470493 0.187762 0.450552 -0.336743
VERTEX_POINT L634 -0.391237 -0.226727 0.774293 0.519259 0.429370
VERTEX_POINT L635 0.162342 -0.228378 0.689609 -0.414537 0.414370
VERTEX_POINT L636 -0.927160 -0.939485 0.530442 0.155507 0.571521
VERTEX_POINT L637 -0.049015 0.608825 0.386099 0.705615 0.365015
VERTEX_POINT L638 -0.557482 0.247633 -0.491533 0.601517 0.602313
VERTEX_POINT L639 0.515738 -0.311476 -0.849065 0.082614 -0.202179
VERTEX_POINT L640 0.617969 0.613119 0.305622 -0.465287 0.110392
VERTEX_POINT L641 0.498796 0.970147 0.762809 -0.825813 -0.820251
VERTEX_POINT L642 -0.347694 -0.037193 -0.404876 -0.641793 -0.667716
VERTEX_POINT L643 0.927625 -0.365615 -0.806072 0.301764 0.097362
VERTEX_POINT L644 -0.492107 -0.062227 -0.054352 0.650581 0.211654
VERTEX_POINT L645 -0.870177 0.576929 -0.023667 0.889658 0.381237
VERTEX_POINT L646 0.487029 -0.447458 0.067703 0.966264 -0.519613
VERTEX_POINT L647 0.027970 0.263034 0.142462 0.279420 0.905648
VERTEX_POINT L648 0.882439 0.186414 0.329714 0.340292 0.844621
VERTEX_POINT L649 0.337828 0.005749 0.621825 0.029434 0.723192
VERTEX_POINT L650 0.105281 0.129430 0.709446 0.081624 0.280359
VERTEX_POINT L651 0.412357 -0.713746 0.000548 -0.839808 0.855858
VERTEX_POINT L652 0.731891 -0.485312 0.147918 0.005374 0.704649
VERTEX_POINT L653 0.420736 -0.036524 -0.297615 -0.135508 0.580503
VERTEX_POINT L654 0.357997 0.471527 -0.625648 -0.737902 0.030786
VERTEX_POINT L655 -0.104436 -0.882550 -0.257571 0.155868 -0.604471
VERTEX_POINT L656 -0.816947 -0.833731 0.320470 -0.226656 -0.875308
VERTEX_POINT L657 -0.672129 -0.447699 0.025325 -0.597368 -0.354215
VERTEX_POINT L658 0.184588 0.716062 0.511487 0.837958 0.044428
VERTEX_POINT L659 -0.020509 -0.387792 -0.896304 0.648941 -0.899238
VERTEX_POINT L660 0.173043 -0.737571 -0.324684 -0.987432 -0.144308
VERTEX_POINT L661 -0.288549 -0.522225 0.959686 -0.682732 0.504095
VERTEX_POINT L662 -0.394539 0.970989 0.677305 0.898910 -0.793065
VERTEX_POINT L663 -0.014880 0.073174 0.856883 -0.235056 -0.461891
VERTEX_POINT L664 -0.557024 0.948268 0.147448 0.767820 -0.832648
VERTEX_POINT L665 0.214224 -0.255737 0.451598 0.418169 0.636304
VERTEX_POINT L666 -0.852539 0.844796 0.546492 0.350407 0.952479
VERTEX_POINT L667 -0.484184 -0.991216 -0.322110 -0.076674 0.738873
VERTEX_POINT L668 -0.834791 -0.646912 -0.162302 0.123784 0.001319
VERTEX_POINT L669 -0.410020 0.092429 -0.945041 -0.048076 0.554792
VERTEX_POINT L670 -0.968445 -0.302692 -0.171175 -0.994060 -0.463306
VERTEX_POINT L671 0.783179 0.966207 -0.856680 0.658497 -0.888289
VERTEX_POINT L672 -0.911224 0.062576 0.817768 0.126110 0.734540
VERTEX_POINT L673 -0.316139 0.660115 0.423949 -0.635853 -0.131022
VERTEX_POINT L674 0.710804 -0.399408 -0.662753 -0.039739 0.209073
VERTEX_POINT L675 -0.403331 -0.999651 -0.236584 -0.223309 -0.053806
VERTEX_POINT L676 -0.186317 0.237043 -0.599719 -0.746195 -0.749784
VERTEX_POINT L677 0.197833 0.153135 0.404950 -0.073475 0.689460
VERTEX_POINT L678 0.624639 0.263383 0.905878 -0.943889 -0.148157
VERTEX_POINT L679 -0.303877 -0.576542 0.729996 0.594097 -0.905163
VERTEX_POINT L680 -0.464339 -0.841116 0.026776 0.955959 0.412651
