VERTEX_POSE A0 -0.478194 -0.682725 0.466853 -0.648559 0.807441 0.052587 -0.466780 0.738380 -0.023263 0.629584 0.786616 -0.943594 -0.421186 0.107828 -0.035256 -0.073010 0.107457 0.561384 -0.642715 0.151419
VERTEX_POSE A1 -0.738445 -0.509008 -0.802009 0.563930 -0.800307 -0.854889 0.296920 0.583456 0.052847 0.271831 0.445476 -0.077966 0.619977 -0.476574 -0.470140 0.291285 -0.653108 -0.539298 -0.787597 -0.242981
VERTEX_POSE A2 0.321362 0.067145 0.651757 -0.626189 -0.338221 0.439757 -0.055722 -0.629959 -0.358352 -0.652240 0.518361 0.495193 -0.642359 0.229820 -0.517619 -0.586305 -0.741929 -0.660824 0.294510 0.053051
VERTEX_POSE A3 -0.688181 -0.513669 0.079681 0.415971 0.089746 0.419460 -0.530168 -0.669117 -0.471808 -0.155697 0.064941 0.122261 0.557319 0.784373 -0.954216 0.496060 -0.573207 -0.607739 -0.911796 0.545554
VERTEX_POSE A4 0.737374 0.159205 0.041856 0.220262 0.647683 0.789303 -0.737940 0.585081 1.059757 0.710145 -0.794583 -0.194049 0.649628 0.897068 0.245594 0.925114 0.639458 0.777435 -0.348925 0.511022
VERTEX_POSE A5 -0.383428 -0.990193 -0.432630 -0.704538 0.119425 0.458678 0.446524 -0.103163 -0.472764 0.211010 -0.755251 -0.067417 0.405078 -0.258560 0.679680 -0.372694 -0.546048 0.269031 0.652596 0.163437
VERTEX_POSE A6 0.641751 0.603379 0.197531 -0.799801 -0.485061 -0.842405 -0.655851 -0.110765 0.010991 -0.198613 0.525387 -0.223948 0.307486 0.877609 0.654355 -0.781713 0.225434 -0.155911 -0.192865 0.321076
VERTEX_POSE A7 0.134170 -0.561425 -0.675733 -0.319769 -0.449518 0.441063 0.478999 -0.465712 -0.168232 0.633913 -0.047965 0.226300 0.256701 -0.449568 -0.604243 -0.308068 -0.767434 -0.658490 0.529794 0.250028
VERTEX_POSE A8 -0.125003 -0.352340 0.143307 -0.567570 -0.205901 -0.736179 0.559535 0.583429 -0.330905 0.697906 -0.739790 -0.171437 -0.266700 -0.613001 0.165374 0.256482 -0.316262 0.825127 0.672285 0.159877
VERTEX_POSE A9 0.426952 0.498500 -0.214197 0.086697 0.944819 -0.870506 -0.181217 0.632629 -0.747669 0.567416 -0.346515 0.146530 0.937613 -0.033551 -0.286651 -0.285941 -0.932778 0.134489 0.350478 0.216848
VERTEX_POSE A10 -0.641249 -0.136094 -0.658597 -0.396658 0.654089 0.176529 0.599015 0.455697 0.680661 -0.569606 0.807189 -0.602592 0.547760 0.586905 0.775225 0.755482 -0.114239 -0.319860 -0.082448 0.586635
VERTEX_POSE A11 -0.988807 0.982026 0.012699 0.717230 0.158199 -0.420604 -0.670978 0.237671 0.845171 0.144263 -0.456959 0.142208 -0.185244 0.155650 -0.075215 -0.703225 -0.875912 -0.688518 0.625536 -0.578282
VERTEX_POSE A12 -0.059925 -0.042135 -0.416405 0.141373 0.838312 -0.483493 0.464471 0.879282 0.274557 0.687174 0.307662 0.631091 -0.572830 0.446554 -0.771561 -0.064224 -0.417263 -0.483922 -0.718825 0.543690
VERTEX_POSE A13 0.079300 0.865521 -0.964767 0.736685 0.096428 -0.380252 0.530581 -0.456910 -0.114406 -0.838955 -0.638681 -0.535811 0.283266 -0.134708 -0.127653 0.177208 -0.597781 -0.861255 -0.325306 0.458977
VERTEX_POSE A14 -0.280341 0.171890 0.384448 -0.060884 -0.689502 0.200079 0.434619 -0.419817 0.748942 -0.041979 -0.540913 -0.600638 0.716846 -0.736328 -0.484462 -0.951999 -0.664568 0.656972 -0.131148 -0.418764
VERTEX_POSE A15 0.216323 0.927688 0.979215 -0.733603 0.861784 0.091932 -0.424851 0.676785 -0.680262 0.113658 0.279559 -0.665706 -0.025635 0.523309 0.249019 -0.930425 0.131228 0.612624 0.540302 0.724173
VERTEX_POSE A16 0.161524 -0.965131 0.989731 0.375791 0.399385 0.780439 0.002130 -1.115277 -0.591984 0.822793 -0.536743 -0.481706 0.709386 -0.063454 0.528271 0.601113 0.018366 -0.739103 -0.689460 -0.693264
VERTEX_POSE A17 0.974400 0.834908 0.283104 0.933298 -0.172807 -0.470054 -0.756904 -0.086716 -0.705334 -0.241115 0.481775 -0.363316 0.637101 0.660283 0.268958 -0.443684 0.396525 0.624222 -0.280431 0.692533
VERTEX_POSE A18 0.465905 -0.574132 -0.206435 0.833346 0.572177 -0.287721 0.600409 0.309251 0.291055 0.234465 0.435470 0.260832 0.188642 -0.742712 0.572808 0.543227 -0.039824 0.602412 -0.424727 0.296752
VERTEX_POSE A19 -0.160456 0.088337 0.241207 -0.623196 0.963061 0.904996 0.226504 0.428067 0.533380 0.144775 -0.435636 0.007027 0.401576 -1.033069 -0.642878 0.732618 0.291217 0.209171 0.889016 0.188540
VERTEX_POSE A20 0.745458 0.172424 -0.521072 -0.355156 -0.061050 0.110636 -0.747090 -0.224009 -0.884865 -0.139142 0.118458 -0.241493 0.589140 -0.751098 -0.538834 -0.137467 0.175710 -0.061380 -0.451849 -0.698870
VERTEX_POSE A21 -0.926466 0.696264 0.565157 0.983315 0.977329 -0.199669 0.252533 -0.089591 0.597338 -0.616018 -0.670649 -0.686055 -0.405327 -0.054409 0.405908 0.732165 -0.165653 -0.471415 0.332773 -0.875298
VERTEX_POSE A22 -0.900357 0.042004 -0.649531 -0.533224 -0.924798 0.770707 0.588492 -0.053496 -0.024311 0.660106 1.006283 0.451340 -0.668894 -0.105213 0.608612 0.538288 -0.651865 -0.818863 0.565683 -0.622709
VERTEX_POSE A23 0.420367 0.562802 0.960974 0.121895 0.715030 0.781704 -0.775489 -0.621727 -0.567702 -0.565237 -0.525865 -0.461951 0.500146 -1.014777 -0.604900 -0.118902 0.175775 0.556684 0.798364 -0.314323
VERTEX_POSE A24 0.991354 0.405976 0.176957 0.063802 0.742114 -1.068148 0.716474 0.282502 -0.337017 -0.781447 -0.307991 0.438304 0.021469 1.038562 -0.411457 -0.693148 0.743512 0.449326 0.461423 0.108324
VERTEX_POSE A25 -0.465445 0.680488 0.976913 0.423660 -0.878525 -0.210358 -0.691767 0.520258 -0.364896 -0.711194 0.259916 -0.929963 0.260679 -0.417478 -0.071766 0.639724 0.974900 0.666916 -0.174982 -0.170923
VERTEX_POSE A26 -0.279871 -0.651906 -0.150028 0.292630 -0.801686 -0.372496 0.508963 0.198607 -0.711517 -0.485959 0.652338 -0.491129 0.697801 -0.128731 0.513541 0.169281 0.741900 0.227847 0.437121 0.412165
VERTEX_POSE A27 0.774564 0.194439 -0.562343 0.359692 -0.061662 -0.848791 0.926842 0.651886 -1.014410 -0.501254 -0.654220 -0.466692 -0.579553 0.600597 0.020892 0.788899 -0.720163 0.318706 -0.027412 0.580496
VERTEX_POSE A28 0.805921 -0.037618 -0.216951 0.122058 0.768087 0.573905 0.123788 -0.086325 0.413272 -0.854061 0.517605 -0.795303 -0.314986 0.296343 -0.170211 0.373189 0.497217 -0.202631 -0.468475 -0.769603
VERTEX_POSE A29 -0.730558 0.684370 0.338057 -0.676952 0.738901 -0.573224 -0.093235 -0.489993 0.684240 0.211321 -0.613150 -0.631884 -0.190248 -0.185600 -0.213485 0.893702 0.492912 -0.202921 0.628135 -0.623974
VERTEX_POSE A30 0.391729 0.487046 -0.509399 0.271282 -0.913814 0.295601 0.828280 -0.507635 0.477585 0.521141 0.252533 -0.471006 0.311555 -0.661523 0.362478 -0.603359 -0.825002 -0.878279 0.146060 -0.019260
VERTEX_POSE A31 -0.672273 0.279657 -0.750098 0.473499 0.575528 0.054144 -0.667908 0.857304 -0.560001 0.803629 0.434035 -0.501607 0.160212 -0.028055 0.889910 0.606454 0.450342 -0.361681 -0.074293 0.603279
VERTEX_POSE A32 -0.469003 -0.824638 0.536048 0.886978 0.938594 0.535078 -0.324750 0.444173 -0.644495 -0.504039 0.232385 0.275719 -0.358640 0.385894 0.104806 0.581934 0.351110 -0.365831 0.309407 0.631693
VERTEX_POSE A33 -0.286909 -0.445809 -0.857642 0.645094 -0.252035 -0.455620 0.760691 -0.662084 -0.892971 -0.400444 0.557613 -0.714115 -0.048531 -0.332977 -0.047746 0.831912 0.788646 -0.020454 0.290181 0.188468
VERTEX_POSE A34 -0.360454 0.765988 0.329583 -0.110530 -0.334725 -0.568697 0.988087 0.186981 -0.056252 0.011591 0.545223 -0.414028 -0.636490 0.816168 -0.757976 -0.433216 -0.745803 0.706004 -0.041526 -0.128014
VERTEX_POSE A35 -0.731629 0.334567 -0.422096 0.107240 0.586277 0.338237 -0.641117 0.483727 0.115422 0.830029 0.641609 -0.630918 -0.083181 0.110801 0.750858 -0.032289 0.085938 -0.320074 -0.289962 0.725743
VERTEX_POSE A36 0.329663 -0.436002 -0.290271 0.940555 0.867389 0.481632 -0.237689 0.321606 -0.271609 0.614117 -0.623362 0.229428 -0.189998 -0.335062 0.548945 -0.348565 -0.705658 0.695056 0.742691 0.201471
VERTEX_POSE A37 -0.718703 0.369367 -0.472886 0.089669 0.180214 -0.832385 0.146148 0.065805 -0.328808 0.811023 0.044977 0.834028 0.580887 0.108002 -0.092198 0.580415 -0.819558 -0.105674 0.403510 0.909152
VERTEX_POSE A38 0.402540 0.773141 -0.097829 0.787472 -0.863241 0.797122 -0.273207 0.564735 -0.426981 0.833683 0.254954 0.854615 0.432102 -0.762837 0.092422 -0.519331 0.439310 -0.369430 -0.683386 -0.730932
VERTEX_POSE A39 -0.795340 0.211658 0.853035 -0.627014 -0.338512 -0.467440 0.102286 -0.244847 -0.871349 -0.173681 -0.023912 -0.207837 -0.695144 -0.201937 -0.374832 0.574718 0.603315 -0.058446 0.557410 -0.836404
VERTEX_POSE A40 0.708248 -0.132133 0.312917 -0.823634 0.125033 -0.240755 -0.210116 -0.389190 -0.324000 -0.210511 -0.327024 0.554726 0.007500 0.405876 0.668378 -0.145448 -0.647380 -0.028624 0.899185 -0.275607
VERTEX_POSE A41 0.761292 -0.362953 0.243574 -0.609186 0.790848 0.601541 0.725197 0.254616 -0.735696 0.279266 -0.746400 0.878944 0.681292 -0.336739 0.641294 -0.727723 -1.068478 0.439357 -0.826011 0.634787
VERTEX_POSE A42 -0.784148 0.193684 -0.134266 -0.909785 0.819688 0.404455 0.308549 0.141300 0.637682 -0.415481 -0.203184 0.202420 0.239265 -0.400451 0.281190 0.322261 0.548947 -0.002156 -0.511215 0.409040
VERTEX_POSE A43 -0.351677 0.825732 0.896512 0.317738 -0.036655 0.057455 0.452541 0.266282 0.574987 -0.077588 0.559585 -0.480290 0.420345 0.705179 -0.659458 -0.618657 0.206482 -0.324226 0.578236 -0.425022
VERTEX_POSE A44 -0.159409 -0.497433 0.278807 -0.872501 -0.112724 0.420542 0.748305 0.621355 -0.294617 0.462776 -0.219820 -0.054606 0.589520 -0.252452 -0.315989 -0.267438 0.866090 -0.941647 0.244963 0.070280
VERTEX_POSE A45 -0.064489 -0.634426 -0.749818 0.029331 -0.869814 -0.524202 0.276952 0.576967 -0.958406 0.406401 -0.473274 -0.441126 -0.731224 0.487452 -0.261203 -0.693096 -0.029671 -0.068812 -0.451608 -0.815791
VERTEX_POSE A46 0.864646 0.753420 0.875727 0.584135 -0.174870 -0.586815 -0.401633 -0.458332 -0.948199 -0.496582 -0.745304 0.254250 0.528073 -0.570530 -1.035594 0.979766 0.616041 -0.197728 -0.879161 0.974203
VERTEX_POSE A47 -0.997885 -0.462564 0.268538 0.503291 -0.713339 0.549721 -0.955444 0.338829 -0.488291 -0.650114 -0.846636 0.683739 0.345354 -0.649477 -0.521685 0.013152 0.424081 0.421061 -0.051032 0.155899
VERTEX_POSE A48 -0.090088 -0.799518 0.533286 -0.037371 -0.042621 -0.360158 -0.561602 -0.240595 0.437028 0.561574 0.357540 -0.144154 -0.628753 0.988342 -0.927739 0.653948 0.349576 0.518588 0.131834 0.431714
VERTEX_POSE A49 0.330551 -0.820712 -0.330708 0.417481 -0.602694 -0.225045 -0.109447 0.575382 -0.765032 -0.803685 -0.606187 -0.300104 0.552828 -0.806112 -0.754926 -0.171607 0.629491 0.685842 -0.879386 -0.147212
VERTEX_POSE A50 -0.158341 0.625773 -0.490255 0.880095 -0.750279 0.192740 0.631607 -0.520813 0.245242 -0.275827 0.776544 0.695028 0.573765 0.393806 0.552620 -0.659749 -0.437112 0.612003 -0.144254 -0.199686
VERTEX_POSE A51 -0.344630 0.372906 -0.987786 0.607473 0.896329 0.431743 -0.055356 0.867108 0.426694 0.001580 0.126559 0.211016 0.554198 -0.530308 0.805152 -0.564976 -0.453336 -0.452622 -0.797956 -0.107238
VERTEX_POSE A52 0.404085 0.875552 -0.765551 0.400796 -0.625364 -0.388313 -0.742923 0.035742 0.799682 0.327568 0.211500 -0.022914 -0.557552 0.611132 -0.507208 0.279880 -0.690526 -0.649184 0.648900 0.757090
VERTEX_POSE A53 -0.058698 -0.332223 -0.139786 -0.653129 -0.675076 -0.425272 0.558774 -0.819774 -0.376957 -0.699489 -0.510652 -0.784930 -0.438267 0.325825 0.562210 -0.490016 -0.543810 0.290600 -0.325407 0.070079
VERTEX_POSE A54 -0.924264 -0.064292 0.973188 -0.270632 0.611359 -0.196225 -0.759655 -0.801252 -0.551210 -0.441363 0.665691 -0.664703 0.613733 -0.480836 0.010811 -0.436199 0.036046 0.745168 0.027268 -0.148011
VERTEX_POSE A55 0.395439 0.281527 0.411406 -0.535403 -0.883251 -0.442114 0.047343 0.357977 0.288616 0.035198 0.251252 0.144326 -0.481055 0.165665 0.162630 0.138876 0.373164 0.178803 0.322230 0.006452
VERTEX_POSE A56 0.475858 -0.651734 -0.162872 0.770531 -0.553602 -0.555228 0.350269 0.993518 0.496905 0.215933 0.477723 -0.402888 0.642888 -0.464393 0.882109 0.494542 0.112869 0.109169 -0.824836 0.252682
VERTEX_POSE A57 -0.204135 0.283802 -0.176840 -0.978002 0.809673 -0.394415 0.033838 -0.517882 0.890962 0.221822 -0.154732 -0.079125 0.861951 0.840432 0.629780 0.418033 -0.466018 -0.482826 0.785697 -0.608062
VERTEX_POSE A58 0.170003 -0.524034 0.849063 0.824289 0.055087 -0.278671 0.679667 -0.174877 0.748049 -0.107331 -0.550719 -0.497107 -0.896971 -0.507089 0.446313 -0.448925 0.844128 -0.630461 -0.038325 0.421264
VERTEX_POSE A59 0.281779 0.310647 0.620177 -0.107411 -0.785514 -0.204636 -0.613551 0.285041 0.654966 0.168470 -0.626431 -0.068488 0.327446 -0.284859 0.084256 -0.823437 -0.572120 0.857713 -0.167995 0.579817
VERTEX_POSE A60 0.065307 -0.031829 -0.838784 -0.654954 0.548574 -0.868114 0.641217 -0.256023 -0.754965 -0.662293 0.176142 0.135491 -0.005623 -0.987520 -0.045193 -0.576763 -0.111685 -0.076597 -0.409125 -0.515381
VERTEX_POSE A61 -0.438268 0.963013 -0.660336 0.095571 0.141273 0.022308 0.538339 0.773787 -0.631231 0.384985 -0.854945 -0.693772 0.420917 0.413107 -0.312739 -0.955535 0.195557 0.793696 0.282467 -0.263539
VERTEX_POSE A62 0.609505 -0.409696 0.870079 -0.633912 0.790014 -0.249113 -0.414543 -0.537323 0.571117 0.835006 -0.378639 -0.073323 0.027381 0.839484 0.688978 -0.672463 -0.206274 -0.693647 0.165553 -0.412407
VERTEX_POSE A63 0.596304 0.143533 0.697264 -0.767976 0.487168 0.432729 0.148828 0.897419 -0.500351 -0.816268 0.228679 -0.053143 0.385301 -0.337224 -0.792788 0.505960 0.394309 0.254137 -0.201577 0.081702
VERTEX_POSE A64 0.274823 -0.482796 -0.517978 -0.259335 0.889237 -0.987197 -0.246694 -0.780163 0.455612 -0.771104 -0.616670 0.210040 0.859038 -0.478972 -0.659753 0.351258 0.252274 -0.320024 -0.497151 0.694229
VERTEX_POSE A65 -0.750949 -0.643708 0.199663 0.255558 -0.544711 -0.588635 -0.249961 0.488300 0.183655 0.446773 0.049610 -0.518855 -0.102287 -0.458807 0.398814 -0.674619 0.167173 -0.045880 0.287974 0.575534
VERTEX_POSE A66 0.864675 -0.521901 -0.724831 0.339265 0.073446 0.685952 0.484671 -0.491775 -0.601822 0.316516 -0.484498 0.516303 0.264393 -0.669210 0.033121 -1.085338 -0.682455 0.763801 -0.317535 0.541858
VERTEX_POSE A67 -0.395514 0.081202 0.191751 -0.318779 0.756627 0.657291 -0.616731 0.634235 0.913793 0.033434 1.015416 -0.931017 -0.926821 0.791005 -0.851161 0.826498 0.820848 0.217383 0.990959 0.415652
VERTEX_POSE A68 -0.469653 0.725659 0.726777 -0.654773 0.635503 -0.807600 -0.344797 0.666939 -0.600438 -0.395798 -0.021080 -0.596754 0.093107 -0.507903 -0.456293 0.424646 -0.789538 0.246307 -1.083142 -0.557802
VERTEX_POSE A69 0.267215 -0.748760 0.177340 0.126736 0.210205 -0.328032 0.618601 0.663763 -0.454608 -0.660310 0.938054 -0.303874 0.750977 0.403122 -1.229922 -0.123806 -0.617698 0.029516 -0.722649 0.235810
VERTEX_POSE A70 -0.190855 -0.707140 0.044787 0.054206 -0.581885 -0.674945 -0.779427 0.178069 0.055798 0.209386 0.832027 0.322649 -0.150303 -0.341517 -0.674508 0.519882 -0.426935 -0.326542 0.424430 0.318549
VERTEX_POSE A71 -0.761404 -0.406474 0.039694 -0.478407 -0.239464 -0.013026 0.198823 0.267287 0.746367 -0.060906 0.427231 0.439206 0.565892 -0.567793 0.324647 -0.550394 -0.124135 0.049828 -0.437729 -0.515991
VERTEX_POSE A72 0.028507 -0.111713 -0.579087 0.517550 0.001053 -0.074535 0.795474 0.899144 0.753449 -0.349164 -0.055029 -0.227543 -0.801122 0.786385 -0.654208 -0.430732 0.054340 0.751389 -0.188597 0.429823
VERTEX_POSE A73 0.024998 0.486544 0.910520 0.144422 -0.762197 0.211818 0.622012 -0.520575 -0.551764 0.468390 0.075023 -0.434116 -0.003755 0.259369 0.236154 -0.219983 -0.160247 -0.458484 -0.386070 -0.658913
VERTEX_POSE A74 -0.113081 -0.580742 -0.063794 0.839331 0.723882 0.283094 0.991446 -0.275446 0.571156 -0.362554 0.521563 0.278455 -0.370026 -0.047331 0.610077 0.363089 0.671613 0.767879 -0.250136 -0.802826
VERTEX_POSE A75 0.869099 0.390855 0.699720 0.645050 0.888329 -0.000651 -0.808908 0.624537 -0.846889 0.899573 0.426663 0.810762 0.461609 0.653848 0.305101 0.143336 0.775220 0.690489 0.497218 -0.586385
VERTEX_POSE A76 0.960509 0.852118 -0.839297 -0.826247 -0.632011 -0.577245 0.561442 0.455064 0.092325 -0.699362 -0.592182 -0.943743 -0.679561 0.269397 -0.582074 0.499242 -0.979769 0.138473 0.273862 0.009394
VERTEX_POSE A77 -0.248435 -0.827322 -0.188067 0.423466 -0.450989 0.118038 0.160924 0.696600 0.798878 0.391858 0.345689 0.089561 -0.505248 0.442769 -0.716209 0.534135 0.476928 -0.139311 -0.687385 0.405298
VERTEX_POSE A78 0.871214 0.928291 -0.031741 0.148341 -0.825010 -0.451310 0.443515 -0.460247 0.730740 0.908948 -0.662447 -0.535950 -0.517226 -1.098587 -0.552040 0.677606 0.158921 -0.795567 0.461536 0.282432
VERTEX_POSE A79 -0.129579 -0.947400 0.693989 0.136382 0.325367 0.884033 -0.446521 -0.217348 -0.855861 -0.626773 -0.579392 -0.087277 0.563412 -0.967594 -0.380417 0.794019 0.465032 -0.394623 -0.530989 0.535394
VERTEX_POSE A80 -0.917885 -0.648035 0.481224 -0.159053 -0.053682 0.605087 -0.347823 0.201637 -0.184538 0.103336 0.745527 -0.074510 -0.066620 0.165842 -0.189684 -0.664725 0.018569 0.433434 0.227212 0.072557
VERTEX_POSE A81 -0.287127 0.554064 0.478004 0.028436 -0.575289 0.393590 0.293600 0.647366 -0.940163 0.119321 -0.112039 0.656083 -0.421172 -0.591174 0.245345 0.522789 0.526735 -0.144735 -0.999638 0.701310
VERTEX_POSE A82 0.525791 0.425505 0.706203 -0.256145 0.221696 0.059411 -0.651567 0.983071 0.818607 -0.360415 0.197123 0.653806 0.372924 -0.363465 -0.718831 -0.618949 -0.426510 0.419241 -0.846747 -0.688684
VERTEX_POSE A83 0.486200 -0.772483 0.715674 -0.758258 0.320953 -0.551373 0.444598 0.578357 -0.330442 0.365141 -0.268258 -0.043594 -0.580917 0.596121 0.351829 0.166760 0.073527 -0.609321 -0.462485 -0.378068
VERTEX_POSE A84 0.654175 -0.778159 -0.661782 0.375306 -0.250365 0.452485 -0.230237 0.355494 0.644097 0.497772 0.217081 -0.376651 0.530331 -0.786555 0.833184 -0.109635 -0.748335 -0.080136 -0.931682 -0.331532
VERTEX_POSE A85 0.601527 -0.638787 0.679390 0.473223 -0.166945 -0.392019 0.818180 0.693468 0.509787 0.463470 -0.089561 0.590841 0.383434 0.397544 0.811403 -0.429936 0.466999 0.358191 0.577270 -0.827213
VERTEX_POSE A86 -0.118361 0.509045 0.127080 -0.293660 0.437703 -0.583068 -0.624537 0.735381 -0.326455 -0.190698 -0.037216 0.144181 0.818844 0.781846 0.783544 -0.432725 0.015059 0.574927 -0.357270 0.508067
VERTEX_POSE A87 0.130033 -0.429894 0.175346 0.145837 0.196033 0.635048 0.401989 0.016828 0.097444 -0.936232 0.029823 -0.524164 0.122841 -0.514729 0.569139 -0.138451 -0.088716 -0.259607 0.080371 0.897137
VERTEX_POSE A88 -0.602608 0.645015 -0.497450 0.495221 -0.357272 0.225513 0.653388 -0.451918 -0.108407 -0.649388 -0.320854 0.055383 0.484907 0.120387 0.836991 -0.217932 -0.486662 0.612638 -0.101518 0.763574
VERTEX_POSE A89 -0.948358 0.985011 -0.023858 -0.469371 -0.507210 -0.561547 0.637413 0.394119 -0.779184 -0.632272 -0.428960 0.547919 -0.135510 -0.312908 -0.142991 0.370604 -0.326889 -0.014092 0.530611 -0.836192
VERTEX_POSE A90 -0.588189 0.880754 -0.204477 -0.961574 0.410519 -0.379364 0.538541 0.447345 0.102033 0.161971 -0.805723 0.789226 0.265318 0.465293 -0.408977 -0.650840 0.325124 -0.477921 0.602187 -0.036961
VERTEX_POSE A91 0.462700 -0.386814 -0.336234 0.840267 -0.808698 0.395786 0.217101 0.287268 -0.419576 0.082658 0.197314 0.066935 -0.224024 -0.906989 0.535762 0.707904 -0.200138 0.637305 -0.651990 0.215011
VERTEX_POSE A92 -0.386626 0.948024 0.315807 0.626200 0.634063 0.016926 -0.483398 0.512254 0.056318 -0.147611 0.645067 0.203279 -0.185268 0.373237 0.876229 -0.386015 -0.340183 0.497737 0.788356 0.356025
VERTEX_POSE A93 -0.978683 -0.528942 -0.334397 -0.595486 0.200533 0.654500 0.397356 0.701835 -0.391634 0.286859 0.249502 -0.527276 0.893022 0.504527 0.890828 0.598354 -0.443706 0.342703 -0.612446 0.874380
VERTEX_POSE A94 0.059004 0.756719 -0.638969 -0.927709 0.678470 -0.392181 -0.520527 -0.569523 0.048755 0.254883 -0.007814 0.648595 -0.647924 0.245996 0.208692 0.342915 0.111511 0.556167 0.237534 -0.729634
VERTEX_POSE A95 0.888197 -0.534772 0.797829 -0.633135 0.523300 -0.798869 0.650023 -0.403740 -0.377595 -0.459814 -0.556659 0.422889 1.004063 -0.038542 0.403025 -0.059526 0.477325 -0.727541 0.075538 0.974243
VERTEX_POSE A96 -0.729633 -0.172650 0.865265 0.660072 0.655821 0.539314 0.446851 -0.369118 -0.539480 0.588511 0.020772 0.414379 -0.033461 -0.133243 -0.252631 0.082130 -0.747696 -0.201476 -0.551486 -0.380184
VERTEX_POSE A97 -0.076321 -0.765182 -0.363800 0.411556 -0.248085 0.143281 0.746023 0.811683 0.880792 -0.890176 0.685979 0.035313 0.542584 0.540935 -0.774863 -0.578244 0.148843 -0.804854 -0.260853 0.775635
VERTEX_POSE A98 -0.507317 0.546429 -0.010420 0.048086 0.279927 -0.443095 0.302788 0.558256 -0.086324 -0.436477 0.788291 0.762422 -0.403771 0.493129 -0.022906 -0.860894 -0.485107 -0.796280 -0.483008 0.090013
VERTEX_POSE A99 -0.199285 -0.446992 0.592042 -0.994700 0.291324 -0.023099 0.613224 0.356839 0.399994 0.444981 -0.657365 0.192206 -0.557797 -0.637010 0.818296 -0.430497 0.554522 0.643730 0.459294 -0.093426
VERTEX_POINT L0 -0.809105 -0.513941 0.813539 -0.461708 0.962120
VERTEX_POINT L1 0.301828 0.839290 -0.965633 -0.897708 0.698042
VERTEX_POINT L2 0.039310 0.146534 -0.368264 -0.473107 -0.948139
VERTEX_POINT L3 0.219402 0.374346 -0.765547 -0.944157 -0.036827
VERTEX_POINT L4 -0.673174 0.325834 0.944887 0.246714 0.935844
VERTEX_POINT L5 0.926229 0.565792 0.567942 -0.633776 0.775742
VERTEX_POINT L6 0.088500 -0.234799 0.934173 0.700892 -0.148498
VERTEX_POINT L7 -0.712665 0.177952 -0.894410 0.420466 -0.696167
VERTEX_POINT L8 -0.322207 0.738470 -0.620125 0.789690 -0.675246
VERTEX_POINT L9 -0.040286 -0.306508 -0.097568 -0.150767 0.026491
VERTEX_POINT L10 0.157756 0.230552 0.799578 -0.443152 0.629200
VERTEX_POINT L11 -0.240091 -0.909564 0.861099 -0.369364 0.271071
VERTEX_POINT L12 0.672587 -0.752444 -0.619564 0.877668 0.451203
VERTEX_POINT L13 -0.316454 -0.343943 0.505781 0.300703 -0.149104
VERTEX_POINT L14 -0.753891 -0.682047 0.576773 -0.127621 -0.407976
VERTEX_POINT L15 0.326762 -0.530604 -0.281346 0.252975 -0.799163
VERTEX_POINT L16 -0.714927 0.017271 0.185172 -0.226075 0.683951
VERTEX_POINT L17 0.127748 0.826997 -0.296148 0.578718 -0.970273
VERTEX_POINT L18 -0.543205 0.039503 0.894000 -0.601188 0.396871
VERTEX_POINT L19 -0.317534 -0.337714 0.687722 -0.730854 -0.673321
VERTEX_POINT L20 0.179389 0.812008 0.679995 -0.890653 -0.477483
VERTEX_POINT L21 -0.131394 -0.079744 -0.310477 -0.562762 -0.192610
VERTEX_POINT L22 -0.854834 0.275472 -0.648512 -0.890587 -0.482020
VERTEX_POINT L23 0.792763 0.760032 -0.004199 0.735547 -0.843420
VERTEX_POINT L24 -0.110077 0.391314 0.355126 -0.158247 -0.992078
VERTEX_POINT L25 0.204170 0.032192 -0.287481 -0.818295 -0.803550
VERTEX_POINT L26 0.680960 -0.774741 -0.206369 -0.897588 0.679880
VERTEX_POINT L27 0.160290 -0.781336 0.220391 -0.498175 0.663744
VERTEX_POINT L28 -0.872151 0.267010 0.348719 0.593260 -0.051635
VERTEX_POINT L29 -0.826357 0.771689 0.783211 0.150497 -0.040193
VERTEX_POINT L30 0.961005 -0.228328 -0.187567 -0.492875 -0.044932
VERTEX_POINT L31 -0.681256 0.753069 0.162258 -0.868447 -0.089514
VERTEX_POINT L32 0.475471 0.610978 0.817578 0.252789 -0.342151
VERTEX_POINT L33 0.000315 0.918206 0.444169 0.034017 0.006929
VERTEX_POINT L34 0.538145 0.127415 0.396711 -0.812605 0.873659
VERTEX_POINT L35 0.802297 -0.063188 0.762465 -0.500497 -0.406307
VERTEX_POINT L36 -0.073456 0.483999 0.012111 0.400241 -0.217328
VERTEX_POINT L37 -0.373354 0.892616 0.330884 0.888287 -0.274839
VERTEX_POINT L38 -0.910368 -0.885236 0.868055 0.919969 -0.102474
VERTEX_POINT L39 0.604337 0.222469 0.391986 0.189931 0.107425
VERTEX_POINT L40 0.586360 -0.413892 -0.766684 -0.262480 0.751652
VERTEX_POINT L41 0.247388 0.345316 0.667633 -0.523183 -0.473274
VERTEX_POINT L42 -0.635754 0.312904 0.253085 0.820567 -0.621504
VERTEX_POINT L43 0.258947 -0.166336 -0.386248 -0.384811 0.202855
VERTEX_POINT L44 0.930934 -0.998626 0.173414 0.777519 0.377622
VERTEX_POINT L45 -0.389645 0.630857 -0.170142 -0.307054 -0.029479
VERTEX_POINT L46 -0.414291 0.303060 0.332406 0.868163 0.403692
VERTEX_POINT L47 -0.783992 0.018645 -0.641414 -0.448555 0.061573
VERTEX_POINT L48 0.738102 0.457855 0.533710 -0.728336 0.000248
VERTEX_POINT L49 0.042503 -0.657437 0.226405 -0.733025 -0.199437
VERTEX_POINT L50 -0.101527 0.680931 -0.953693 -0.179409 0.388252
VERTEX_POINT L51 -0.082508 0.269863 0.213705 -0.618989 0.522765
VERTEX_POINT L52 0.911110 0.262819 0.915928 -0.295786 0.607952
VERTEX_POINT L53 0.043639 -0.043597 -0.602205 -0.069996 0.906232
VERTEX_POINT L54 -0.289745 0.029895 -0.790493 -0.883442 0.679345
VERTEX_POINT L55 -0.198968 -0.345867 0.271054 0.545966 0.615875
VERTEX_POINT L56 -0.752191 0.988595 0.110314 0.111708 -0.897318
VERTEX_POINT L57 -0.608785 0.255154 0.003137 -0.781030 0.359225
VERTEX_POINT L58 0.961322 -0.127203 -0.508555 -0.952209 0.279619
VERTEX_POINT L59 -0.624342 0.255605 -0.540967 -0.295031 0.051047
VERTEX_POINT L60 -0.435142 0.026843 -0.213652 0.369468 -0.680969
VERTEX_POINT L61 0.922327 0.644469 0.303878 -0.445084 -0.765313
VERTEX_POINT L62 -0.305599 0.008674 0.621291 -0.163478 0.961533
VERTEX_POINT L63 -0.959670 -0.362179 -0.396074 -0.377743 -0.023120
VERTEX_POINT L64 -0.077358 0.562676 -0.251953 0.588933 0.241616
VERTEX_POINT L65 -0.767453 -0.863911 0.018002 0.023917 0.835191
VERTEX_POINT L66 0.842627 0.574634 -0.633610 0.121760 0.570573
VERTEX_POINT L67 0.849185 0.046674 0.760159 -0.010825 -0.975712
VERTEX_POINT L68 -0.140807 -0.971295 -0.651114 -0.087796 -0.439648
VERTEX_POINT L69 0.932259 0.689398 -0.765555 0.041729 -0.531901
VERTEX_POINT L70 0.453522 -0.730857 0.152145 -0.820895 0.131713
VERTEX_POINT L71 -0.554448 -0.385186 -0.417798 0.649724 -0.687996
VERTEX_POINT L72 0.179647 0.034715 0.902078 0.518546 -0.005175
VERTEX_POINT L73 0.817768 0.582048 -0.594770 0.999672 0.510209
VERTEX_POINT L74 0.704499 0.448478 0.195953 -0.735087 0.514859
VERTEX_POINT L75 0.110581 0.036088 0.075492 0.296065 -0.627553
VERTEX_POINT L76 -0.571877 0.212905 0.235088 -0.307382 -0.519270
VERTEX_POINT L77 -0.709792 -0.248462 -0.471641 -0.866924 -0.081449
VERTEX_POINT L78 0.326588 -0.945267 0.434078 0.847510 0.434020
VERTEX_POINT L79 -0.833775 -0.329240 -0.231202 -0.035717 0.480978
VERTEX_POINT L80 0.332711 0.094101 0.754765 -0.599948 0.719114
VERTEX_POINT L81 -0.774938 0.735664 0.480386 -0.331899 -0.177728
VERTEX_POINT L82 0.083717 0.940622 0.982503 0.345294 0.003743
VERTEX_POINT L83 0.243821 -0.643080 0.670693 0.104265 0.327066
VERTEX_POINT L84 0.268701 -0.307933 0.878181 0.598105 -0.271497
VERTEX_POINT L85 0.793972 -0.029483 -0.807990 0.461852 -0.316912
VERTEX_POINT L86 -0.955147 0.011053 -0.058253 -0.349768 -0.057059
VERTEX_POINT L87 0.516509 -0.319338 -0.011505 -0.290187 -0.168815
VERTEX_POINT L88 -0.814812 -0.774329 0.195147 0.680823 -0.957687
VERTEX_POINT L89 -0.993825 0.883850 0.433192 -0.301977 -0.777440
VERTEX_POINT L90 0.892167 0.936266 0.447528 0.414782 0.882232
VERTEX_POINT L91 -0.249954 0.252514 0.981495 0.050290 -0.638656
VERTEX_POINT L92 0.928502 0.528320 -0.262930 0.252939 -0.542753
VERTEX_POINT L93 -0.413432 -0.055060 0.068819 -0.748697 0.843765
VERTEX_POINT L94 -0.209624 0.890336 -0.414579 0.672547 0.338224
VERTEX_POINT L95 -0.148857 0.090995 0.485117 -0.158128 0.698863
VERTEX_POINT L96 -0.180885 0.081029 -0.913179 0.275220 0.678956
VERTEX_POINT L97 -0.366997 0.464969 -0.048189 -0.205693 -0.091203
VERTEX_POINT L98 -0.299671 -0.862330 0.245276 0.831047 0.723151
VERTEX_POINT L99 0.678308 0.109734 -0.564294 -0.812576 -0.760692
VERTEX_POINT L100 -0.434739 0.154368 0.186256 0.836037 0.376896
VERTEX_POINT L101 -0.846149 -0.593187 -0.602579 -0.989848 -0.145136
VERTEX_POINT L102 -0.876140 0.724548 0.017908 0.837149 -0.448688
VERTEX_POINT L103 0.744908 -0.810918 0.088334 0.354583 -0.628279
VERTEX_POINT L104 0.971619 0.988861 -0.197349 -0.990176 -0.634927
VERTEX_POINT L105 0.828359 0.173026 -0.786139 -0.897938 -0.933829
VERTEX_POINT L106 -0.144511 0.225171 -0.836174 -0.349352 -0.255832
VERTEX_POINT L107 -0.600258 0.201765 -0.962261 -0.297557 -0.154197
VERTEX_POINT L108 -0.881434 0.924564 -0.257780 -0.764862 -0.015278
VERTEX_POINT L109 -0.817923 0.279904 0.597904 -0.501842 -0.821812
VERTEX_POINT L110 -0.434033 0.872525 -0.193463 0.666725 -0.673218
VERTEX_POINT L111 0.451277 0.018665 -0.503015 -0.364810 -0.296164
VERTEX_POINT L112 -0.592861 0.015568 0.078290 0.166259 0.000460
VERTEX_POINT L113 0.649684 0.813147 -0.210959 0.012019 0.330525
VERTEX_POINT L114 -0.304902 0.375585 -0.832322 0.739456 -0.969097
VERTEX_POINT L115 0.675840 0.707635 -0.043529 -0.235636 0.728963
VERTEX_POINT L116 0.443656 -0.216336 -0.018949 -0.526128 -0.986387
VERTEX_POINT L117 -0.260049 -0.613362 0.109425 -0.610313 -0.026156
VERTEX_POINT L118 0.192349 -0.611703 0.944966 0.474177 -0.439852
VERTEX_POINT L119 0.628844 0.009335 -0.823802 -0.845306 -0.944074
VERTEX_POINT L120 -0.253874 -0.729511 -0.457383 0.087710 0.196404
VERTEX_POINT L121 0.084516 -0.675437 0.392494 -0.111042 -0.557620
VERTEX_POINT L122 -0.621110 -0.738150 -0.842307 0.204985 -0.582730
VERTEX_POINT L123 -0.325372 0.798809 0.279686 -0.659351 0.653651
VERTEX_POINT L124 0.671084 0.269503 -0.538686 0.140262 -0.713855
VERTEX_POINT L125 0.169266 -0.847815 -0.256887 -0.122468 0.755494
VERTEX_POINT L126 0.525771 -0.110196 -0.235197 0.182522 0.352514
VERTEX_POINT L127 -0.509801 -0.649468 -0.451866 -0.584518 0.965101
VERTEX_POINT L128 0.802268 0.617155 0.694924 0.671839 -0.335709
VERTEX_POINT L129 -0.773900 0.027474 -0.989921 0.013568 0.075665
VERTEX_POINT L130 -0.831493 0.460266 -0.016159 -0.397094 -0.795590
VERTEX_POINT L131 -0.632470 -0.228478 -0.118820 0.507876 -0.958813
VERTEX_POINT L132 -0.620049 0.434287 -0.592500 0.023721 0.930529
VERTEX_POINT L133 -0.707633 0.184814 -0.998252 -0.559945 -0.244278
VERTEX_POINT L134 -0.887562 -0.039395 0.969514 -0.137541 -0.587092
VERTEX_POINT L135 -0.648430 0.423147 0.210151 0.033545 -0.704397
VERTEX_POINT L136 -0.879274 -0.642160 -0.784390 -0.457883 -0.178107
VERTEX_POINT L137 -0.032074 -0.814225 -0.866660 0.513107 0.157076
VERTEX_POINT L138 -0.248688 -0.375087 0.247890 0.735988 0.141406
VERTEX_POINT L139 -0.760708 -0.717596 -0.042170 -0.222744 0.806616
VERTEX_POINT L140 0.150004 0.465679 0.731245 -0.988735 0.335264
VERTEX_POINT L141 0.317279 -0.502562 -0.945572 0.402713 0.468188
VERTEX_POINT L142 0.690570 0.301069 0.454815 0.412446 -0.489548
VERTEX_POINT L143 0.557142 -0.518753 -0.190466 0.177524 -0.664276
VERTEX_POINT L144 -0.033037 -0.689415 -0.156532 -0.585268 -0.201287
VERTEX_POINT L145 -0.614332 -0.323346 0.622493 0.151902 -0.458646
VERTEX_POINT L146 0.232982 -0.811118 0.766005 0.941887 -0.935313
VERTEX_POINT L147 -0.589381 0.094249 0.824519 -0.111396 -0.187674
VERTEX_POINT L148 0.125619 0.063292 -0.268083 0.541589 0.515198
VERTEX_POINT L149 -0.574669 -0.422822 0.710971 0.416064 -0.375165
VERTEX_POINT L150 -0.960537 -0.896416 -0.999283 0.043298 -0.131748
VERTEX_POINT L151 0.871745 0.333781 0.274534 -0.370701 -0.288398
VERTEX_POINT L152 0.509847 -0.098259 0.103466 -0.694978 0.067216
VERTEX_POINT L153 -0.581647 -0.634566 -0.841590 -0.751717 0.285522
VERTEX_POINT L154 -0.453627 0.132590 -0.445780 -0.030051 -0.634747
VERTEX_POINT L155 0.180931 -0.828756 0.564780 0.445284 0.353361
VERTEX_POINT L156 0.587619 -0.482381 -0.098477 0.125815 0.041016
VERTEX_POINT L157 -0.927856 -0.977606 0.319024 -0.847530 0.717767
VERTEX_POINT L158 0.671131 -0.478224 -0.887086 0.860766 0.318462
VERTEX_POINT L159 0.389887 -0.865226 -0.403552 -0.202346 0.705307
VERTEX_POINT L160 -0.701756 0.049868 0.329103 0.166039 -0.206568
VERTEX_POINT L161 0.839637 0.982043 0.096754 -0.536328 0.522871
VERTEX_POINT L162 0.757417 -0.093704 0.477628 -0.694470 0.746494
VERTEX_POINT L163 -0.321805 -0.515846 0.736603 -0.810241 -0.276038
VERTEX_POINT L164 -0.867996 0.166857 0.098503 -0.096273 -0.721407
VERTEX_POINT L165 0.869855 0.866901 0.447142 0.167989 -0.840597
VERTEX_POINT L166 0.029765 0.907301 -0.053246 0.223304 0.019564
VERTEX_POINT L167 -0.747270 0.524698 0.314112 0.445845 0.100487
VERTEX_POINT L168 -0.162219 -0.947324 0.580482 -0.318904 0.316479
VERTEX_POINT L169 0.781077 -0.467786 -0.805355 -0.040708 -0.839030
VERTEX_POINT L170 -0.507978 0.807102 -0.728058 -0.776899 -0.092898
VERTEX_POINT L171 0.987785 0.518355 0.311727 -0.307640 -0.348257
VERTEX_POINT L172 0.098356 0.029652 -0.750928 -0.637995 0.629158
VERTEX_POINT L173 -0.817409 0.108171 0.726757 0.635546 0.417554
VERTEX_POINT L174 0.544927 0.999602 -0.878738 0.869884 -0.012532
VERTEX_POINT L175 -0.934682 0.340236 0.092541 -0.223263 -0.572129
VERTEX_POINT L176 -0.431741 0.784825 0.349249 -0.212552 0.958908
VERTEX_POINT L177 -0.222091 -0.811516 0.887267 0.811772 0.052155
VERTEX_POINT L178 -0.524063 -0.565515 -0.082940 0.665341 0.240197
VERTEX_POINT L179 0.693877 -0.151883 -0.918833 -0.670963 0.474106
VERTEX_POINT L180 0.203240 -0.234338 0.598238 0.227836 0.676990
VERTEX_POINT L181 -0.484600 -0.461930 -0.082223 -0.291361 -0.891551
VERTEX_POINT L182 0.565622 -0.818101 0.355701 -0.041663 -0.814292
VERTEX_POINT L183 -0.286913 0.667404 -0.298296 0.532858 -0.255794
VERTEX_POINT L184 -0.066247 -0.096496 0.076187 -0.043078 0.393970
VERTEX_POINT L185 -0.888005 0.314488 0.909921 0.928285 -0.449039
VERTEX_POINT L186 0.894018 0.838648 -0.733516 -0.021858 -0.902434
VERTEX_POINT L187 -0.478628 0.421123 0.977710 -0.917264 -0.565014
VERTEX_POINT L188 -0.815861 0.336882 0.228945 -0.919245 -0.731272
VERTEX_POINT L189 0.565149 -0.639576 -0.620603 -0.161092 0.416028
VERTEX_POINT L190 0.911260 0.555897 -0.425842 -0.119610 -0.859707
VERTEX_POINT L191 -0.517617 -0.613251 -0.441952 0.246794 0.062161
VERTEX_POINT L192 0.404786 -0.657533 0.476152 0.302580 -0.061101
VERTEX_POINT L193 0.668677 -0.537807 -0.948214 0.185920 0.886788
VERTEX_POINT L194 0.160578 -0.129096 -0.705349 0.436553 0.786122
VERTEX_POINT L195 0.536790 0.509324 -0.425346 -0.793693 0.217493
VERTEX_POINT L196 0.538531 -0.670906 0.498928 -0.646091 -0.953810
VERTEX_POINT L197 -0.809657 -0.221795 0.241405 -0.340143 -0.194314
VERTEX_POINT L198 0.789519 0.034022 0.888767 0.652152 -0.682021
VERTEX_POINT L199 -0.623688 -0.618230 0.079410 0.035005 0.362669
VERTEX_POINT L200 0.971420 0.310419 0.436050 0.619149 -0.033344
VERTEX_POINT L201 -0.718459 -0.158876 -0.839291 0.875253 0.225082
VERTEX_POINT L202 -0.635903 0.900125 -0.608863 0.727365 -0.985588
VERTEX_POINT L203 0.069776 -0.659929 0.685123 0.981154 -0.404186
VERTEX_POINT L204 -0.535868 0.949295 0.887466 0.510799 -0.357364
VERTEX_POINT L205 0.909024 0.899727 -0.487601 0.597249 0.001880
VERTEX_POINT L206 0.135094 0.680307 -0.222337 -0.242110 0.023685
VERTEX_POINT L207 0.032391 0.734120 0.236715 -0.701753 -0.398456
VERTEX_POINT L208 -0.313067 -0.911789 -0.600334 0.409021 -0.945965
VERTEX_POINT L209 0.611032 -0.885207 0.694723 -0.576769 -0.736118
VERTEX_POINT L210 -0.273732 -0.417762 0.317882 -0.372716 -0.924349
VERTEX_POINT L211 0.890172 -0.146127 0.997904 -0.363143 0.731025
VERTEX_POINT L212 -0.873568 -0.347137 -0.387500 0.131870 -0.627670
VERTEX_POINT L213 -0.708110 -0.235864 -0.326417 0.585621 -0.738641
VERTEX_POINT L214 -0.396741 -0.478724 -0.300392 -0.830285 -0.524770
VERTEX_POINT L215 0.060185 0.556367 0.688686 -0.911208 0.766301
VERTEX_POINT L216 -0.596115 -0.921376 -0.416496 0.513906 -0.187680
VERTEX_POINT L217 -0.502723 -0.640075 -0.033908 0.147857 -0.427204
VERTEX_POINT L218 0.581557 -0.022510 0.666396 -0.828472 -0.798713
VERTEX_POINT L219 -0.411976 0.415506 0.812448 0.594661 0.081048
VERTEX_POINT L220 -0.937574 -0.279651 0.345489 0.986764 0.988824
VERTEX_POINT L221 0.492817 -0.466613 -0.759446 0.051918 -0.658420
VERTEX_POINT L222 0.070406 0.802256 -0.629504 -0.158545 -0.856792
VERTEX_POINT L223 0.467212 0.062816 -0.178359 0.289344 -0.072277
VERTEX_POINT L224 0.161494 -0.004420 -0.707660 -0.762161 -0.771632
VERTEX_POINT L225 -0.769016 -0.326841 -0.334853 -0.721992 0.929331
VERTEX_POINT L226 0.004002 -0.427859 0.396295 0.495651 -0.854784
VERTEX_POINT L227 -0.299975 0.324675 0.791267 -0.408252 -0.725442
VERTEX_POINT L228 -0.578672 0.451364 0.906552 -0.062135 -0.264983
VERTEX_POINT L229 -0.206479 0.606163 0.285062 0.147803 -0.536804
VERTEX_POINT L230 0.076337 0.706445 -0.129323 0.626753 0.637227
VERTEX_POINT L231 -0.607252 -0.238217 0.342602 -0.442987 0.701673
VERTEX_POINT L232 0.075062 -0.552713 0.445771 0.023056 0.688278
VERTEX_POINT L233 0.440434 0.606570 0.261815 0.354118 0.651639
VERTEX_POINT L234 0.462524 0.101854 0.027725 -0.461833 -0.702512
VERTEX_POINT L235 0.539194 -0.603418 0.333236 -0.466145 -0.669087
VERTEX_POINT L236 0.349457 0.506297 0.774214 -0.048633 -0.346481
VERTEX_POINT L237 -0.402382 -0.217839 0.805388 0.296057 0.321173
VERTEX_POINT L238 -0.428415 -0.869298 -0.430048 -0.167898 -0.067542
VERTEX_POINT L239 -0.963610 0.594508 -0.826121 -0.639612 -0.292446
VERTEX_POINT L240 -0.791351 -0.103046 0.500111 0.719289 0.585055
VERTEX_POINT L241 0.297854 -0.287060 0.887834 0.459386 0.008108
VERTEX_POINT L242 0.926562 -0.551619 -0.828217 -0.002755 -0.561422
VERTEX_POINT L243 -0.664919 0.549816 -0.887389 -0.148841 0.957385
VERTEX_POINT L244 0.589744 0.477076 -0.438584 0.045007 0.269467
VERTEX_POINT L245 -0.470178 -0.030343 -0.128609 0.166960 -0.086192
VERTEX_POINT L246 0.395266 0.106183 0.801297 -0.060050 0.723686
VERTEX_POINT L247 0.993629 0.555700 0.144920 -0.441087 -0.918213
VERTEX_POINT L248 0.027099 0.329582 0.837483 -0.685183 0.486604
VERTEX_POINT L249 -0.023176 -0.916327 0.467694 0.111478 0.924973
VERTEX_POINT L250 -0.418347 -0.028793 -0.042631 -0.846426 0.162835
VERTEX_POINT L251 0.089525 -0.950069 0.182972 -0.698419 0.475428
VERTEX_POINT L252 -0.530359 -0.382940 0.708248 -0.836603 -0.733447
VERTEX_POINT L253 0.652059 -0.226538 0.327865 -0.004971 0.306043
VERTEX_POINT L254 -0.443263 0.112747 -0.995387 0.590925 -0.596848
VERTEX_POINT L255 0.631135 0.612640 -0.999413 -0.598765 -0.505079
VERTEX_POINT L256 0.883044 0.446621 0.993012 0.273037 0.235374
VERTEX_POINT L257 0.560739 0.684888 0.400908 0.086577 -0.451632
VERTEX_POINT L258 -0.668841 -0.062685 0.791855 -0.007017 -0.230521
VERTEX_POINT L259 -0.695629 -0.102014 0.899564 -0.789099 0.970391
VERTEX_POINT L260 -0.645740 0.291050 -0.314029 -0.765620 0.011564
VERTEX_POINT L261 0.407497 -0.356240 -0.337468 -0.380264 -0.593294
VERTEX_POINT L262 -0.302881 0.659769 0.242166 -0.232085 0.672064
VERTEX_POINT L263 0.429322 0.738337 -0.868259 0.257436 -0.300159
VERTEX_POINT L264 -0.152070 -0.749671 0.924347 0.973853 -0.941655
VERTEX_POINT L265 -0.840357 -0.238377 -0.730109 0.306082 0.969552
VERTEX_POINT L266 -0.031483 -0.865081 0.464978 0.791291 0.030755
VERTEX_POINT L267 -0.802612 0.756626 0.698560 -0.074780 -0.288136
VERTEX_POINT L268 -0.242739 0.543784 -0.924721 -0.397861 0.290725
VERTEX_POINT L269 0.540102 -0.734379 -0.965071 -0.376607 0.963213
VERTEX_POINT L270 -0.766222 0.351134 0.872440 0.285609 0.419418
VERTEX_POINT L271 -0.034090 -0.559262 0.575391 -0.678572 -0.124220
VERTEX_POINT L272 -0.162044 -0.021439 0.922763 -0.917220 -0.028679
VERTEX_POINT L273 -0.839660 0.799515 -0.955777 -0.717146 0.857996
VERTEX_POINT L274 0.300991 0.990555 0.688002 0.172586 -0.166835
VERTEX_POINT L275 -0.572300 -0.544364 -0.515821 0.127787 -0.759212
VERTEX_POINT L276 -0.309838 -0.230828 -0.084386 0.449814 -0.228196
VERTEX_POINT L277 -0.303742 0.096738 0.489299 -0.887463 -0.443149
VERTEX_POINT L278 -0.578671 -0.988663 0.629100 0.686700 -0.677425
VERTEX_POINT L279 0.717261 -0.901247 -0.246903 0.764631 -0.741592
VERTEX_POINT L280 0.673082 0.180410 -0.043007 0.224015 -0.518176
VERTEX_POINT L281 0.002982 -0.017457 -0.413532 0.840274 0.485410
VERTEX_POINT L282 -0.193214 -0.851316 0.936070 -0.933788 0.733837
VERTEX_POINT L283 -0.857277 0.797470 -0.334759 0.387412 -0.251623
VERTEX_POINT L284 -0.344958 0.756005 0.914333 -0.164697 -0.208547
VERTEX_POINT L285 0.363523 0.261431 0.940683 0.657137 -0.863011
VERTEX_POINT L286 0.773857 0.410110 -0.334172 0.788647 0.243298
VERTEX_POINT L287 -0.461914 0.202627 0.907344 -0.891660 -0.973173
VERTEX_POINT L288 -0.075738 -0.053682 0.341591 -0.256286 -0.314643
VERTEX_POINT L289 -0.894983 -0.652575 -0.542318 -0.218370 -0.987223
VERTEX_POINT L290 -0.157543 -0.899387 0.806908 -0.680759 0.997218
VERTEX_POINT L291 0.278522 -0.762632 -0.972438 -0.021906 0.696921
VERTEX_POINT L292 0.512513 -0.008815 0.120214 0.401365 -0.580517
VERTEX_POINT L293 0.539577 0.760382 0.049074 0.087156 0.669283
VERTEX_POINT L294 -0.292156 0.975705 -0.840697 -0.764470 -0.603238
VERTEX_POINT L295 -0.639557 0.241514 0.044561 0.375219 -0.522173
VERTEX_POINT L296 0.699220 -0.477995 0.318966 -0.606763 0.638835
VERTEX_POINT L297 0.676361 -0.889376 0.624281 -0.973179 0.427517
VERTEX_POINT L298 -0.442169 -0.001860 -0.256879 -0.699561 0.189691
VERTEX_POINT L299 -0.543520 -0.934211 0.394245 -0.004624 -0.070440
VERTEX_POINT L300 0.216463 -0.623755 0.659210 -0.349785 0.390730
VERTEX_POINT L301 -0.208391 -0.650725 -0.384439 0.586048 -0.390891
VERTEX_POINT L302 0.422391 -0.493473 -0.030365 0.316804 0.805340
VERTEX_POINT L303 -0.945581 0.354806 0.581973 -0.267006 -0.637949
VERTEX_POINT L304 -0.048051 -0.851211 -0.340216 0.868902 -0.532895
VERTEX_POINT L305 -0.276618 -0.502918 -0.342363 -0.510609 -0.361495
VERTEX_POINT L306 -0.517880 0.810442 -0.933847 0.860781 -0.397161
VERTEX_POINT L307 0.642110 -0.082039 0.575398 0.318716 0.238909
VERTEX_POINT L308 0.419640 0.593820 -0.853064 -0.398073 0.195356
VERTEX_POINT L309 -0.096551 0.821779 0.695252 0.547481 -0.074586
VERTEX_POINT L310 0.359371 0.016714 -0.671504 0.083346 0.497317
VERTEX_POINT L311 0.092721 -0.225770 0.103929 0.825942 0.677180
VERTEX_POINT L312 0.906431 -0.195678 -0.718280 0.387755 -0.589176
VERTEX_POINT L313 -0.833844 0.165398 -0.735435 0.149558 0.231154
VERTEX_POINT L314 0.235444 -0.428299 0.769169 0.213354 -0.574442
VERTEX_POINT L315 -0.438527 -0.439672 -0.803947 -0.776942 0.202278
VERTEX_POINT L316 0.529679 -0.573172 -0.794752 -0.193305 0.368143
VERTEX_POINT L317 0.009301 0.981811 -0.565003 0.002001 0.668856
VERTEX_POINT L318 0.099559 0.762955 -0.896603 -0.668602 0.229105
VERTEX_POINT L319 -0.546059 0.373147 0.546839 0.550408 -0.946500
VERTEX_POINT L320 0.114318 -0.670764 -0.107320 0.783631 0.681633
VERTEX_POINT L321 0.942016 0.863567 0.910306 -0.349361 0.226324
VERTEX_POINT L322 0.732462 0.610515 0.574401 -0.471498 0.750421
VERTEX_POINT L323 -0.373169 0.320421 -0.987106 0.184996 -0.898885
VERTEX_POINT L324 0.481593 0.623949 -0.040620 0.737795 -0.104394
VERTEX_POINT L325 -0.559693 0.586221 0.733704 -0.235968 -0.852817
VERTEX_POINT L326 -0.012726 -0.438065 0.057455 -0.439785 -0.421058
VERTEX_POINT L327 0.180812 -0.854046 -0.721654 -0.868968 -0.465559
VERTEX_POINT L328 -0.883332 0.696845 0.357985 -0.209147 0.574701
VERTEX_POINT L329 0.545105 0.560075 0.800576 -0.139346 0.768634
VERTEX_POINT L330 0.637293 -0.788257 0.672590 0.126409 0.464002
VERTEX_POINT L331 0.333131 -0.926910 0.017195 0.441068 -0.034570
VERTEX_POINT L332 -0.663286 0.909350 -0.583862 -0.553298 -0.622257
VERTEX_POINT L333 0.059683 -0.281730 -0.357774 -0.556787 0.269342
VERTEX_POINT L334 0.387551 0.427896 -0.400832 -0.825938 0.327481
VERTEX_POINT L335 0.288663 -0.941861 0.075922 -0.684396 -0.155152
VERTEX_POINT L336 0.783065 0.215352 0.299863 -0.067397 0.907847
VERTEX_POINT L337 0.869670 0.238338 -0.334679 -0.965156 0.930320
VERTEX_POINT L338 -0.069227 -0.023901 -0.348680 0.634320 -0.916243
VERTEX_POINT L339 0.202705 -0.190828 0.446799 0.534531 0.103204
VERTEX_POINT L340 -0.226881 0.060117 -0.639427 0.582325 -0.144266
VERTEX_POINT L341 -0.709856 0.992813 -0.020185 -0.282333 0.581074
VERTEX_POINT L342 -0.704573 0.583403 -0.449272 0.360473 -0.219616
VERTEX_POINT L343 -0.320449 0.864439 -0.357707 -0.029920 0.266558
VERTEX_POINT L344 -0.543700 0.158211 0.244381 0.867225 -0.187771
VERTEX_POINT L345 0.530871 -0.844897 -0.680103 -0.426173 0.205942
VERTEX_POINT L346 0.241024 -0.575233 -0.161654 0.193139 -0.531164
VERTEX_POINT L347 0.985979 0.585040 0.449629 -0.326080 -0.819628
VERTEX_POINT L348 -0.459828 -0.863086 -0.245105 0.575828 -0.125203
VERTEX_POINT L349 -0.659417 -0.812278 -0.058256 0.524537 0.697941
VERTEX_POINT L350 -0.560080 -0.041814 -0.003532 -0.775672 -0.766128
VERTEX_POINT L351 0.654489 -0.533850 0.647574 0.359459 -0.443570
VERTEX_POINT L352 -0.717401 -0.948711 -0.147950 -0.824824 -0.075736
VERTEX_POINT L353 -0.827618 -0.431299 -0.429132 -0.247170 0.984293
VERTEX_POINT L354 -0.718680 0.786571 0.660468 -0.455544 -0.342455
VERTEX_POINT L355 0.764192 0.675237 0.811430 0.912971 0.819871
VERTEX_POINT L356 -0.387311 -0.845078 -0.695428 0.516862 -0.868523
VERTEX_POINT L357 0.268594 -0.651495 -0.282077 0.104671 0.236487
VERTEX_POINT L358 -0.054996 0.821191 -0.910225 -0.955997 -0.645688
VERTEX_POINT L359 -0.270643 0.851767 0.662557 -0.692284 0.706177
VERTEX_POINT L360 -0.186301 0.908580 -0.481500 0.965325 0.005121
VERTEX_POINT L361 -0.417704 -0.967066 0.762366 0.170411 0.818313
VERTEX_POINT L362 -0.937512 0.924857 -0.320248 0.748784 -0.328392
VERTEX_POINT L363 0.150413 0.817930 -0.065363 -0.587973 0.382864
VERTEX_POINT L364 0.641980 -0.248796 -0.595408 0.613624 0.087655
VERTEX_POINT L365 0.450039 0.352753 0.278920 0.922846 0.999089
VERTEX_POINT L366 -0.560924 0.876068 -0.989441 -0.272368 -0.772288
VERTEX_POINT L367 0.425045 0.966556 0.704454 -0.453773 -0.004498
VERTEX_POINT L368 0.319709 -0.408909 0.944241 0.957689 0.929409
VERTEX_POINT L369 0.369849 -0.147832 -0.338121 -0.638048 -0.688531
VERTEX_POINT L370 -0.372250 -0.224271 0.151253 -0.919242 -0.901294
VERTEX_POINT L371 -0.907171 0.651208 -0.695186 0.540014 -0.214857
VERTEX_POINT L372 0.659993 -0.155019 0.641694 0.079619 0.892543
VERTEX_POINT L373 -0.076823 -0.640869 0.701981 0.441231 -0.120910
VERTEX_POINT L374 -0.227621 0.515648 -0.052893 -0.489906 -0.948299
VERTEX_POINT L375 -0.883707 -0.996807 -0.113925 -0.053157 -0.295228
VERTEX_POINT L376 -0.545952 -0.485765 -0.978122 -0.984941 -0.914968
VERTEX_POINT L377 -0.986597 0.940415 0.785453 0.703233 -0.479464
VERTEX_POINT L378 -0.897728 0.588232 -0.664297 0.620763 -0.114856
VERTEX_POINT L379 -0.005781 -0.348851 -0.223227 0.590887 -0.040171
VERTEX_POINT L380 -0.646014 -0.871864 -0.272803 0.227770 -0.781523
VERTEX_POINT L381 -0.457808 -0.453581 0.332171 0.845091 0.119016
VERTEX_POINT L382 -0.351291 0.117299 -0.575653 -0.049654 0.516259
VERTEX_POINT L383 -0.363415 -0.820575 0.579247 0.402946 0.142741
VERTEX_POINT L384 -0.285426 0.115120 0.903039 -0.402079 0.103309
VERTEX_POINT L385 -0.069971 -0.096131 -0.915185 0.494802 -0.826196
VERTEX_POINT L386 -0.599224 0.854662 0.390677 0.315916 -0.037388
VERTEX_POINT L387 0.327263 0.270042 -0.792389 -0.885217 0.234786
VERTEX_POINT L388 -0.801377 0.252375 -0.197261 -0.400528 0.410291
VERTEX_POINT L389 0.345780 0.675853 0.480452 0.359919 0.316924
VERTEX_POINT L390 -0.943380 0.121809 0.870168 -0.577501 -0.059037
VERTEX_POINT L391 0.012323 0.160955 0.321238 -0.435202 -0.584588
VERTEX_POINT L392 0.928077 0.708787 0.242818 -0.469670 0.135237
VERTEX_POINT L393 -0.880892 0.046665 -0.450080 -0.828717 0.612571
VERTEX_POINT L394 -0.837264 -0.021116 -0.744124 -0.023175 0.798276
VERTEX_POINT L395 0.570056 -0.540009 0.647409 -0.856046 -0.777108
VERTEX_POINT L396 0.569147 -0.600582 0.828840 -0.905872 0.611660
VERTEX_POINT L397 -0.398188 -0.145047 -0.733565 0.704457 -0.974012
VERTEX_POINT L398 -0.004899 -0.573453 0.351863 -0.309818 0.218395
VERTEX_POINT L399 -0.111143 -0.009491 0.773080 -0.948182 0.541068
VERTEX_POINT L400 0.971661 0.707121 -0.071687 -0.933591 -0.662543
VERTEX_POINT L401 0.622852 0.202276 -0.496884 -0.229060 0.317100
VERTEX_POINT L402 -0.018315 -0.358283 -0.922106 0.591832 -0.673789
VERTEX_POINT L403 0.631654 -0.447898 -0.429992 0.146027 -0.770000
VERTEX_POINT L404 -0.453972 0.561407 -0.794903 -0.787829 -0.803810
VERTEX_POINT L405 0.754065 -0.842635 0.025001 -0.898074 -0.622089
VERTEX_POINT L406 0.747947 -0.444705 0.456082 -0.907130 -0.065228
VERTEX_POINT L407 0.000076 -0.924358 -0.773024 -0.772770 -0.718778
VERTEX_POINT L408 0.767468 -0.902220 -0.189546 0.805159 -0.101552
VERTEX_POINT L409 0.850219 -0.856473 0.791786 0.713633 0.819916
VERTEX_POINT L410 0.994295 -0.273209 0.003748 0.818117 0.241051
VERTEX_POINT L411 -0.878546 -0.774084 0.537651 0.032929 0.116925
VERTEX_POINT L412 -0.607589 -0.310054 0.123957 0.558724 -0.061068
VERTEX_POINT L413 -0.356996 0.844090 0.428095 -0.231536 -0.242691
VERTEX_POINT L414 -0.241962 -0.594659 0.116898 -0.564125 -0.740334
VERTEX_POINT L415 0.106985 0.805066 0.026996 -0.843355 -0.957758
VERTEX_POINT L416 0.573033 -0.252041 0.512910 -0.736735 -0.068887
VERTEX_POINT L417 0.158815 -0.739997 -0.492425 0.751791 0.222278
VERTEX_POINT L418 -0.565752 0.075108 0.234608 -0.728572 0.277028
VERTEX_POINT L419 0.771656 -0.999666 -0.684351 -0.137262 -0.658596
VERTEX_POINT L420 -0.495405 0.935856 0.988026 0.111710 -0.460798
VERTEX_POINT L421 -0.509133 -0.803084 0.104776 -0.306073 -0.782009
VERTEX_POINT L422 -0.216021 0.161289 0.636887 0.427535 -0.243184
VERTEX_POINT L423 -0.567328 0.644643 0.230844 0.642040 0.674439
VERTEX_POINT L424 -0.390024 0.243582 0.654696 -0.134790 0.830562
VERTEX_POINT L425 -0.053285 -0.859827 0.892763 -0.595640 -0.444908
VERTEX_POINT L426 -0.997272 -0.895366 -0.121747 0.785994 0.897332
VERTEX_POINT L427 -0.820877 0.643000 0.483535 -0.040662 0.442222
VERTEX_POINT L428 0.548527 -0.004874 -0.840802 -0.891183 -0.418919
VERTEX_POINT L429 -0.002170 -0.468819 -0.769884 -0.523824 0.115726
VERTEX_POINT L430 0.067980 -0.366491 0.256615 0.011156 -0.016710
VERTEX_POINT L431 0.520188 -0.297753 0.087511 -0.824774 -0.081462
VERTEX_POINT L432 -0.379319 0.733457 -0.266767 0.247116 -0.567173
VERTEX_POINT L433 -0.950335 0.275227 0.334509 -0.397012 0.309501
VERTEX_POINT L434 0.151842 0.254349 0.657519 0.321253 0.148538
VERTEX_POINT L435 0.166710 0.294865 -0.061670 0.459288 -0.370983
VERTEX_POINT L436 0.803730 0.432592 -0.640490 -0.295086 0.687412
VERTEX_POINT L437 -0.100212 0.809643 0.113601 0.414124 -0.916689
VERTEX_POINT L438 -0.833214 0.370507 0.165306 0.686518 -0.089761
VERTEX_POINT L439 0.571198 0.530371 0.169964 -0.489926 -0.414140
VERTEX_POINT L440 -0.249993 0.953170 -0.094613 0.127757 0.903227
VERTEX_POINT L441 -0.838919 -0.902702 -0.830946 0.504635 -0.848710
VERTEX_POINT L442 0.692651 0.756287 -0.292385 0.543003 0.702785
VERTEX_POINT L443 0.142418 -0.356884 -0.970656 -0.313519 -0.157841
VERTEX_POINT L444 -0.195915 0.941388 0.597149 -0.726901 -0.091401
VERTEX_POINT L445 -0.549310 -0.838372 0.824513 0.978877 0.962451
VERTEX_POINT L446 -0.750597 -0.551818 0.056340 -0.156874 -0.115599
VERTEX_POINT L447 -0.622882 -0.310653 0.110060 -0.463636 0.839712
VERTEX_POINT L448 0.609504 -0.578369 -0.667912 0.730668 0.184729
VERTEX_POINT L449 -0.316350 0.523290 -0.709052 0.114554 -0.838571
VERTEX_POINT L450 -0.851226 -0.310319 0.425709 0.399102 -0.818884
VERTEX_POINT L451 -0.885900 -0.642513 -0.679886 -0.157622 0.723931
VERTEX_POINT L452 0.174518 0.720206 0.395723 0.808482 -0.620580
VERTEX_POINT L453 -0.067247 0.850970 0.062596 -0.173362 -0.062068
VERTEX_POINT L454 -0.453228 -0.997869 0.550958 -0.515583 0.398370
VERTEX_POINT L455 0.784493 -0.036212 0.050419 -0.326308 -0.790018
VERTEX_POINT L456 0.879467 0.991143 -0.044641 0.230998 0.493024
VERTEX_POINT L457 -0.450500 -0.893235 -0.570789 -0.729588 0.295702
VERTEX_POINT L458 0.963616 -0.393212 -0.466046 0.633030 0.652204
VERTEX_POINT L459 0.427994 -0.013731 0.114557 0.339815 -0.925895
VERTEX_POINT L460 0.547330 -0.362054 -0.340673 -0.253412 -0.588572
VERTEX_POINT L461 0.031596 0.240297 0.790569 -0.355814 -0.364506
VERTEX_POINT L462 -0.051818 0.688515 -0.797932 0.515041 -0.007357
VERTEX_POINT L463 -0.831989 -0.628596 0.392560 0.993704 -0.155745
VERTEX_POINT L464 0.081261 -0.484477 0.125078 0.247175 0.944995
VERTEX_POINT L465 -0.899977 -0.057136 0.859587 -0.163706 -0.858819
VERTEX_POINT L466 0.334721 0.666269 -0.669110 0.452991 0.473272
VERTEX_POINT L467 -0.115009 0.948115 0.484588 0.952089 0.632408
VERTEX_POINT L468 -0.000188 -0.247493 -0.026812 -0.749582 -0.775508
VERTEX_POINT L469 0.501507 0.036776 0.496196 0.139509 -0.616489
VERTEX_POINT L470 -0.543811 0.478486 -0.345448 -0.537837 -0.781732
VERTEX_POINT L471 0.749819 -0.294323 0.878575 0.378175 -0.872282
VERTEX_POINT L472 0.662589 0.134074 0.665250 -0.355856 -0.465200
VERTEX_POINT L473 -0.851160 0.234773 0.362167 -0.994835 0.921052
VERTEX_POINT L474 -0.107763 0.348794 0.907919 -0.935345 -0.030123
VERTEX_POINT L475 -0.533326 0.075462 0.262399 -0.082757 0.443399
VERTEX_POINT L476 -0.400471 0.396401 0.186680 0.984043 0.883503
VERTEX_POINT L477 0.141640 0.796976 -0.035741 -0.092219 0.854278
VERTEX_POINT L478 -0.156208 0.764809 -0.627541 0.453607 0.283111
VERTEX_POINT L479 -0.790966 0.818032 0.518768 0.714711 0.068233
VERTEX_POINT L480 0.825290 0.320265 0.255206 -0.977664 -0.984294
VERTEX_POINT L481 -0.007434 -0.545509 0.798168 -0.147291 0.464227
VERTEX_POINT L482 -0.676867 -0.824481 0.838882 -0.442912 -0.207836
VERTEX_POINT L483 -0.000193 0.040471 -0.349070 0.830818 -0.604874
VERTEX_POINT L484 0.925319 -0.694540 -0.139236 0.679346 -0.597841
VERTEX_POINT L485 -0.130095 -0.822350 0.389840 0.041505 -0.809466
VERTEX_POINT L486 -0.215699 -0.995741 0.701349 -0.495491 -0.394892
VERTEX_POINT L487 0.804787 -0.703397 0.816123 -0.089656 0.895184
VERTEX_POINT L488 0.419405 -0.715585 0.819051 0.311917 0.486236
VERTEX_POINT L489 -0.252083 -0.388954 -0.764697 -0.862460 -0.742687
VERTEX_POINT L490 0.232781 0.282872 -0.069320 -0.749841 0.969289
VERTEX_POINT L491 -0.033265 -0.077638 -0.521621 -0.941495 0.897665
VERTEX_POINT L492 0.779513 0.851343 -0.974128 -0.218274 -0.107193
VERTEX_POINT L493 -0.819037 -0.028613 0.132749 0.765200 -0.038068
VERTEX_POINT L494 0.134746 0.293765 0.870939 -0.947792 -0.258080
VERTEX_POINT L495 -0.139226 -0.633134 0.150951 -0.971100 -0.162198
VERTEX_POINT L496 -0.719014 0.914251 -0.007665 -0.398505 0.103113
VERTEX_POINT L497 -0.530532 -0.039966 -0.798171 0.505199 -0.784808
VERTEX_POINT L498 0.745765 -0.685019 -0.364461 0.980989 -0.529790
VERTEX_POINT L499 0.280798 -0.333242 0.965523 -0.148088 0.327604
VERTEX_POINT L500 0.970975 0.996810 0.698025 -0.355292 -0.401298
VERTEX_POINT L501 -0.798046 0.793468 0.290091 -0.556848 -0.311523
VERTEX_POINT L502 0.030617 0.372435 0.844098 -0.769913 0.455322
VERTEX_POINT L503 0.633564 0.130884 0.363276 0.288852 0.133503
VERTEX_POINT L504 -0.649206 0.028241 -0.347742 -0.551683 -0.390470
VERTEX_POINT L505 0.922855 -0.278771 0.752017 -0.705258 -0.574800
VERTEX_POINT L506 -0.899763 -0.793654 -0.374325 -0.793906 -0.423098
VERTEX_POINT L507 -0.049677 -0.575358 0.838938 -0.567640 -0.506967
VERTEX_POINT L508 0.064494 -0.481796 -0.283724 0.202524 -0.720522
VERTEX_POINT L509 -0.055971 0.971156 -0.001866 0.659701 0.860013
VERTEX_POINT L510 0.159357 -0.757326 0.357706 -0.852929 0.561266
VERTEX_POINT L511 -0.110216 0.838470 0.971482 0.224860 -0.704816
VERTEX_POINT L512 0.936596 -0.574354 -0.203698 -0.487590 0.324241
VERTEX_POINT L513 0.482491 -0.581807 0.196588 -0.295841 -0.646570
VERTEX_POINT L514 0.889592 -0.121059 -0.377588 0.055677 -0.309690
VERTEX_POINT L515 0.861915 -0.268893 0.657066 -0.808244 0.726400
VERTEX_POINT L516 -0.647604 -0.404157 -0.413572 0.745664 -0.456036
VERTEX_POINT L517 -0.326108 -0.116800 -0.676239 0.560186 0.295419
VERTEX_POINT L518 0.666702 0.027710 0.473189 0.102100 0.621584
VERTEX_POINT L519 0.771801 -0.119742 -0.594521 0.057581 -0.969800
VERTEX_POINT L520 0.421809 0.494246 -0.440937 0.697726 0.552732
VERTEX_POINT L521 -0.100517 -0.689418 -0.596130 0.352259 0.590873
VERTEX_POINT L522 -0.261464 0.802620 -0.116143 0.116086 0.927865
VERTEX_POINT L523 0.201322 0.345589 -0.415064 -0.520548 -0.554461
VERTEX_POINT L524 0.080446 0.281969 0.536618 0.117460 -0.447196
VERTEX_POINT L525 0.873282 0.096385 -0.245204 0.168294 -0.330215
VERTEX_POINT L526 -0.937903 0.712456 0.735886 -0.491648 0.283341
VERTEX_POINT L527 0.361432 0.196219 -0.471046 0.718955 0.655917
VERTEX_POINT L528 -0.657250 -0.943581 -0.043375 -0.326507 -0.115023
VERTEX_POINT L529 0.807862 -0.972563 -0.628575 -0.510658 0.753551
VERTEX_POINT L530 -0.357770 0.862977 -0.505523 -0.429133 -0.016479
VERTEX_POINT L531 -0.686275 -0.946771 -0.345349 0.318201 0.483679
VERTEX_POINT L532 -0.990184 0.820905 0.661516 -0.067506 -0.557972
VERTEX_POINT L533 0.672847 0.235412 -0.661424 -0.199046 -0.561156
VERTEX_POINT L534 0.947289 0.184114 -0.982074 -0.392947 -0.382818
VERTEX_POINT L535 -0.639390 -0.150854 -0.686226 0.380811 0.051558
VERTEX_POINT L536 0.595702 0.956641 -0.909408 0.095696 -0.135957
VERTEX_POINT L537 -0.952474 0.390460 -0.356399 -0.186852 0.194084
VERTEX_POINT L538 0.310934 0.273787 -0.847288 0.813171 0.544591
VERTEX_POINT L539 -0.339804 -0.525155 -0.193132 -0.701780 0.143521
VERTEX_POINT L540 -0.008444 0.361615 0.641736 -0.527151 0.054098
VERTEX_POINT L541 -0.529709 0.516461 0.510417 0.960242 0.105857
VERTEX_POINT L542 0.549980 -0.686685 -0.221650 0.523080 0.438705
VERTEX_POINT L543 -0.071849 0.787261 -0.561962 -0.014742 -0.621662
VERTEX_POINT L544 0.952781 0.934654 -0.292995 -0.335599 0.459287
VERTEX_POINT L545 0.439572 0.192256 0.400762 -0.421243 -0.870984
VERTEX_POINT L546 -0.209933 -0.481632 -0.904896 0.177014 -0.895262
VERTEX_POINT L547 -0.694823 -0.469502 0.293433 -0.589935 -0.996749
VERTEX_POINT L548 -0.886535 -0.924544 0.724522 -0.861057 0.424435
VERTEX_POINT L549 -0.543231 0.546078 0.568293 -0.720886 0.726322
VERTEX_POINT L550 -0.923022 0.410756 0.698912 0.467647 -0.966549
VERTEX_POINT L551 0.535274 0.569702 -0.716414 0.836669 -0.022834
VERTEX_POINT L552 0.356252 0.856659 0.972163 0.631374 0.317195
VERTEX_POINT L553 -0.184486 0.213376 -0.417231 -0.416267 0.961316
VERTEX_POINT L554 -0.263404 -0.084709 -0.131479 -0.683879 0.422705
VERTEX_POINT L555 -0.563302 0.138628 0.508782 -0.251166 0.869999
VERTEX_POINT L556 -0.311204 -0.690239 0.337565 0.752027 -0.368899
VERTEX_POINT L557 -0.201307 -0.372253 -0.395592 -0.175527 -0.293954
VERTEX_POINT L558 0.798130 -0.665153 -0.962264 -0.532212 0.525916
VERTEX_POINT L559 0.031546 -0.633820 -0.705809 -0.574480 0.516078
VERTEX_POINT L560 -0.393445 -0.344816 -0.024167 0.313815 -0.540404
VERTEX_POINT L561 -0.559640 -0.802176 -0.467787 0.038655 -0.490563
VERTEX_POINT L562 0.345271 -0.580590 -0.051159 0.743721 -0.000243
VERTEX_POINT L563 -0.383628 -0.523911 -0.362651 -0.753692 -0.098376
VERTEX_POINT L564 -0.886793 0.433236 -0.129212 0.839609 -0.051719
VERTEX_POINT L565 0.292560 0.603523 -0.033232 -0.649225 0.616939
VERTEX_POINT L566 -0.023018 0.325235 -0.048877 0.627119 0.953182
VERTEX_POINT L567 0.708909 0.389877 -0.038619 -0.064694 0.812324
VERTEX_POINT L568 0.340086 -0.006017 0.610369 0.163922 -0.188977
VERTEX_POINT L569 -0.712084 -0.400978 0.103835 0.440290 0.497774
VERTEX_POINT L570 -0.630895 0.864722 0.768249 0.233526 -0.044155
VERTEX_POINT L571 -0.668358 -0.644402 0.252105 0.636771 0.865121
VERTEX_POINT L572 -0.241793 -0.884517 -0.385748 0.400532 -0.396369
VERTEX_POINT L573 0.919086 -0.821963 -0.453401 -0.243394 -0.605450
VERTEX_POINT L574 0.259793 -0.857141 0.690142 -0.377971 -0.756541
VERTEX_POINT L575 -0.289012 -0.949863 0.321257 -0.935067 -0.937082
VERTEX_POINT L576 0.358658 0.370293 0.947360 0.335362 -0.476434
VERTEX_POINT L577 -0.950140 -0.338773 0.785246 0.799043 -0.651802
VERTEX_POINT L578 0.016165 -0.419365 -0.385310 -0.525001 -0.933831
VERTEX_POINT L579 0.472123 0.445749 0.671882 0.474306 0.948000
VERTEX_POINT L580 -0.493371 -0.792695 0.353540 -0.921842 -0.925480
VERTEX_POINT L581 0.093143 0.991391 -0.686398 0.942646 -0.900380
VERTEX_POINT L582 0.007397 0.015451 0.955468 0.310975 -0.074834
VERTEX_POINT L583 0.862881 -0.936036 0.325703 0.709531 0.391715
VERTEX_POINT L584 0.908656 0.204767 -0.103629 -0.473622 -0.939063
VERTEX_POINT L585 0.743993 0.930743 -0.176011 0.627095 -0.652129
VERTEX_POINT L586 -0.700421 0.202592 -0.165516 -0.541635 0.261714
VERTEX_POINT L587 -0.402548 0.514528 -0.766064 -0.721595 -0.307962
VERTEX_POINT L588 -0.457314 -0.441510 0.428397 -0.548432 0.053917
VERTEX_POINT L589 -0.902291 0.537439 -0.127780 -0.073847 -0.212370
VERTEX_POINT L590 0.628999 0.880708 -0.471873 -0.296075 -0.791884
VERTEX_POINT L591 0.149242 0.213674 -0.595770 0.765383 0.513513
VERTEX_POINT L592 -0.461931 0.735263 0.404433 0.964808 0.297067
VERTEX_POINT L593 -0.025730 -0.699882 0.476968 -0.552353 0.207873
VERTEX_POINT L594 0.765613 0.689764 0.041580 -0.988309 -0.584863
VERTEX_POINT L595 -0.348724 0.168499 -0.724779 0.804417 -0.754652
VERTEX_POINT L596 -0.733170 0.903641 -0.556264 -0.201578 -0.175187
VERTEX_POINT L597 -0.257404 0.014998 0.992703 0.638810 -0.631680
VERTEX_POINT L598 -0.639815 -0.441624 0.236602 -0.260277 -0.942328
VERTEX_POINT L599 0.606917 -0.102376 -0.945895 0.962344 0.635836
VERTEX_POINT L600 0.030511 0.614020 0.096537 0.079101 0.866094
VERTEX_POINT L601 -0.270710 -0.576902 0.004851 0.973249 0.013517
VERTEX_POINT L602 0.938558 0.253223 0.306210 0.599115 0.500957
VERTEX_POINT L603 0.788718 0.729503 0.710790 -0.520367 -0.530275
VERTEX_POINT L604 -0.351624 -0.398865 0.551449 -0.270146 0.408067
VERTEX_POINT L605 0.198352 0.396082 -0.003648 -0.778856 0.744416
VERTEX_POINT L606 -0.500294 0.779641 0.032047 -0.455433 -0.467357
VERTEX_POINT L607 -0.992966 0.971428 0.498809 -0.934783 0.931633
VERTEX_POINT L608 0.248212 -0.942691 -0.218402 -0.979813 -0.907387
VERTEX_POINT L609 0.515871 -0.639725 0.646737 0.019565 -0.401188
VERTEX_POINT L610 0.479157 0.417178 0.170692 0.539522 0.879633
VERTEX_POINT L611 0.754841 -0.735386 -0.864862 -0.901655 -0.832867
VERTEX_POINT L612 -0.390986 -0.648334 0.960339 -0.037789 -0.301568
VERTEX_POINT L613 -0.513447 -0.567371 0.126160 -0.149503 -0.195201
VERTEX_POINT L614 0.617722 -0.671421 0.460841 0.807876 0.558848
VERTEX_POINT L615 -0.482330 0.556433 -0.143290 0.488589 -0.240631
VERTEX_POINT L616 -0.769454 -0.636628 0.950149 -0.522408 0.152670
VERTEX_POINT L617 0.917301 0.531171 -0.704675 -0.733759 -0.179438
VERTEX_POINT L618 0.115122 0.070960 0.090646 0.766995 0.451407
VERTEX_POINT L619 -0.226768 -0.078138 0.378546 -0.070840 -0.793413
VERTEX_POINT L620 -0.984990 0.068610 0.167545 0.192394 0.608192
VERTEX_POINT L621 -0.255879 -0.048332 0.618773 -0.529080 0.659523
VERTEX_POINT L622 0.922474 -0.864464 0.782776 -0.305457 0.720099
VERTEX_POINT L623 -0.446922 -0.196127 -0.428022 0.157202 -0.094741
VERTEX_POINT L624 0.718391 0.251786 0.095741 -0.081433 -0.132604
VERTEX_POINT L625 0.688087 0.825300 -0.175644 -0.293766 -0.864763
VERTEX_POINT L626 0.204354 0.972372 -0.152801 -0.038381 0.150607
VERTEX_POINT L627 0.985222 0.155428 0.539477 0.716989 0.692209
VERTEX_POINT L628 -0.569317 -0.159702 -0.182942 -0.654955 -0.496444
VERTEX_POINT L629 0.564539 -0.469252 -0.916199 0.701342 0.208279
VERTEX_POINT L630 0.592138 -0.946948 0.593582 0.679333 0.328045
VERTEX_POINT L631 0.461194 -0.545682 0.913596 0.424145 -0.630350
VERTEX_POINT L632 -0.706170 -0.046154 0.088652 0.674590 -0.778204
VERTEX_POINT L633 0.530697 0.306275 -0.100209 0.278447 -0.170999
VERTEX_POINT L634 0.249912 -0.816179 0.624386 0.903778 -0.160626
VERTEX_POINT L635 -0.057794 0.554981 -0.359899 -0.595555 0.629863
VERTEX_POINT L636 -0.270952 -0.297643 0.896143 0.499591 -0.426583
VERTEX_POINT L637 0.749618 0.963462 -0.343567 -0.551655 0.372017
VERTEX_POINT L638 -0.050760 0.526410 -0.861090 -0.530339 0.561495
VERTEX_POINT L639 0.977260 -0.240334 -0.322258 0.519779 -0.333969
VERTEX_POINT L640 0.265489 -0.676263 -0.696830 0.467910 0.970829
VERTEX_POINT L641 -0.571604 -0.056413 0.309602 -0.990816 0.441128
VERTEX_POINT L642 0.732101 0.024281 -0.187120 0.618124 -0.166836
VERTEX_POINT L643 0.874502 -0.324597 -0.736491 -0.569879 -0.330739
VERTEX_POINT L644 -0.085050 0.376217 -0.564238 -0.140320 -0.754073
VERTEX_POINT L645 0.349823 0.352859 -0.726280 0.426000 -0.607988
VERTEX_POINT L646 -0.607828 -0.768164 0.120219 0.918711 0.428630
VERTEX_POINT L647 0.145496 0.739588 -0.614089 0.337273 0.398597
VERTEX_POINT L648 0.267123 -0.115970 -0.430955 0.692241 0.212574
VERTEX_POINT L649 0.507295 0.302796 -0.789135 0.685705 -0.119963
VERTEX_POINT L650 0.918728 -0.338550 0.764457 -0.733567 0.605184
VERTEX_POINT L651 0.282133 0.952640 0.736591 -0.115365 -0.179233
VERTEX_POINT L652 -0.748584 -0.745535 0.829638 -0.843375 -0.460440
VERTEX_POINT L653 0.841202 -0.203013 0.547233 -0.039024 0.325284
VERTEX_POINT L654 0.835211 -0.243487 -0.691431 -0.958163 0.726026
VERTEX_POINT L655 0.969807 0.506251 -0.074621 0.075192 0.406956
VERTEX_POINT L656 0.529289 -0.377714 -0.628411 0.667211 0.460520
VERTEX_POINT L657 0.039566 -0.271115 0.155768 0.003456 -0.123367
VERTEX_POINT L658 0.955029 -0.338321 -0.535144 -0.207819 0.099164
VERTEX_POINT L659 0.959972 0.462584 0.188647 -0.987745 0.964076
VERTEX_POINT L660 -0.395895 0.259633 0.239569 -0.295202 -0.915088
VERTEX_POINT L661 0.547167 -0.285269 -0.941562 -0.528487 -0.572791
VERTEX_POINT L662 0.421166 0.916903 0.102243 0.436401 -0.666274
VERTEX_POINT L663 -0.102065 -0.786520 -0.671779 -0.620612 -0.693292
VERTEX_POINT L664 0.077864 -0.978995 -0.041771 0.749961 0.256210
VERTEX_POINT L665 -0.328922 -0.899276 -0.273371 0.340179 0.173100
VERTEX_POINT L666 0.840141 0.768461 -0.031678 -0.216167 0.936571
VERTEX_POINT L667 0.806912 -0.276638 -0.145628 0.249552 0.829627
VERTEX_POINT L668 -0.579303 -0.935814 0.383062 0.788524 -0.454882
VERTEX_POINT L669 -0.210620 0.294871 0.107232 0.253494 0.498066
VERTEX_POINT L670 0.784172 0.483028 0.532114 -0.230669 -0.504342
VERTEX_POINT L671 0.686185 -0.612077 0.686232 0.256434 -0.484053
VERTEX_POINT L672 0.217777 -0.761542 -0.583166 0.262678 -0.060806
VERTEX_POINT L673 0.516273 -0.492691 -0.655006 -0.612546 0.328822
VERTEX_POINT L674 0.560688 0.063327 0.949741 0.686555 0.185208
VERTEX_POINT L675 -0.867274 0.614675 -0.147404 -0.877642 0.185121
VERTEX_POINT L676 -0.133904 0.860168 -0.381286 0.813454 0.720834
VERTEX_POINT L677 0.952860 0.295163 0.069960 0.605266 -0.386162
VERTEX_POINT L678 0.278222 0.354263 0.238506 0.459631 -0.416281
VERTEX_POINT L679 -0.866781 -0.255802 0.187759 0.505695 -0.066591
VERTEX_POINT L680 0.460155 -0.402041 0.280825 0.290971 0.493875
