VERTEX_POSE A0 0.119015 0.500461 0.589915 0.273308 0.298614 -0.769692 0.580571 0.026587 -0.055385 0.416183 0.762678 0.673071 1.003571 -0.389329 -0.072619 0.228355 0.802169 0.760006 -0.248657 0.503948
VERTEX_POSE A1 -0.229353 -0.317671 0.722043 0.392807 -0.250943 0.357429 0.143920 0.476209 -0.525520 -0.672791 0.562067 -0.646356 0.724023 0.251557 0.473606 0.131684 0.605640 -0.003426 -0.176370 -0.270632
VERTEX_POSE A2 0.634306 0.511375 0.745524 -0.934915 0.787922 0.733561 0.601889 -0.556962 -0.326543 -0.402242 -0.587634 -0.586331 0.333094 0.422872 0.579472 -0.046535 0.798283 0.383811 -0.913476 0.005309
VERTEX_POSE A3 -0.447439 0.863430 0.984661 -0.285723 0.669458 0.691521 -0.160479 -0.903300 -0.347946 -0.782285 -0.216432 0.772272 0.215580 0.430148 -0.334035 0.752783 -0.348546 -0.230447 0.330874 -0.437094
VERTEX_POSE A4 0.895522 -0.802352 -0.924848 -0.691740 -0.286173 -0.627372 -0.067590 -0.546355 0.640166 -0.235769 -0.203417 0.421856 0.616991 -0.078478 0.117780 0.340931 -0.785231 0.268637 -0.714382 -0.323696
VERTEX_POSE A5 0.162863 0.865433 -0.864680 -0.945375 0.617319 0.727709 -0.098047 0.696639 -0.044125 0.951625 0.381295 -0.550715 -0.759662 0.887133 0.621932 -0.620251 -0.545560 -0.815602 -0.098991 -0.414089
VERTEX_POSE A6 -0.571363 0.036338 0.871025 -0.145492 0.234510 -0.420047 -0.432386 -0.167579 0.327100 0.069207 0.431575 0.304750 -0.536299 -0.197917 0.448096 -0.280935 0.050662 -0.276000 -0.308197 0.630235
VERTEX_POSE A7 0.405080 0.341371 0.382379 0.801593 -0.752250 -0.174060 -0.616431 0.448996 -1.073681 0.618729 -0.057142 -0.744508 -0.568325 0.061787 0.156995 0.800792 0.683423 -0.042655 -0.191765 1.043121
VERTEX_POSE A8 -0.103752 -0.447217 -0.971870 -0.262272 0.751804 -0.624417 0.448816 1.047914 -0.729999 0.448647 -0.574290 -0.270145 0.507985 -0.354210 0.841260 0.902247 0.153292 -0.029292 0.479095 -0.357009
VERTEX_POSE A9 0.020185 -0.332228 -0.644442 -0.913579 0.251280 0.583837 -0.975884 0.579633 0.841200 -0.096348 -0.959402 -0.670826 -0.604066 -0.619397 -0.234654 -0.169631 0.071105 0.359559 0.572306 0.194168
VERTEX_POSE A10 0.903920 -0.942602 -0.166336 -0.810011 0.316891 0.491269 -0.657587 0.464948 0.335815 0.365052 0.347472 -0.409138 0.575192 0.629426 0.667801 0.534704 -0.488443 0.490624 0.160447 0.486327
VERTEX_POSE A11 -0.963623 -0.852641 0.100689 0.519155 0.190838 -0.798045 0.389985 -0.282528 -0.367849 0.297859 0.995160 0.440086 0.672820 0.163456 0.541036 0.458675 -0.035460 -0.196834 0.627257 -0.446304
VERTEX_POSE A12 0.127011 0.428960 0.617427 -0.736831 -0.522168 0.573835 0.689662 -0.686956 -0.586904 -0.630880 -0.692277 0.861779 -0.813347 -0.323807 -0.363752 0.290787 -0.762250 0.299170 0.135979 -0.034498
VERTEX_POSE A13 -0.386328 0.859128 -0.741680 -0.921514 -0.199037 -0.635903 0.506290 0.332334 -0.568966 -0.427001 -0.400743 -0.352390 -0.763266 0.212011 0.115445 0.081134 -0.872288 -0.544344 0.366187 -0.291607
VERTEX_POSE A14 0.176283 0.267737 -0.030637 0.585881 0.199813 -0.342508 0.442477 0.604084 0.029824 -0.361483 0.553995 -0.026818 0.626146 -0.028499 0.791530 0.094686 0.333140 0.309169 0.336963 -0.239588
VERTEX_POSE A15 0.737434 -0.671071 0.497382 -0.154552 0.177935 -0.086008 0.548227 -0.154305 -0.831408 0.442202 0.833625 0.087509 -0.436341 0.601127 0.241648 -0.714839 0.528192 0.937275 0.667600 0.533003
VERTEX_POSE A16 -0.235520 -0.432064 -0.750703 -0.566674 -0.541187 -0.362605 -0.672539 -0.084824 0.767489 -0.124620 0.204985 -0.059312 0.236903 -1.157604 0.748737 0.402426 -0.134364 -0.478631 0.909849 0.326218
VERTEX_POSE A17 0.061516 0.380619 -0.667352 -0.702270 -0.412449 0.358668 0.346670 0.604242 0.524433 -0.266474 -0.315442 0.141178 1.023907 -0.484003 -0.567888 -0.125788 -0.644631 -0.760792 0.263644 0.458787
VERTEX_POSE A18 -0.015962 -0.853405 0.978870 0.273333 -0.937694 -0.681051 0.846982 0.011947 -0.691410 0.284116 -0.306254 -0.389139 -0.423873 -0.680119 -0.175568 -0.474792 -0.714682 -0.752326 -0.697803 0.789214
VERTEX_POSE A19 0.888732 -0.208423 0.903201 0.222033 -0.247994 -0.571950 0.137445 -0.181396 -0.344145 -0.489095 0.463250 -0.215149 -0.211304 -0.503268 -0.051250 0.364779 0.259753 -0.301299 0.386577 0.130402
VERTEX_POSE A20 -0.954936 0.400682 -0.960832 -0.792379 -0.237438 0.634481 -0.229229 0.180943 0.102072 0.765343 -0.290639 -0.123317 0.459789 -0.616241 0.911761 0.258207 0.000969 0.181646 -0.613289 -0.891925
VERTEX_POSE A21 -0.611807 -0.263898 0.153087 -0.709445 -0.216319 0.542048 -0.320201 -0.173492 -0.702816 -0.750929 -0.424081 -0.152069 -0.578570 -0.612796 -0.646551 0.892981 -0.637011 0.774667 0.174493 -0.915305
VERTEX_POSE A22 -0.725385 -0.195114 -0.053977 -0.540044 -0.070210 -0.355429 -0.296938 -0.341484 -0.596153 0.099415 -0.363554 -0.316245 -0.608407 -0.451315 0.453688 -0.840109 0.183699 -0.658234 -0.216440 0.857106
VERTEX_POSE A23 0.100120 -0.471539 -0.727929 -0.385422 0.370119 -0.452569 -0.162866 -0.588266 -0.475349 0.326156 0.591237 -0.261174 0.586067 -0.252067 0.570485 0.443973 -0.109379 0.048235 -0.391507 0.235895
VERTEX_POSE A24 -0.535827 -0.040469 0.702578 0.386772 -0.862758 0.272695 0.248815 -0.704588 0.379419 -0.484089 -0.611195 -0.579990 -0.801823 -0.477241 0.948831 -0.542350 0.335770 0.297055 0.556702 -0.576824
VERTEX_POSE A25 -0.388476 -0.523192 0.874363 0.187743 0.381077 -0.008747 -0.759618 0.426440 -0.050904 0.228102 0.819729 0.720055 0.647068 0.248469 0.291807 -0.314947 0.547987 -0.853103 0.432602 0.343875
VERTEX_POSE A26 0.019917 0.934704 -0.008147 -0.683350 0.240972 0.640879 -0.193184 -0.835212 -0.713810 0.338601 -0.468615 0.013924 -0.281770 -0.411991 -0.028652 -0.890965 0.342152 0.632267 0.543915 0.342116
VERTEX_POSE A27 -0.519512 -0.038795 0.585904 0.914253 0.803402 -0.370019 0.672430 0.532285 0.330095 -0.248368 0.268977 0.653615 0.558644 -0.503464 0.614772 0.084014 0.673716 -0.172719 0.497870 -0.133497
VERTEX_POSE A28 -0.975697 0.553624 -0.730962 -0.059172 0.754102 -0.614364 -0.523944 -0.560744 0.326471 -0.176202 -0.763407 0.425945 -0.691017 0.068456 0.677717 0.335156 -0.394705 -0.336776 0.585471 -0.424821
VERTEX_POSE A29 0.482463 0.036751 0.891779 0.555982 -0.665694 0.366101 -0.614351 -0.866613 -0.876669 0.617170 -0.086545 0.671178 -0.494863 0.656248 -0.761063 -0.842417 0.799173 -0.600218 -0.761351 -0.681681
VERTEX_POSE A30 0.057721 0.098608 -0.431231 -0.525974 0.225329 -0.798823 -0.275448 -0.501065 0.197935 -0.519931 -0.265224 -0.603769 0.014041 0.457864 0.196965 -0.237828 -0.552049 0.074765 -0.826595 0.500411
VERTEX_POSE A31 0.143317 0.054086 0.858954 -0.785864 0.052716 0.281828 0.820646 0.038478 0.936485 -0.532390 0.121599 -0.174950 -0.817099 0.950542 0.846228 -0.362135 -0.665386 0.676660 0.636645 0.893573
VERTEX_POSE A32 -0.746890 0.719080 0.613822 -0.051211 0.083363 -0.734420 -0.788280 0.562915 -0.671470 -0.608256 0.558629 -0.242185 -0.670163 -1.031611 -1.182693 0.685158 -0.685032 0.405050 -0.837738 -0.670294
VERTEX_POSE A33 -0.307972 -0.390017 -0.685707 -0.460888 0.013252 -0.171166 -0.463344 -0.175798 -0.495432 -0.357461 0.266311 0.561979 -0.373958 0.223473 -0.042282 0.162159 0.674352 -0.124968 0.315230 -0.038201
VERTEX_POSE A34 0.695879 -0.082485 0.843615 -0.071586 -0.277826 0.108101 0.575452 0.681679 -0.594722 0.864544 0.228585 -0.455455 -0.691772 0.927328 -0.644612 0.055615 -0.354628 -0.787404 -0.219373 -0.325136
VERTEX_POSE A35 -0.851369 0.916728 0.688974 0.257049 0.797190 0.588994 -0.248205 -0.895244 -0.130963 -0.449064 -0.142763 0.166759 -0.855850 0.134231 0.690696 0.557512 -0.021480 -0.697816 0.222078 -0.718024
VERTEX_POSE A36 0.854890 -0.524584 -0.550386 -0.406263 -0.369429 0.083228 -0.775884 -0.291363 -0.208251 -0.455452 0.474897 0.554822 0.378004 0.663380 0.540270 -0.547777 0.398264 -0.779434 -0.071783 0.590275
VERTEX_POSE A37 -0.875484 0.953854 0.714640 0.782921 0.956684 0.084099 0.468041 -0.184456 0.203548 0.389598 -0.614887 -0.877618 -0.277688 0.554801 -0.793955 0.875033 -0.204201 0.484645 0.685800 0.960391
VERTEX_POSE A38 0.553711 0.258099 0.071353 0.058642 -0.955061 -0.193356 -0.650696 0.266162 -0.682113 0.487445 -0.526765 -0.300432 0.489858 0.389634 -0.076055 0.364921 0.855311 -0.810587 -0.470769 0.155122
VERTEX_POSE A39 -0.248862 0.028199 -0.522256 0.331465 -0.617625 0.430208 0.659813 0.659017 0.138222 0.228044 -0.354030 0.882750 0.018574 -0.460346 -0.399322 0.795493 -0.321809 0.082604 -0.170885 0.524016
VERTEX_POSE A40 0.144701 -0.378374 -0.929803 0.869342 0.207963 0.489364 0.492953 -0.689897 -1.285011 0.051226 -0.326591 -0.161507 1.043873 0.868428 -0.159030 0.041267 -0.364536 -0.000324 0.777885 -0.687337
VERTEX_POSE A41 0.457632 0.315497 0.905017 0.248630 0.361831 0.795591 -0.051724 -0.776262 -0.159607 -1.088849 0.141171 -0.291406 -0.241682 -0.650533 0.378973 -0.411426 0.010103 0.730165 -0.064568 0.611809
VERTEX_POSE A42 -0.212485 0.175558 0.578433 -0.149380 0.573212 0.223654 -0.069508 -0.658909 0.258702 -0.378037 0.016537 -0.306692 0.867687 -0.307684 0.714104 0.116264 -0.477633 0.639038 0.463874 0.609987
VERTEX_POSE A43 -0.728288 -0.949415 0.687624 -0.867489 0.685796 -0.199224 0.742230 -0.159982 0.360828 0.537499 1.144414 -0.649533 0.125649 -0.111101 -0.698242 -0.770757 0.670226 -0.849018 0.592021 0.057706
VERTEX_POSE A44 -0.928697 0.174624 -0.836663 0.327116 -0.837207 0.276161 0.401020 -0.617695 -0.780689 0.461646 0.536158 0.693068 -0.076715 0.945278 -0.644409 -0.583050 0.086354 -0.078259 0.931507 0.132107
VERTEX_POSE A45 0.963798 -0.556705 -0.452204 -0.563499 -0.226974 0.229090 -0.832401 0.784567 0.912284 -0.066954 -0.394238 0.122454 -0.331586 -0.690140 -0.677491 -0.686795 -0.474676 0.370932 -0.466170 -0.154092
VERTEX_POSE A46 -0.990853 -0.620486 0.185007 -0.022041 -0.136269 0.213248 0.050447 -1.057616 -0.420908 -0.091126 -0.312566 -0.684356 -0.942268 -0.001482 -0.643991 0.673926 0.307853 0.641433 -0.405275 0.454003
VERTEX_POSE A47 -0.164216 0.742560 -0.587366 0.760443 -0.378394 -0.531301 -0.178120 0.912939 -0.493319 -0.551787 -0.764213 -0.444555 -0.515115 0.405091 0.946909 -0.812184 0.241943 0.264560 0.654768 0.223133
VERTEX_POSE A48 0.025313 0.823914 -0.119556 -0.265769 0.360576 -0.125536 0.167651 -0.768363 -0.374518 -0.034750 0.839248 0.818508 -0.287833 0.236819 -0.729553 -0.051531 0.017300 0.182345 1.129893 0.200936
VERTEX_POSE A49 -0.006815 -0.473892 0.163876 -0.748708 -0.073963 0.615222 -0.336534 0.610394 0.555581 -0.610552 0.157071 0.658029 -0.622158 -0.632514 -0.912711 -1.041035 0.153090 -0.087238 -0.062906 -1.067736
VERTEX_POSE A50 -0.275484 -0.465862 -0.684165 -0.017524 0.373612 0.867477 -1.212318 0.360489 -0.698267 -0.804300 -1.036828 0.895782 0.278422 -0.270989 -0.461224 0.148815 0.818896 -0.538890 -0.573908 0.772436
VERTEX_POSE A51 0.070377 0.224596 -0.080388 -0.058148 -0.876862 0.279347 0.499426 -0.628160 -0.331941 0.001790 -0.640966 0.646069 0.423217 0.494025 0.657256 -0.858049 -0.264708 -0.477490 -0.317517 0.382169
VERTEX_POSE A52 0.381378 0.262210 -0.683037 -0.458153 0.709718 0.431035 0.065800 0.501288 0.330728 -0.604046 0.205416 1.051871 -0.456537 -0.846075 0.851422 0.934564 0.523416 -0.171600 0.839604 -0.934172
VERTEX_POSE A53 -0.000869 0.339024 0.261858 0.442432 -0.696599 0.796703 0.246207 0.236829 -0.523270 0.655619 -0.193321 -0.849673 0.079232 -0.672560 0.269744 -1.042845 -0.811204 -0.663021 -0.747390 0.969020
VERTEX_POSE A54 -0.829503 0.753057 0.191683 0.556431 0.493257 0.176314 -0.243399 -0.579158 -0.471431 0.557553 -0.105419 0.125266 -0.488996 0.380747 -0.766714 -0.490775 -0.069729 -0.080459 0.115175 0.605790
VERTEX_POSE A55 0.845552 -0.778259 -0.980459 0.928619 0.846959 0.599863 -0.509643 -0.370245 -0.815543 0.112536 -0.191321 0.262769 0.806900 -0.663755 0.173166 0.286558 0.059744 -0.298312 -0.455374 -0.771456
VERTEX_POSE A56 0.610656 0.815832 0.136222 -0.369825 0.684479 0.218481 0.247211 0.451517 0.028525 0.497848 0.484350 -0.040232 0.114026 -0.842104 0.742390 0.662283 -0.293755 0.800386 -0.693786 0.089628
VERTEX_POSE A57 0.190415 0.687761 -0.816463 0.873081 -0.265770 0.266917 0.682974 -0.639797 0.780015 -0.742291 -0.574553 -0.970359 -0.509988 -0.680558 -0.272668 0.147356 0.356538 -0.091161 0.636139 -0.611714
VERTEX_POSE A58 -0.673960 0.182946 0.605445 0.842872 0.650361 -0.006557 -0.629014 -0.022080 -0.424837 -0.136627 0.171714 0.779425 -0.501277 0.502378 0.623392 0.668771 -0.123701 0.249101 -0.354746 -0.970074
VERTEX_POSE A59 0.634958 0.369456 0.405260 0.571004 0.438581 0.321270 -0.146986 0.603930 -0.800522 -0.048926 0.555784 0.236899 -0.779177 -0.036189 -0.139779 0.354164 -0.404669 0.461103 0.525147 0.440035
VERTEX_POSE A60 -0.327122 -0.275488 -0.924685 0.429063 0.068536 -0.444360 -0.799799 0.699607 0.438460 0.105673 1.014747 0.897173 -0.605618 -0.500013 0.593888 -0.549745 0.192027 0.606611 0.771663 0.330536
VERTEX_POSE A61 0.383761 -0.718445 -0.825786 -0.683102 -0.124310 -0.593178 0.480094 0.670877 0.725209 0.553822 -0.548483 -0.468012 0.782375 -0.411838 0.633534 0.018932 0.719765 0.346643 0.684596 0.423991
VERTEX_POSE A62 -0.221724 -0.576458 0.264214 0.785140 -0.508704 -0.105872 0.321036 -0.574427 -0.747382 0.330078 -0.021050 0.615630 0.643416 0.401281 -0.442175 0.369248 0.646559 -0.076830 -0.622790 0.490649
VERTEX_POSE A63 -0.074013 -0.556409 0.689137 -0.622148 -0.848102 -0.752468 0.204384 -0.929077 0.355800 -0.554253 -0.424513 0.079998 0.688162 0.480325 -0.800562 0.271361 0.346825 -0.580661 -0.883796 0.531859
VERTEX_POSE A64 -0.924212 -0.108462 -0.511492 -0.143990 0.888942 -0.761906 -0.739127 -0.254345 -0.769484 0.490966 0.671331 -0.392601 -0.079723 -0.827564 -0.281989 -0.569870 0.599097 -0.509862 0.740104 -0.327202
VERTEX_POSE A65 -0.525845 0.341057 0.107829 -0.286446 0.213471 -0.734697 0.374191 0.270529 -0.176094 0.536944 -0.267772 -0.436913 -0.383361 -0.686037 -0.041518 -0.032727 0.371340 -0.357522 -0.561126 0.371214
VERTEX_POSE A66 0.074619 -0.639681 0.378111 0.634901 0.949088 -0.196767 -0.311572 0.004949 0.569240 -0.598627 -0.414022 -0.144735 0.195172 -0.769020 -0.690539 -0.249207 -0.271842 -0.227133 -0.597080 0.274598
VERTEX_POSE A67 0.930678 0.366954 -0.061879 0.449747 -0.480488 -0.675092 0.642556 -0.381455 0.797074 0.720159 -0.005674 -0.310069 0.510969 0.226313 -0.130629 0.174253 1.003352 0.226611 0.180762 -0.228390
VERTEX_POSE A68 -0.401330 0.294911 -0.177532 -0.503525 0.170154 -0.608238 -0.578542 0.450184 0.680507 -0.477001 -0.348676 0.353822 0.680083 0.472389 -0.407319 0.431394 -0.050834 0.381109 -0.241933 0.848180
VERTEX_POSE A69 -0.371670 0.618418 -0.550536 -0.306457 0.994028 0.555983 -0.474543 0.782769 0.075333 -0.547145 -0.258597 -0.881955 -0.102434 0.691576 -0.401593 -0.811576 -0.415004 0.291735 -0.381202 0.094436
VERTEX_POSE A70 -0.318184 -0.604847 0.415865 -0.218788 -0.098113 0.018320 0.201417 0.836547 -0.673484 -0.854091 0.550693 0.666040 0.194434 0.736312 0.465384 -0.645458 -0.171025 -0.683309 0.597126 0.080876
VERTEX_POSE A71 0.743371 0.916536 -0.107334 -0.634183 -0.621882 -0.047513 0.490479 0.601474 0.072990 0.656859 0.281481 -0.603297 0.256315 0.614463 -0.369098 0.789150 -0.842899 1.012778 0.415953 0.066771
VERTEX_POSE A72 -0.914038 -0.066086 -0.645519 0.942173 0.355858 -0.884456 0.101425 0.013695 0.280255 0.543000 -0.323310 0.273205 0.159741 0.971147 -0.405650 -0.288954 0.319360 -0.257507 0.867272 0.128352
VERTEX_POSE A73 0.469331 0.570711 -0.005702 0.631833 -0.524901 -0.115696 0.180552 -0.464201 -0.030521 0.548252 -0.442721 -0.312685 0.659289 0.614623 0.816427 0.100003 0.283882 -0.402152 -0.403147 0.265581
VERTEX_POSE A74 -0.984916 0.967121 -0.419710 -0.501673 -0.936087 0.132248 0.318700 -0.446403 0.246794 0.742321 0.445393 0.763074 -0.005339 -0.495947 0.388607 0.041109 0.453451 -0.413852 0.573271 -0.365700
VERTEX_POSE A75 -0.842735 -0.891461 -0.482182 0.269290 0.518652 -0.659562 0.262234 -0.716641 -0.084388 -0.597492 -0.539408 0.816830 -0.207557 -0.470170 0.274399 0.826507 -0.126513 -0.225731 -0.289216 0.440458
VERTEX_POSE A76 0.433129 -0.985994 0.542094 -0.931666 0.248125 0.490678 -0.555669 -0.445253 0.754027 -0.467896 -0.245897 -0.480108 0.359397 -0.764868 -0.652684 -0.901381 0.487632 0.459852 0.456000 0.771855
VERTEX_POSE A77 -0.975769 -0.653365 0.765297 0.476286 -0.072356 -0.657293 -0.184327 -0.316467 -0.310862 0.770785 0.169924 -0.154285 -0.345100 0.893006 0.628139 -0.058464 -0.104053 -0.208168 -0.489660 -0.230334
VERTEX_POSE A78 -0.006951 0.851099 -0.069547 0.029732 -0.859742 0.153833 -0.051226 0.602902 -0.990043 0.923329 0.342651 0.788203 0.447846 0.395460 0.404004 0.841280 -0.949336 0.465886 0.491838 0.683269
VERTEX_POSE A79 -0.541558 0.837920 -0.577462 -0.197435 -0.391299 0.238799 -0.564053 0.695094 -0.604233 0.389190 0.477411 0.443723 0.654956 -0.087156 -0.532474 -0.354799 -0.536127 0.431806 -0.254012 -0.287909
VERTEX_POSE A80 0.017416 -0.127256 -0.070827 0.727578 0.853681 -0.684380 0.628025 -0.040626 -0.086669 0.705139 0.914932 0.725342 0.102042 0.321239 0.731780 0.740918 -0.513157 -0.298811 0.419273 -0.649248
VERTEX_POSE A81 0.717564 -0.614763 0.246288 -0.987792 0.513869 0.103814 -0.730440 -0.430377 -0.040279 -0.348519 0.567624 0.596489 0.222393 -0.268134 -0.431112 0.000136 -0.195060 0.422488 -0.167590 0.339392
VERTEX_POSE A82 0.528819 0.062516 0.342150 0.744418 -0.268161 -0.808886 -0.052643 -0.387614 -0.246379 -0.543514 0.428723 0.316535 -0.667180 -0.738628 -0.450918 0.274300 -0.299533 -0.295491 -0.535991 0.369453
VERTEX_POSE A83 -0.601205 -0.865046 0.246136 -0.730574 0.563398 0.223325 0.784601 -0.265995 -0.080191 0.425342 0.162545 0.403923 0.139932 0.798223 -0.806484 0.268789 0.238430 0.174602 0.109622 -0.330421
VERTEX_POSE A84 -0.283305 0.724261 -0.491854 0.454640 0.817271 0.988940 -0.013096 0.156579 0.215203 -0.713194 -0.118968 -0.405314 -0.541365 -0.290315 0.262991 -0.412775 -0.592819 0.102146 0.543981 -0.890958
VERTEX_POSE A85 0.699317 -0.184426 -0.466166 0.300849 -0.774904 -0.663556 -0.479985 0.017052 -0.193368 -0.048053 0.507271 0.553617 -0.078703 0.500088 -0.082995 0.583023 -0.411460 0.390482 -0.603945 -0.516287
VERTEX_POSE A86 -0.755654 -0.643305 0.265677 -0.801955 0.410358 -0.030770 -0.879270 0.353892 0.926040 -0.211354 0.699677 -0.821588 -0.458601 0.468000 0.214606 -0.315101 -0.483444 -0.200239 0.701617 0.743051
VERTEX_POSE A87 -0.672649 0.540093 0.644368 -0.915184 0.501749 -0.804995 -0.175511 0.595053 0.091780 0.613709 0.505305 -0.531185 0.522226 0.547309 -0.063186 -1.057387 0.475618 -0.925114 -0.014025 -0.814399
VERTEX_POSE A88 -0.110269 -0.496665 -0.282630 0.173930 -0.040674 0.213790 0.806190 0.150900 -0.674703 0.443150 0.346465 -0.530569 0.134557 0.415336 0.643364 0.521688 0.145654 0.333063 -0.413149 0.985268
VERTEX_POSE A89 -0.429614 0.539642 -0.128878 -0.959083 0.060718 -0.390907 -0.363176 0.695231 0.336786 -0.726473 -0.741674 -0.875463 -0.108008 -0.039160 0.568508 -0.593221 0.711637 0.465869 0.741394 0.177522
VERTEX_POSE A90 0.962309 -0.090451 0.049628 0.655819 -0.059670 -0.525966 -0.118427 0.189564 0.373765 0.711537 -0.581845 -0.542960 -0.240128 -0.818910 -0.614899 0.452938 0.040814 0.288613 -0.624036 -0.354666
VERTEX_POSE A91 0.562609 0.227847 -0.207315 -0.397007 -0.972139 -0.072313 0.602939 0.884113 0.798698 -0.742378 0.021452 -0.769125 -0.321822 0.831725 -0.259910 0.882345 -0.674942 0.955615 0.647064 0.534814
VERTEX_POSE A92 0.954146 0.821197 0.045336 -0.642185 0.936408 0.645220 0.601922 -0.203473 0.430363 -0.224022 0.682913 0.307357 0.722522 -0.377058 0.815685 -0.236081 0.396932 0.430849 -0.746120 -0.859920
VERTEX_POSE A93 -0.259415 0.333091 -0.686158 0.440959 0.431627 0.020105 0.184396 -0.713511 -0.254796 0.653051 -0.061711 0.736201 0.126737 -0.209143 -0.396652 -0.248751 -0.415228 -0.061066 0.479544 0.198286
VERTEX_POSE A94 -0.511403 0.671438 -0.518178 -0.019155 -0.820240 -0.163042 0.376316 -0.753687 0.864386 0.462608 -0.452136 0.493381 0.507584 0.855707 0.704423 -0.539790 -0.253455 0.254327 -0.820628 0.095500
VERTEX_POSE A95 -0.970065 -0.287266 0.533844 0.213825 0.825350 -0.721632 0.980524 0.344644 -0.083088 -0.739510 0.836064 0.765243 0.244297 -0.421870 -0.664513 -0.395790 -0.924879 0.546501 0.358972 0.048330
VERTEX_POSE A96 0.214739 -0.325852 0.421671 -0.845487 -0.354903 -0.104843 -0.143087 0.991992 -0.429563 -0.438348 -0.344992 0.527337 0.305650 -0.141836 -0.649325 0.831362 0.008414 -0.483322 -0.362789 -0.074622
VERTEX_POSE A97 0.563216 -0.968243 0.859933 -0.384253 -0.871152 -0.323859 0.063851 -0.796917 -0.732032 0.147474 -0.529099 0.173230 -0.901781 -0.489386 0.201224 -0.697119 0.032078 -0.911698 -0.466302 0.622010
VERTEX_POSE A98 0.960613 -0.920312 -0.528034 -0.336428 -0.655138 -0.867568 0.411982 -0.760200 1.076409 0.579586 -0.532700 -0.009886 -0.073530 0.674709 -0.171348 0.572270 -0.248678 -0.159262 1.061887 0.766424
VERTEX_POSE A99 0.813410 0.969058 -0.755861 -0.349012 0.815252 0.248997 -0.815943 -0.256789 -0.200125 0.214404 -0.840198 -0.556833 -0.150312 -0.199623 0.547681 0.396168 -0.217924 -0.441057 0.123787 0.217679
VERTEX_POINT L0 -0.808454 0.650175 -0.690603 0.309290 -0.877124
VERTEX_POINT L1 -0.357570 -0.525159 0.887831 0.444784 0.246749
VERTEX_POINT L2 0.556781 0.885594 0.136805 0.016805 -0.806631
VERTEX_POINT L3 -0.722493 -0.415911 -0.336122 0.251463 0.478734
VERTEX_POINT L4 -0.888239 -0.954449 -0.117872 0.076616 0.721849
VERTEX_POINT L5 0.571865 0.852716 0.717095 0.515132 -0.742718
VERTEX_POINT L6 -0.565228 -0.307372 0.181696 -0.479247 -0.002614
VERTEX_POINT L7 0.544889 -0.940443 -0.575778 0.144950 -0.030026
VERTEX_POINT L8 0.596096 -0.800649 0.482391 -0.008582 0.184927
VERTEX_POINT L9 0.427821 -0.456273 -0.887851 0.550485 0.137643
VERTEX_POINT L10 -0.996669 0.897478 -0.153240 0.947515 0.578675
VERTEX_POINT L11 -0.386488 0.072095 -0.588436 -0.281003 0.038608
VERTEX_POINT L12 0.145385 -0.071036 0.358437 0.562694 -0.348488
VERTEX_POINT L13 0.532151 -0.040006 -0.811090 0.691933 -0.689486
VERTEX_POINT L14 0.012306 0.207049 0.657700 -0.011577 -0.397994
VERTEX_POINT L15 0.862081 -0.346775 0.866583 0.017334 -0.531217
VERTEX_POINT L16 0.231467 0.775568 -0.277257 -0.007218 -0.464390
VERTEX_POINT L17 0.256652 0.563745 -0.076624 0.186468 -0.987636
VERTEX_POINT L18 -0.810568 -0.806683 0.510951 0.102150 0.970533
VERTEX_POINT L19 -0.878801 -0.721097 0.440114 -0.833289 0.494936
VERTEX_POINT L20 0.827038 0.103386 0.794498 0.227384 0.073082
VERTEX_POINT L21 -0.848259 0.102866 -0.439420 -0.242031 -0.089137
VERTEX_POINT L22 0.683808 0.506749 -0.767201 -0.230296 0.522798
VERTEX_POINT L23 0.781184 -0.075417 -0.160165 0.585199 0.009490
VERTEX_POINT L24 -0.107674 -0.564043 -0.125578 -0.801072 -0.657511
VERTEX_POINT L25 -0.827595 0.178188 -0.285379 0.750549 0.702557
VERTEX_POINT L26 0.811119 0.637317 -0.626321 -0.200977 -0.165160
VERTEX_POINT L27 -0.892935 0.110104 -0.703907 -0.646559 -0.012413
VERTEX_POINT L28 0.735620 0.209945 -0.425447 -0.633704 0.831405
VERTEX_POINT L29 0.771733 0.717006 -0.154356 0.462595 0.179702
VERTEX_POINT L30 0.920475 0.079163 -0.459768 0.004429 -0.197162
VERTEX_POINT L31 0.927166 -0.139880 -0.116050 0.675586 0.954281
VERTEX_POINT L32 -0.585838 -0.808154 -0.266525 -0.092621 -0.573549
VERTEX_POINT L33 0.477256 -0.035243 0.677036 -0.978766 -0.003793
VERTEX_POINT L34 -0.795327 0.444209 0.547828 -0.072951 0.433015
VERTEX_POINT L35 -0.474077 -0.762603 0.615603 0.983995 -0.851700
VERTEX_POINT L36 0.049121 -0.182527 0.394131 0.536366 0.253490
VERTEX_POINT L37 -0.360554 -0.863163 -0.270476 0.447802 -0.569599
VERTEX_POINT L38 -0.929187 -0.703045 -0.960175 0.128945 0.118274
VERTEX_POINT L39 -0.354783 0.016824 -0.123477 -0.472216 -0.561584
VERTEX_POINT L40 -0.932733 -0.319437 -0.158327 -0.001713 0.568044
VERTEX_POINT L41 -0.925856 -0.805568 -0.113415 0.076461 -0.303051
VERTEX_POINT L42 0.258729 -0.911081 0.288087 0.246781 0.477024
VERTEX_POINT L43 0.212652 0.609527 -0.799890 -0.439019 -0.780444
VERTEX_POINT L44 0.606295 0.154426 0.075495 -0.231606 0.007463
VERTEX_POINT L45 -0.728965 0.295968 -0.054214 -0.764797 -0.920970
VERTEX_POINT L46 0.074732 -0.737248 -0.933307 0.578315 -0.311661
VERTEX_POINT L47 -0.162238 -0.070006 0.798238 0.761176 0.543073
VERTEX_POINT L48 0.527688 -0.140287 0.869163 0.421671 -0.908606
VERTEX_POINT L49 0.264164 -0.543931 0.577644 -0.319536 -0.341128
VERTEX_POINT L50 -0.041039 0.208897 0.238352 0.927887 0.038009
VERTEX_POINT L51 0.354726 0.963099 0.663661 -0.350945 0.164476
VERTEX_POINT L52 0.415905 0.558935 -0.861777 0.438433 0.569735
VERTEX_POINT L53 -0.357231 -0.284354 0.471151 -0.302409 -0.439193
VERTEX_POINT L54 0.135910 -0.112318 -0.496504 -0.765746 -0.826034
VERTEX_POINT L55 -0.691769 0.994892 0.012645 0.637362 0.912224
VERTEX_POINT L56 -0.184826 0.893834 -0.814229 -0.551859 -0.736636
VERTEX_POINT L57 -0.052970 -0.475000 -0.122825 0.033277 0.008805
VERTEX_POINT L58 -0.584704 0.104997 0.308738 0.990803 -0.100189
VERTEX_POINT L59 -0.449205 0.103779 -0.239675 -0.185563 -0.905231
VERTEX_POINT L60 -0.281238 -0.757995 0.722819 -0.504128 -0.811493
VERTEX_POINT L61 -0.664229 -0.815841 0.848969 -0.004768 0.702649
VERTEX_POINT L62 -0.522039 0.963899 0.644275 -0.509977 -0.950950
VERTEX_POINT L63 0.132925 -0.566149 -0.543706 0.403251 -0.385041
VERTEX_POINT L64 0.813027 0.148916 0.526006 0.016465 -0.301144
VERTEX_POINT L65 -0.317366 0.408107 0.192102 0.417072 0.482066
VERTEX_POINT L66 0.658848 -0.328751 -0.928103 0.387246 -0.236741
VERTEX_POINT L67 -0.137851 0.966389 -0.079863 -0.447169 0.952346
VERTEX_POINT L68 0.322079 0.544944 0.921626 -0.135126 0.912466
VERTEX_POINT L69 0.729661 -0.031797 -0.888277 -0.483809 0.881532
VERTEX_POINT L70 0.507366 -0.016787 0.796660 0.080615 -0.609238
VERTEX_POINT L71 0.389346 -0.774493 -0.236701 0.863161 0.480510
VERTEX_POINT L72 0.803805 0.162636 -0.001693 0.592652 -0.421519
VERTEX_POINT L73 -0.233905 0.072132 0.084747 -0.672604 0.867787
VERTEX_POINT L74 -0.398002 0.835035 -0.036591 -0.575858 0.700067
VERTEX_POINT L75 0.410100 -0.682938 -0.926198 -0.638954 0.585943
VERTEX_POINT L76 0.037130 -0.631900 -0.969467 -0.437401 0.946817
VERTEX_POINT L77 0.676730 -0.902214 0.030102 -0.997543 -0.611594
VERTEX_POINT L78 -0.752137 0.247056 0.872040 -0.877778 0.129016
VERTEX_POINT L79 -0.435182 0.227812 0.899696 0.984269 -0.961789
VERTEX_POINT L80 -0.059106 -0.446144 -0.392254 -0.317079 0.047278
VERTEX_POINT L81 0.206824 -0.544047 0.110392 -0.949892 -0.832975
VERTEX_POINT L82 0.919544 0.190911 0.563357 -0.366676 0.202686
VERTEX_POINT L83 -0.643201 -0.887209 -0.254031 -0.878645 -0.382987
VERTEX_POINT L84 0.849593 0.171600 -0.418457 -0.252300 -0.272168
VERTEX_POINT L85 0.055454 -0.921406 -0.933147 -0.132422 0.376652
VERTEX_POINT L86 -0.334970 -0.892317 0.758614 0.758716 -0.470763
VERTEX_POINT L87 -0.335232 0.065434 -0.232686 0.195840 -0.008804
VERTEX_POINT L88 -0.997516 -0.396407 -0.055972 0.900855 -0.614543
VERTEX_POINT L89 0.080326 0.212680 0.067352 0.749519 0.429048
VERTEX_POINT L90 0.215562 -0.830787 0.527639 -0.989723 0.085965
VERTEX_POINT L91 -0.278754 -0.154402 -0.333152 -0.603273 -0.426035
VERTEX_POINT L92 0.416097 0.396840 -0.083679 -0.255249 0.131697
VERTEX_POINT L93 0.693523 -0.866889 0.171914 -0.499700 0.135015
VERTEX_POINT L94 0.854171 0.279450 0.123142 0.799978 0.188923
VERTEX_POINT L95 0.229124 -0.454244 -0.557673 0.761217 0.830554
VERTEX_POINT L96 -0.623843 0.541219 -0.635984 0.917372 -0.382919
VERTEX_POINT L97 0.513019 0.950698 0.195040 0.187224 0.952182
VERTEX_POINT L98 -0.908727 -0.487855 0.362465 -0.685952 0.782900
VERTEX_POINT L99 0.698236 0.086163 -0.714358 -0.217754 -0.470453
VERTEX_POINT L100 0.242680 -0.081098 0.306762 0.703415 0.833714
VERTEX_POINT L101 0.598638 0.495358 0.159124 0.394663 -0.826338
VERTEX_POINT L102 0.087582 0.311670 0.048942 -0.354593 -0.989942
VERTEX_POINT L103 0.046486 -0.918463 -0.694930 0.296067 -0.587805
VERTEX_POINT L104 -0.635267 -0.432510 -0.756129 0.722058 -0.958551
VERTEX_POINT L105 0.689580 0.146705 -0.987649 0.069549 0.710124
VERTEX_POINT L106 -0.543414 -0.601400 -0.621128 0.657113 0.998139
VERTEX_POINT L107 0.401863 -0.064410 -0.725596 -0.715343 0.988266
VERTEX_POINT L108 0.366310 0.244491 0.042452 0.072006 -0.901470
VERTEX_POINT L109 -0.295552 0.645656 -0.749088 0.779335 0.127155
VERTEX_POINT L110 0.966681 -0.836598 -0.825900 -0.731073 -0.973524
VERTEX_POINT L111 -0.692796 0.798346 0.650198 0.754927 0.145808
VERTEX_POINT L112 0.911272 -0.898391 0.361304 0.829443 0.294180
VERTEX_POINT L113 0.886225 0.354313 0.737457 -0.097749 0.229162
VERTEX_POINT L114 -0.335996 0.911137 -0.603833 0.876282 0.762821
VERTEX_POINT L115 0.760865 0.273209 0.942847 -0.422857 -0.977988
VERTEX_POINT L116 -0.058321 0.432907 0.804310 0.769829 -0.394186
VERTEX_POINT L117 0.329033 -0.981179 -0.845218 0.634998 -0.707941
VERTEX_POINT L118 -0.574367 -0.661357 -0.289838 0.772983 0.013207
VERTEX_POINT L119 -0.055837 -0.963500 -0.251661 0.670684 -0.008729
VERTEX_POINT L120 -0.590641 0.231501 0.222134 0.384518 0.721107
VERTEX_POINT L121 0.641195 -0.492144 -0.762200 0.783260 -0.900828
VERTEX_POINT L122 0.665409 -0.117901 0.415187 -0.932589 0.565236
VERTEX_POINT L123 0.825456 -0.371659 -0.861545 -0.870731 -0.147195
VERTEX_POINT L124 0.334718 -0.359032 0.409714 -0.716440 0.234188
VERTEX_POINT L125 0.519580 -0.838452 -0.461671 0.867389 -0.245841
VERTEX_POINT L126 0.054580 0.174097 -0.419218 0.890486 -0.316642
VERTEX_POINT L127 0.710875 -0.817813 0.773730 -0.799068 0.851269
VERTEX_POINT L128 0.032599 -0.887753 0.733369 0.054613 -0.293659
VERTEX_POINT L129 0.145852 0.686242 0.943247 -0.795467 -0.533742
VERTEX_POINT L130 0.409111 0.268349 -0.940628 -0.016822 -0.619184
VERTEX_POINT L131 -0.724720 0.031148 0.040131 -0.241972 -0.459945
VERTEX_POINT L132 -0.255510 0.181600 0.102371 0.599196 -0.360080
VERTEX_POINT L133 -0.503307 -0.419981 0.108314 0.628584 -0.609126
VERTEX_POINT L134 0.321765 0.112686 0.345200 -0.945904 -0.047750
VERTEX_POINT L135 0.109223 0.749090 0.346242 0.321255 -0.318631
VERTEX_POINT L136 -0.813727 0.726724 0.120664 -0.301867 -0.899002
VERTEX_POINT L137 0.778351 0.511286 0.724072 0.711209 -0.049611
VERTEX_POINT L138 -0.488913 -0.315320 0.620646 0.605912 -0.330365
VERTEX_POINT L139 0.552584 -0.028785 -0.836883 0.770139 -0.800472
VERTEX_POINT L140 -0.517201 0.156942 0.974984 0.490544 -0.922456
VERTEX_POINT L141 -0.522232 -0.151918 0.794746 0.874838 -0.303889
VERTEX_POINT L142 0.859788 -0.230439 0.813315 0.525066 0.345336
VERTEX_POINT L143 -0.605928 0.258551 0.336289 0.319987 0.371724
VERTEX_POINT L144 -0.636008 -0.797605 0.532203 -0.222911 0.925273
VERTEX_POINT L145 -0.476208 -0.319301 -0.790518 0.401347 0.108158
VERTEX_POINT L146 -0.845063 -0.468240 0.279136 0.897130 0.393735
VERTEX_POINT L147 0.305671 0.635302 0.336513 -0.453082 -0.468912
VERTEX_POINT L148 0.852825 -0.300481 -0.635736 0.036346 0.400217
VERTEX_POINT L149 -0.419430 -0.129596 0.989297 0.670113 -0.593057
VERTEX_POINT L150 -0.750166 0.671802 -0.915148 -0.782398 0.522359
VERTEX_POINT L151 -0.737816 0.931020 0.586397 -0.579137 0.121324
VERTEX_POINT L152 -0.778235 0.378260 -0.772902 0.453373 -0.493885
VERTEX_POINT L153 0.915242 -0.446099 0.500039 -0.714988 0.087594
VERTEX_POINT L154 -0.912360 -0.440639 0.724852 -0.449868 0.974128
VERTEX_POINT L155 0.556483 -0.980772 0.636812 0.736934 0.740303
VERTEX_POINT L156 0.434822 -0.284551 -0.961632 -0.847599 0.841753
VERTEX_POINT L157 0.142219 0.733457 -0.694365 -0.559383 -0.342513
VERTEX_POINT L158 0.267358 -0.798585 0.410542 0.937866 0.591571
VERTEX_POINT L159 -0.532579 -0.172304 0.771736 0.207014 -0.451906
VERTEX_POINT L160 -0.711929 0.419699 -0.751118 -0.354849 0.123745
VERTEX_POINT L161 -0.323530 0.469764 0.469914 -0.078957 0.972388
VERTEX_POINT L162 -0.257299 0.858844 -0.188133 0.965043 0.088150
VERTEX_POINT L163 0.032562 -0.398701 0.351253 -0.755653 0.763665
VERTEX_POINT L164 0.173163 -0.950216 -0.421772 -0.450372 -0.636739
VERTEX_POINT L165 -0.935534 -0.028470 -0.842933 -0.980862 -0.959600
VERTEX_POINT L166 -0.858215 -0.649611 -0.302505 0.565602 -0.554966
VERTEX_POINT L167 0.359436 0.776508 0.698892 0.247761 -0.535741
VERTEX_POINT L168 0.842817 -0.517185 0.881139 0.730347 -0.009211
VERTEX_POINT L169 -0.347128 0.035069 -0.681858 0.171513 0.114669
VERTEX_POINT L170 -0.087980 -0.252278 0.862009 0.017900 -0.336212
VERTEX_POINT L171 -0.674384 0.639757 0.856123 0.220891 0.068333
VERTEX_POINT L172 0.130639 0.883150 -0.887113 0.046352 0.810780
VERTEX_POINT L173 -0.228192 0.517284 0.675324 -0.457035 -0.990876
VERTEX_POINT L174 -0.280312 -0.101692 0.192412 -0.459123 -0.559943
VERTEX_POINT L175 0.494632 -0.914455 0.645090 0.823441 0.736053
VERTEX_POINT L176 0.295599 -0.802018 0.884806 0.944313 0.117282
VERTEX_POINT L177 -0.125375 0.430068 -0.528453 -0.561993 0.833792
VERTEX_POINT L178 -0.199697 0.720847 -0.018397 -0.629641 -0.732859
VERTEX_POINT L179 0.148424 -0.102499 -0.750930 -0.019342 -0.482502
VERTEX_POINT L180 0.455195 -0.699528 -0.539155 -0.891880 -0.759265
VERTEX_POINT L181 0.050136 0.392649 0.066455 -0.412040 0.789500
VERTEX_POINT L182 0.410608 -0.171478 0.835467 0.401521 0.638822
VERTEX_POINT L183 0.676960 0.678733 -0.312057 0.561493 -0.253150
VERTEX_POINT L184 -0.034621 0.946549 -0.433506 -0.127027 -0.122906
VERTEX_POINT L185 0.498248 0.387882 0.560320 0.951653 0.612951
VERTEX_POINT L186 0.233444 0.697961 -0.675245 0.298427 -0.512848
VERTEX_POINT L187 -0.599799 -0.338002 -0.395139 0.025374 -0.281153
VERTEX_POINT L188 -0.359533 0.121340 0.865954 -0.607729 -0.729563
VERTEX_POINT L189 -0.499198 0.899376 0.735297 0.236293 -0.921276
VERTEX_POINT L190 -0.132377 0.489694 -0.623403 -0.767611 0.266942
VERTEX_POINT L191 -0.071462 -0.458961 -0.885164 0.037421 0.394182
VERTEX_POINT L192 0.177272 0.369140 0.205211 -0.842664 -0.948889
VERTEX_POINT L193 0.610324 0.348538 0.188464 -0.802569 -0.644909
VERTEX_POINT L194 0.961100 0.142338 0.466089 0.281768 0.157846
VERTEX_POINT L195 -0.649565 0.418924 0.783438 -0.293036 -0.585627
VERTEX_POINT L196 0.674790 -0.679932 0.345531 -0.783430 -0.604509
VERTEX_POINT L197 -0.897115 0.492727 -0.836415 -0.152630 0.602880
VERTEX_POINT L198 0.709871 0.195431 0.482331 0.954725 -0.121368
VERTEX_POINT L199 0.517607 -0.197117 0.226670 0.946917 0.386280
VERTEX_POINT L200 -0.244243 -0.472205 -0.518273 -0.981117 -0.282451
VERTEX_POINT L201 -0.378109 0.943154 0.344340 -0.027376 0.542420
VERTEX_POINT L202 0.843223 -0.557360 0.082793 0.167807 -0.545387
VERTEX_POINT L203 0.886396 -0.589054 -0.405386 0.065235 -0.471671
VERTEX_POINT L204 0.393699 0.460437 0.019664 0.515590 0.551544
VERTEX_POINT L205 -0.437089 0.340948 -0.724796 0.708685 -0.105331
VERTEX_POINT L206 0.381027 -0.503509 -0.760296 -0.111324 -0.735618
VERTEX_POINT L207 -0.310702 0.658419 -0.095530 0.459902 -0.331174
VERTEX_POINT L208 0.437536 -0.228983 -0.253248 -0.853308 -0.271539
VERTEX_POINT L209 -0.818670 -0.782663 0.221307 0.259034 -0.468477
VERTEX_POINT L210 0.837723 -0.444079 0.153540 -0.559439 0.186324
VERTEX_POINT L211 -0.107269 0.071489 0.207597 -0.745188 -0.030804
VERTEX_POINT L212 0.231466 0.609986 -0.712237 0.846995 -0.678977
VERTEX_POINT L213 0.248331 0.384442 -0.010992 0.842082 -0.174854
VERTEX_POINT L214 -0.430309 -0.249778 0.895539 0.816305 0.716045
VERTEX_POINT L215 -0.803155 0.556535 -0.145744 -0.280033 0.198117
VERTEX_POINT L216 -0.253421 -0.227676 -0.450673 0.793735 -0.561903
VERTEX_POINT L217 0.803135 -0.551817 -0.779706 0.114732 -0.796802
VERTEX_POINT L218 -0.402954 -0.781466 0.459118 0.745341 0.916964
VERTEX_POINT L219 0.387046 0.893664 -0.584718 -0.813994 -0.291466
VERTEX_POINT L220 -0.696063 -0.652441 0.955591 -0.648976 -0.718079
VERTEX_POINT L221 0.464669 0.708227 0.835715 0.977730 0.183905
VERTEX_POINT L222 -0.684416 -0.565298 -0.469882 0.223428 -0.897284
VERTEX_POINT L223 0.481209 0.716699 0.160801 -0.491640 -0.666967
VERTEX_POINT L224 0.074993 0.056765 0.024179 -0.824839 0.538997
VERTEX_POINT L225 -0.723316 0.577040 0.996207 -0.494804 0.260562
VERTEX_POINT L226 0.831644 0.135623 -0.055760 0.215324 -0.252595
VERTEX_POINT L227 -0.250218 0.376833 -0.630290 -0.608269 0.934488
VERTEX_POINT L228 -0.620431 0.069767 -0.840208 0.352566 -0.136558
VERTEX_POINT L229 0.541515 -0.668946 -0.573430 0.170049 0.626038
VERTEX_POINT L230 -0.732611 -0.820284 0.596380 -0.661353 0.320768
VERTEX_POINT L231 0.135326 0.597562 -0.358481 0.371449 0.580992
VERTEX_POINT L232 -0.836594 -0.725792 0.770910 -0.857327 0.168457
VERTEX_POINT L233 -0.889388 -0.377643 -0.320827 0.506455 0.775381
VERTEX_POINT L234 0.021722 -0.991492 0.236133 -0.563316 -0.890679
VERTEX_POINT L235 0.557105 0.734645 -0.209426 0.658263 -0.279999
VERTEX_POINT L236 -0.326477 0.963305 -0.045622 0.215140 -0.329950
VERTEX_POINT L237 -0.597251 -0.495001 0.475837 0.325360 -0.626297
VERTEX_POINT L238 -0.753596 0.393064 0.695045 0.118165 0.388827
VERTEX_POINT L239 -0.888941 -0.265678 0.701129 0.361831 0.398511
VERTEX_POINT L240 -0.415921 -0.277664 -0.302856 -0.415606 -0.094774
VERTEX_POINT L241 -0.915874 0.948985 -0.151415 0.558726 -0.424849
VERTEX_POINT L242 0.003790 0.805811 -0.091274 0.616643 -0.632293
VERTEX_POINT L243 0.815546 -0.667678 -0.015093 -0.568611 0.226249
VERTEX_POINT L244 0.332457 0.333427 0.837593 0.400808 0.400297
VERTEX_POINT L245 0.573482 -0.443967 -0.195735 0.432948 -0.916247
VERTEX_POINT L246 -0.987609 0.888857 0.839163 0.151356 -0.575634
VERTEX_POINT L247 -0.920964 -0.894249 -0.613080 0.194544 0.838394
VERTEX_POINT L248 0.376617 0.004216 0.024559 -0.452320 -0.713050
VERTEX_POINT L249 -0.390563 -0.892609 0.298281 -0.103302 -0.658670
VERTEX_POINT L250 0.466082 0.999415 -0.197798 0.380550 -0.453072
VERTEX_POINT L251 0.680554 0.351775 -0.019850 -0.101296 -0.431128
VERTEX_POINT L252 -0.925894 0.815618 0.133996 -0.125572 0.525235
VERTEX_POINT L253 0.781666 -0.565882 0.332320 -0.396022 -0.350357
VERTEX_POINT L254 0.161763 0.068474 -0.859049 0.407065 -0.098096
VERTEX_POINT L255 0.149099 -0.127617 -0.841824 0.049589 0.064232
VERTEX_POINT L256 -0.941650 -0.988842 0.328527 0.109173 0.910205
VERTEX_POINT L257 -0.006593 -0.795903 0.085191 -0.377611 0.649310
VERTEX_POINT L258 0.898881 -0.750784 -0.472114 0.441320 -0.001281
VERTEX_POINT L259 -0.562080 0.080925 0.488320 -0.538261 -0.226352
VERTEX_POINT L260 -0.465077 -0.464849 0.511761 0.792438 0.275347
VERTEX_POINT L261 -0.833730 -0.571067 -0.875734 0.779967 -0.680513
VERTEX_POINT L262 0.573246 -0.321513 -0.870161 0.833189 -0.645360
VERTEX_POINT L263 -0.301671 -0.190641 0.282671 0.935111 -0.556195
VERTEX_POINT L264 -0.723118 0.051289 -0.196561 0.286422 -0.905132
VERTEX_POINT L265 -0.405033 -0.313005 0.365971 -0.730127 -0.536040
VERTEX_POINT L266 -0.744566 -0.455997 -0.926754 0.593374 0.163806
VERTEX_POINT L267 -0.049595 0.014595 0.757817 -0.498438 -0.235082
VERTEX_POINT L268 -0.002283 0.191994 -0.158192 0.595233 -0.162336
VERTEX_POINT L269 -0.498162 0.937068 0.768290 -0.288460 -0.447368
VERTEX_POINT L270 0.061464 0.748917 0.458946 0.863393 -0.836571
VERTEX_POINT L271 0.581796 0.914330 0.538952 -0.820373 0.742890
VERTEX_POINT L272 -0.414036 0.886053 -0.383124 -0.729734 0.127783
VERTEX_POINT L273 -0.934746 0.554728 -0.632328 0.480036 -0.468863
VERTEX_POINT L274 0.397341 -0.753348 -0.476141 -0.388984 -0.030861
VERTEX_POINT L275 0.918421 0.219479 -0.545532 0.671074 -0.471919
VERTEX_POINT L276 0.638736 -0.889239 0.171937 -0.087016 -0.385111
VERTEX_POINT L277 0.409732 -0.864491 -0.636977 0.762373 0.393505
VERTEX_POINT L278 0.997457 0.325231 -0.158611 -0.134382 -0.633525
VERTEX_POINT L279 0.015353 0.114977 -0.803503 0.460664 -0.098160
VERTEX_POINT L280 -0.980830 -0.757100 0.661304 -0.340930 0.734834
VERTEX_POINT L281 0.463539 0.324646 0.643591 -0.753832 -0.086597
VERTEX_POINT L282 -0.304093 -0.533248 0.176647 -0.640631 0.470711
VERTEX_POINT L283 -0.906724 -0.941482 -0.204700 0.533498 0.260069
VERTEX_POINT L284 0.245205 0.758764 -0.024089 -0.149854 0.563046
VERTEX_POINT L285 0.857670 0.535226 0.317598 0.766434 -0.627384
VERTEX_POINT L286 0.242375 -0.069099 -0.046524 -0.416913 -0.675699
VERTEX_POINT L287 0.303555 0.769921 -0.695562 0.959319 0.473252
VERTEX_POINT L288 -0.148922 0.739323 -0.597211 -0.611178 -0.978075
VERTEX_POINT L289 0.141256 0.180117 0.481362 -0.975593 0.323020
VERTEX_POINT L290 0.741474 -0.149154 0.792758 -0.578941 -0.753101
VERTEX_POINT L291 0.386000 -0.725526 0.914550 -0.818740 0.297273
VERTEX_POINT L292 0.307526 0.609050 0.605628 0.804374 0.642507
VERTEX_POINT L293 0.314720 0.529333 0.922596 -0.745753 -0.398461
VERTEX_POINT L294 -0.915671 0.083832 0.197222 -0.883629 0.741077
VERTEX_POINT L295 0.584408 -0.339661 -0.590933 0.090796 0.737375
VERTEX_POINT L296 0.909688 -0.783671 0.288568 -0.475880 0.065499
VERTEX_POINT L297 -0.660236 0.627836 0.270468 0.709745 -0.095117
VERTEX_POINT L298 -0.465186 0.674934 -0.833116 0.592357 -0.497707
VERTEX_POINT L299 -0.092596 0.408322 -0.869624 -0.880647 0.903163
VERTEX_POINT L300 -0.158399 0.564904 0.038758 -0.578715 0.457516
VERTEX_POINT L301 0.596278 0.423851 0.625830 0.455750 -0.334278
VERTEX_POINT L302 -0.510800 0.322652 0.669328 -0.701020 0.646053
VERTEX_POINT L303 0.427566 0.450956 0.655634 -0.308449 -0.414701
VERTEX_POINT L304 0.661532 -0.021421 0.993503 -0.064213 0.196859
VERTEX_POINT L305 0.886541 0.569304 -0.806812 -0.090004 -0.384808
VERTEX_POINT L306 0.345987 -0.329564 -0.889898 -0.637375 0.113380
VERTEX_POINT L307 0.300268 0.089340 0.165440 0.848771 0.811748
VERTEX_POINT L308 0.296274 0.704812 -0.443790 -0.327631 -0.991304
VERTEX_POINT L309 0.343444 0.995666 -0.048510 0.228243 0.479854
VERTEX_POINT L310 -0.684379 -0.795683 0.361937 0.309435 -0.286412
VERTEX_POINT L311 0.315443 0.947712 -0.782486 0.331439 0.743531
VERTEX_POINT L312 -0.193018 0.320312 -0.404919 0.474411 -0.606743
VERTEX_POINT L313 0.011528 -0.328930 -0.461416 0.668804 -0.815701
VERTEX_POINT L314 0.408719 -0.993770 0.012814 -0.135063 0.003600
VERTEX_POINT L315 -0.947813 0.079076 0.570992 -0.675443 0.956303
VERTEX_POINT L316 -0.130802 -0.793704 0.856182 0.435238 -0.443085
VERTEX_POINT L317 -0.348906 -0.062870 0.966290 0.448024 0.327901
VERTEX_POINT L318 0.355742 -0.151003 0.875429 -0.716124 0.429554
VERTEX_POINT L319 0.720276 0.945619 -0.741029 0.824060 -0.421160
VERTEX_POINT L320 0.792350 -0.882752 0.447652 0.472431 -0.349079
VERTEX_POINT L321 0.097216 0.699844 0.668187 -0.295066 0.676454
VERTEX_POINT L322 0.106276 -0.779907 -0.826478 -0.994680 0.876113
VERTEX_POINT L323 0.099877 0.726297 0.053280 0.276805 -0.706572
VERTEX_POINT L324 -0.588064 0.229177 0.590783 -0.040818 -0.722007
VERTEX_POINT L325 0.190605 0.303926 0.370744 -0.878308 0.617191
VERTEX_POINT L326 -0.315715 -0.613363 0.462347 -0.632399 -0.969197
VERTEX_POINT L327 -0.678376 0.445506 -0.120649 0.483302 0.343492
VERTEX_POINT L328 0.530369 -0.068238 -0.358788 0.831437 -0.477926
VERTEX_POINT L329 0.219099 -0.938429 0.629232 0.959958 -0.466904
VERTEX_POINT L330 0.229028 -0.146172 0.009727 0.602654 0.246655
VERTEX_POINT L331 -0.628030 -0.503335 0.679970 -0.747278 0.979590
VERTEX_POINT L332 -0.184623 0.485421 0.255062 0.415708 0.198819
VERTEX_POINT L333 0.718228 -0.823520 -0.320945 0.901634 -0.107292
VERTEX_POINT L334 0.799536 0.947621 0.335603 -0.055727 -0.435111
VERTEX_POINT L335 -0.523091 -0.536000 0.248565 -0.648505 -0.604322
VERTEX_POINT L336 0.604769 0.745784 -0.127758 -0.188369 0.507899
VERTEX_POINT L337 0.145522 -0.381943 0.445705 0.306897 0.678268
VERTEX_POINT L338 0.777177 0.553339 -0.585995 -0.799734 -0.792574
VERTEX_POINT L339 -0.098957 0.450596 0.428453 0.483999 0.516596
VERTEX_POINT L340 -0.511034 -0.386276 -0.602804 -0.464860 0.158122
VERTEX_POINT L341 -0.907202 0.757657 0.775942 0.509701 -0.078986
VERTEX_POINT L342 -0.783513 0.398308 0.645967 -0.184561 0.260126
VERTEX_POINT L343 0.295948 0.934036 -0.007723 -0.990449 0.551379
VERTEX_POINT L344 0.104326 -0.571274 -0.685474 0.178506 0.105313
VERTEX_POINT L345 0.625206 0.404538 -0.341219 0.680376 -0.736274
VERTEX_POINT L346 0.348135 0.013112 -0.436732 -0.665892 0.507682
VERTEX_POINT L347 0.973524 -0.364977 -0.829292 -0.386257 0.662228
VERTEX_POINT L348 -0.723700 -0.658332 -0.374929 0.128400 0.591627
VERTEX_POINT L349 -0.296124 0.862109 -0.561302 -0.382016 -0.062764
VERTEX_POINT L350 0.693800 -0.419358 -0.570321 -0.562196 -0.758932
VERTEX_POINT L351 -0.931349 -0.541084 -0.927278 -0.399169 -0.757453
VERTEX_POINT L352 0.801092 0.561953 -0.893115 0.322918 -0.386310
VERTEX_POINT L353 -0.199924 -0.199265 -0.396799 -0.556876 -0.882819
VERTEX_POINT L354 0.168528 -0.814787 0.126002 0.877636 -0.464025
VERTEX_POINT L355 -0.786972 -0.208870 0.697668 -0.717900 -0.108317
VERTEX_POINT L356 0.990681 -0.895339 0.973945 -0.435184 0.734372
VERTEX_POINT L357 0.852813 -0.428150 -0.411651 -0.754764 -0.433221
VERTEX_POINT L358 -0.465348 -0.763365 -0.422981 0.765402 -0.764825
VERTEX_POINT L359 0.521050 0.036423 -0.384843 -0.603747 -0.743554
VERTEX_POINT L360 0.071911 -0.366579 -0.782419 -0.794806 0.099875
VERTEX_POINT L361 0.763680 0.090463 0.586746 0.368056 0.481830
VERTEX_POINT L362 0.893020 0.533088 -0.704874 -0.351025 -0.763964
VERTEX_POINT L363 0.887288 -0.881158 0.472643 0.620903 -0.701306
VERTEX_POINT L364 0.481908 0.266944 -0.734199 0.269690 -0.625462
VERTEX_POINT L365 0.692556 0.480709 0.630730 0.593247 -0.199076
VERTEX_POINT L366 -0.635803 -0.417159 -0.278792 0.972397 -0.305628
VERTEX_POINT L367 0.086677 0.012727 0.138043 -0.918679 0.882437
VERTEX_POINT L368 -0.161922 -0.901234 0.076435 -0.099855 -0.520808
VERTEX_POINT L369 -0.858626 -0.863819 0.135212 -0.827337 -0.098202
VERTEX_POINT L370 0.987720 -0.536676 -0.433504 0.565320 0.399033
VERTEX_POINT L371 0.327044 -0.287510 0.473631 0.435285 0.637315
VERTEX_POINT L372 -0.765828 0.893837 -0.088846 0.682365 0.822812
VERTEX_POINT L373 -0.795793 0.861632 -0.787537 -0.619241 -0.340841
VERTEX_POINT L374 -0.377008 -0.353474 -0.534093 0.444837 0.188694
VERTEX_POINT L375 0.338499 -0.677436 0.225680 -0.139130 -0.071875
VERTEX_POINT L376 0.829413 0.266170 -0.128757 -0.938865 -0.077115
VERTEX_POINT L377 0.971127 0.659638 0.029176 0.778945 -0.303624
VERTEX_POINT L378 0.312023 -0.042414 0.396387 0.474614 -0.409647
VERTEX_POINT L379 -0.894287 0.607838 0.496314 0.189535 -0.485488
VERTEX_POINT L380 -0.324997 0.521747 0.467874 -0.603071 0.633613
VERTEX_POINT L381 0.005823 0.538228 0.826067 0.912417 -0.168579
VERTEX_POINT L382 -0.825636 -0.933246 0.569036 0.790366 -0.242941
VERTEX_POINT L383 -0.523905 0.083700 0.574758 0.719847 -0.752697
VERTEX_POINT L384 0.805899 -0.661037 -0.570732 -0.644459 -0.051398
VERTEX_POINT L385 0.342892 -0.748033 -0.304962 0.668002 0.293034
VERTEX_POINT L386 -0.310876 0.874829 0.272427 -0.998053 0.138986
VERTEX_POINT L387 0.796580 -0.556376 -0.596787 -0.079643 -0.317026
VERTEX_POINT L388 0.195704 -0.176183 0.283388 0.913238 0.859813
VERTEX_POINT L389 0.223776 -0.888535 0.849446 0.767349 0.374161
VERTEX_POINT L390 0.317629 0.480047 0.018370 0.316610 -0.060580
VERTEX_POINT L391 -0.732384 0.457238 0.500969 -0.881567 -0.040312
VERTEX_POINT L392 -0.012545 0.201928 0.436192 0.135405 -0.144009
VERTEX_POINT L393 0.210649 0.013135 0.313497 0.965585 0.175456
VERTEX_POINT L394 -0.845097 0.576079 -0.026388 0.739335 0.258382
VERTEX_POINT L395 -0.530637 -0.531128 0.701993 -0.594905 0.230529
VERTEX_POINT L396 -0.096795 -0.506156 -0.055774 0.558833 0.976380
VERTEX_POINT L397 -0.480900 -0.841079 0.694819 0.711733 0.952754
VERTEX_POINT L398 0.556040 0.481599 -0.159964 -0.513585 0.112966
VERTEX_POINT L399 0.741283 -0.407390 -0.979339 -0.541023 -0.544428
VERTEX_POINT L400 -0.339526 -0.704899 -0.169969 0.884396 -0.145448
VERTEX_POINT L401 0.543760 0.944923 0.406532 -0.948264 -0.488001
VERTEX_POINT L402 0.068327 0.305100 0.494292 0.894262 -0.907113
VERTEX_POINT L403 -0.105353 -0.811061 0.741185 0.566760 -0.322636
VERTEX_POINT L404 0.747967 0.806555 0.618994 -0.567505 0.171158
VERTEX_POINT L405 0.691319 0.951626 0.960199 0.339099 0.281581
VERTEX_POINT L406 -0.766855 -0.488498 -0.033135 -0.572370 0.605489
VERTEX_POINT L407 0.577380 0.072724 -0.509762 -0.506371 -0.905957
VERTEX_POINT L408 0.662446 0.611264 -0.010625 0.118044 0.977957
VERTEX_POINT L409 0.545168 0.469088 -0.636748 0.902244 -0.804159
VERTEX_POINT L410 0.683093 -0.319438 0.986552 0.683164 -0.391445
VERTEX_POINT L411 -0.662551 0.133011 -0.542751 0.514973 0.611570
VERTEX_POINT L412 -0.449009 0.007317 -0.810681 0.814661 0.027262
VERTEX_POINT L413 0.857458 -0.252685 0.555588 0.473531 0.365614
VERTEX_POINT L414 -0.186456 -0.783290 -0.967993 0.234820 0.858873
VERTEX_POINT L415 -0.643110 0.346280 -0.381413 -0.829798 0.975864
VERTEX_POINT L416 0.200349 -0.000718 -0.749374 0.141532 -0.341352
VERTEX_POINT L417 0.502667 -0.908460 0.304434 0.236767 -0.002141
VERTEX_POINT L418 -0.846530 0.789904 0.021801 0.090560 -0.341161
VERTEX_POINT L419 -0.603946 0.823099 0.534014 0.054771 -0.481538
VERTEX_POINT L420 -0.273557 -0.796996 0.153880 0.004116 -0.627980
VERTEX_POINT L421 0.471099 0.269951 -0.959829 -0.592830 0.598259
VERTEX_POINT L422 -0.336330 0.280337 0.034983 0.173203 0.478150
VERTEX_POINT L423 0.713898 0.404932 -0.409928 -0.860480 0.228011
VERTEX_POINT L424 -0.318252 -0.716915 0.353668 -0.627245 -0.226285
VERTEX_POINT L425 -0.181427 -0.143584 -0.991405 -0.087461 -0.263468
VERTEX_POINT L426 -0.816739 0.873804 -0.707936 -0.455385 -0.541460
VERTEX_POINT L427 0.584954 -0.223071 -0.702106 0.931588 -0.249905
VERTEX_POINT L428 0.337673 0.015337 0.703414 -0.375729 -0.310713
VERTEX_POINT L429 0.739302 0.355404 0.132100 0.031030 0.571506
VERTEX_POINT L430 0.326237 0.369539 -0.681445 -0.609435 0.205667
VERTEX_POINT L431 0.998147 0.310438 -0.466555 -0.491333 0.543839
VERTEX_POINT L432 0.283062 0.300326 -0.461368 0.082766 -0.916495
VERTEX_POINT L433 -0.605436 -0.325361 0.812848 -0.715173 0.298554
VERTEX_POINT L434 -0.107206 0.499377 -0.725369 -0.924573 -0.778797
VERTEX_POINT L435 0.031029 0.106881 -0.842374 0.515261 0.254663
VERTEX_POINT L436 -0.914117 -0.373734 0.773047 0.623926 -0.419865
VERTEX_POINT L437 0.125939 -0.989121 0.241495 -0.496943 0.826692
VERTEX_POINT L438 -0.391591 -0.820395 -0.352136 -0.991110 0.348706
VERTEX_POINT L439 0.748328 -0.762470 -0.237578 -0.258030 -0.441907
VERTEX_POINT L440 -0.328892 0.479967 0.604748 -0.594699 -0.977467
VERTEX_POINT L441 -0.708498 -0.139833 -0.365584 0.692055 0.957261
VERTEX_POINT L442 -0.914223 0.370540 0.219671 -0.743057 -0.830337
VERTEX_POINT L443 0.222099 -0.512716 0.794067 -0.780038 0.049795
VERTEX_POINT L444 -0.851040 0.607482 -0.809996 0.165585 0.322875
VERTEX_POINT L445 -0.100679 0.587251 0.251678 0.491762 -0.971464
VERTEX_POINT L446 0.578988 0.833564 -0.587346 -0.609835 0.025660
VERTEX_POINT L447 0.349309 -0.393236 -0.559370 -0.692883 0.981523
VERTEX_POINT L448 -0.598012 0.678790 -0.443888 -0.271471 0.026394
VERTEX_POINT L449 0.732458 0.623468 0.434455 0.480725 0.684498
VERTEX_POINT L450 0.745363 -0.570136 0.974644 0.361888 -0.500015
VERTEX_POINT L451 0.128431 0.881794 0.709992 0.732645 0.398415
VERTEX_POINT L452 0.203557 -0.106582 0.474626 0.887894 0.282757
VERTEX_POINT L453 -0.590967 0.710201 0.009627 -0.464908 0.978135
VERTEX_POINT L454 -0.157671 0.286727 -0.699936 0.872165 -0.373574
VERTEX_POINT L455 0.885305 0.176503 -0.171706 -0.739351 -0.943528
VERTEX_POINT L456 0.227606 -0.433383 0.018222 0.447630 -0.285333
VERTEX_POINT L457 0.025591 0.160531 -0.407872 -0.583220 0.084966
VERTEX_POINT L458 0.470259 0.953432 0.126188 -0.807763 -0.193434
VERTEX_POINT L459 -0.434721 0.581954 -0.278364 -0.928099 0.403954
VERTEX_POINT L460 -0.235108 -0.484065 0.724228 0.447810 -0.343528
VERTEX_POINT L461 -0.203505 0.322972 0.444744 -0.417198 -0.987767
VERTEX_POINT L462 -0.436574 -0.107608 0.255082 -0.419432 -0.052207
VERTEX_POINT L463 -0.952046 0.816261 -0.737141 -0.469423 -0.260023
VERTEX_POINT L464 0.191059 0.997611 0.257591 -0.132371 0.310787
VERTEX_POINT L465 0.456221 -0.608231 0.529712 -0.344005 0.168996
VERTEX_POINT L466 0.078983 -0.076858 -0.579515 -0.954163 0.994640
VERTEX_POINT L467 0.276942 -0.376123 0.030638 -0.508445 0.890922
VERTEX_POINT L468 -0.417840 -0.597352 -0.228792 0.159053 -0.004313
VERTEX_POINT L469 0.687392 0.102747 0.068349 -0.945273 0.343346
VERTEX_POINT L470 0.025270 -0.138594 0.793061 0.233525 -0.550985
VERTEX_POINT L471 0.253267 0.882615 -0.624044 0.564354 0.018220
VERTEX_POINT L472 0.978894 0.962913 0.702765 0.746782 0.300607
VERTEX_POINT L473 0.111047 -0.768054 0.012732 0.490468 -0.381322
VERTEX_POINT L474 -0.524634 -0.630101 -0.829978 0.784317 -0.931985
VERTEX_POINT L475 -0.872147 0.570395 0.892768 -0.087633 -0.376518
VERTEX_POINT L476 -0.989633 0.819197 -0.735590 -0.017770 -0.352787
VERTEX_POINT L477 -0.945646 -0.796537 -0.417323 -0.825518 0.093675
VERTEX_POINT L478 0.477162 -0.822840 -0.666602 0.219484 -0.394995
VERTEX_POINT L479 -0.587645 0.497987 -0.179478 0.710759 0.673608
VERTEX_POINT L480 0.786812 0.826931 -0.982868 0.655206 -0.221827
VERTEX_POINT L481 0.222525 -0.392976 -0.691957 -0.418627 0.104990
VERTEX_POINT L482 0.540786 0.379782 -0.469486 0.443404 0.072022
VERTEX_POINT L483 -0.009631 -0.279651 0.491758 0.543100 -0.939069
VERTEX_POINT L484 0.631558 -0.682775 0.317670 0.116465 0.083125
VERTEX_POINT L485 -0.616885 -0.333491 -0.169422 0.315569 0.698448
VERTEX_POINT L486 -0.124326 0.896852 -0.679947 0.803750 -0.882597
VERTEX_POINT L487 -0.140836 -0.116158 -0.664108 -0.435905 0.797792
VERTEX_POINT L488 0.408706 0.827040 0.422706 0.732350 -0.216586
VERTEX_POINT L489 -0.654067 0.850285 0.446241 0.995987 -0.076031
VERTEX_POINT L490 0.424443 -0.534204 0.057528 -0.364004 0.201746
VERTEX_POINT L491 -0.826402 -0.657025 0.146933 0.180160 0.439885
VERTEX_POINT L492 0.142429 0.173256 -0.109015 -0.421212 -0.063798
VERTEX_POINT L493 0.987869 0.358188 -0.687390 0.216565 -0.850461
VERTEX_POINT L494 -0.778448 -0.840764 0.409793 0.710737 -0.820138
VERTEX_POINT L495 -0.666512 0.170867 -0.851424 0.446417 -0.753010
VERTEX_POINT L496 0.444089 0.749956 0.842323 0.872560 0.318534
VERTEX_POINT L497 0.300535 0.082378 0.830278 0.756574 -0.825498
VERTEX_POINT L498 0.610429 0.794744 0.179215 0.937973 -0.862088
VERTEX_POINT L499 -0.973751 -0.847396 -0.386470 0.031613 -0.685778
VERTEX_POINT L500 -0.012074 -0.814876 -0.101372 0.811301 0.517847
VERTEX_POINT L501 -0.364301 -0.343850 -0.027725 0.171498 -0.413073
VERTEX_POINT L502 0.279517 -0.964781 -0.010514 -0.404033 0.332442
VERTEX_POINT L503 -0.033180 -0.851962 -0.398607 0.558083 -0.181546
VERTEX_POINT L504 0.746746 -0.111904 0.985007 -0.338034 0.205605
VERTEX_POINT L505 0.754883 -0.594881 0.159508 -0.619716 0.400457
VERTEX_POINT L506 0.094673 0.718433 -0.505839 -0.529550 0.441936
VERTEX_POINT L507 0.757113 -0.292706 -0.750583 0.644196 0.852818
VERTEX_POINT L508 0.809237 -0.391418 0.742185 -0.445235 -0.505867
VERTEX_POINT L509 -0.428164 0.895593 -0.172441 0.689935 -0.953059
VERTEX_POINT L510 -0.830532 -0.794719 0.069939 0.354956 0.526426
VERTEX_POINT L511 0.596049 -0.564488 0.759317 -0.790029 0.272306
VERTEX_POINT L512 0.794361 -0.497383 0.135602 -0.728693 0.151931
VERTEX_POINT L513 0.710254 0.585062 0.600454 -0.201640 -0.401552
VERTEX_POINT L514 -0.413581 0.155861 0.251076 0.753072 0.333237
VERTEX_POINT L515 0.425919 -0.180158 -0.546728 0.387772 -0.764944
VERTEX_POINT L516 -0.906631 -0.748429 -0.568968 -0.886070 -0.703104
VERTEX_POINT L517 0.462093 0.052713 0.571128 0.556822 0.450640
VERTEX_POINT L518 -0.714917 0.703683 -0.210836 0.951867 -0.967152
VERTEX_POINT L519 0.502075 -0.921389 0.853737 0.846279 0.080309
VERTEX_POINT L520 0.808026 -0.097002 0.017369 0.552808 -0.625391
VERTEX_POINT L521 0.709526 -0.830521 0.846693 -0.412137 0.234594
VERTEX_POINT L522 0.675673 -0.578415 0.000671 0.026439 -0.479805
VERTEX_POINT L523 -0.049545 -0.923746 0.908354 -0.868403 0.310811
VERTEX_POINT L524 0.697395 0.527667 -0.840697 0.804428 0.384133
VERTEX_POINT L525 0.897224 -0.419179 -0.589536 -0.262824 -0.299943
VERTEX_POINT L526 0.283943 0.247121 -0.943070 0.578014 0.557801
VERTEX_POINT L527 0.141484 0.277623 -0.998375 0.676988 -0.297333
VERTEX_POINT L528 0.197759 0.663199 -0.759258 -0.506250 -0.125442
VERTEX_POINT L529 -0.105628 0.041865 0.236145 0.515987 0.695713
VERTEX_POINT L530 0.167733 0.430227 -0.384844 -0.291399 0.016889
VERTEX_POINT L531 -0.814315 0.848323 0.139370 -0.694949 -0.607594
VERTEX_POINT L532 0.530071 0.698015 -0.791580 -0.312515 -0.717360
VERTEX_POINT L533 -0.552750 0.465447 0.604642 0.304568 -0.650669
VERTEX_POINT L534 0.152505 0.996361 0.740762 0.863134 0.210860
VERTEX_POINT L535 0.276817 -0.413889 -0.806573 0.349451 0.488244
VERTEX_POINT L536 -0.797867 0.870565 -0.235850 0.684852 0.749788
VERTEX_POINT L537 -0.752821 0.714794 -0.765077 -0.666415 -0.347205
VERTEX_POINT L538 0.033930 0.293405 -0.557156 -0.006352 0.341062
VERTEX_POINT L539 -0.988630 -0.520853 -0.493665 -0.760383 -0.756079
VERTEX_POINT L540 -0.180986 0.610388 0.062482 -0.976481 -0.300264
VERTEX_POINT L541 0.203398 0.498685 0.512783 -0.651397 -0.132512
VERTEX_POINT L542 0.607419 -0.085341 -0.734348 -0.550412 0.516227
VERTEX_POINT L543 -0.386624 -0.886995 -0.801916 -0.705173 0.851667
VERTEX_POINT L544 -0.086348 0.083748 0.113236 0.146963 0.465936
VERTEX_POINT L545 -0.806162 -0.929480 0.516728 -0.797340 -0.150536
VERTEX_POINT L546 -0.960705 -0.067154 -0.348644 0.682599 -0.913277
VERTEX_POINT L547 0.007021 0.335319 0.544268 0.260893 0.762832
VERTEX_POINT L548 0.655931 0.123233 0.087856 0.759482 -0.699896
VERTEX_POINT L549 -0.675622 -0.363471 0.440521 0.634466 -0.880429
VERTEX_POINT L550 -0.490904 0.413929 0.398006 0.107172 -0.156859
VERTEX_POINT L551 0.463957 -0.973769 -0.894775 0.312290 -0.325288
VERTEX_POINT L552 -0.966096 -0.193992 0.287213 -0.777671 0.354165
VERTEX_POINT L553 -0.815232 0.835515 -0.601324 -0.866389 0.363336
VERTEX_POINT L554 -0.585588 -0.897515 -0.986421 0.443887 0.985523
VERTEX_POINT L555 0.731298 -0.666325 0.446516 -0.973243 -0.261702
VERTEX_POINT L556 -0.918007 -0.583664 -0.190860 -0.129213 -0.936607
VERTEX_POINT L557 0.698355 0.349606 -0.929491 0.021901 0.543324
VERTEX_POINT L558 -0.127218 0.611298 0.448142 0.703744 0.440965
VERTEX_POINT L559 0.279752 -0.920465 0.049882 0.364537 -0.062049
VERTEX_POINT L560 -0.407273 -0.608529 0.306653 -0.462112 0.239036
VERTEX_POINT L561 -0.959484 0.041526 -0.936703 -0.587655 -0.542146
VERTEX_POINT L562 0.465437 0.927858 -0.810748 0.669588 0.330357
VERTEX_POINT L563 -0.877202 -0.910515 0.515073 0.225373 0.521676
VERTEX_POINT L564 -0.512234 -0.493028 0.667939 0.716913 -0.192815
VERTEX_POINT L565 -0.382058 0.924219 0.930014 0.532722 -0.458784
VERTEX_POINT L566 0.399614 -0.324404 0.708500 -0.425175 0.009920
VERTEX_POINT L567 -0.310101 -0.622462 -0.567911 0.401764 -0.443026
VERTEX_POINT L568 -0.134880 0.639013 -0.835063 0.866307 0.194012
VERTEX_POINT L569 -0.566456 0.969001 -0.848657 0.568472 -0.649017
VERTEX_POINT L570 -0.298731 -0.143315 -0.061576 0.641381 -0.199105
VERTEX_POINT L571 0.684135 0.249401 0.227419 0.889826 0.893748
VERTEX_POINT L572 0.636941 0.467686 0.664126 0.917075 0.218471
VERTEX_POINT L573 -0.691312 0.771344 0.204077 -0.909030 -0.682878
VERTEX_POINT L574 -0.702490 0.362405 0.425504 -0.815347 0.745415
VERTEX_POINT L575 -0.449407 -0.448566 -0.222637 0.064039 -0.315594
VERTEX_POINT L576 -0.497474 0.841864 -0.279195 -0.706370 0.166586
VERTEX_POINT L577 -0.663195 -0.704749 -0.923140 0.867252 0.832138
VERTEX_POINT L578 0.557614 0.886753 -0.678369 -0.675068 -0.552762
VERTEX_POINT L579 -0.841543 -0.034902 0.808661 -0.946888 0.466689
VERTEX_POINT L580 -0.338817 -0.068219 0.517381 0.501717 0.951709
VERTEX_POINT L581 -0.933291 0.300682 0.719636 0.432104 0.290379
VERTEX_POINT L582 0.622414 -0.008671 0.913886 0.365402 -0.858598
VERTEX_POINT L583 -0.304913 0.737789 -0.195406 0.724046 0.305874
VERTEX_POINT L584 -0.748522 0.136197 -0.881687 0.565715 -0.346285
VERTEX_POINT L585 -0.963174 0.093814 0.927465 -0.190712 -0.873075
VERTEX_POINT L586 -0.573615 -0.928536 -0.748890 0.750803 -0.955828
VERTEX_POINT L587 -0.666530 0.552533 -0.072547 -0.563498 -0.282892
VERTEX_POINT L588 0.735181 -0.556580 0.997974 0.831189 0.670249
VERTEX_POINT L589 0.299168 0.682763 0.699252 0.454547 0.485137
VERTEX_POINT L590 0.613222 0.632068 0.977335 0.801038 0.655059
VERTEX_POINT L591 -0.672092 -0.165109 0.304627 -0.630922 -0.090715
VERTEX_POINT L592 0.339684 -0.275712 0.762549 0.866892 0.942992
VERTEX_POINT L593 0.078659 0.559926 -0.833413 0.470626 -0.014584
VERTEX_POINT L594 -0.549295 -0.075624 -0.180300 0.594451 -0.569039
VERTEX_POINT L595 0.827450 0.231261 0.430488 0.583805 -0.249823
VERTEX_POINT L596 0.696600 0.484145 -0.903399 0.003348 0.526633
VERTEX_POINT L597 0.850320 0.599972 -0.471800 -0.830724 0.440881
VERTEX_POINT L598 -0.482651 0.608799 0.862577 -0.014431 0.307150
VERTEX_POINT L599 -0.438279 0.123158 -0.738462 -0.130345 -0.279356
VERTEX_POINT L600 -0.716137 0.568973 -0.320457 0.737748 0.791864
VERTEX_POINT L601 0.218618 -0.534516 -0.198998 -0.373049 -0.891955
VERTEX_POINT L602 -0.754144 -0.627441 0.488957 -0.240519 -0.385608
VERTEX_POINT L603 0.920805 0.036660 -0.656331 0.654823 0.010335
VERTEX_POINT L604 0.527306 -0.763173 -0.994922 -0.282079 -0.574833
VERTEX_POINT L605 -0.456634 0.734964 -0.085540 -0.055865 -0.640193
VERTEX_POINT L606 -0.528602 0.588094 0.121032 -0.281138 0.694741
VERTEX_POINT L607 -0.970167 -0.921308 -0.274117 0.011550 0.591753
VERTEX_POINT L608 -0.119828 -0.969785 -0.008680 -0.188614 -0.808055
VERTEX_POINT L609 -0.970988 0.474847 0.442663 0.043794 -0.858021
VERTEX_POINT L610 -0.811710 0.043789 -0.465457 0.064662 0.058442
VERTEX_POINT L611 0.541355 -0.038004 -0.491299 -0.686896 -0.856346
VERTEX_POINT L612 -0.904279 -0.224471 0.162299 -0.524103 0.432358
VERTEX_POINT L613 0.810704 -0.964882 -0.551571 -0.569936 0.199844
VERTEX_POINT L614 -0.763558 -0.300215 0.313295 -0.962850 0.449528
VERTEX_POINT L615 -0.652801 0.911726 0.280612 -0.958388 -0.913926
VERTEX_POINT L616 0.847531 0.128932 -0.624106 0.239352 0.326768
VERTEX_POINT L617 -0.337172 -0.228750 0.564405 0.787953 0.493700
VERTEX_POINT L618 -0.319331 0.464259 -0.791935 -0.521886 -0.196818
VERTEX_POINT L619 0.582712 0.572352 -0.626133 0.070541 -0.002983
VERTEX_POINT L620 0.961996 -0.545987 0.263657 0.242500 -0.021163
VERTEX_POINT L621 -0.706110 0.096327 -0.814600 -0.720848 -0.541759
VERTEX_POINT L622 0.910619 -0.592757 0.678494 0.439619 0.906302
VERTEX_POINT L623 0.301679 0.178301 0.026206 0.109392 -0.078172
VERTEX_POINT L624 0.372549 -0.343747 -0.648013 0.749778 0.443657
VERTEX_POINT L625 -0.638675 0.331619 -0.501806 0.034070 -0.662737
VERTEX_POINT L626 0.129129 -0.590438 -0.543306 -0.306803 0.672005
VERTEX_POINT L627 0.069149 -0.859602 -0.551413 -0.246874 -0.029710
VERTEX_POINT L628 -0.788356 -0.068408 0.026394 0.203345 0.778144
VERTEX_POINT L629 0.646478 -0.981639 -0.680728 0.678766 -0.020844
VERTEX_POINT L630 0.630870 0.263556 -0.289875 0.622781 0.690934
VERTEX_POINT L631 -0.504492 -0.499435 0.705937 -0.058907 0.570008
VERTEX_POINT L632 -0.134904 -0.516156 0.120273 -0.694283 0.087201
VERTEX_POINT L633 0.876726 0.636114 -0.800918 -0.617738 -0.694674
VERTEX_POINT L634 -0.583687 0.537225 -0.950393 -0.404084 -0.419657
VERTEX_POINT L635 -0.607598 -0.279328 0.125351 0.023637 0.512367
VERTEX_POINT L636 -0.579908 0.371078 0.113542 0.326397 -0.334867
VERTEX_POINT L637 -0.112289 0.125319 0.170638 0.314778 -0.724916
VERTEX_POINT L638 -0.577765 -0.200637 0.851234 -0.964812 0.104120
VERTEX_POINT L639 0.300264 0.401293 -0.895138 -0.862217 -0.142922
VERTEX_POINT L640 -0.083278 -0.399834 -0.386699 -0.641428 -0.582937
VERTEX_POINT L641 -0.389475 0.843153 -0.614222 0.099850 -0.837438
VERTEX_POINT L642 -0.158381 -0.636711 -0.386437 -0.549113 0.000731
VERTEX_POINT L643 0.012443 0.375694 0.775600 -0.165531 0.849422
VERTEX_POINT L644 -0.578771 0.878271 -0.165793 0.529913 0.362406
VERTEX_POINT L645 0.078061 0.063075 0.926858 -0.511963 -0.549741
VERTEX_POINT L646 0.359642 0.287420 0.056212 -0.123919 0.935495
VERTEX_POINT L647 -0.731241 0.007203 0.210101 -0.230735 -0.310826
VERTEX_POINT L648 0.740889 0.834324 0.491263 -0.724010 0.943958
VERTEX_POINT L649 -0.959690 -0.248320 0.264276 0.354194 -0.261323
VERTEX_POINT L650 0.851471 -0.420444 0.583968 0.839806 0.686191
VERTEX_POINT L651 0.702885 -0.711663 -0.245080 0.518490 -0.077205
VERTEX_POINT L652 -0.665799 0.848007 0.449676 0.633346 0.196918
VERTEX_POINT L653 0.762090 -0.013201 0.262463 0.279425 0.592493
VERTEX_POINT L654 0.004564 0.466638 0.781126 -0.372118 0.844624
VERTEX_POINT L655 0.706750 -0.495741 0.801663 0.383124 -0.359425
VERTEX_POINT L656 -0.876585 -0.681582 0.760657 -0.686505 0.929756
VERTEX_POINT L657 -0.866307 0.876200 -0.762180 0.321078 0.516629
VERTEX_POINT L658 -0.224101 -0.355343 -0.749749 -0.863750 0.610864
VERTEX_POINT L659 -0.664941 0.250010 -0.212949 0.516841 0.707900
VERTEX_POINT L660 0.780171 0.894560 -0.442908 -0.000156 -0.504216
VERTEX_POINT L661 -0.593230 0.908213 -0.039624 0.759031 0.301798
VERTEX_POINT L662 -0.169433 0.750575 -0.507011 -0.542066 0.277909
VERTEX_POINT L663 -0.354733 -0.621596 0.677365 0.305561 0.582985
VERTEX_POINT L664 -0.716504 0.544327 0.159457 -0.858706 0.607124
VERTEX_POINT L665 0.246880 0.287800 -0.457405 0.053850 0.858251
VERTEX_POINT L666 0.037669 0.099076 -0.197283 -0.670801 0.095352
VERTEX_POINT L667 -0.296412 -0.084595 -0.727001 0.467691 -0.727743
VERTEX_POINT L668 -0.865410 -0.586881 0.713234 -0.631372 -0.866664
VERTEX_POINT L669 0.459903 0.898439 -0.346049 -0.635614 -0.800528
VERTEX_POINT L670 -0.996148 -0.683302 -0.622138 0.605474 0.129334
VERTEX_POINT L671 0.051312 0.013284 -0.673465 -0.272800 -0.449601
VERTEX_POINT L672 -0.929572 0.741591 0.039728 0.464236 -0.637965
VERTEX_POINT L673 -0.154529 -0.320013 -0.008575 -0.943639 -0.869934
VERTEX_POINT L674 -0.936245 -0.611022 -0.897866 0.561669 -0.600179
VERTEX_POINT L675 -0.508343 0.619862 0.873935 -0.005851 0.724440
VERTEX_POINT L676 0.923532 0.743062 -0.081717 -0.455602 -0.419676
VERTEX_POINT L677 0.423397 0.676399 0.158346 -0.562250 -0.664684
VERTEX_POINT L678 -0.239584 -0.372934 0.084036 0.763414 -0.586386
VERTEX_POINT L679 0.664421 0.577386 -0.590454 -0.179612 -0.475717
VERTEX_POINT L680 0.463708 -0.571921 -0.577377 0.791944 0.073993
