VERTEX_POSE A0 0.411854 0.201997 -0.911250 0.411854 0.411854 0.911250
VERTEX_POSE A1 0.911250 -0.201997 0.934201 0.356748 -0.356748 0.934201
VERTEX_POSE A2 -0.356748 5.270369 0.545258 0.838269 -0.838269 0.545258
VERTEX_POSE A3 0.934201 0.000000 -0.078559 -0.996909 0.996909 -0.078559
VERTEX_POSE A4 -0.838269 0.000000 -0.895046 -0.445973 -0.445973 0.895046
VERTEX_POSE A5 0.545258 0.000000 0.157202 -0.987566 -0.987566 -0.157202
VERTEX_POSE A6 0.996909 0.000000 0.359765 -0.933043 0.933043 0.359765
VERTEX_POSE A7 -0.078559 0.000000 -0.928154 -0.372195 0.372195 -0.928154
VERTEX_POSE A8 -0.445973 -0.114890 0.100831 0.994904 0.994904 -0.100831
VERTEX_POSE A9 0.895046 0.114890 -0.669376 -0.742923 0.742923 -0.669376
VERTEX_POSE A10 -0.987566 5.273441 -0.977984 0.208679 -0.208679 -0.977984
VERTEX_POSE A11 -0.157202 -5.273441 0.646067 0.763280 0.763280 -0.646067
VERTEX_POSE A12 0.933043 -0.019672 -0.941363 -0.337395 0.337395 -0.941363
VERTEX_POSE A13 0.359765 0.019672 -0.939155 0.343494 0.343494 0.939155
VERTEX_POSE A14 0.372195 5.028020 0.112264 0.993678 0.993678 -0.112264
VERTEX_POSE A15 -0.928154 -5.028020 -0.786178 0.618000 -0.618000 -0.786178
VERTEX_POSE A16 0.994904 -0.028639 0.630704 -0.776024 0.776024 0.630704
VERTEX_POSE A17 -0.100831 0.028639 -0.663861 -0.747856 0.747856 -0.663861
VERTEX_POSE A18 0.742923 4.878891 -0.946956 -0.321363 -0.321363 0.946956
VERTEX_POSE A19 -0.669376 -4.878891 0.521301 -0.853373 0.853373 0.521301
VERTEX_POSE A20 -0.208679 -0.010163 0.651387 -0.758746 -0.758746 -0.651387
VERTEX_POSE A21 -0.977984 0.010163 -0.854545 0.519377 -0.519377 -0.854545
VERTEX_POSE A22 0.763280 5.271684 -0.958566 0.284872 0.284872 0.958566
VERTEX_POSE A23 -0.646067 -5.271684 0.275776 -0.961222 -0.961222 -0.275776
VERTEX_POSE A24 0.337395 -0.052282 0.493042 -0.870006 0.870006 0.493042
VERTEX_POSE A25 -0.941363 0.052282 -0.755504 0.655144 0.655144 0.755504
VERTEX_POSE A26 0.343494 5.241226 -0.032129 0.999484 -0.999484 -0.032129
VERTEX_POSE A27 0.939155 -5.241226 -0.896651 -0.442738 -0.442738 0.896651
VERTEX_POSE A28 0.993678 -0.032601 -0.405852 0.913939 0.913939 0.405852
VERTEX_POSE A29 -0.112264 0.032601 -0.186457 0.982463 0.982463 0.186457
VERTEX_POSE A30 -0.618000 5.257392 0.741092 0.671403 0.671403 -0.741092
VERTEX_POSE A31 -0.786178 -5.257392 -0.901845 -0.432060 -0.432060 0.901845
VERTEX_POSE A32 0.776024 -0.034976 -0.768291 0.640101 0.640101 0.768291
VERTEX_POSE A33 0.630704 0.034976 -0.161569 -0.986861 0.986861 -0.161569
VERTEX_POSE A34 0.747856 0.000000 -0.781995 -0.623284 -0.623284 0.781995
VERTEX_POSE A35 -0.663861 0.000000 0.020591 0.999788 0.999788 -0.020591
VERTEX_POSE A36 -0.321363 0.000000 -0.482301 0.876006 -0.876006 -0.482301
VERTEX_POSE A37 0.946956 0.000000 -0.856821 0.515613 0.515613 0.856821
VERTEX_POSE A38 0.853373 0.000000 -0.397018 0.917811 -0.917811 -0.397018
VERTEX_POSE A39 0.521301 0.000000 0.817014 0.576618 -0.576618 0.817014
VERTEX_POSE A40 -0.758746 0.000000 -0.323891 -0.946095 -0.946095 0.323891
VERTEX_POSE A41 -0.651387 0.000000 -0.988195 -0.153201 0.153201 -0.988195
VERTEX_POSE A42 -0.519377 0.000000 0.772375 -0.635166 0.635166 0.772375
VERTEX_POSE A43 -0.854545 0.000000 -0.791402 -0.611296 -0.611296 0.791402
VERTEX_POSE A44 0.284872 0.000000 -0.993193 0.116477 -0.116477 -0.993193
VERTEX_POSE A45 0.958566 0.000000 -0.866143 0.499797 0.499797 0.866143
VERTEX_POSE A46 -0.961222 0.000000 0.828147 -0.560510 -0.560510 -0.828147
VERTEX_POSE A47 -0.275776 0.000000 0.782765 0.622317 0.622317 -0.782765
VERTEX_POSE A48 0.870006 0.000000 -0.792158 0.610316 0.610316 0.792158
VERTEX_POSE A49 0.493042 0.000000 -0.997074 -0.076442 0.076442 -0.997074
VERTEX_POSE A50 0.655144 0.000000 0.822217 0.569175 0.569175 -0.822217
VERTEX_POSE A51 0.755504 0.000000 0.808837 -0.588033 0.588033 0.808837
VERTEX_POSE A52 -0.999484 0.000000 0.564035 -0.825751 -0.825751 -0.564035
VERTEX_POSE A53 -0.032129 0.000000 0.434140 -0.900845 0.900845 0.434140
VERTEX_POSE A54 -0.442738 0.000000 -0.867039 -0.498240 0.498240 -0.867039
VERTEX_POSE A55 0.896651 0.000000 -0.863698 -0.504009 -0.504009 0.863698
VERTEX_POSE A56 0.913939 0.000000 -0.998166 -0.060534 -0.060534 0.998166
VERTEX_POSE A57 0.405852 0.000000 0.166108 -0.986108 -0.986108 -0.166108
VERTEX_POSE A58 0.982463 0.000000 0.801946 0.597396 0.597396 -0.801946
VERTEX_POSE A59 0.186457 0.000000 0.630769 0.775970 -0.775970 0.630769
VERTEX_POSE A60 0.671403 0.000000 -0.958203 0.286090 0.286090 0.958203
VERTEX_POSE A61 -0.741092 0.000000 -0.219453 -0.975623 0.975623 -0.219453
VERTEX_POSE A62 -0.432060 0.000000 0.130487 -0.991450 -0.991450 -0.130487
VERTEX_POSE A63 0.901845 0.000000 -0.995973 -0.089655 0.089655 -0.995973
VERTEX_POSE A64 0.640101 0.000000 0.469012 -0.883192 0.883192 0.469012
VERTEX_POSE A65 0.768291 0.000000 0.341166 -0.940003 -0.940003 -0.341166
VERTEX_POSE A66 0.986861 0.000000 -0.908726 0.417393 0.417393 0.908726
VERTEX_POSE A67 -0.161569 0.000000 -0.172790 0.984959 -0.984959 -0.172790
VERTEX_POSE A68 -0.623284 0.000000 0.896530 -0.442983 -0.442983 -0.896530
VERTEX_POSE A69 0.781995 0.000000 -0.919451 -0.393204 0.393204 -0.919451
VERTEX_POSE A70 0.999788 0.000000 0.386699 -0.922206 -0.922206 -0.386699
VERTEX_POSE A71 -0.020591 0.000000 0.641402 0.767205 -0.767205 0.641402
VERTEX_POSE A72 -0.876006 0.000000 0.882555 -0.470210 -0.470210 -0.882555
VERTEX_POSE A73 -0.482301 0.000000 -0.965003 -0.262238 -0.262238 0.965003
VERTEX_POSE A74 0.515613 0.000000 -0.372495 0.928034 -0.928034 -0.372495
VERTEX_POSE A75 0.856821 0.000000 -0.985199 0.171412 0.171412 0.985199
VERTEX_POSE A76 -0.917811 0.000000 0.978067 0.208291 0.208291 -0.978067
VERTEX_POSE A77 -0.397018 0.000000 -0.675836 -0.737052 -0.737052 0.675836
VERTEX_POSE A78 -0.576618 0.000000 0.697110 -0.716964 0.716964 0.697110
VERTEX_POSE A79 0.817014 0.000000 0.996687 0.081336 -0.081336 0.996687
VERTEX_POSE A80 -0.946095 0.000000 0.989658 -0.143450 0.143450 0.989658
VERTEX_POSE A81 0.323891 0.000000 0.846567 0.532283 0.532283 -0.846567
VERTEX_POSE A82 0.153201 0.000000 0.776198 -0.630489 0.630489 0.776198
VERTEX_POSE A83 -0.988195 0.000000 1.000000 0.000307 0.000307 -1.000000
VERTEX_POSE A84 0.635166 0.000000 0.100073 -0.994980 0.994980 0.100073
VERTEX_POSE A85 0.772375 0.000000 -0.857594 -0.514327 -0.514327 0.857594
VERTEX_POSE A86 -0.611296 0.000000 -0.226934 0.973910 0.973910 0.226934
VERTEX_POSE A87 0.791402 0.000000 0.786109 0.618088 0.618088 -0.786109
VERTEX_POSE A88 -0.116477 0.000000 -0.643666 -0.765306 0.765306 -0.643666
VERTEX_POSE A89 -0.993193 0.000000 -0.778636 0.627476 0.627476 0.778636
VERTEX_POSE A90 0.499797 0.000000 0.912323 -0.409472 0.409472 0.912323
VERTEX_POSE A91 0.866143 0.000000 0.868608 0.495500 0.495500 -0.868608
VERTEX_POSE A92 -0.560510 0.000000 0.972078 0.234656 -0.234656 0.972078
VERTEX_POSE A93 -0.828147 0.000000 0.992255 -0.124215 -0.124215 -0.992255
VERTEX_POSE A94 0.622317 0.000000 0.843179 0.537634 0.537634 -0.843179
VERTEX_POSE A95 -0.782765 0.000000 -0.831674 0.555264 0.555264 0.831674
VERTEX_POSE A96 0.610316 0.000000 -0.744684 0.667417 -0.667417 -0.744684
VERTEX_POSE A97 0.792158 0.000000 0.648239 0.761437 -0.761437 0.648239
VERTEX_POSE A98 0.076442 0.000000 -0.782333 0.622860 0.622860 0.782333
VERTEX_POSE A99 -0.997074 0.000000 -0.278271 0.960503 -0.960503 -0.278271
VERTEX_POSE A100 0.569175 0.000000 0.168676 -0.985672 -0.985672 -0.168676
VERTEX_POSE A101 -0.822217 0.000000 0.818069 0.575119 0.575119 -0.818069
VERTEX_POSE A102 0.588033 0.000000 -0.670906 0.741542 -0.741542 -0.670906
VERTEX_POSE A103 0.808837 0.000000 0.874209 0.485550 -0.485550 0.874209
VERTEX_POSE A104 -0.825751 0.000000 0.806455 -0.591295 -0.591295 -0.806455
VERTEX_POSE A105 -0.564035 0.000000 -0.999393 0.034846 -0.034846 -0.999393
VERTEX_POSE A106 0.900845 0.000000 -0.183180 -0.983079 0.983079 -0.183180
VERTEX_POSE A107 0.434140 0.000000 -0.983270 0.182153 -0.182153 -0.983270
VERTEX_POSE A108 0.498240 0.000000 -0.386191 -0.922419 -0.922419 0.386191
VERTEX_POSE A109 -0.867039 0.000000 -0.599222 -0.800583 -0.800583 0.599222
VERTEX_POSE A110 -0.504009 0.000000 -0.980778 0.195128 -0.195128 -0.980778
VERTEX_POSE A111 0.863698 0.000000 0.888256 -0.459349 -0.459349 -0.888256
VERTEX_POSE A112 -0.060534 0.000000 -0.976489 -0.215568 -0.215568 0.976489
VERTEX_POSE A113 0.998166 0.000000 0.829062 -0.559156 -0.559156 -0.829062
VERTEX_POSE A114 -0.986108 0.000000 -0.747221 -0.664576 0.664576 -0.747221
VERTEX_POSE A115 -0.166108 0.000000 -0.802996 0.595984 0.595984 0.802996
VERTEX_POSE A116 0.597396 0.000000 -0.121813 0.992553 0.992553 0.121813
VERTEX_POSE A117 -0.801946 0.000000 0.751244 -0.660025 0.660025 0.751244
VERTEX_POSE A118 -0.775970 0.000000 0.886435 0.462852 0.462852 -0.886435
VERTEX_POSE A119 0.630769 0.000000 0.970873 -0.239597 -0.239597 -0.970873
VERTEX_POSE A120 0.286090 0.000000 -0.324781 0.945789 -0.945789 -0.324781
VERTEX_POSE A121 0.958203 0.000000 0.853587 -0.520951 -0.520951 -0.853587
VERTEX_POSE A122 0.975623 0.000000 0.966932 -0.255034 0.255034 0.966932
VERTEX_POSE A123 -0.219453 0.000000 0.134367 -0.990932 -0.990932 -0.134367
VERTEX_POSE A124 -0.991450 0.000000 -0.101751 0.994810 -0.994810 -0.101751
VERTEX_POSE A125 -0.130487 0.000000 0.417981 0.908456 -0.908456 0.417981
VERTEX_POSE A126 0.089655 0.000000 -0.989952 -0.141407 -0.141407 0.989952
VERTEX_POSE A127 -0.995973 0.000000 0.638991 -0.769214 0.769214 0.638991
VERTEX_POSE A128 0.883192 0.000000 -0.999861 -0.016684 0.016684 -0.999861
VERTEX_POSE A129 0.469012 0.000000 -0.071759 -0.997422 0.997422 -0.071759
VERTEX_POSE A130 -0.940003 0.000000 0.884256 0.467003 -0.467003 0.884256
VERTEX_POSE A131 -0.341166 0.000000 0.553434 -0.832893 -0.832893 -0.553434
VERTEX_POSE A132 0.417393 0.000000 0.925054 -0.379835 -0.379835 -0.925054
VERTEX_POSE A133 0.908726 0.000000 -0.576160 -0.817337 -0.817337 0.576160
VERTEX_POSE A134 -0.984959 0.000000 -0.859256 -0.511546 -0.511546 0.859256
VERTEX_POSE A135 -0.172790 0.000000 -0.197739 0.980255 -0.980255 -0.197739
VERTEX_POSE A136 -0.442983 0.000000 -0.264047 -0.964510 -0.964510 0.264047
VERTEX_POSE A137 -0.896530 0.000000 0.744397 -0.667737 0.667737 0.744397
VERTEX_POSE A138 0.393204 0.000000 0.739262 0.673418 -0.673418 0.739262
VERTEX_POSE A139 -0.919451 0.000000 -0.236420 -0.971651 -0.971651 0.236420
VERTEX_POSE A140 -0.922206 0.000000 -0.009424 -0.999956 -0.999956 0.009424
VERTEX_POSE A141 -0.386699 0.000000 0.562703 0.826659 -0.826659 0.562703
VERTEX_POSE A142 -0.767205 0.000000 0.954389 0.298565 0.298565 -0.954389
VERTEX_POSE A143 0.641402 0.000000 -0.633480 0.773759 -0.773759 -0.633480
VERTEX_POSE A144 -0.470210 0.000000 0.456136 0.889910 -0.889910 0.456136
VERTEX_POSE A145 -0.882555 0.000000 -0.806498 -0.591237 -0.591237 0.806498
VERTEX_POSE A146 -0.262238 0.000000 0.159376 -0.987218 0.987218 0.159376
VERTEX_POSE A147 0.965003 0.000000 -0.576858 -0.816844 -0.816844 0.576858
VERTEX_POSE A148 -0.928034 0.000000 0.632831 0.774290 0.774290 -0.632831
VERTEX_POSE A149 -0.372495 0.000000 -0.616548 0.787317 0.787317 0.616548
VERTEX_POSE A150 0.171412 0.000000 -0.975508 0.219966 0.219966 0.975508
VERTEX_POSE A151 0.985199 0.000000 0.234506 -0.972115 -0.972115 -0.234506
VERTEX_POSE A152 0.208291 0.000000 -0.859932 -0.510408 -0.510408 0.859932
VERTEX_POSE A153 -0.978067 0.000000 -0.151786 0.988413 -0.988413 -0.151786
VERTEX_POSE A154 -0.737052 0.000000 -0.838312 -0.545190 0.545190 -0.838312
VERTEX_POSE A155 0.675836 0.000000 0.782579 -0.622552 0.622552 0.782579
VERTEX_POSE A156 0.716964 0.000000 0.114216 0.993456 0.993456 -0.114216
VERTEX_POSE A157 0.697110 0.000000 0.110280 -0.993901 -0.993901 -0.110280
VERTEX_POSE A158 -0.081336 0.000000 0.915586 -0.402122 -0.402122 -0.915586
VERTEX_POSE A159 0.996687 0.000000 0.594157 -0.804349 -0.804349 -0.594157
VERTEX_POSE A160 0.143450 0.000000 0.063361 -0.997991 0.997991 0.063361
VERTEX_POSE A161 0.989658 0.000000 -0.277062 0.960852 -0.960852 -0.277062
VERTEX_POSE A162 0.532283 0.000000 -0.836125 0.548538 -0.548538 -0.836125
VERTEX_POSE A163 -0.846567 0.000000 -0.941721 0.336395 0.336395 0.941721
VERTEX_POSE A164 0.630489 0.000000 -0.934872 0.354984 0.354984 0.934872
VERTEX_POSE A165 0.776198 0.000000 0.993435 -0.114396 -0.114396 -0.993435
VERTEX_POSE A166 0.000307 0.000000 -0.999509 -0.031346 -0.031346 0.999509
VERTEX_POSE A167 -1.000000 0.000000 0.755871 -0.654720 0.654720 0.755871
VERTEX_POSE A168 0.994980 0.000000 0.998747 0.050050 -0.050050 0.998747
VERTEX_POSE A169 0.100073 0.000000 0.673195 0.739465 -0.739465 0.673195
VERTEX_POSE A170 -0.514327 0.000000 -0.509089 0.860714 -0.860714 -0.509089
VERTEX_POSE A171 0.857594 0.000000 -0.567978 0.823044 0.823044 0.567978
VERTEX_POSE A172 0.973910 0.000000 0.331330 0.943515 -0.943515 0.331330
VERTEX_POSE A173 0.226934 0.000000 0.369445 -0.929252 -0.929252 -0.369445
VERTEX_POSE A174 0.618088 0.000000 -0.187973 0.982174 0.982174 0.187973
VERTEX_POSE A175 -0.786109 0.000000 -0.758101 -0.652137 -0.652137 0.758101
VERTEX_POSE A176 0.765306 0.000000 0.844812 -0.535064 -0.535064 -0.844812
VERTEX_POSE A177 -0.643666 0.000000 0.157700 -0.987487 -0.987487 -0.157700
VERTEX_POSE A178 0.627476 0.000000 -0.938083 0.346410 0.346410 0.938083
VERTEX_POSE A179 0.778636 0.000000 -0.602571 -0.798065 -0.798065 0.602571
VERTEX_POSE A180 0.409472 0.000000 -0.927028 0.374992 0.374992 0.927028
VERTEX_POSE A181 0.912323 0.000000 0.955535 -0.294876 -0.294876 -0.955535
VERTEX_POSE A182 0.495500 0.000000 -0.807662 0.589646 -0.589646 -0.807662
VERTEX_POSE A183 -0.868608 0.000000 0.023255 -0.999730 0.999730 0.023255
VERTEX_POSE A184 -0.234656 0.000000 -0.692762 -0.721166 -0.721166 0.692762
VERTEX_POSE A185 0.972078 0.000000 0.963271 0.268531 0.268531 -0.963271
VERTEX_POSE A186 -0.124215 0.000000 0.935783 0.352577 0.352577 -0.935783
VERTEX_POSE A187 -0.992255 0.000000 -0.784097 -0.620638 0.620638 -0.784097
VERTEX_POSE A188 0.537634 0.000000 -0.956387 0.292102 0.292102 0.956387
VERTEX_POSE A189 -0.843179 0.000000 0.914877 -0.403734 0.403734 0.914877
VERTEX_POSE A190 0.555264 0.000000 -0.353033 0.935611 -0.935611 -0.353033
VERTEX_POSE A191 0.831674 0.000000 -0.319179 -0.947694 -0.947694 0.319179
VERTEX_POSE A192 -0.667417 0.000000 -0.217159 0.976136 0.976136 0.217159
VERTEX_POSE A193 -0.744684 0.000000 -0.664504 -0.747284 0.747284 -0.664504
VERTEX_POSE A194 -0.761437 0.000000 0.045270 -0.998975 0.998975 0.045270
VERTEX_POSE A195 0.648239 0.000000 0.024760 -0.999693 0.999693 0.024760
VERTEX_POSE A196 0.622860 0.000000 0.993600 -0.112954 0.112954 0.993600
VERTEX_POSE A197 0.782333 0.000000 -0.659937 -0.751321 -0.751321 0.659937
VERTEX_POSE A198 -0.960503 0.000000 -0.965458 -0.260559 0.260559 -0.965458
VERTEX_POSE A199 -0.278271 0.000000 -0.874413 -0.485183 -0.485183 0.874413
VERTEX_POSE A200 -0.985672 0.000000 0.664800 -0.747022 -0.747022 -0.664800
VERTEX_POSE A201 -0.168676 0.000000 -0.120020 0.992772 0.992772 0.120020
VERTEX_POSE A202 0.575119 0.000000 -0.552483 -0.833524 -0.833524 0.552483
VERTEX_POSE A203 -0.818069 0.000000 -0.933711 -0.358026 0.358026 -0.933711
VERTEX_POSE A204 -0.741542 0.000000 -0.024897 0.999690 0.999690 0.024897
VERTEX_POSE A205 -0.670906 0.000000 -0.885033 0.465529 0.465529 0.885033
VERTEX_POSE A206 -0.485550 0.000000 0.984132 0.177440 -0.177440 0.984132
VERTEX_POSE A207 0.874209 0.000000 -0.283981 0.958830 -0.958830 -0.283981
VERTEX_POSE A208 -0.591295 0.000000 0.908798 0.417235 -0.417235 0.908798
VERTEX_POSE A209 -0.806455 0.000000 -0.576591 -0.817033 0.817033 -0.576591
VERTEX_POSE A210 -0.034846 0.000000 0.326147 0.945319 0.945319 -0.326147
VERTEX_POSE A211 -0.999393 0.000000 -0.209815 0.977741 0.977741 0.209815
VERTEX_POSE A212 0.983079 0.000000 -0.798883 0.601486 -0.601486 -0.798883
VERTEX_POSE A213 -0.183180 0.000000 0.868978 -0.494851 -0.494851 -0.868978
VERTEX_POSE A214 -0.182153 0.000000 -0.392344 0.919819 -0.919819 -0.392344
VERTEX_POSE A215 -0.983270 0.000000 -0.092697 -0.995694 0.995694 -0.092697
VERTEX_POSE A216 -0.922419 0.000000 -0.989127 -0.147067 -0.147067 0.989127
VERTEX_POSE A217 0.386191 0.000000 0.914254 0.405141 -0.405141 0.914254
VERTEX_POSE A218 -0.800583 0.000000 -0.442589 -0.896725 0.896725 -0.442589
VERTEX_POSE A219 0.599222 0.000000 -0.527818 -0.849358 0.849358 -0.527818
VERTEX_POSE A220 -0.195128 0.000000 0.876734 -0.480976 0.480976 0.876734
VERTEX_POSE A221 -0.980778 0.000000 0.839656 0.543118 -0.543118 0.839656
VERTEX_POSE A222 -0.459349 0.000000 0.863109 -0.505018 0.505018 0.863109
VERTEX_POSE A223 -0.888256 0.000000 0.788282 -0.615314 0.615314 0.788282
VERTEX_POSE A224 -0.215568 0.000000 -0.717110 0.696960 0.696960 0.717110
VERTEX_POSE A225 0.976489 0.000000 0.361774 -0.932266 -0.932266 -0.361774
VERTEX_POSE A226 -0.559156 0.000000 0.746341 0.665564 -0.665564 0.746341
VERTEX_POSE A227 -0.829062 0.000000 0.995480 -0.094971 -0.094971 -0.995480
VERTEX_POSE A228 0.664576 0.000000 -0.436635 0.899639 0.899639 0.436635
VERTEX_POSE A229 -0.747221 0.000000 0.983453 0.181162 0.181162 -0.983453
VERTEX_POSE A230 0.595984 0.000000 0.554432 -0.832229 -0.832229 -0.554432
VERTEX_POSE A231 0.802996 0.000000 0.940652 0.339373 -0.339373 0.940652
VERTEX_POSE A232 0.992553 0.000000 0.780268 0.625445 -0.625445 0.780268
VERTEX_POSE A233 0.121813 0.000000 -0.981996 -0.188904 0.188904 -0.981996
VERTEX_POSE A234 0.660025 0.000000 0.189595 -0.981862 0.981862 0.189595
VERTEX_POSE A235 0.751244 0.000000 -0.315117 0.949053 -0.949053 -0.315117
VERTEX_POSE A236 0.462852 0.000000 0.430430 -0.902624 0.902624 0.430430
VERTEX_POSE A237 -0.886435 0.000000 -0.065116 -0.997878 -0.997878 0.065116
VERTEX_POSE A238 -0.239597 0.000000 0.337603 -0.941288 -0.941288 -0.337603
VERTEX_POSE A239 -0.970873 0.000000 0.773602 0.633672 -0.633672 0.773602
VERTEX_POSE A240 -0.945789 0.000000 -0.791959 -0.610574 0.610574 -0.791959
VERTEX_POSE A241 -0.324781 0.000000 0.557730 0.830022 0.830022 -0.557730
VERTEX_POSE A242 -0.520951 0.000000 0.150771 0.988569 -0.988569 0.150771
VERTEX_POSE A243 -0.853587 0.000000 -0.911332 0.411673 -0.411673 -0.911332
VERTEX_POSE A244 0.255034 0.000000 -0.867017 -0.498279 0.498279 -0.867017
VERTEX_POSE A245 0.966932 0.000000 -0.101363 -0.994850 -0.994850 0.101363
VERTEX_POSE A246 -0.990932 0.000000 -0.855838 -0.517244 -0.517244 0.855838
VERTEX_POSE A247 -0.134367 0.000000 0.045364 -0.998971 -0.998971 -0.045364
VERTEX_POSE A248 -0.994810 0.000000 0.906437 0.422342 -0.422342 0.906437
VERTEX_POSE A249 -0.101751 0.000000 -0.086248 0.996274 0.996274 0.086248
VERTEX_POSE A250 -0.908456 0.000000 -0.639289 0.768966 -0.768966 -0.639289
VERTEX_POSE A251 0.417981 0.000000 -0.541609 0.840630 0.840630 0.541609
VERTEX_POSE A252 -0.141407 0.000000 0.700009 0.714134 0.714134 -0.700009
VERTEX_POSE A253 0.989952 0.000000 -0.977469 0.211079 -0.211079 -0.977469
VERTEX_POSE A254 0.769214 0.000000 0.810757 -0.585383 0.585383 0.810757
VERTEX_POSE A255 0.638991 0.000000 -0.277560 0.960708 0.960708 0.277560
VERTEX_POSE A256 0.016684 0.000000 -0.083912 -0.996473 -0.996473 0.083912
VERTEX_POSE A257 -0.999861 0.000000 0.402354 -0.915484 0.915484 0.402354
VERTEX_POSE A258 0.997422 0.000000 0.718392 -0.695639 -0.695639 -0.718392
VERTEX_POSE A259 -0.071759 0.000000 0.843925 -0.536461 0.536461 0.843925
VERTEX_POSE A260 -0.467003 0.000000 -0.909997 -0.414614 -0.414614 0.909997
VERTEX_POSE A261 0.884256 0.000000 -0.938928 -0.344114 -0.344114 0.938928
VERTEX_POSE A262 -0.832893 0.000000 0.190184 0.981748 0.981748 -0.190184
VERTEX_POSE A263 -0.553434 0.000000 -0.296041 0.955175 -0.955175 -0.296041
VERTEX_POSE A264 -0.379835 0.000000 0.933195 0.359371 0.359371 -0.933195
VERTEX_POSE A265 -0.925054 0.000000 -0.312247 -0.950001 0.950001 -0.312247
VERTEX_POSE A266 -0.817337 0.000000 0.541516 0.840690 -0.840690 0.541516
VERTEX_POSE A267 0.576160 0.000000 0.999866 0.016340 0.016340 -0.999866
VERTEX_POSE A268 -0.511546 0.000000 0.490366 -0.871517 0.871517 0.490366
VERTEX_POSE A269 0.859256 0.000000 -0.640677 0.767811 -0.767811 -0.640677
VERTEX_POSE A270 -0.980255 0.000000 -0.995419 -0.095613 -0.095613 0.995419
VERTEX_POSE A271 -0.197739 0.000000 0.101622 0.994823 0.994823 -0.101622
VERTEX_POSE A272 -0.964510 1.000000 0.833665 -0.552271 0.552271 0.833665
VERTEX_POSE A273 0.264047 0.000000 0.951091 0.308911 0.308911 -0.951091
VERTEX_POSE A274 0.667737 0.000000 0.330161 0.943925 0.943925 -0.330161
VERTEX_POSE A275 0.744397 0.000000 0.583366 0.812210 0.812210 -0.583366
VERTEX_POSE A276 -0.673418 1.000000 -0.877178 0.480166 -0.480166 -0.877178
VERTEX_POSE A277 0.739262 0.000000 0.365651 0.930752 0.930752 -0.365651
VERTEX_POSE A278 -0.971651 0.000000 0.626615 0.779329 0.779329 -0.626615
VERTEX_POSE A279 0.236420 0.000000 0.998535 -0.054111 0.054111 0.998535
VERTEX_POSE A280 -0.999956 0.000000 0.676477 -0.736463 -0.736463 -0.676477
VERTEX_POSE A281 0.009424 0.000000 -0.699145 0.714980 -0.714980 -0.699145
VERTEX_POSE A282 -0.826659 7.466227 0.718890 -0.695124 0.695124 0.718890
VERTEX_POSE A283 0.562703 0.000000 -0.840441 0.541902 0.541902 0.840441
VERTEX_POSE A284 0.298565 0.000000 -0.970509 -0.241064 -0.241064 0.970509
VERTEX_POSE A285 -0.954389 0.000000 -0.759104 -0.650969 -0.650969 0.759104
VERTEX_POSE A286 -0.773759 0.000000 1.000000 -0.000694 0.000694 1.000000
VERTEX_POSE A287 -0.633480 0.000000 -0.528873 0.848701 -0.848701 -0.528873
VERTEX_POSE A288 -0.889910 1.000000 -0.844315 -0.535848 0.535848 -0.844315
VERTEX_POSE A289 0.456136 0.000000 -0.797207 0.603706 -0.603706 -0.797207
VERTEX_POSE A290 -0.591237 0.000000 -0.979933 -0.199329 0.199329 -0.979933
VERTEX_POSE A291 0.806498 0.000000 0.975880 -0.218308 0.218308 0.975880
VERTEX_POSE A292 0.987218 1.000000 -0.907973 -0.419028 0.419028 -0.907973
VERTEX_POSE A293 0.159376 0.000000 -0.938350 -0.345688 0.345688 -0.938350
VERTEX_POSE A294 -0.816844 0.000000 0.939989 0.341205 0.341205 -0.939989
VERTEX_POSE A295 0.576858 0.000000 -0.527131 0.849784 -0.849784 -0.527131
VERTEX_POSE A296 0.774290 0.000000 0.887660 -0.460500 -0.460500 -0.887660
VERTEX_POSE A297 -0.632831 0.000000 -0.618938 0.785440 -0.785440 -0.618938
VERTEX_POSE A298 0.787317 0.000000 0.450417 0.892818 -0.892818 0.450417
VERTEX_POSE A299 0.616548 0.000000 -0.214317 0.976764 0.976764 0.214317
VERTEX_POSE A300 0.219966 0.000000 0.999998 -0.001856 0.001856 0.999998
VERTEX_POSE A301 0.975508 0.000000 -0.412758 0.910841 -0.910841 -0.412758
VERTEX_POSE A302 -0.972115 0.000000 -0.564982 0.825103 0.825103 0.564982
VERTEX_POSE A303 -0.234506 0.000000 0.456757 0.889592 0.889592 -0.456757
VERTEX_POSE A304 -0.510408 -1.251773 0.770272 0.637715 0.637715 -0.770272
VERTEX_POSE A305 0.859932 0.000000 0.397229 0.917720 0.917720 -0.397229
VERTEX_POSE A306 -0.988413 0.000000 -0.973450 -0.228899 0.228899 -0.973450
VERTEX_POSE A307 -0.151786 0.000000 -0.957483 -0.288490 0.288490 -0.957483
VERTEX_POSE A308 0.545190 0.000000 -0.327776 0.944756 -0.944756 -0.327776
VERTEX_POSE A309 -0.838312 0.000000 0.766272 0.642516 -0.642516 0.766272
VERTEX_POSE A310 0.622552 0.000000 0.609469 0.792810 0.792810 -0.609469
VERTEX_POSE A311 0.782579 0.000000 -0.934904 0.354901 -0.354901 -0.934904
VERTEX_POSE A312 0.993456 1.000000 -0.988776 0.149405 -0.149405 -0.988776
VERTEX_POSE A313 -0.114216 0.000000 -0.396275 0.918132 -0.918132 -0.396275
VERTEX_POSE A314 -0.993901 0.000000 -0.867111 0.498114 0.498114 0.867111
VERTEX_POSE A315 -0.110280 0.000000 0.090025 -0.995940 -0.995940 -0.090025
VERTEX_POSE A316 -0.402122 1.000000 -0.896109 0.443835 -0.443835 -0.896109
VERTEX_POSE A317 -0.915586 0.000000 0.845834 0.533446 0.533446 -0.845834
VERTEX_POSE A318 -0.804349 0.000000 0.544000 -0.839085 0.839085 0.544000
VERTEX_POSE A319 -0.594157 0.000000 -0.917965 -0.396661 -0.396661 0.917965
VERTEX_POSE A320 0.997991 1.000000 -0.980953 -0.194243 0.194243 -0.980953
VERTEX_POSE A321 0.063361 0.000000 -0.638491 -0.769630 -0.769630 0.638491
VERTEX_POSE A322 -0.960852 0.000000 0.261454 0.965216 -0.965216 0.261454
VERTEX_POSE A323 -0.277062 0.000000 -0.361687 -0.932300 0.932300 -0.361687
VERTEX_POSE A324 -0.548538 0.000000 -0.672697 -0.739918 0.739918 -0.672697
VERTEX_POSE A325 -0.836125 0.000000 -0.012573 0.999921 0.999921 0.012573
VERTEX_POSE A326 0.336395 8.077919 -0.754162 0.656689 -0.656689 -0.754162
VERTEX_POSE A327 0.941721 0.000000 -0.974165 -0.225838 -0.225838 0.974165
VERTEX_POSE A328 0.354984 0.000000 -0.700965 -0.713196 -0.713196 0.700965
VERTEX_POSE A329 0.934872 0.000000 -0.919761 0.392479 -0.392479 -0.919761
VERTEX_POSE A330 -0.114396 0.000000 0.974522 0.224293 0.224293 -0.974522
VERTEX_POSE A331 -0.993435 0.000000 -0.471236 -0.882007 0.882007 -0.471236
VERTEX_POSE A332 -0.031346 1.000000 -0.779499 -0.626403 -0.626403 0.779499
VERTEX_POSE A333 0.999509 0.000000 -0.079146 0.996863 -0.996863 -0.079146
VERTEX_POSE A334 0.654720 0.000000 0.811892 0.583808 -0.583808 0.811892
VERTEX_POSE A335 0.755871 0.000000 -0.160603 0.987019 -0.987019 -0.160603
VERTEX_POSE A336 -0.050050 1.000000 0.776826 0.629715 0.629715 -0.776826
VERTEX_POSE A337 0.998747 0.000000 -0.997387 -0.072247 -0.072247 0.997387
VERTEX_POSE A338 -0.739465 0.000000 -0.394957 -0.918700 0.918700 -0.394957
VERTEX_POSE A339 0.673195 0.000000 0.956127 0.292952 -0.292952 0.956127
VERTEX_POSE A340 -0.860714 1.000000 -0.485138 -0.874438 0.874438 -0.485138
VERTEX_POSE A341 -0.509089 0.000000 -0.996767 0.080342 0.080342 0.996767
VERTEX_POSE A342 0.823044 0.000000 0.966964 -0.254912 -0.254912 -0.966964
VERTEX_POSE A343 0.567978 0.000000 0.989556 0.144151 -0.144151 0.989556
VERTEX_POSE A344 -0.943515 0.000000 0.301731 0.953393 0.953393 -0.301731
VERTEX_POSE A345 0.331330 0.000000 0.484161 0.874979 -0.874979 0.484161
VERTEX_POSE A346 -0.929252 0.000000 -0.972951 -0.231013 -0.231013 0.972951
VERTEX_POSE A347 -0.369445 0.000000 0.769291 0.638898 0.638898 -0.769291
VERTEX_POSE A348 0.982174 -1.440297 0.812681 -0.582709 -0.582709 -0.812681
VERTEX_POSE A349 0.187973 0.000000 0.742919 0.669381 -0.669381 0.742919
VERTEX_POSE A350 -0.652137 0.000000 -0.451415 -0.892314 0.892314 -0.451415
VERTEX_POSE A351 0.758101 0.000000 -0.034540 -0.999403 -0.999403 0.034540
VERTEX_POSE A352 -0.535064 0.000000 0.031880 0.999492 0.999492 -0.031880
VERTEX_POSE A353 -0.844812 0.000000 -0.485361 0.874314 0.874314 0.485361
VERTEX_POSE A354 -0.987487 0.000000 0.993577 -0.113154 0.113154 0.993577
VERTEX_POSE A355 -0.157700 0.000000 0.099215 -0.995066 0.995066 0.099215
VERTEX_POSE A356 0.346410 1.000000 -0.908637 0.417586 -0.417586 -0.908637
VERTEX_POSE A357 0.938083 0.000000 0.960378 -0.278701 0.278701 0.960378
VERTEX_POSE A358 -0.798065 0.000000 0.802426 0.596752 -0.596752 0.802426
VERTEX_POSE A359 0.602571 0.000000 -0.999260 -0.038454 0.038454 -0.999260
VERTEX_POSE A360 0.374992 1.000000 0.176343 -0.984329 0.984329 0.176343
VERTEX_POSE A361 0.927028 0.000000 -0.572251 0.820079 0.820079 0.572251
VERTEX_POSE A362 -0.294876 0.000000 -0.041999 0.999118 -0.999118 -0.041999
VERTEX_POSE A363 -0.955535 0.000000 0.828771 -0.559588 0.559588 0.828771
VERTEX_POSE A364 -0.589646 1.000000 0.997505 -0.070596 -0.070596 -0.997505
VERTEX_POSE A365 -0.807662 0.000000 -0.586076 0.810256 -0.810256 -0.586076
VERTEX_POSE A366 0.999730 0.000000 0.724148 0.689645 0.689645 -0.724148
VERTEX_POSE A367 0.023255 0.000000 -0.721512 -0.692402 0.692402 -0.721512
VERTEX_POSE A368 -0.721166 0.000000 0.187194 -0.982323 0.982323 0.187194
VERTEX_POSE A369 0.692762 0.000000 -0.894078 0.447912 -0.447912 -0.894078
VERTEX_POSE A370 0.268531 7.097386 -0.907261 0.420568 0.420568 0.907261
VERTEX_POSE A371 -0.963271 0.000000 0.997407 -0.071965 0.071965 0.997407
VERTEX_POSE A372 0.352577 0.000000 0.245400 0.969422 -0.969422 0.245400
VERTEX_POSE A373 -0.935783 0.000000 0.470032 -0.882650 0.882650 0.470032
VERTEX_POSE A374 0.620638 0.000000 0.833363 -0.552726 -0.552726 -0.833363
VERTEX_POSE A375 -0.784097 0.000000 0.321091 -0.947048 0.947048 0.321091
VERTEX_POSE A376 0.292102 1.000000 -0.278907 0.960318 0.960318 0.278907
VERTEX_POSE A377 0.956387 0.000000 -0.685984 -0.727616 -0.727616 0.685984
VERTEX_POSE A378 0.403734 0.000000 0.218231 -0.975897 0.975897 0.218231
VERTEX_POSE A379 0.914877 0.000000 0.691551 -0.722328 -0.722328 -0.691551
VERTEX_POSE A380 -0.935611 1.000000 0.054778 0.998499 0.998499 -0.054778
VERTEX_POSE A381 -0.353033 0.000000 -0.807698 -0.589597 0.589597 -0.807698
VERTEX_POSE A382 -0.947694 0.000000 -0.269189 -0.963087 0.963087 -0.269189
VERTEX_POSE A383 0.319179 0.000000 -0.384326 0.923198 0.923198 0.384326
VERTEX_POSE A384 0.976136 1.000000 0.053471 0.998569 0.998569 -0.053471
VERTEX_POSE A385 0.217159 0.000000 -0.009524 -0.999955 0.999955 -0.009524
VERTEX_POSE A386 0.747284 0.000000 -0.404239 -0.914653 0.914653 -0.404239
VERTEX_POSE A387 -0.664504 0.000000 0.948997 0.315286 -0.315286 0.948997
VERTEX_POSE A388 0.998975 0.000000 -0.984708 0.174212 0.174212 0.984708
VERTEX_POSE A389 0.045270 0.000000 0.883375 -0.468667 0.468667 0.883375
VERTEX_POSE A390 0.999693 0.000000 0.778594 -0.627528 -0.627528 -0.778594
VERTEX_POSE A391 0.024760 0.000000 -0.923947 -0.382520 -0.382520 0.923947
VERTEX_POSE A392 0.112954 0.734485 -0.885013 0.465567 0.465567 0.885013
VERTEX_POSE A393 0.993600 0.000000 -0.686638 0.726999 0.726999 0.686638
VERTEX_POSE A394 -0.751321 0.000000 -0.588792 0.808285 -0.808285 -0.588792
VERTEX_POSE A395 0.659937 0.000000 0.652660 -0.757651 -0.757651 -0.652660
VERTEX_POSE A396 0.260559 0.000000 -0.201750 -0.979437 0.979437 -0.201750
VERTEX_POSE A397 -0.965458 0.000000 -0.878547 0.477657 0.477657 0.878547
VERTEX_POSE A398 -0.485183 0.000000 0.643830 0.765168 0.765168 -0.643830
VERTEX_POSE A399 0.874413 0.000000 0.999913 0.013156 -0.013156 0.999913
VERTEX_POSE A400 -0.747022 1.000000 -0.352519 -0.935805 0.935805 -0.352519
VERTEX_POSE A401 -0.664800 0.000000 0.593764 0.804639 -0.804639 0.593764
VERTEX_POSE A402 0.992772 0.000000 -0.175161 0.984540 0.984540 0.175161
VERTEX_POSE A403 0.120020 0.000000 0.447250 -0.894409 -0.894409 -0.447250
VERTEX_POSE A404 -0.833524 1.000000 0.358038 -0.933707 0.933707 0.358038
VERTEX_POSE A405 0.552483 0.000000 -0.817742 -0.575585 -0.575585 0.817742
VERTEX_POSE A406 0.358026 0.000000 -0.096474 -0.995336 -0.995336 0.096474
VERTEX_POSE A407 -0.933711 0.000000 -0.565716 0.824600 0.824600 0.565716
VERTEX_POSE A408 0.999690 1.000000 0.745706 0.666275 -0.666275 0.745706
VERTEX_POSE A409 0.024897 0.000000 0.605318 -0.795984 0.795984 0.605318
VERTEX_POSE A410 0.465529 0.000000 -0.373500 0.927630 0.927630 0.373500
VERTEX_POSE A411 0.885033 0.000000 -0.624965 0.780653 0.780653 0.624965
VERTEX_POSE A412 -0.177440 0.000000 0.654478 -0.756081 -0.756081 -0.654478
VERTEX_POSE A413 0.984132 0.000000 0.987978 -0.154595 -0.154595 -0.987978
VERTEX_POSE A414 -0.958830 7.707121 -0.977787 -0.209602 -0.209602 0.977787
VERTEX_POSE A415 -0.283981 0.000000 0.719587 0.694403 0.694403 -0.719587
VERTEX_POSE A416 -0.417235 0.000000 0.005605 0.999984 -0.999984 0.005605
VERTEX_POSE A417 0.908798 0.000000 0.685679 -0.727904 0.727904 0.685679
VERTEX_POSE A418 0.817033 0.000000 0.271759 -0.962365 -0.962365 -0.271759
VERTEX_POSE A419 -0.576591 0.000000 0.371524 0.928423 -0.928423 0.371524
VERTEX_POSE A420 0.945319 1.000000 -0.172370 -0.985032 -0.985032 0.172370
VERTEX_POSE A421 -0.326147 0.000000 -0.972521 0.232815 -0.232815 -0.972521
VERTEX_POSE A422 0.977741 0.000000 0.413635 -0.910443 -0.910443 -0.413635
VERTEX_POSE A423 0.209815 0.000000 0.671461 -0.741040 0.741040 0.671461
VERTEX_POSE A424 -0.601486 1.000000 -0.549751 -0.835328 -0.835328 0.549751
VERTEX_POSE A425 -0.798883 0.000000 0.982111 -0.188304 -0.188304 -0.982111
VERTEX_POSE A426 -0.494851 0.000000 0.236862 0.971543 -0.971543 0.236862
VERTEX_POSE A427 -0.868978 0.000000 0.386667 0.922219 0.922219 -0.386667
VERTEX_POSE A428 -0.919819 1.000000 -0.905915 0.423460 -0.423460 -0.905915
VERTEX_POSE A429 -0.392344 0.000000 -0.974464 0.224544 -0.224544 -0.974464
VERTEX_POSE A430 0.995694 0.000000 0.285363 -0.958420 -0.958420 -0.285363
VERTEX_POSE A431 -0.092697 0.000000 0.841493 0.540268 0.540268 -0.841493
VERTEX_POSE A432 -0.147067 0.000000 0.997907 -0.064661 -0.064661 -0.997907
VERTEX_POSE A433 0.989127 0.000000 -0.625072 -0.780567 -0.780567 0.625072
VERTEX_POSE A434 -0.405141 0.000000 0.282911 0.959146 0.959146 -0.282911
VERTEX_POSE A435 0.914254 0.000000 -0.739800 0.672827 0.672827 0.739800
VERTEX_POSE A436 0.896725 -1.682510 -0.667380 -0.744717 0.744717 -0.667380
VERTEX_POSE A437 -0.442589 0.000000 0.877389 0.479779 0.479779 -0.877389
VERTEX_POSE A438 0.849358 0.000000 0.242391 0.970179 0.970179 -0.242391
VERTEX_POSE A439 -0.527818 0.000000 -0.856733 0.515760 0.515760 0.856733
VERTEX_POSE A440 0.480976 0.000000 -0.716568 0.697517 0.697517 0.716568
VERTEX_POSE A441 0.876734 0.000000 -0.519212 -0.854645 0.854645 -0.519212
VERTEX_POSE A442 -0.543118 0.000000 0.603164 0.797617 -0.797617 0.603164
VERTEX_POSE A443 0.839656 0.000000 0.744233 0.667920 -0.667920 0.744233
VERTEX_POSE A444 0.505018 1.000000 -0.028647 0.999590 -0.999590 -0.028647
VERTEX_POSE A445 0.863109 0.000000 -0.615217 0.788358 -0.788358 -0.615217
VERTEX_POSE A446 0.615314 0.000000 0.686651 -0.726987 -0.726987 -0.686651
VERTEX_POSE A447 0.788282 0.000000 0.951796 0.306732 -0.306732 0.951796
VERTEX_POSE A448 0.696960 1.000000 0.589098 -0.808061 0.808061 0.589098
VERTEX_POSE A449 0.717110 0.000000 -0.843835 -0.536602 0.536602 -0.843835
VERTEX_POSE A450 -0.932266 0.000000 0.991254 -0.131969 0.131969 0.991254
VERTEX_POSE A451 -0.361774 0.000000 0.631209 0.775613 0.775613 -0.631209
VERTEX_POSE A452 -0.665564 1.000000 0.056132 0.998423 -0.998423 0.056132
VERTEX_POSE A453 0.746341 0.000000 0.786801 -0.617207 -0.617207 -0.786801
VERTEX_POSE A454 -0.094971 0.000000 0.559859 0.828588 -0.828588 0.559859
VERTEX_POSE A455 -0.995480 0.000000 0.984282 -0.176604 -0.176604 -0.984282
VERTEX_POSE A456 0.899639 0.000000 0.912947 0.408078 0.408078 -0.912947
VERTEX_POSE A457 0.436635 0.000000 0.755746 -0.654865 -0.654865 -0.755746
VERTEX_POSE A458 0.181162 7.105243 -0.863888 -0.503684 0.503684 -0.863888
VERTEX_POSE A459 -0.983453 0.000000 -0.981491 -0.191510 -0.191510 0.981491
VERTEX_POSE A460 -0.832229 0.000000 -0.710244 -0.703955 0.703955 -0.710244
VERTEX_POSE A461 -0.554432 0.000000 0.839575 -0.543243 -0.543243 -0.839575
VERTEX_POSE A462 -0.339373 0.000000 -0.884572 0.466403 0.466403 0.884572
VERTEX_POSE A463 0.940652 0.000000 -0.203168 0.979144 0.979144 0.203168
VERTEX_POSE A464 -0.625445 1.000000 0.960604 -0.277920 -0.277920 -0.960604
VERTEX_POSE A465 0.780268 0.000000 0.995612 0.093577 -0.093577 0.995612
VERTEX_POSE A466 0.188904 0.000000 0.340030 0.940415 -0.940415 0.340030
VERTEX_POSE A467 -0.981996 0.000000 0.096809 -0.995303 -0.995303 -0.096809
VERTEX_POSE A468 0.981862 1.000000 0.411774 -0.911286 -0.911286 -0.411774
VERTEX_POSE A469 0.189595 0.000000 -0.756470 -0.654028 0.654028 -0.756470
VERTEX_POSE A470 -0.949053 0.000000 -0.802121 -0.597162 -0.597162 0.802121
VERTEX_POSE A471 -0.315117 0.000000 -0.664315 -0.747452 -0.747452 0.664315
VERTEX_POSE A472 0.902624 1.000000 0.086924 0.996215 0.996215 -0.086924
VERTEX_POSE A473 0.430430 0.000000 0.992466 0.122521 -0.122521 0.992466
VERTEX_POSE A474 -0.997878 0.000000 -0.622624 0.782521 0.782521 0.622624
VERTEX_POSE A475 0.065116 0.000000 0.026187 0.999657 0.999657 -0.026187
VERTEX_POSE A476 -0.941288 0.000000 0.701013 -0.713148 0.713148 0.701013
VERTEX_POSE A477 -0.337603 0.000000 -0.321189 -0.947015 -0.947015 0.321189
VERTEX_POSE A478 -0.633672 0.000000 0.996865 -0.079121 -0.079121 -0.996865
VERTEX_POSE A479 0.773602 0.000000 0.845237 0.534392 0.534392 -0.845237
VERTEX_POSE A480 0.610574 -1.860639 0.806632 0.591054 0.591054 -0.806632
VERTEX_POSE A481 -0.791959 0.000000 -0.690407 -0.723422 0.723422 -0.690407
VERTEX_POSE A482 0.830022 0.000000 0.337500 -0.941325 -0.941325 -0.337500
VERTEX_POSE A483 -0.557730 0.000000 -0.598555 -0.801082 0.801082 -0.598555
VERTEX_POSE A484 -0.988569 0.000000 0.678374 0.734717 0.734717 -0.678374
VERTEX_POSE A485 0.150771 0.000000 -0.743544 -0.668687 0.668687 -0.743544
VERTEX_POSE A486 -0.411673 0.000000 0.957907 0.287079 -0.287079 0.957907
VERTEX_POSE A487 -0.911332 0.000000 -0.941391 -0.337316 0.337316 -0.941391
VERTEX_POSE A488 0.498279 1.000000 -0.782509 0.622639 -0.622639 -0.782509
VERTEX_POSE A489 -0.867017 0.000000 0.927322 -0.374266 -0.374266 -0.927322
VERTEX_POSE A490 -0.994850 0.000000 0.448903 -0.893580 0.893580 0.448903
VERTEX_POSE A491 0.101363 0.000000 -0.752916 -0.658117 -0.658117 0.752916
VERTEX_POSE A492 -0.517244 1.000000 0.995135 -0.098522 0.098522 0.995135
VERTEX_POSE A493 0.855838 0.000000 -0.911372 0.411583 -0.411583 -0.911372
VERTEX_POSE A494 -0.998971 0.000000 -0.970454 0.241287 0.241287 0.970454
VERTEX_POSE A495 -0.045364 0.000000 0.826839 0.562439 -0.562439 0.826839
VERTEX_POSE A496 -0.422342 1.000000 0.815195 -0.579187 -0.579187 -0.815195
VERTEX_POSE A497 0.906437 0.000000 -0.234695 0.972069 0.972069 0.234695
VERTEX_POSE A498 0.996274 0.000000 0.215165 0.976578 -0.976578 0.215165
VERTEX_POSE A499 0.086248 0.000000 -0.935907 -0.352248 -0.352248 0.935907
VERTEX_POSE A500 -0.768966 0.000000 -0.891940 -0.452153 0.452153 -0.891940
VERTEX_POSE A501 -0.639289 0.000000 -0.602107 0.798415 -0.798415 -0.602107
VERTEX_POSE A502 0.840630 7.181165 0.713320 -0.700839 0.700839 0.713320
VERTEX_POSE A503 0.541609 0.000000 -0.946874 -0.321605 0.321605 -0.946874
VERTEX_POSE A504 0.714134 0.000000 -0.648275 -0.761406 0.761406 -0.648275
VERTEX_POSE A505 -0.700009 0.000000 0.642587 0.766213 -0.766213 0.642587
VERTEX_POSE A506 -0.211079 0.000000 -0.234156 -0.972199 -0.972199 0.234156
VERTEX_POSE A507 -0.977469 0.000000 0.998351 -0.057403 0.057403 0.998351
VERTEX_POSE A508 0.585383 1.000000 0.036569 -0.999331 0.999331 0.036569
VERTEX_POSE A509 0.810757 0.000000 -0.492859 0.870109 0.870109 0.492859
VERTEX_POSE A510 0.960708 0.000000 -0.864236 0.503087 -0.503087 -0.864236
VERTEX_POSE A511 0.277560 0.000000 0.341419 0.939911 0.939911 -0.341419
VERTEX_POSE A512 -0.996473 1.000000 0.824789 0.565441 -0.565441 0.824789
VERTEX_POSE A513 0.083912 0.000000 0.739850 -0.672772 0.672772 0.739850
VERTEX_POSE A514 0.915484 0.000000 -0.653789 0.756677 -0.756677 -0.653789
VERTEX_POSE A515 0.402354 0.000000 0.933010 -0.359850 -0.359850 -0.933010
VERTEX_POSE A516 -0.695639 1.000000 -0.529876 0.848075 -0.848075 -0.529876
VERTEX_POSE A517 -0.718392 0.000000 0.126748 -0.991935 -0.991935 -0.126748
VERTEX_POSE A518 0.536461 0.000000 -0.503996 -0.863706 -0.863706 0.503996
VERTEX_POSE A519 0.843925 0.000000 -0.843847 -0.536583 -0.536583 0.843847
VERTEX_POSE A520 -0.414614 0.000000 0.222904 -0.974840 0.974840 0.222904
VERTEX_POSE A521 0.909997 0.000000 -0.999428 0.033821 -0.033821 -0.999428
VERTEX_POSE A522 -0.344114 0.000000 -0.516594 0.856231 -0.856231 -0.516594
VERTEX_POSE A523 0.938928 0.000000 0.424902 0.905239 0.905239 -0.424902
VERTEX_POSE A524 0.981748 -1.660772 -0.724605 0.689165 0.689165 0.724605
VERTEX_POSE A525 -0.190184 0.000000 0.617158 -0.786839 0.786839 0.617158
VERTEX_POSE A526 -0.955175 0.000000 -0.414569 -0.910018 -0.910018 0.414569
VERTEX_POSE A527 -0.296041 0.000000 -0.979214 0.202832 -0.202832 -0.979214
VERTEX_POSE A528 0.359371 0.000000 0.930581 0.366086 -0.366086 0.930581
VERTEX_POSE A529 -0.933195 0.000000 0.404378 -0.914592 0.914592 0.404378
VERTEX_POSE A530 0.950001 0.000000 0.242691 -0.970104 -0.970104 -0.242691
VERTEX_POSE A531 -0.312247 0.000000 0.060598 0.998162 0.998162 -0.060598
VERTEX_POSE A532 -0.840690 1.000000 -0.698674 0.715440 0.715440 0.698674
VERTEX_POSE A533 0.541516 0.000000 0.985308 -0.170785 0.170785 0.985308
VERTEX_POSE A534 0.016340 0.000000 -0.750301 -0.661097 -0.661097 0.750301
VERTEX_POSE A535 -0.999866 0.000000 0.887071 0.461634 0.461634 -0.887071
VERTEX_POSE A536 0.871517 1.000000 -0.907149 0.420810 0.420810 0.907149
VERTEX_POSE A537 0.490366 0.000000 -0.850257 -0.526368 -0.526368 0.850257
VERTEX_POSE A538 -0.767811 0.000000 0.947185 -0.320687 -0.320687 -0.947185
VERTEX_POSE A539 -0.640677 0.000000 -0.775924 -0.630827 0.630827 -0.775924
VERTEX_POSE A540 -0.095613 1.000000 0.323219 0.946324 -0.946324 0.323219
VERTEX_POSE A541 0.995419 0.000000 0.361186 0.932494 0.932494 -0.361186
VERTEX_POSE A542 0.994823 0.000000 -0.995652 -0.093151 0.093151 -0.995652
VERTEX_POSE A543 -0.101622 0.000000 -0.834715 0.550682 0.550682 0.834715
VERTEX_POSE A544 0.552271 0.000000 -0.243586 -0.969879 -0.969879 0.243586
VERTEX_POSE A545 0.833665 0.000000 -0.937703 0.347438 -0.347438 -0.937703
VERTEX_POSE A546 0.308911 7.110519 0.604362 0.796710 0.796710 -0.604362
VERTEX_POSE A547 -0.951091 0.000000 -0.663228 0.748418 0.748418 0.663228
VERTEX_POSE A548 0.943925 0.000000 -0.596886 -0.802326 0.802326 -0.596886
VERTEX_POSE A549 -0.330161 0.000000 -0.956051 -0.293202 0.293202 -0.956051
VERTEX_POSE A550 0.812210 0.000000 0.052558 -0.998618 -0.998618 -0.052558
VERTEX_POSE A551 -0.583366 0.000000 -0.738269 -0.674507 -0.674507 0.738269
VERTEX_POSE A552 -0.480166 1.000000 0.276229 -0.961092 -0.961092 -0.276229
VERTEX_POSE A553 -0.877178 0.000000 -0.294229 0.955735 -0.955735 -0.294229
VERTEX_POSE A554 0.930752 0.000000 0.692407 0.721507 0.721507 -0.692407
VERTEX_POSE A555 -0.365651 0.000000 -0.945479 -0.325684 0.325684 -0.945479
VERTEX_POSE A556 0.779329 1.000000 -0.711086 -0.703105 0.703105 -0.711086
VERTEX_POSE A557 -0.626615 0.000000 0.771298 -0.636474 -0.636474 -0.771298
VERTEX_POSE A558 0.054111 0.000000 0.966766 -0.255662 0.255662 0.966766
VERTEX_POSE A559 0.998535 0.000000 -0.788450 -0.615099 0.615099 -0.788450
VERTEX_POSE A560 -0.736463 1.000000 -0.966025 -0.258449 -0.258449 0.966025
VERTEX_POSE A561 -0.676477 0.000000 0.995416 0.095644 0.095644 -0.995416
VERTEX_POSE A562 -0.714980 0.000000 -0.705731 -0.708480 0.708480 -0.705731
VERTEX_POSE A563 -0.699145 0.000000 -0.889951 0.456056 0.456056 0.889951
VERTEX_POSE A564 0.695124 0.000000 0.212251 -0.977215 -0.977215 -0.212251
VERTEX_POSE A565 0.718890 0.000000 0.300366 0.953824 0.953824 -0.300366
VERTEX_POSE A566 0.541902 0.000000 -0.009610 0.999954 0.999954 0.009610
VERTEX_POSE A567 0.840441 0.000000 -0.727081 -0.686551 -0.686551 0.727081
VERTEX_POSE A568 -0.241064 -1.537971 -0.741430 0.671030 -0.671030 -0.741430
VERTEX_POSE A569 0.970509 0.000000 -0.717650 0.696404 -0.696404 -0.717650
VERTEX_POSE A570 -0.650969 0.000000 -0.925846 -0.377901 0.377901 -0.925846
VERTEX_POSE A571 0.759104 0.000000 0.806529 -0.591194 -0.591194 -0.806529
VERTEX_POSE A572 0.000694 0.000000 0.654963 0.755661 0.755661 -0.654963
VERTEX_POSE A573 1.000000 0.000000 0.983752 -0.179535 0.179535 0.983752
VERTEX_POSE A574 -0.848701 0.000000 0.711632 -0.702552 -0.702552 -0.711632
VERTEX_POSE A575 -0.528873 0.000000 0.514735 0.857349 -0.857349 0.514735
VERTEX_POSE A576 0.535848 1.000000 0.646263 0.763115 -0.763115 0.646263
VERTEX_POSE A577 -0.844315 0.000000 0.396451 0.918056 0.918056 -0.396451
VERTEX_POSE A578 -0.603706 0.000000 -0.579270 0.815136 0.815136 0.579270
VERTEX_POSE A579 -0.797207 0.000000 -0.356939 0.934128 -0.934128 -0.356939
VERTEX_POSE A580 0.199329 1.000000 0.999976 0.006920 -0.006920 0.999976
VERTEX_POSE A581 -0.979933 0.000000 -0.422717 -0.906262 -0.906262 0.422717
VERTEX_POSE A582 0.218308 0.000000 -0.954322 0.298782 -0.298782 -0.954322
VERTEX_POSE A583 0.975880 0.000000 -0.043668 -0.999046 0.999046 -0.043668
VERTEX_POSE A584 0.419028 1.000000 -0.862231 0.506516 0.506516 0.862231
VERTEX_POSE A585 -0.907973 0.000000 0.976773 -0.214275 0.214275 0.976773
VERTEX_POSE A586 0.345688 0.000000 -0.383099 0.923707 -0.923707 -0.383099
VERTEX_POSE A587 -0.938350 0.000000 0.586792 0.809738 -0.809738 0.586792
VERTEX_POSE A588 0.341205 0.000000 -0.651267 0.758849 -0.758849 -0.651267
VERTEX_POSE A589 -0.939989 0.000000 -0.475457 -0.879739 0.879739 -0.475457
VERTEX_POSE A590 -0.849784 7.132335 0.999563 0.029565 -0.029565 0.999563
VERTEX_POSE A591 -0.527131 0.000000 -0.697638 0.716450 0.716450 0.697638
VERTEX_POSE A592 -0.460500 0.000000 -0.973531 0.228555 0.228555 0.973531
VERTEX_POSE A593 -0.887660 0.000000 -0.045180 -0.998979 0.998979 -0.045180
VERTEX_POSE A594 -0.785440 0.000000 -0.090251 0.995919 -0.995919 -0.090251
VERTEX_POSE A595 -0.618938 0.000000 0.177555 -0.984111 0.984111 0.177555
VERTEX_POSE A596 -0.892818 1.000000 0.970076 0.242801 0.242801 -0.970076
VERTEX_POSE A597 0.450417 0.000000 0.429066 0.903273 0.903273 -0.429066
VERTEX_POSE A598 0.976764 0.000000 -0.502999 -0.864287 -0.864287 0.502999
VERTEX_POSE A599 0.214317 0.000000 -0.825319 -0.564666 -0.564666 0.825319
VERTEX_POSE A600 0.001856 1.000000 0.666622 0.745396 -0.745396 0.666622
VERTEX_POSE A601 0.999998 0.000000 -0.696336 0.717716 -0.717716 -0.696336
VERTEX_POSE A602 -0.910841 0.000000 0.822302 -0.569052 0.569052 0.822302
VERTEX_POSE A603 -0.412758 0.000000 0.432475 -0.901646 0.901646 0.432475
VERTEX_POSE A604 0.825103 1.000000 0.273402 -0.961900 0.961900 0.273402
VERTEX_POSE A605 0.564982 0.000000 0.213101 0.977030 0.977030 -0.213101
VERTEX_POSE A606 0.889592 0.000000 0.734577 0.678525 -0.678525 0.734577
VERTEX_POSE A607 -0.456757 0.000000 -0.541398 0.840766 0.840766 0.541398
VERTEX_POSE A608 0.637715 0.000000 -0.711962 0.702218 -0.702218 -0.711962
VERTEX_POSE A609 -0.770272 0.000000 -0.433157 -0.901318 -0.901318 0.433157
VERTEX_POSE A610 0.917720 0.000000 0.424372 -0.905488 -0.905488 -0.424372
VERTEX_POSE A611 -0.397229 0.000000 -0.923338 -0.383989 0.383989 -0.923338
VERTEX_POSE A612 0.228899 -1.742358 0.098749 0.995112 -0.995112 0.098749
VERTEX_POSE A613 -0.973450 0.000000 -0.708106 0.706107 -0.706107 -0.708106
VERTEX_POSE A614 0.288490 0.000000 0.369670 -0.929163 -0.929163 -0.369670
VERTEX_POSE A615 -0.957483 0.000000 0.678966 0.734170 0.734170 -0.678966
VERTEX_POSE A616 -0.944756 0.000000 -0.612785 -0.790249 -0.790249 0.612785
VERTEX_POSE A617 -0.327776 0.000000 0.699443 0.714689 -0.714689 0.699443
VERTEX_POSE A618 -0.642516 0.000000 -0.983499 0.180914 -0.180914 -0.983499
VERTEX_POSE A619 0.766272 0.000000 0.926854 -0.375421 -0.375421 -0.926854
VERTEX_POSE A620 0.792810 1.000000 0.532856 -0.846206 -0.846206 -0.532856
VERTEX_POSE A621 -0.609469 0.000000 0.563176 -0.826337 -0.826337 -0.563176
VERTEX_POSE A622 -0.354901 0.000000 0.693021 -0.720917 -0.720917 -0.693021
VERTEX_POSE A623 -0.934904 0.000000 0.614776 0.788702 -0.788702 0.614776
VERTEX_POSE A624 -0.149405 1.000000 0.847010 -0.531577 -0.531577 -0.847010
VERTEX_POSE A625 -0.988776 0.000000 0.897435 -0.441147 0.441147 0.897435
VERTEX_POSE A626 -0.918132 0.000000 -0.859523 -0.511098 0.511098 -0.859523
VERTEX_POSE A627 -0.396275 0.000000 -0.081502 0.996673 0.996673 0.081502
VERTEX_POSE A628 0.498114 1.000000 -0.780958 0.624584 0.624584 0.780958
VERTEX_POSE A629 0.867111 0.000000 -0.993841 -0.110814 -0.110814 0.993841
VERTEX_POSE A630 -0.995940 0.000000 -0.885081 0.465437 -0.465437 -0.885081
VERTEX_POSE A631 -0.090025 0.000000 -0.434718 -0.900566 -0.900566 0.434718
VERTEX_POSE A632 -0.443835 0.000000 -0.690851 -0.722997 0.722997 -0.690851
VERTEX_POSE A633 -0.896109 0.000000 0.958396 -0.285442 0.285442 0.958396
VERTEX_POSE A634 0.533446 7.092461 -0.858744 0.512404 -0.512404 -0.858744
VERTEX_POSE A635 -0.845834 0.000000 -0.336994 0.941507 0.941507 0.336994
VERTEX_POSE A636 0.839085 0.000000 -0.993223 0.116225 -0.116225 -0.993223
VERTEX_POSE A637 0.544000 0.000000 -0.857330 0.514767 0.514767 0.857330
VERTEX_POSE A638 -0.396661 0.000000 0.089472 -0.995989 -0.995989 -0.089472
VERTEX_POSE A639 0.917965 0.000000 0.389912 0.920852 -0.920852 0.389912
VERTEX_POSE A640 0.194243 1.000000 -0.847751 -0.530395 -0.530395 0.847751
VERTEX_POSE A641 -0.980953 0.000000 -0.997050 -0.076749 -0.076749 0.997050
VERTEX_POSE A642 -0.769630 0.000000 0.353442 0.935457 -0.935457 0.353442
VERTEX_POSE A643 0.638491 0.000000 0.989198 0.146586 0.146586 -0.989198
VERTEX_POSE A644 -0.965216 1.000000 0.567315 -0.823501 0.823501 0.567315
VERTEX_POSE A645 0.261454 0.000000 -0.609389 0.792871 -0.792871 -0.609389
VERTEX_POSE A646 0.932300 0.000000 -0.904057 0.427411 -0.427411 -0.904057
VERTEX_POSE A647 -0.361687 0.000000 0.999985 -0.005475 -0.005475 -0.999985
VERTEX_POSE A648 0.739918 0.000000 0.671263 0.741219 0.741219 -0.671263
VERTEX_POSE A649 -0.672697 0.000000 -0.252031 -0.967719 0.967719 -0.252031
VERTEX_POSE A650 0.999921 0.000000 0.790610 -0.612320 0.612320 0.790610
VERTEX_POSE A651 0.012573 0.000000 -0.663569 0.748115 -0.748115 -0.663569
VERTEX_POSE A652 -0.656689 0.000000 0.865752 -0.500474 0.500474 0.865752
VERTEX_POSE A653 -0.754162 0.000000 0.546375 0.837541 0.837541 -0.546375
VERTEX_POSE A654 -0.225838 0.000000 0.713348 0.700810 -0.700810 0.713348
VERTEX_POSE A655 0.974165 0.000000 -0.133191 0.991090 0.991090 0.133191
VERTEX_POSE A656 -0.713196 66765030077826369019383162950186473975158118807626892767862905309815610529247825570960820673669678124003307498604697200456689158133492807409552762863616.000000 -0.260438 0.965491 0.965491 0.260438
VERTEX_POSE A657 0.700965 0.000000 -0.954066 -0.299597 0.299597 -0.954066
VERTEX_POSE A658 -0.392479 0.000000 0.456666 0.889638 -0.889638 0.456666
VERTEX_POSE A659 -0.919761 0.000000 0.964267 0.264932 -0.264932 0.964267
VERTEX_POSE A660 0.224293 0.000000 -0.975019 -0.222123 0.222123 -0.975019
VERTEX_POSE A661 -0.974522 0.000000 -0.968090 -0.250603 -0.250603 0.968090
VERTEX_POSE A662 0.882007 0.000000 -0.529840 -0.848098 0.848098 -0.529840
VERTEX_POSE A663 -0.471236 0.000000 -0.010417 -0.999946 -0.999946 0.010417
VERTEX_POSE A664 -0.626403 112038534409406629164611302229223941873344008581013151018656627896158787163627610310128377775791314050078021828862477461073359487537777058708218738114614774981226481534962478312796206093554391724074487588134366988324040605696.000000 0.717202 0.696866 -0.696866 0.717202
VERTEX_POSE A665 0.779499 0.000000 0.890581 0.454825 -0.454825 0.890581
VERTEX_POSE A666 -0.996863 0.000000 -0.600919 0.799310 0.799310 0.600919
VERTEX_POSE A667 -0.079146 0.000000 -0.136342 -0.990662 0.990662 -0.136342
VERTEX_POSE A668 -0.583808 0.000000 -0.885266 0.465086 0.465086 0.885266
VERTEX_POSE A669 0.811892 0.000000 -0.872168 0.489207 0.489207 0.872168
VERTEX_POSE A670 -0.987019 0.000000 0.675451 0.737405 0.737405 -0.675451
VERTEX_POSE A671 -0.160603 0.000000 0.411653 -0.911341 0.911341 0.411653
VERTEX_POSE A672 0.629715 0.000000 -0.828784 -0.559569 -0.559569 0.828784
VERTEX_POSE A673 -0.776826 0.000000 0.132923 0.991126 0.991126 -0.132923
VERTEX_POSE A674 -0.072247 17101682489511869998161366604824593297016072355396365475786152685841215411832166129474772800619208379273346499888213065041877695699899885574954980923142257713044760473475368886337266602536317839353798782780623028224.000000 0.549916 -0.835220 0.835220 0.549916
VERTEX_POSE A675 0.997387 0.000000 -0.823770 0.566924 0.566924 0.823770
VERTEX_POSE A676 0.918700 0.000000 -0.912149 -0.409858 -0.409858 0.912149
VERTEX_POSE A677 -0.394957 0.000000 0.692515 -0.721404 0.721404 0.692515
VERTEX_POSE A678 -0.292952 7.083911 -0.456383 0.889783 -0.889783 -0.456383
VERTEX_POSE A679 0.956127 0.000000 -0.717386 0.696675 -0.696675 -0.717386
VERTEX_POSE A680 0.874438 0.000000 0.163403 0.986559 0.986559 -0.163403
VERTEX_POSE A681 -0.485138 0.000000 -0.259809 -0.965660 0.965660 -0.259809
VERTEX_POSE A682 0.080342 0.000000 0.983469 0.181078 -0.181078 0.983469
VERTEX_POSE A683 0.996767 0.000000 -0.502230 -0.864734 -0.864734 0.502230
VERTEX_POSE A684 -0.254912 0.000000 -0.986398 0.164377 0.164377 0.986398
VERTEX_POSE A685 -0.966964 0.000000 0.534874 -0.844932 0.844932 0.534874
VERTEX_POSE A686 -0.144151 65473578895910770365689724729213434500598766108190280985791734504877415700556573328387374948218980910761170781967001744844530464387084773291159522902016.000000 -0.976508 0.215483 -0.215483 -0.976508
VERTEX_POSE A687 0.989556 0.000000 -0.281527 -0.959553 0.959553 -0.281527
VERTEX_POSE A688 0.953393 0.000000 -0.443819 0.896116 -0.896116 -0.443819
VERTEX_POSE A689 -0.301731 0.000000 -0.870089 0.492895 0.492895 0.870089
VERTEX_POSE A690 -0.874979 0.000000 0.463236 0.886235 0.886235 -0.463236
VERTEX_POSE A691 0.484161 0.000000 -0.714482 0.699654 0.699654 0.714482
VERTEX_POSE A692 -0.231013 0.000000 0.044974 0.998988 -0.998988 0.044974
VERTEX_POSE A693 0.972951 0.000000 0.018619 0.999827 0.999827 -0.018619
VERTEX_POSE A694 0.638898 0.000000 0.999863 -0.016566 0.016566 0.999863
VERTEX_POSE A695 -0.769291 0.000000 -0.985840 -0.167690 -0.167690 0.985840
VERTEX_POSE A696 -0.582709 0.000000 0.900987 0.433846 0.433846 -0.900987
VERTEX_POSE A697 -0.812681 0.000000 0.993367 -0.114984 -0.114984 -0.993367
VERTEX_POSE A698 -0.669381 0.000000 -0.589287 -0.807924 -0.807924 0.589287
VERTEX_POSE A699 0.742919 0.000000 0.723926 -0.689877 0.689877 0.723926
VERTEX_POSE A700 0.892314 0.000000 -0.222286 0.974981 -0.974981 -0.222286
VERTEX_POSE A701 -0.451415 0.000000 0.678090 0.734979 -0.734979 0.678090
VERTEX_POSE A702 -0.999403 0.000000 -0.974316 0.225184 -0.225184 -0.974316
VERTEX_POSE A703 0.034540 0.000000 0.999771 -0.021421 0.021421 0.999771
VERTEX_POSE A704 0.999492 0.000000 0.758125 -0.652109 0.652109 0.758125
VERTEX_POSE A705 -0.031880 0.000000 0.998834 0.048273 0.048273 -0.998834
VERTEX_POSE A706 0.874314 0.000000 -0.524814 0.851217 -0.851217 -0.524814
VERTEX_POSE A707 0.485361 0.000000 -0.688616 -0.725126 -0.725126 0.688616
VERTEX_POSE A708 0.113154 0.000000 0.943217 -0.332178 -0.332178 -0.943217
VERTEX_POSE A709 0.993577 0.000000 -0.894006 -0.448054 0.448054 -0.894006
VERTEX_POSE A710 0.995066 3991957755570352789371150089288507880577665323663889379622819501056568688739076129087315030435675279389334589494691867670429884359957337869640224514202535984758848903152575756685066410316198066763344743936642046523181696087522979835572157355117693108224.000000 -0.660871 0.750499 -0.750499 -0.660871
VERTEX_POSE A711 0.099215 0.000000 0.361452 0.932391 0.932391 -0.361452
VERTEX_POSE A712 -0.417586 0.000000 -0.992028 0.126018 -0.126018 -0.992028
VERTEX_POSE A713 -0.908637 0.000000 0.404720 -0.914441 0.914441 0.404720
VERTEX_POSE A714 0.278701 0.000000 0.296052 -0.955172 0.955172 0.296052
VERTEX_POSE A715 0.960378 0.000000 0.763403 -0.645923 -0.645923 -0.763403
VERTEX_POSE A716 -0.596752 0.000000 0.073471 -0.997297 -0.997297 -0.073471
VERTEX_POSE A717 0.802426 178879621810238913128094047228647726508651629328075602062644129003187629735425741312064382185220474978097578195409197926597267919812980727190147920515422490722304.000000 -0.100174 0.994970 0.994970 0.100174
VERTEX_POSE A718 0.038454 4929769663206434556756106719243555299427331264920697598914398212614809753906777867120299571615017338617576122701945747643448804104216760760224974570994337550469578604739210972496564047081459696452671373312.000000 0.832818 0.553547 0.553547 -0.832818
VERTEX_POSE A719 -0.999260 254736390291291889030922121258850660424501441023379822259963935954914725725432940630493166131664627692932379993406330093364458701043890969258665463427181890508822414413552810983424.000000 -0.933177 0.359416 0.359416 0.933177
VERTEX_POSE A720 0.984329 0.000000 0.348060 0.937472 -0.937472 0.348060
VERTEX_POSE A721 0.176343 20501866451337168053189560792064226319547775958351486434605468436284037989645490279678039395484825527040722291151541508450190370438103211413438508882310610343659748866787619270098045783142774385055450559223531831296.000000 0.420871 -0.907121 -0.907121 -0.420871
VERTEX_POSE A722 0.820079 54516411287282881103620573661049282232049455624225566907766293486944114775489419510216473978623760465169262049097688632643007058210239961430227364061010573877892109631258095084661486834624878580594535132737235168202608021438567414343105260856279040.000000 0.299977 -0.953947 0.953947 0.299977
VERTEX_POSE A723 0.572251 142717957228170451229169223632419449712023085313770128632411546919873682261239807686955431172197865275394498470016097032557935271454908504114485378486968050179891252175986467684330858598783887032262100137109926466652443578630334962549204381954211840.000000 -0.423774 0.905768 -0.905768 -0.423774
VERTEX_POSE A724 -0.999118 37326082801859005989069496748248859995817506404557563581920001576858235704165572148132528873585496503860804716799666858664095519149195427199110675066534175248641612044126088956210929428472691064569856.000000 0.624624 0.780926 -0.780926 0.624624
VERTEX_POSE A725 -0.041999 11205294301008883400795894096538988166876201411612807204459531521051284459716759433769996196536972579635688237639882065049189615830993792621637670142407004869394140045708931095103724558537205296819823145047103932839059232640303185013936903934243485253632.000000 -0.605237 0.796046 -0.796046 -0.605237
VERTEX_POSE A726 0.559588 0.000000 -0.380101 -0.924945 -0.924945 0.380101
VERTEX_POSE A727 0.828771 0.000000 0.417397 0.908724 -0.908724 0.417397
VERTEX_POSE A728 -0.070596 0.000000 -0.105952 -0.994371 -0.994371 0.105952
VERTEX_POSE A729 -0.997505 0.000000 0.988505 0.151191 -0.151191 0.988505
VERTEX_POSE A730 -0.810256 0.000000 -0.929930 -0.367736 -0.367736 0.929930
VERTEX_POSE A731 -0.586076 0.000000 -0.323121 -0.946358 0.946358 -0.323121
VERTEX_POSE A732 0.689645 0.000000 0.715093 -0.699029 0.699029 0.715093
VERTEX_POSE A733 -0.724148 0.000000 -0.636761 0.771061 -0.771061 -0.636761
VERTEX_POSE A734 0.692402 0.000000 0.588039 -0.808833 0.808833 0.588039
VERTEX_POSE A735 -0.721512 0.000000 -0.775431 0.631432 -0.631432 -0.775431
VERTEX_POSE A736 0.982323 0.000000 0.197141 -0.980375 -0.980375 -0.197141
VERTEX_POSE A737 0.187194 0.000000 0.943987 -0.329984 0.329984 0.943987
VERTEX_POSE A738 -0.447912 0.000000 -0.962459 -0.271426 -0.271426 0.962459
VERTEX_POSE A739 -0.894078 0.000000 0.748074 0.663616 -0.663616 0.748074
VERTEX_POSE A740 0.420568 0.000000 -0.850407 -0.526125 0.526125 -0.850407
VERTEX_POSE A741 0.907261 0.000000 -0.079912 0.996802 -0.996802 -0.079912
VERTEX_POSE A742 0.071965 0.000000 -0.018185 -0.999835 -0.999835 0.018185
VERTEX_POSE A743 0.997407 0.000000 0.459385 0.888237 0.888237 -0.459385
VERTEX_POSE A744 -0.969422 0.000000 -0.342520 0.939510 -0.939510 -0.342520
VERTEX_POSE A745 0.245400 0.000000 -0.045536 0.998963 0.998963 0.045536
VERTEX_POSE A746 0.882650 0.000000 -0.292688 0.956208 -0.956208 -0.292688
VERTEX_POSE A747 0.470032 0.000000 -0.636423 0.771340 0.771340 0.636423
VERTEX_POSE A748 -0.552726 0.000000 0.999997 0.002644 -0.002644 0.999997
VERTEX_POSE A749 -0.833363 0.000000 -0.096838 0.995300 0.995300 0.096838
VERTEX_POSE A750 0.947048 0.000000 0.980327 -0.197381 -0.197381 -0.980327
VERTEX_POSE A751 0.321091 0.000000 -0.024359 -0.999703 -0.999703 0.024359
VERTEX_POSE A752 0.960318 66765030077826369019383162950186473975158118807626892767862905309815610529247825570960820673669678124003307498604697200456689158133492807409552762863616.000000 -0.730765 -0.682629 -0.682629 0.730765
VERTEX_POSE A753 0.278907 0.000000 -0.972790 -0.231690 -0.231690 0.972790
VERTEX_POSE A754 -0.727616 0.000000 0.950953 -0.309335 -0.309335 -0.950953
VERTEX_POSE A755 0.685984 0.000000 -0.781187 -0.624297 -0.624297 0.781187
VERTEX_POSE A756 0.975897 1.000000 -0.257189 0.966361 0.966361 0.257189
VERTEX_POSE A757 0.218231 0.000000 0.946860 0.321645 -0.321645 0.946860
VERTEX_POSE A758 -0.722328 0.000000 -0.890024 -0.455914 0.455914 -0.890024
VERTEX_POSE A759 -0.691551 0.000000 -0.441980 0.897025 0.897025 0.441980
VERTEX_POSE A760 0.998499 112038534409406629164611302229223941873344008581013151018656627896158787163627610310128377775791314050078021828862477461073359487537777058708218738114614774981226481534962478312796206093554391724074487588134366988324040605696.000000 -0.730676 0.682725 0.682725 0.730676
VERTEX_POSE A761 -0.054778 0.000000 -0.243941 -0.969790 -0.969790 0.243941
VERTEX_POSE A762 0.589597 0.000000 0.643337 0.765583 -0.765583 0.643337
VERTEX_POSE A763 -0.807698 0.000000 0.910097 0.414395 -0.414395 0.910097
VERTEX_POSE A764 0.963087 0.000000 -0.928877 -0.370389 0.370389 -0.928877
VERTEX_POSE A765 -0.269189 0.000000 0.190347 0.981717 -0.981717 0.190347
VERTEX_POSE A766 0.923198 0.000000 0.461204 0.887294 -0.887294 0.461204
VERTEX_POSE A767 0.384326 0.000000 -0.701855 -0.712320 -0.712320 0.701855
VERTEX_POSE A768 0.998569 0.000000 -0.976624 -0.214955 -0.214955 0.976624
VERTEX_POSE A769 -0.053471 0.000000 -0.289521 0.957172 -0.957172 -0.289521
VERTEX_POSE A770 0.999955 0.004000 0.217684 -0.976019 -0.976019 -0.217684
VERTEX_POSE A771 -0.009524 0.006000 0.125136 -0.992140 -0.992140 -0.125136
VERTEX_POSE A772 0.914653 0.010000 0.334300 0.942467 -0.942467 0.334300
VERTEX_POSE A773 -0.404239 0.012000 0.822002 0.569484 -0.569484 0.822002
VERTEX_POSE A774 -0.315286 0.017000 -0.636424 -0.771339 0.771339 -0.636424
VERTEX_POSE A775 0.948997 0.020000 -0.110365 -0.993891 0.993891 -0.110365
VERTEX_POSE A776 0.174212 0.022000 -0.454906 0.890540 0.890540 0.454906
VERTEX_POSE A777 0.984708 0.025000 -0.433816 0.901001 -0.901001 -0.433816
VERTEX_POSE A778 0.468667 0.027000 0.999984 -0.005600 0.005600 0.999984
VERTEX_POSE A779 0.883375 0.031000 -0.475904 0.879497 0.879497 0.475904
VERTEX_POSE A780 -0.627528 0.036000 0.783727 0.621105 0.621105 -0.783727
VERTEX_POSE A781 -0.778594 0.040000 0.964300 0.264811 0.264811 -0.964300
VERTEX_POSE A782 -0.382520 0.044000 -0.735628 0.677385 -0.677385 -0.735628
VERTEX_POSE A783 0.923947 0.048000 0.987101 0.160100 0.160100 -0.987101
VERTEX_POSE A784 0.465567 0.053000 0.106832 -0.994277 0.994277 0.106832
VERTEX_POSE A785 0.885013 0.059000 0.249842 0.968287 -0.968287 0.249842
VERTEX_POSE A786 0.726999 0.064000 0.371668 -0.928366 -0.928366 -0.371668
VERTEX_POSE A787 0.686638 0.068000 -0.713446 -0.700711 0.700711 -0.713446
VERTEX_POSE A788 -0.808285 0.073000 0.855403 0.517963 0.517963 -0.855403
VERTEX_POSE A789 -0.588792 0.080000 0.533424 -0.845848 -0.845848 -0.533424
VERTEX_POSE A790 -0.757651 0.086000 -0.986061 -0.166382 -0.166382 0.986061
VERTEX_POSE A791 -0.652660 0.092000 -0.250460 -0.968127 0.968127 -0.250460
VERTEX_POSE A792 0.979437 0.099000 -0.602582 0.798057 -0.798057 -0.602582
VERTEX_POSE A793 -0.201750 0.107000 -0.204415 -0.978884 0.978884 -0.204415
VERTEX_POSE A794 0.477657 0.116000 -0.782982 0.622045 0.622045 0.782982
VERTEX_POSE A795 0.878547 0.125000 -0.755940 0.654641 0.654641 0.755940
VERTEX_POSE A796 0.765168 0.131000 -0.188814 0.982013 0.982013 0.188814
VERTEX_POSE A797 -0.643830 0.139000 0.054842 0.998495 0.998495 -0.054842
VERTEX_POSE A798 -0.013156 0.151000 0.701468 0.712701 0.712701 -0.701468
VERTEX_POSE A799 0.999913 0.160000 -0.510095 -0.860118 -0.860118 0.510095
VERTEX_POSE A800 0.935805 0.172000 -0.935194 0.354135 -0.354135 -0.935194
VERTEX_POSE A801 -0.352519 0.182000 -0.950895 0.309515 -0.309515 -0.950895
VERTEX_POSE A802 -0.804639 0.193000 0.757146 -0.653245 -0.653245 -0.757146
VERTEX_POSE A803 0.593764 0.201000 0.830072 -0.557657 0.557657 0.830072
VERTEX_POSE A804 0.984540 0.210000 -0.999839 0.017969 0.017969 0.999839
VERTEX_POSE A805 0.175161 0.219000 -0.838716 -0.544570 -0.544570 0.838716
VERTEX_POSE A806 -0.894409 0.230000 -0.918204 0.396109 -0.396109 -0.918204
VERTEX_POSE A807 -0.447250 0.241000 0.986033 -0.166553 0.166553 0.986033
