VERTEX_POSE A0 -0.995952 0.201997 0.089887 0.995952 -0.995952 0.089887
VERTEX_POSE A1 0.089887 -0.201997 0.860698 -0.509117 0.509117 0.860698
VERTEX_POSE A2 0.509117 5.270369 -0.706000 -0.708212 0.708212 -0.706000
VERTEX_POSE A3 0.860698 0.000000 0.638652 -0.769496 -0.769496 -0.638652
VERTEX_POSE A4 0.708212 0.000000 0.993028 0.117880 0.117880 -0.993028
VERTEX_POSE A5 -0.706000 0.000000 0.847215 0.531250 -0.531250 0.847215
VERTEX_POSE A6 -0.769496 0.000000 -0.638025 0.770016 -0.770016 -0.638025
VERTEX_POSE A7 -0.638652 0.000000 0.499049 0.866574 -0.866574 0.499049
VERTEX_POSE A8 0.117880 -0.114890 -0.561306 0.827608 -0.827608 -0.561306
VERTEX_POSE A9 -0.993028 0.114890 0.517670 0.855581 0.855581 -0.517670
VERTEX_POSE A10 -0.531250 5.273441 0.925544 -0.378641 0.378641 0.925544
VERTEX_POSE A11 0.847215 -5.273441 0.566443 -0.824101 0.824101 0.566443
VERTEX_POSE A12 -0.770016 -0.019672 -0.992446 -0.122681 0.122681 -0.992446
VERTEX_POSE A13 -0.638025 0.019672 -0.057250 -0.998360 -0.998360 0.057250
VERTEX_POSE A14 -0.866574 5.028020 0.205456 0.978666 -0.978666 0.205456
VERTEX_POSE A15 0.499049 -5.028020 -0.034970 -0.999388 -0.999388 0.034970
VERTEX_POSE A16 -0.827608 -0.028639 -0.049031 -0.998797 -0.998797 0.049031
VERTEX_POSE A17 -0.561306 0.028639 -0.761208 0.648508 -0.648508 -0.761208
VERTEX_POSE A18 0.855581 4.878891 0.066681 0.997774 0.997774 -0.066681
VERTEX_POSE A19 -0.517670 -4.878891 -0.581840 -0.813304 -0.813304 0.581840
VERTEX_POSE A20 0.378641 -0.010163 0.814546 0.580099 0.580099 -0.814546
VERTEX_POSE A21 0.925544 0.010163 0.990779 -0.135487 0.135487 0.990779
VERTEX_POSE A22 0.824101 5.271684 0.833819 0.552038 -0.552038 0.833819
VERTEX_POSE A23 0.566443 -5.271684 -0.832046 -0.554707 -0.554707 0.832046
VERTEX_POSE A24 0.122681 -0.052282 0.549671 0.835381 0.835381 -0.549671
VERTEX_POSE A25 -0.992446 0.052282 0.818961 0.573849 -0.573849 0.818961
VERTEX_POSE A26 -0.998360 5.241226 0.543011 -0.839726 0.839726 0.543011
VERTEX_POSE A27 0.057250 -5.241226 0.971580 0.236710 0.236710 -0.971580
VERTEX_POSE A28 -0.978666 -0.032601 0.699674 -0.714462 0.714462 0.699674
VERTEX_POSE A29 0.205456 0.032601 0.852633 -0.522510 0.522510 0.852633
VERTEX_POSE A30 -0.999388 5.257392 -0.465522 -0.885036 -0.885036 0.465522
VERTEX_POSE A31 0.034970 -5.257392 -0.307274 0.951621 -0.951621 -0.307274
VERTEX_POSE A32 -0.998797 -0.034976 -0.938173 0.346167 -0.346167 -0.938173
VERTEX_POSE A33 0.049031 0.034976 0.991006 0.133815 0.133815 -0.991006
VERTEX_POSE A34 -0.648508 0.000000 -0.362673 0.931917 0.931917 0.362673
VERTEX_POSE A35 -0.761208 0.000000 -0.796103 -0.605161 0.605161 -0.796103
VERTEX_POSE A36 0.997774 0.000000 0.846322 0.532672 0.532672 -0.846322
VERTEX_POSE A37 -0.066681 0.000000 -0.688302 0.725424 -0.725424 -0.688302
VERTEX_POSE A38 -0.813304 0.000000 0.952972 -0.303058 0.303058 0.952972
VERTEX_POSE A39 0.581840 0.000000 -0.983605 0.180337 0.180337 0.983605
VERTEX_POSE A40 0.580099 0.000000 0.337710 -0.941250 0.941250 0.337710
VERTEX_POSE A41 -0.814546 0.000000 -0.699868 -0.714273 -0.714273 0.699868
VERTEX_POSE A42 0.135487 0.000000 -0.704617 -0.709588 -0.709588 0.704617
VERTEX_POSE A43 0.990779 0.000000 -0.166500 -0.986041 0.986041 -0.166500
VERTEX_POSE A44 -0.552038 0.000000 -0.406839 0.913500 -0.913500 -0.406839
VERTEX_POSE A45 0.833819 0.000000 0.244515 0.969646 -0.969646 0.244515
VERTEX_POSE A46 -0.554707 0.000000 -0.337319 0.941390 -0.941390 -0.337319
VERTEX_POSE A47 0.832046 0.000000 0.394692 0.918814 -0.918814 0.394692
VERTEX_POSE A48 0.835381 0.000000 -0.520899 0.853618 -0.853618 -0.520899
VERTEX_POSE A49 -0.549671 0.000000 0.967206 -0.253992 0.253992 0.967206
VERTEX_POSE A50 -0.573849 0.000000 0.042473 0.999098 0.999098 -0.042473
VERTEX_POSE A51 0.818961 0.000000 0.635211 -0.772339 -0.772339 -0.635211
VERTEX_POSE A52 0.839726 0.000000 0.763395 -0.645932 -0.645932 -0.763395
VERTEX_POSE A53 0.543011 0.000000 -0.999828 -0.018523 0.018523 -0.999828
VERTEX_POSE A54 0.236710 0.000000 0.911287 0.411771 0.411771 -0.911287
VERTEX_POSE A55 -0.971580 0.000000 0.657488 -0.753465 0.753465 0.657488
VERTEX_POSE A56 0.714462 0.000000 0.042858 0.999081 0.999081 -0.042858
VERTEX_POSE A57 0.699674 0.000000 -0.579728 0.814810 -0.814810 -0.579728
VERTEX_POSE A58 0.522510 0.000000 0.961179 0.275926 0.275926 -0.961179
VERTEX_POSE A59 0.852633 0.000000 -0.997333 -0.072982 -0.072982 0.997333
VERTEX_POSE A60 -0.885036 0.000000 -0.470957 0.882156 0.882156 0.470957
VERTEX_POSE A61 0.465522 0.000000 -0.918574 -0.395249 -0.395249 0.918574
VERTEX_POSE A62 -0.951621 0.000000 -0.186911 0.982377 0.982377 0.186911
VERTEX_POSE A63 -0.307274 0.000000 -0.908616 0.417633 -0.417633 -0.908616
VERTEX_POSE A64 -0.346167 0.000000 0.385724 0.922614 0.922614 -0.385724
VERTEX_POSE A65 -0.938173 0.000000 0.174901 -0.984586 0.984586 0.174901
VERTEX_POSE A66 0.133815 0.000000 0.992080 -0.125611 -0.125611 -0.992080
VERTEX_POSE A67 -0.991006 0.000000 0.371364 -0.928487 -0.928487 -0.371364
VERTEX_POSE A68 0.931917 0.000000 -0.325208 0.945642 -0.945642 -0.325208
VERTEX_POSE A69 0.362673 0.000000 0.433268 -0.901265 0.901265 0.433268
VERTEX_POSE A70 0.605161 0.000000 -0.992148 -0.125069 0.125069 -0.992148
VERTEX_POSE A71 -0.796103 0.000000 -0.411297 -0.911501 -0.911501 0.411297
VERTEX_POSE A72 0.532672 0.000000 -0.148458 0.988919 0.988919 0.148458
VERTEX_POSE A73 -0.846322 0.000000 -0.773338 -0.633994 0.633994 -0.773338
VERTEX_POSE A74 -0.725424 0.000000 0.268904 -0.963167 0.963167 0.268904
VERTEX_POSE A75 -0.688302 0.000000 -0.048703 -0.998813 0.998813 -0.048703
VERTEX_POSE A76 0.303058 0.000000 0.196894 0.980425 -0.980425 0.196894
VERTEX_POSE A77 0.952972 0.000000 -0.666145 -0.745822 -0.745822 0.666145
VERTEX_POSE A78 0.180337 0.000000 0.782890 -0.622160 0.622160 0.782890
VERTEX_POSE A79 0.983605 0.000000 -0.910076 0.414441 0.414441 0.910076
VERTEX_POSE A80 0.941250 0.000000 -0.841227 0.540682 0.540682 0.841227
VERTEX_POSE A81 0.337710 0.000000 -0.003099 -0.999995 -0.999995 0.003099
VERTEX_POSE A82 -0.714273 0.000000 0.291753 -0.956494 0.956494 0.291753
VERTEX_POSE A83 0.699868 0.000000 -0.146500 -0.989211 0.989211 -0.146500
VERTEX_POSE A84 -0.709588 0.000000 0.521540 -0.853227 -0.853227 -0.521540
VERTEX_POSE A85 0.704617 0.000000 -0.753428 0.657530 0.657530 0.753428
VERTEX_POSE A86 0.986041 0.000000 0.923746 0.383005 0.383005 -0.923746
VERTEX_POSE A87 -0.166500 0.000000 -0.831494 -0.555533 -0.555533 0.831494
VERTEX_POSE A88 -0.913500 0.000000 -0.957335 -0.288982 0.288982 -0.957335
VERTEX_POSE A89 -0.406839 0.000000 0.823102 0.567893 0.567893 -0.823102
VERTEX_POSE A90 -0.969646 0.000000 0.217598 -0.976038 0.976038 0.217598
VERTEX_POSE A91 0.244515 0.000000 0.989756 -0.142770 -0.142770 -0.989756
VERTEX_POSE A92 -0.941390 0.000000 -0.328836 -0.944387 0.944387 -0.328836
VERTEX_POSE A93 -0.337319 0.000000 0.347376 -0.937726 0.937726 0.347376
VERTEX_POSE A94 -0.918814 0.000000 0.571761 0.820420 -0.820420 0.571761
VERTEX_POSE A95 0.394692 0.000000 -0.608855 -0.793282 -0.793282 0.608855
VERTEX_POSE A96 -0.853618 0.000000 -0.910344 -0.413852 -0.413852 0.910344
VERTEX_POSE A97 -0.520899 0.000000 -0.829646 0.558289 0.558289 0.829646
VERTEX_POSE A98 0.253992 0.000000 -0.979347 0.202187 -0.202187 -0.979347
VERTEX_POSE A99 0.967206 0.000000 0.611431 0.791298 -0.791298 0.611431
VERTEX_POSE A100 0.999098 0.000000 0.786929 -0.617043 0.617043 0.786929
VERTEX_POSE A101 -0.042473 0.000000 0.037384 0.999301 -0.999301 0.037384
VERTEX_POSE A102 -0.772339 0.000000 -0.499703 0.866197 0.866197 0.499703
VERTEX_POSE A103 -0.635211 0.000000 -0.665987 0.745963 -0.745963 -0.665987
VERTEX_POSE A104 -0.645932 0.000000 -0.995023 -0.099645 -0.099645 0.995023
VERTEX_POSE A105 -0.763395 0.000000 -0.978222 0.207563 -0.207563 -0.978222
VERTEX_POSE A106 0.018523 0.000000 -0.826644 -0.562725 -0.562725 0.826644
VERTEX_POSE A107 -0.999828 0.000000 -0.984007 0.178128 -0.178128 -0.984007
VERTEX_POSE A108 0.411771 0.000000 -0.903449 0.428695 -0.428695 -0.903449
VERTEX_POSE A109 -0.911287 0.000000 -0.512663 0.858590 0.858590 0.512663
VERTEX_POSE A110 0.753465 0.000000 0.619335 0.785127 0.785127 -0.619335
VERTEX_POSE A111 0.657488 0.000000 0.879552 0.475803 -0.475803 0.879552
VERTEX_POSE A112 0.999081 0.000000 0.679312 -0.733849 0.733849 0.679312
VERTEX_POSE A113 -0.042858 0.000000 0.132314 0.991208 -0.991208 0.132314
VERTEX_POSE A114 -0.814810 0.000000 0.925796 -0.378023 -0.378023 -0.925796
VERTEX_POSE A115 -0.579728 0.000000 0.697703 0.716387 -0.716387 0.697703
VERTEX_POSE A116 0.275926 0.000000 0.081192 -0.996698 -0.996698 -0.081192
VERTEX_POSE A117 -0.961179 0.000000 -0.839759 -0.542959 -0.542959 0.839759
VERTEX_POSE A118 -0.072982 0.000000 0.927657 -0.373434 -0.373434 -0.927657
VERTEX_POSE A119 0.997333 0.000000 0.790377 0.612621 -0.612621 0.790377
VERTEX_POSE A120 0.882156 0.000000 -0.850728 -0.525606 -0.525606 0.850728
VERTEX_POSE A121 0.470957 0.000000 -0.135803 -0.990736 0.990736 -0.135803
VERTEX_POSE A122 -0.395249 0.000000 -0.640847 0.767669 0.767669 0.640847
VERTEX_POSE A123 0.918574 0.000000 -0.365027 0.930997 -0.930997 -0.365027
VERTEX_POSE A124 0.982377 0.000000 0.397917 0.917422 0.917422 -0.397917
VERTEX_POSE A125 0.186911 0.000000 -0.293786 -0.955871 -0.955871 0.293786
VERTEX_POSE A126 -0.417633 0.000000 0.178171 -0.984000 -0.984000 -0.178171
VERTEX_POSE A127 -0.908616 0.000000 0.991678 -0.128742 -0.128742 -0.991678
VERTEX_POSE A128 0.922614 0.000000 -0.972505 0.232881 0.232881 0.972505
VERTEX_POSE A129 -0.385724 0.000000 -0.780288 -0.625420 -0.625420 0.780288
VERTEX_POSE A130 0.984586 0.000000 -0.455809 0.890078 0.890078 0.455809
VERTEX_POSE A131 0.174901 0.000000 0.863376 0.504562 0.504562 -0.863376
VERTEX_POSE A132 -0.125611 0.000000 -0.997656 0.068430 -0.068430 -0.997656
VERTEX_POSE A133 -0.992080 0.000000 0.476102 0.879390 -0.879390 0.476102
VERTEX_POSE A134 -0.928487 0.000000 0.297644 0.954677 0.954677 -0.297644
VERTEX_POSE A135 -0.371364 0.000000 0.647583 0.761995 -0.761995 0.647583
VERTEX_POSE A136 -0.945642 0.000000 -0.845943 -0.533274 -0.533274 0.845943
VERTEX_POSE A137 -0.325208 0.000000 0.964151 -0.265353 -0.265353 -0.964151
VERTEX_POSE A138 0.901265 0.000000 0.823605 -0.567163 0.567163 0.823605
VERTEX_POSE A139 0.433268 0.000000 -0.157457 -0.987526 0.987526 -0.157457
VERTEX_POSE A140 0.125069 0.000000 -0.560754 0.827982 0.827982 0.560754
VERTEX_POSE A141 -0.992148 0.000000 -0.872563 0.488502 0.488502 0.872563
VERTEX_POSE A142 -0.911501 0.000000 -0.945731 0.324950 0.324950 0.945731
VERTEX_POSE A143 0.411297 0.000000 0.318147 0.948042 -0.948042 0.318147
VERTEX_POSE A144 0.988919 0.000000 0.119978 0.992777 0.992777 -0.119978
VERTEX_POSE A145 0.148458 0.000000 0.984104 -0.177595 0.177595 0.984104
VERTEX_POSE A146 0.633994 0.000000 0.428728 0.903434 0.903434 -0.428728
VERTEX_POSE A147 -0.773338 0.000000 -0.999982 -0.005926 0.005926 -0.999982
VERTEX_POSE A148 0.963167 0.000000 0.832928 -0.553382 0.553382 0.832928
VERTEX_POSE A149 0.268904 0.000000 -0.898065 -0.439862 0.439862 -0.898065
VERTEX_POSE A150 0.998813 0.000000 0.305307 -0.952254 -0.952254 -0.305307
VERTEX_POSE A151 -0.048703 0.000000 -0.481580 -0.876402 0.876402 -0.481580
VERTEX_POSE A152 -0.980425 0.000000 -0.878973 0.476872 -0.476872 -0.878973
VERTEX_POSE A153 0.196894 0.000000 0.242580 0.970131 0.970131 -0.242580
VERTEX_POSE A154 -0.745822 0.000000 -0.104131 0.994564 0.994564 0.104131
VERTEX_POSE A155 0.666145 0.000000 -0.945596 -0.325343 -0.325343 0.945596
VERTEX_POSE A156 0.622160 0.000000 -0.082656 -0.996578 -0.996578 0.082656
VERTEX_POSE A157 0.782890 0.000000 0.300677 0.953726 0.953726 -0.300677
VERTEX_POSE A158 0.414441 0.000000 -0.789497 -0.613755 -0.613755 0.789497
VERTEX_POSE A159 0.910076 0.000000 -0.684509 0.729004 -0.729004 -0.684509
VERTEX_POSE A160 0.540682 0.000000 0.998455 0.055573 -0.055573 0.998455
VERTEX_POSE A161 0.841227 0.000000 -0.778080 -0.628166 0.628166 -0.778080
VERTEX_POSE A162 -0.999995 0.000000 0.884258 -0.466999 -0.466999 -0.884258
VERTEX_POSE A163 0.003099 0.000000 0.855124 0.518424 -0.518424 0.855124
VERTEX_POSE A164 0.956494 0.000000 0.805215 0.592984 -0.592984 0.805215
VERTEX_POSE A165 0.291753 0.000000 0.861967 0.506964 0.506964 -0.861967
VERTEX_POSE A166 0.989211 0.000000 0.272603 0.962127 -0.962127 0.272603
VERTEX_POSE A167 -0.146500 0.000000 0.739217 0.673468 0.673468 -0.739217
VERTEX_POSE A168 -0.853227 0.000000 0.636764 -0.771059 0.771059 0.636764
VERTEX_POSE A169 -0.521540 0.000000 0.884882 -0.465816 0.465816 0.884882
VERTEX_POSE A170 0.657530 0.000000 0.601904 0.798568 -0.798568 0.601904
VERTEX_POSE A171 0.753428 0.000000 0.999646 -0.026600 -0.026600 -0.999646
VERTEX_POSE A172 0.383005 0.000000 0.919488 -0.393117 -0.393117 -0.919488
VERTEX_POSE A173 -0.923746 0.000000 -0.088770 -0.996052 0.996052 -0.088770
VERTEX_POSE A174 -0.555533 0.000000 0.655948 0.754806 0.754806 -0.655948
VERTEX_POSE A175 0.831494 0.000000 0.978529 0.206108 0.206108 -0.978529
VERTEX_POSE A176 0.288982 0.000000 0.602913 -0.797807 0.797807 0.602913
VERTEX_POSE A177 -0.957335 0.000000 -0.453179 0.891419 -0.891419 -0.453179
VERTEX_POSE A178 0.567893 0.000000 0.362891 0.931831 -0.931831 0.362891
VERTEX_POSE A179 -0.823102 0.000000 -0.617968 -0.786203 0.786203 -0.617968
VERTEX_POSE A180 0.976038 0.000000 0.575994 -0.817454 -0.817454 -0.575994
VERTEX_POSE A181 0.217598 0.000000 0.999237 0.039068 -0.039068 0.999237
VERTEX_POSE A182 -0.142770 0.000000 -0.847449 0.530877 -0.530877 -0.847449
VERTEX_POSE A183 -0.989756 0.000000 -0.962088 -0.272738 -0.272738 0.962088
VERTEX_POSE A184 0.944387 0.000000 0.632218 0.774791 0.774791 -0.632218
VERTEX_POSE A185 -0.328836 0.000000 -0.817631 0.575743 0.575743 0.817631
VERTEX_POSE A186 0.937726 0.000000 -0.518008 -0.855376 0.855376 -0.518008
VERTEX_POSE A187 0.347376 0.000000 -0.888851 -0.458197 -0.458197 0.888851
VERTEX_POSE A188 -0.820420 0.000000 0.902707 0.430256 -0.430256 0.902707
VERTEX_POSE A189 0.571761 0.000000 0.962361 -0.271775 -0.271775 -0.962361
VERTEX_POSE A190 -0.793282 0.000000 -0.053666 0.998559 0.998559 0.053666
VERTEX_POSE A191 0.608855 0.000000 0.934673 -0.355509 0.355509 0.934673
VERTEX_POSE A192 -0.413852 0.000000 0.616899 -0.787043 0.787043 0.616899
VERTEX_POSE A193 0.910344 0.000000 -0.862715 -0.505690 0.505690 -0.862715
VERTEX_POSE A194 0.558289 0.000000 0.981983 0.188968 -0.188968 0.981983
VERTEX_POSE A195 0.829646 0.000000 0.547290 0.836943 -0.836943 0.547290
VERTEX_POSE A196 -0.202187 0.000000 0.851928 0.523659 -0.523659 0.851928
VERTEX_POSE A197 -0.979347 0.000000 -0.092661 0.995698 -0.995698 -0.092661
VERTEX_POSE A198 -0.791298 0.000000 -0.809279 -0.587424 0.587424 -0.809279
VERTEX_POSE A199 0.611431 0.000000 0.755327 -0.655349 0.655349 0.755327
VERTEX_POSE A200 0.617043 0.000000 0.002805 -0.999996 -0.999996 -0.002805
VERTEX_POSE A201 0.786929 0.000000 0.953826 0.300358 -0.300358 0.953826
VERTEX_POSE A202 -0.999301 0.000000 -0.817879 -0.575390 -0.575390 0.817879
VERTEX_POSE A203 0.037384 0.000000 0.470776 -0.882253 0.882253 0.470776
VERTEX_POSE A204 0.866197 0.000000 0.992513 0.122138 0.122138 -0.992513
VERTEX_POSE A205 0.499703 0.000000 0.262221 -0.965008 0.965008 0.262221
VERTEX_POSE A206 -0.745963 0.000000 0.946364 -0.323103 -0.323103 -0.946364
VERTEX_POSE A207 -0.665987 0.000000 -0.081756 0.996652 -0.996652 -0.081756
VERTEX_POSE A208 -0.099645 0.000000 0.259797 -0.965663 -0.965663 -0.259797
VERTEX_POSE A209 0.995023 0.000000 -0.674256 -0.738498 0.738498 -0.674256
VERTEX_POSE A210 -0.207563 0.000000 0.721263 0.692661 -0.692661 0.721263
VERTEX_POSE A211 -0.978222 0.000000 -0.921159 -0.389186 -0.389186 0.921159
VERTEX_POSE A212 -0.562725 0.000000 0.852294 -0.523062 -0.523062 -0.852294
VERTEX_POSE A213 0.826644 0.000000 0.052963 -0.998596 -0.998596 -0.052963
VERTEX_POSE A214 -0.178128 0.000000 0.925057 -0.379828 -0.379828 -0.925057
VERTEX_POSE A215 -0.984007 0.000000 -0.611410 -0.791314 -0.791314 0.611410
VERTEX_POSE A216 -0.428695 0.000000 0.694372 -0.719616 0.719616 0.694372
VERTEX_POSE A217 -0.903449 0.000000 -0.868380 0.495899 0.495899 0.868380
VERTEX_POSE A218 0.858590 0.000000 -0.915345 -0.402671 0.402671 -0.915345
VERTEX_POSE A219 0.512663 0.000000 -0.401720 -0.915762 0.915762 -0.401720
VERTEX_POSE A220 0.785127 0.000000 0.946239 0.323469 -0.323469 0.946239
VERTEX_POSE A221 -0.619335 0.000000 -0.697109 0.716965 -0.716965 -0.697109
VERTEX_POSE A222 -0.475803 0.000000 0.760356 0.649507 -0.649507 0.760356
VERTEX_POSE A223 0.879552 0.000000 0.928245 0.371968 0.371968 -0.928245
VERTEX_POSE A224 0.733849 0.000000 -0.613996 0.789309 -0.789309 -0.613996
VERTEX_POSE A225 0.679312 0.000000 0.177990 -0.984032 0.984032 0.177990
VERTEX_POSE A226 -0.991208 0.000000 0.711299 0.702889 -0.702889 0.711299
VERTEX_POSE A227 0.132314 0.000000 0.476561 0.879141 -0.879141 0.476561
VERTEX_POSE A228 -0.378023 0.000000 -0.618599 -0.785707 -0.785707 0.618599
VERTEX_POSE A229 -0.925796 0.000000 0.269616 0.962968 -0.962968 0.269616
VERTEX_POSE A230 -0.716387 0.000000 0.513122 0.858315 0.858315 -0.513122
VERTEX_POSE A231 0.697703 0.000000 0.741763 -0.670662 -0.670662 -0.741763
VERTEX_POSE A232 -0.996698 0.000000 -0.241265 -0.970459 -0.970459 0.241265
VERTEX_POSE A233 -0.081192 0.000000 0.994545 0.104313 0.104313 -0.994545
VERTEX_POSE A234 -0.542959 0.000000 -0.299066 -0.954233 -0.954233 0.299066
VERTEX_POSE A235 0.839759 0.000000 0.999732 -0.023157 0.023157 0.999732
VERTEX_POSE A236 -0.373434 0.000000 0.908689 -0.417473 0.417473 0.908689
VERTEX_POSE A237 -0.927657 0.000000 -0.232568 0.972580 0.972580 0.232568
VERTEX_POSE A238 -0.612621 0.000000 0.785118 -0.619346 -0.619346 -0.785118
VERTEX_POSE A239 0.790377 0.000000 -0.079374 -0.996845 0.996845 -0.079374
VERTEX_POSE A240 -0.525606 0.000000 -0.976576 -0.215171 -0.215171 0.976576
VERTEX_POSE A241 0.850728 0.000000 -0.645452 0.763801 0.763801 0.645452
VERTEX_POSE A242 0.990736 0.000000 0.895958 0.444138 0.444138 -0.895958
VERTEX_POSE A243 -0.135803 0.000000 0.604124 -0.796890 -0.796890 -0.604124
VERTEX_POSE A244 0.767669 0.000000 0.641572 0.767063 0.767063 -0.641572
VERTEX_POSE A245 0.640847 0.000000 0.994091 0.108551 0.108551 -0.994091
VERTEX_POSE A246 -0.930997 0.000000 0.900784 0.434268 -0.434268 0.900784
VERTEX_POSE A247 -0.365027 0.000000 -0.988458 -0.151495 -0.151495 0.988458
VERTEX_POSE A248 0.917422 0.000000 0.856923 -0.515445 0.515445 0.856923
VERTEX_POSE A249 -0.397917 0.000000 -0.956269 -0.292487 0.292487 -0.956269
VERTEX_POSE A250 -0.955871 0.000000 -0.004775 -0.999989 0.999989 -0.004775
VERTEX_POSE A251 0.293786 0.000000 -0.873634 -0.486584 0.486584 -0.873634
VERTEX_POSE A252 -0.984000 0.000000 -0.050657 0.998716 -0.998716 -0.050657
VERTEX_POSE A253 -0.178171 0.000000 -0.923305 0.384068 0.384068 0.923305
VERTEX_POSE A254 -0.128742 0.000000 0.904193 -0.427123 0.427123 0.904193
VERTEX_POSE A255 -0.991678 0.000000 0.046493 0.998919 -0.998919 0.046493
VERTEX_POSE A256 0.232881 0.000000 0.985200 0.171407 0.171407 -0.985200
VERTEX_POSE A257 0.972505 0.000000 0.942501 0.334204 0.334204 -0.942501
VERTEX_POSE A258 -0.625420 0.000000 -0.807867 -0.589364 -0.589364 0.807867
VERTEX_POSE A259 0.780288 0.000000 0.923673 -0.383181 0.383181 0.923673
VERTEX_POSE A260 0.890078 0.000000 -0.715915 0.698187 -0.698187 -0.715915
VERTEX_POSE A261 0.455809 0.000000 0.272102 0.962269 -0.962269 0.272102
VERTEX_POSE A262 0.504562 0.000000 0.634783 0.772691 -0.772691 0.634783
VERTEX_POSE A263 -0.863376 0.000000 -0.926692 0.375822 0.375822 0.926692
VERTEX_POSE A264 -0.068430 0.000000 -0.854137 -0.520048 0.520048 -0.854137
VERTEX_POSE A265 -0.997656 0.000000 -0.026203 0.999657 0.999657 0.026203
VERTEX_POSE A266 -0.879390 0.000000 0.778737 -0.627351 0.627351 0.778737
VERTEX_POSE A267 0.476102 0.000000 -0.852163 -0.523277 0.523277 -0.852163
VERTEX_POSE A268 0.954677 0.000000 -0.401168 -0.916004 -0.916004 0.401168
VERTEX_POSE A269 -0.297644 0.000000 -0.375303 -0.926902 0.926902 -0.375303
VERTEX_POSE A270 -0.761995 0.000000 -0.694089 0.719889 -0.719889 -0.694089
VERTEX_POSE A271 0.647583 0.000000 -0.788069 0.615587 0.615587 0.788069
VERTEX_POSE A272 -0.533274 1.000000 0.199590 0.979879 0.979879 -0.199590
VERTEX_POSE A273 0.845943 0.000000 0.923087 0.384590 -0.384590 0.923087
VERTEX_POSE A274 -0.265353 0.000000 -0.803406 0.595432 0.595432 0.803406
VERTEX_POSE A275 -0.964151 0.000000 -0.519860 -0.854251 0.854251 -0.519860
VERTEX_POSE A276 0.567163 1.000000 -0.013784 0.999905 0.999905 0.013784
VERTEX_POSE A277 0.823605 0.000000 -0.552916 0.833237 0.833237 0.552916
VERTEX_POSE A278 0.987526 0.000000 0.754348 -0.656475 -0.656475 -0.754348
VERTEX_POSE A279 -0.157457 0.000000 0.589272 -0.807935 0.807935 0.589272
VERTEX_POSE A280 0.827982 0.000000 -0.624138 0.781314 0.781314 0.624138
VERTEX_POSE A281 0.560754 0.000000 0.718532 0.695494 -0.695494 0.718532
VERTEX_POSE A282 0.488502 7.466227 -0.293202 -0.956050 -0.956050 0.293202
VERTEX_POSE A283 0.872563 0.000000 0.472463 0.881351 0.881351 -0.472463
VERTEX_POSE A284 0.324950 0.000000 -0.698029 -0.716070 -0.716070 0.698029
VERTEX_POSE A285 0.945731 0.000000 -0.880430 0.474176 0.474176 0.880430
VERTEX_POSE A286 -0.948042 0.000000 -0.195960 -0.980612 -0.980612 0.195960
VERTEX_POSE A287 0.318147 0.000000 -0.981209 0.192949 0.192949 0.981209
VERTEX_POSE A288 0.992777 1.000000 -0.395068 -0.918652 0.918652 -0.395068
VERTEX_POSE A289 -0.119978 0.000000 -0.192322 -0.981332 0.981332 -0.192322
VERTEX_POSE A290 0.177595 0.000000 0.178462 0.983947 -0.983947 0.178462
VERTEX_POSE A291 0.984104 0.000000 0.693706 0.720258 0.720258 -0.693706
VERTEX_POSE A292 0.903434 1.000000 0.121401 0.992604 0.992604 -0.121401
VERTEX_POSE A293 -0.428728 0.000000 -0.687257 0.726414 0.726414 0.687257
VERTEX_POSE A294 0.005926 0.000000 -0.405572 -0.914063 -0.914063 0.405572
VERTEX_POSE A295 -0.999982 0.000000 0.730523 -0.682888 0.682888 0.730523
VERTEX_POSE A296 0.553382 0.000000 -0.962442 -0.271487 -0.271487 0.962442
VERTEX_POSE A297 0.832928 0.000000 -0.844092 0.536198 0.536198 0.844092
VERTEX_POSE A298 0.439862 0.000000 0.047997 0.998847 0.998847 -0.047997
VERTEX_POSE A299 -0.898065 0.000000 -0.371947 -0.928254 -0.928254 0.371947
VERTEX_POSE A300 -0.952254 0.000000 -0.999272 -0.038163 -0.038163 0.999272
VERTEX_POSE A301 -0.305307 0.000000 0.522141 0.852859 -0.852859 0.522141
VERTEX_POSE A302 0.876402 0.000000 -0.133242 -0.991084 -0.991084 0.133242
VERTEX_POSE A303 -0.481580 0.000000 -0.991177 0.132546 0.132546 0.991177
VERTEX_POSE A304 -0.476872 -1.251773 -0.999209 0.039761 -0.039761 -0.999209
VERTEX_POSE A305 -0.878973 0.000000 0.966010 -0.258503 0.258503 0.966010
VERTEX_POSE A306 0.970131 0.000000 -0.507716 -0.861525 0.861525 -0.507716
VERTEX_POSE A307 -0.242580 0.000000 -0.286876 -0.957968 0.957968 -0.286876
VERTEX_POSE A308 0.994564 0.000000 -0.946635 -0.322307 -0.322307 0.946635
VERTEX_POSE A309 0.104131 0.000000 0.986699 0.162561 0.162561 -0.986699
VERTEX_POSE A310 -0.325343 0.000000 0.826002 -0.563667 -0.563667 -0.826002
VERTEX_POSE A311 0.945596 0.000000 -0.044927 -0.998990 -0.998990 0.044927
VERTEX_POSE A312 -0.996578 1.000000 0.844294 0.535880 -0.535880 0.844294
VERTEX_POSE A313 0.082656 0.000000 0.869728 -0.493532 -0.493532 -0.869728
VERTEX_POSE A314 0.953726 0.000000 0.428465 -0.903558 -0.903558 -0.428465
VERTEX_POSE A315 -0.300677 0.000000 -0.288303 -0.957539 -0.957539 0.288303
VERTEX_POSE A316 -0.613755 1.000000 0.584190 0.811617 -0.811617 0.584190
VERTEX_POSE A317 0.789497 0.000000 0.406880 0.913482 -0.913482 0.406880
VERTEX_POSE A318 -0.729004 0.000000 -0.659490 -0.751713 -0.751713 0.659490
VERTEX_POSE A319 -0.684509 0.000000 -0.682802 -0.730603 -0.730603 0.682802
VERTEX_POSE A320 -0.055573 1.000000 0.984380 -0.176056 -0.176056 -0.984380
VERTEX_POSE A321 0.998455 0.000000 0.217679 0.976020 0.976020 -0.217679
VERTEX_POSE A322 0.628166 0.000000 1.000000 0.000352 -0.000352 1.000000
VERTEX_POSE A323 -0.778080 0.000000 0.671521 0.740986 -0.740986 0.671521
VERTEX_POSE A324 -0.466999 0.000000 -0.919553 0.392965 0.392965 0.919553
VERTEX_POSE A325 -0.884258 0.000000 -0.616548 -0.787317 0.787317 -0.616548
VERTEX_POSE A326 -0.518424 8.077919 -0.156442 0.987687 -0.987687 -0.156442
VERTEX_POSE A327 0.855124 0.000000 -0.725753 0.687956 0.687956 0.725753
VERTEX_POSE A328 -0.592984 0.000000 0.630463 0.776219 0.776219 -0.630463
VERTEX_POSE A329 0.805215 0.000000 0.926730 -0.375729 0.375729 0.926730
VERTEX_POSE A330 0.506964 0.000000 -0.992984 -0.118245 -0.118245 0.992984
VERTEX_POSE A331 -0.861967 0.000000 -0.927980 -0.372631 -0.372631 0.927980
VERTEX_POSE A332 -0.962127 1.000000 -0.714225 -0.699916 -0.699916 0.714225
VERTEX_POSE A333 0.272603 0.000000 0.927075 -0.374876 0.374876 0.927075
VERTEX_POSE A334 0.673468 0.000000 -0.859306 -0.511462 -0.511462 0.859306
VERTEX_POSE A335 -0.739217 0.000000 -0.778328 0.627858 0.627858 0.778328
VERTEX_POSE A336 0.771059 1.000000 -0.077594 0.996985 -0.996985 -0.077594
VERTEX_POSE A337 0.636764 0.000000 0.986518 0.163654 -0.163654 0.986518
VERTEX_POSE A338 0.465816 0.000000 -0.386409 0.922327 -0.922327 -0.386409
VERTEX_POSE A339 0.884882 0.000000 -0.991165 0.132631 0.132631 0.991165
VERTEX_POSE A340 -0.798568 1.000000 -0.423980 -0.905671 0.905671 -0.423980
VERTEX_POSE A341 0.601904 0.000000 0.997081 -0.076355 -0.076355 -0.997081
VERTEX_POSE A342 -0.026600 0.000000 -0.339730 0.940523 -0.940523 -0.339730
VERTEX_POSE A343 -0.999646 0.000000 0.803375 0.595473 0.595473 -0.803375
VERTEX_POSE A344 -0.393117 0.000000 0.594072 0.804412 0.804412 -0.594072
VERTEX_POSE A345 -0.919488 0.000000 -0.254450 0.967086 -0.967086 -0.254450
VERTEX_POSE A346 0.996052 0.000000 0.702864 0.711325 -0.711325 0.702864
VERTEX_POSE A347 -0.088770 0.000000 -0.690468 -0.723363 -0.723363 0.690468
VERTEX_POSE A348 0.754806 -1.440297 0.813467 0.581611 -0.581611 0.813467
VERTEX_POSE A349 -0.655948 0.000000 -0.319866 -0.947463 -0.947463 0.319866
VERTEX_POSE A350 0.206108 0.000000 -0.633825 0.773476 0.773476 0.633825
VERTEX_POSE A351 -0.978529 0.000000 0.893966 0.448134 -0.448134 0.893966
VERTEX_POSE A352 0.797807 0.000000 -0.237041 0.971500 0.971500 0.237041
VERTEX_POSE A353 0.602913 0.000000 -0.903112 0.429406 -0.429406 -0.903112
VERTEX_POSE A354 -0.891419 0.000000 0.730693 -0.682706 0.682706 0.730693
VERTEX_POSE A355 -0.453179 0.000000 0.595800 -0.803133 0.803133 0.595800
VERTEX_POSE A356 -0.931831 1.000000 0.679801 -0.733396 -0.733396 -0.679801
VERTEX_POSE A357 0.362891 0.000000 -0.435250 0.900310 0.900310 0.435250
VERTEX_POSE A358 0.786203 0.000000 -0.560945 -0.827853 0.827853 -0.560945
VERTEX_POSE A359 -0.617968 0.000000 0.989082 -0.147365 0.147365 0.989082
VERTEX_POSE A360 -0.817454 1.000000 0.911620 -0.411034 0.411034 0.911620
VERTEX_POSE A361 -0.575994 0.000000 0.397676 0.917526 -0.917526 0.397676
VERTEX_POSE A362 -0.039068 0.000000 -0.933771 0.357871 0.357871 0.933771
VERTEX_POSE A363 0.999237 0.000000 0.798763 0.601646 -0.601646 0.798763
VERTEX_POSE A364 -0.530877 1.000000 0.674855 -0.737950 -0.737950 -0.674855
VERTEX_POSE A365 -0.847449 0.000000 -0.970276 0.242001 -0.242001 -0.970276
VERTEX_POSE A366 -0.272738 0.000000 -0.067147 -0.997743 -0.997743 0.067147
VERTEX_POSE A367 0.962088 0.000000 0.911943 -0.410317 -0.410317 -0.911943
VERTEX_POSE A368 0.774791 0.000000 0.240507 0.970647 0.970647 -0.240507
VERTEX_POSE A369 -0.632218 0.000000 0.490320 0.871542 -0.871542 0.490320
VERTEX_POSE A370 0.575743 7.097386 0.027262 -0.999628 0.999628 0.027262
VERTEX_POSE A371 0.817631 0.000000 0.699006 -0.715116 0.715116 0.699006
VERTEX_POSE A372 0.855376 0.000000 -0.161366 0.986895 -0.986895 -0.161366
VERTEX_POSE A373 -0.518008 0.000000 -0.985575 0.169238 0.169238 0.985575
VERTEX_POSE A374 -0.458197 0.000000 -0.497120 0.867682 0.867682 0.497120
VERTEX_POSE A375 0.888851 0.000000 -0.629503 0.776998 0.776998 0.629503
VERTEX_POSE A376 -0.430256 1.000000 -0.943742 0.330683 0.330683 0.943742
VERTEX_POSE A377 0.902707 0.000000 0.991962 0.126534 -0.126534 0.991962
VERTEX_POSE A378 -0.271775 0.000000 -0.394619 0.918845 -0.918845 -0.394619
VERTEX_POSE A379 -0.962361 0.000000 -0.336398 0.941720 0.941720 0.336398
VERTEX_POSE A380 0.998559 1.000000 -0.968519 0.248938 0.248938 0.968519
VERTEX_POSE A381 0.053666 0.000000 0.605303 -0.795996 0.795996 0.605303
VERTEX_POSE A382 0.355509 0.000000 -0.932893 0.360155 0.360155 0.932893
VERTEX_POSE A383 0.934673 0.000000 0.417374 -0.908735 0.908735 0.417374
VERTEX_POSE A384 0.787043 1.000000 0.653445 -0.756974 0.756974 0.653445
VERTEX_POSE A385 0.616899 0.000000 0.962319 0.271923 0.271923 -0.962319
VERTEX_POSE A386 0.505690 0.000000 -0.996096 -0.088273 -0.088273 0.996096
VERTEX_POSE A387 -0.862715 0.000000 0.676384 0.736549 -0.736549 0.676384
VERTEX_POSE A388 -0.188968 0.000000 -0.903089 0.429453 0.429453 0.903089
VERTEX_POSE A389 0.981983 0.000000 -0.943304 -0.331931 0.331931 -0.943304
VERTEX_POSE A390 -0.836943 0.000000 0.944226 -0.329297 -0.329297 -0.944226
VERTEX_POSE A391 0.547290 0.000000 -0.103420 -0.994638 0.994638 -0.103420
VERTEX_POSE A392 -0.523659 0.734485 -0.993128 0.117034 -0.117034 -0.993128
VERTEX_POSE A393 0.851928 0.000000 0.719769 -0.694213 0.694213 0.719769
VERTEX_POSE A394 -0.995698 0.000000 -0.582634 0.812735 0.812735 0.582634
VERTEX_POSE A395 -0.092661 0.000000 -0.998619 0.052529 -0.052529 -0.998619
VERTEX_POSE A396 0.587424 0.000000 -0.689520 0.724267 -0.724267 -0.689520
VERTEX_POSE A397 -0.809279 0.000000 0.905902 -0.423488 -0.423488 -0.905902
VERTEX_POSE A398 0.655349 0.000000 0.597848 -0.801610 -0.801610 -0.597848
VERTEX_POSE A399 0.755327 0.000000 0.966271 0.257527 -0.257527 0.966271
VERTEX_POSE A400 -0.999996 1.000000 0.652236 0.758016 0.758016 -0.652236
VERTEX_POSE A401 -0.002805 0.000000 0.195035 0.980796 -0.980796 0.195035
VERTEX_POSE A402 -0.300358 0.000000 0.836431 -0.548073 -0.548073 -0.836431
VERTEX_POSE A403 0.953826 0.000000 -0.036464 -0.999335 -0.999335 0.036464
VERTEX_POSE A404 -0.575390 1.000000 -0.317028 0.948416 -0.948416 -0.317028
VERTEX_POSE A405 0.817879 0.000000 0.170307 -0.985391 0.985391 0.170307
VERTEX_POSE A406 0.882253 0.000000 0.981765 0.190097 -0.190097 0.981765
VERTEX_POSE A407 0.470776 0.000000 -0.597688 0.801729 -0.801729 -0.597688
VERTEX_POSE A408 0.122138 1.000000 0.439117 0.898430 0.898430 -0.439117
VERTEX_POSE A409 -0.992513 0.000000 -0.352103 0.935961 -0.935961 -0.352103
VERTEX_POSE A410 0.965008 0.000000 -0.124122 0.992267 0.992267 0.124122
VERTEX_POSE A411 0.262221 0.000000 0.314917 0.949119 0.949119 -0.314917
VERTEX_POSE A412 -0.323103 0.000000 0.508206 -0.861235 0.861235 0.508206
VERTEX_POSE A413 -0.946364 0.000000 -0.693623 0.720338 -0.720338 -0.693623
VERTEX_POSE A414 -0.996652 7.707121 0.380088 -0.924950 -0.924950 -0.380088
VERTEX_POSE A415 -0.081756 0.000000 -0.215499 0.976504 -0.976504 -0.215499
VERTEX_POSE A416 -0.965663 0.000000 0.842031 -0.539429 -0.539429 -0.842031
VERTEX_POSE A417 -0.259797 0.000000 0.955442 0.295179 0.295179 -0.955442
VERTEX_POSE A418 0.738498 0.000000 0.637682 -0.770300 -0.770300 -0.637682
VERTEX_POSE A419 -0.674256 0.000000 0.730577 -0.682830 0.682830 0.730577
VERTEX_POSE A420 -0.692661 1.000000 0.608466 -0.793580 -0.793580 -0.608466
VERTEX_POSE A421 0.721263 0.000000 0.110734 0.993850 -0.993850 0.110734
VERTEX_POSE A422 -0.389186 0.000000 -0.556686 0.830723 -0.830723 -0.556686
VERTEX_POSE A423 0.921159 0.000000 0.898580 -0.438809 0.438809 0.898580
VERTEX_POSE A424 -0.523062 1.000000 -0.526728 -0.850034 0.850034 -0.526728
VERTEX_POSE A425 -0.852294 0.000000 -0.070309 -0.997525 -0.997525 0.070309
VERTEX_POSE A426 -0.998596 0.000000 0.629358 0.777116 0.777116 -0.629358
VERTEX_POSE A427 -0.052963 0.000000 0.705038 -0.709170 0.709170 0.705038
VERTEX_POSE A428 -0.379828 1.000000 -0.215054 -0.976602 -0.976602 0.215054
VERTEX_POSE A429 -0.925057 0.000000 -0.906623 -0.421942 0.421942 -0.906623
VERTEX_POSE A430 -0.791314 0.000000 -0.947240 0.320524 0.320524 0.947240
VERTEX_POSE A431 0.611410 0.000000 0.031772 -0.999495 -0.999495 -0.031772
VERTEX_POSE A432 0.719616 0.000000 -0.140844 -0.990032 0.990032 -0.140844
VERTEX_POSE A433 0.694372 0.000000 0.017798 -0.999842 0.999842 0.017798
VERTEX_POSE A434 0.495899 0.000000 -0.175740 0.984437 -0.984437 -0.175740
VERTEX_POSE A435 0.868380 0.000000 -0.551998 -0.833846 0.833846 -0.551998
VERTEX_POSE A436 0.402671 -1.682510 -0.691275 0.722592 0.722592 0.691275
VERTEX_POSE A437 -0.915345 0.000000 -0.994279 0.106811 0.106811 0.994279
VERTEX_POSE A438 0.915762 0.000000 0.672531 0.740069 -0.740069 0.672531
VERTEX_POSE A439 -0.401720 0.000000 0.787950 -0.615739 0.615739 0.787950
VERTEX_POSE A440 -0.323469 0.000000 0.994030 0.109103 0.109103 -0.994030
VERTEX_POSE A441 0.946239 0.000000 0.716603 -0.697481 -0.697481 -0.716603
VERTEX_POSE A442 -0.716965 0.000000 -0.845797 0.533505 -0.533505 -0.845797
VERTEX_POSE A443 -0.697109 0.000000 0.595996 -0.802987 -0.802987 -0.595996
VERTEX_POSE A444 -0.649507 1.000000 0.929414 0.369040 0.369040 -0.929414
VERTEX_POSE A445 0.760356 0.000000 0.939806 -0.341709 0.341709 0.939806
VERTEX_POSE A446 0.371968 0.000000 0.076871 -0.997041 -0.997041 -0.076871
VERTEX_POSE A447 -0.928245 0.000000 -0.882408 0.470484 -0.470484 -0.882408
VERTEX_POSE A448 -0.789309 1.000000 -0.213387 0.976968 -0.976968 -0.213387
VERTEX_POSE A449 -0.613996 0.000000 -0.997720 -0.067496 0.067496 -0.997720
VERTEX_POSE A450 0.984032 0.000000 -0.970593 0.240727 -0.240727 -0.970593
VERTEX_POSE A451 0.177990 0.000000 0.934783 0.355219 0.355219 -0.934783
VERTEX_POSE A452 -0.702889 1.000000 0.089238 0.996010 0.996010 -0.089238
VERTEX_POSE A453 0.711299 0.000000 0.702394 -0.711788 -0.711788 -0.702394
VERTEX_POSE A454 -0.879141 0.000000 0.907088 -0.420940 -0.420940 -0.907088
VERTEX_POSE A455 0.476561 0.000000 0.879008 0.476807 -0.476807 0.879008
VERTEX_POSE A456 -0.785707 0.000000 0.918758 -0.394820 0.394820 0.918758
VERTEX_POSE A457 0.618599 0.000000 0.940488 -0.339827 0.339827 0.940488
VERTEX_POSE A458 -0.962968 7.105243 0.322242 0.946657 -0.946657 0.322242
VERTEX_POSE A459 0.269616 0.000000 0.300794 -0.953689 0.953689 0.300794
VERTEX_POSE A460 0.858315 0.000000 -0.844036 -0.536287 0.536287 -0.844036
VERTEX_POSE A461 -0.513122 0.000000 -0.710781 0.703414 0.703414 0.710781
VERTEX_POSE A462 -0.670662 0.000000 0.963415 -0.268014 0.268014 0.963415
VERTEX_POSE A463 -0.741763 0.000000 0.955714 -0.294296 0.294296 0.955714
VERTEX_POSE A464 -0.970459 1.000000 -0.459136 0.888366 -0.888366 -0.459136
VERTEX_POSE A465 0.241265 0.000000 0.539921 0.841716 -0.841716 0.539921
VERTEX_POSE A466 0.104313 0.000000 -0.999859 0.016813 0.016813 0.999859
VERTEX_POSE A467 -0.994545 0.000000 0.325244 0.945630 0.945630 -0.325244
VERTEX_POSE A468 -0.954233 1.000000 0.716244 -0.697850 -0.697850 -0.716244
VERTEX_POSE A469 0.299066 0.000000 0.954760 -0.297377 -0.297377 -0.954760
VERTEX_POSE A470 0.023157 0.000000 0.944112 0.329624 -0.329624 0.944112
VERTEX_POSE A471 0.999732 0.000000 0.302356 0.953195 -0.953195 0.302356
VERTEX_POSE A472 0.417473 1.000000 -0.333483 0.942756 0.942756 0.333483
VERTEX_POSE A473 0.908689 0.000000 -0.659445 -0.751753 -0.751753 0.659445
VERTEX_POSE A474 0.972580 0.000000 -0.885301 0.465017 -0.465017 -0.885301
VERTEX_POSE A475 0.232568 0.000000 -0.928543 0.371224 -0.371224 -0.928543
VERTEX_POSE A476 -0.619346 0.000000 -0.923592 0.383378 0.383378 0.923592
VERTEX_POSE A477 -0.785118 0.000000 -0.533680 -0.845687 0.845687 -0.533680
VERTEX_POSE A478 0.996845 0.000000 0.263875 -0.964557 0.964557 0.263875
VERTEX_POSE A479 -0.079374 0.000000 0.512178 0.858879 -0.858879 0.512178
VERTEX_POSE A480 -0.215171 -1.860639 0.599067 0.800699 0.800699 -0.599067
VERTEX_POSE A481 0.976576 0.000000 0.660536 -0.750794 -0.750794 -0.660536
VERTEX_POSE A482 0.763801 0.000000 -0.924467 0.381263 -0.381263 -0.924467
VERTEX_POSE A483 0.645452 0.000000 0.762749 0.646695 0.646695 -0.762749
VERTEX_POSE A484 0.444138 0.000000 -0.051277 0.998684 -0.998684 -0.051277
VERTEX_POSE A485 -0.895958 0.000000 -0.998089 0.061789 -0.061789 -0.998089
VERTEX_POSE A486 -0.796890 0.000000 -0.951811 -0.306684 -0.306684 0.951811
VERTEX_POSE A487 -0.604124 0.000000 -0.280122 0.959964 0.959964 0.280122
VERTEX_POSE A488 0.767063 1.000000 -0.896579 0.442885 0.442885 0.896579
VERTEX_POSE A489 -0.641572 0.000000 -0.999810 0.019469 0.019469 0.999810
VERTEX_POSE A490 0.108551 0.000000 -0.652545 0.757750 0.757750 0.652545
VERTEX_POSE A491 -0.994091 0.000000 -0.855733 -0.517418 0.517418 -0.855733
VERTEX_POSE A492 -0.434268 1.000000 0.591128 -0.806578 0.806578 0.591128
VERTEX_POSE A493 0.900784 0.000000 0.308445 0.951242 0.951242 -0.308445
VERTEX_POSE A494 -0.151495 0.000000 -0.634965 -0.772541 -0.772541 0.634965
VERTEX_POSE A495 0.988458 0.000000 0.694544 -0.719450 -0.719450 -0.694544
VERTEX_POSE A496 0.515445 1.000000 -0.521760 0.853092 0.853092 0.521760
VERTEX_POSE A497 0.856923 0.000000 -0.972916 -0.231160 0.231160 -0.972916
VERTEX_POSE A498 0.292487 0.000000 -0.866882 -0.498513 0.498513 -0.866882
VERTEX_POSE A499 -0.956269 0.000000 -0.460219 0.887805 -0.887805 -0.460219
VERTEX_POSE A500 0.999989 0.000000 0.901142 -0.433525 -0.433525 -0.901142
VERTEX_POSE A501 -0.004775 0.000000 0.176170 -0.984360 0.984360 0.176170
VERTEX_POSE A502 0.486584 7.181165 0.464896 -0.885365 0.885365 0.464896
VERTEX_POSE A503 -0.873634 0.000000 -0.713494 -0.700661 -0.700661 0.713494
VERTEX_POSE A504 -0.998716 0.000000 0.903979 -0.427577 0.427577 0.903979
VERTEX_POSE A505 -0.050657 0.000000 0.714443 -0.699694 -0.699694 -0.714443
VERTEX_POSE A506 0.384068 0.000000 0.547142 0.837039 0.837039 -0.547142
VERTEX_POSE A507 0.923305 0.000000 0.276789 -0.960931 0.960931 0.276789
VERTEX_POSE A508 0.427123 1.000000 -0.916764 0.399430 -0.399430 -0.916764
VERTEX_POSE A509 0.904193 0.000000 -0.901799 0.432156 0.432156 0.901799
VERTEX_POSE A510 -0.998919 0.000000 0.660395 0.750918 0.750918 -0.660395
VERTEX_POSE A511 0.046493 0.000000 -0.242554 0.970138 0.970138 0.242554
VERTEX_POSE A512 0.171407 1.000000 0.518349 0.855169 -0.855169 0.518349
VERTEX_POSE A513 -0.985200 0.000000 -0.699375 0.714755 0.714755 0.699375
VERTEX_POSE A514 0.334204 0.000000 0.999987 -0.005117 -0.005117 -0.999987
VERTEX_POSE A515 -0.942501 0.000000 0.918220 0.396072 -0.396072 0.918220
VERTEX_POSE A516 -0.589364 1.000000 0.809768 -0.586750 -0.586750 -0.809768
VERTEX_POSE A517 0.807867 0.000000 0.999971 0.007633 0.007633 -0.999971
VERTEX_POSE A518 0.383181 0.000000 -0.334271 0.942477 0.942477 0.334271
VERTEX_POSE A519 0.923673 0.000000 0.944769 0.327737 0.327737 -0.944769
VERTEX_POSE A520 -0.698187 0.000000 0.999995 -0.003310 -0.003310 -0.999995
VERTEX_POSE A521 -0.715915 0.000000 0.994287 0.106740 0.106740 -0.994287
VERTEX_POSE A522 -0.962269 0.000000 -0.985402 0.170246 -0.170246 -0.985402
VERTEX_POSE A523 0.272102 0.000000 0.548799 -0.835954 0.835954 0.548799
VERTEX_POSE A524 -0.772691 -1.660772 -0.865922 0.500180 -0.500180 -0.865922
VERTEX_POSE A525 0.634783 0.000000 -0.154387 0.988010 -0.988010 -0.154387
VERTEX_POSE A526 0.375822 0.000000 0.840709 -0.541487 -0.541487 -0.840709
VERTEX_POSE A527 0.926692 0.000000 0.821830 0.569733 -0.569733 0.821830
VERTEX_POSE A528 0.520048 0.000000 -0.915447 0.402438 0.402438 0.915447
VERTEX_POSE A529 -0.854137 0.000000 0.314110 0.949387 0.949387 -0.314110
VERTEX_POSE A530 0.999657 0.000000 -0.989282 0.146014 -0.146014 -0.989282
VERTEX_POSE A531 0.026203 0.000000 0.005973 0.999982 -0.999982 0.005973
VERTEX_POSE A532 0.627351 1.000000 0.851394 0.524526 -0.524526 0.851394
VERTEX_POSE A533 0.778737 0.000000 -0.932534 -0.361082 -0.361082 0.932534
VERTEX_POSE A534 0.523277 0.000000 0.298657 -0.954361 -0.954361 -0.298657
VERTEX_POSE A535 -0.852163 0.000000 0.913472 0.406902 0.406902 -0.913472
VERTEX_POSE A536 -0.916004 1.000000 -0.417948 0.908471 -0.908471 -0.417948
VERTEX_POSE A537 0.401168 0.000000 0.975464 0.220159 -0.220159 0.975464
VERTEX_POSE A538 0.926902 0.000000 -0.920088 0.391711 0.391711 0.920088
VERTEX_POSE A539 -0.375303 0.000000 0.998955 0.045703 0.045703 -0.998955
VERTEX_POSE A540 -0.719889 1.000000 -0.793015 -0.609202 -0.609202 0.793015
VERTEX_POSE A541 -0.694089 0.000000 -0.869354 -0.494191 -0.494191 0.869354
VERTEX_POSE A542 0.615587 0.000000 0.009590 0.999954 -0.999954 0.009590
VERTEX_POSE A543 0.788069 0.000000 0.653773 -0.756691 0.756691 0.653773
VERTEX_POSE A544 0.979879 0.000000 0.491710 -0.870759 0.870759 0.491710
VERTEX_POSE A545 -0.199590 0.000000 -0.543983 0.839096 0.839096 0.543983
VERTEX_POSE A546 -0.384590 7.110519 0.421301 0.906921 0.906921 -0.421301
VERTEX_POSE A547 0.923087 0.000000 0.633243 -0.773953 -0.773953 -0.633243
VERTEX_POSE A548 0.595432 0.000000 0.201508 -0.979487 0.979487 0.201508
VERTEX_POSE A549 0.803406 0.000000 -0.619604 0.784915 -0.784915 -0.619604
VERTEX_POSE A550 0.854251 0.000000 0.272168 -0.962250 0.962250 0.272168
VERTEX_POSE A551 -0.519860 0.000000 -0.606618 0.794993 -0.794993 -0.606618
VERTEX_POSE A552 0.999905 1.000000 0.466698 -0.884417 -0.884417 -0.466698
VERTEX_POSE A553 0.013784 0.000000 -0.704634 0.709571 -0.709571 -0.704634
VERTEX_POSE A554 0.833237 0.000000 0.839519 0.543330 -0.543330 0.839519
VERTEX_POSE A555 0.552916 0.000000 -0.637700 -0.770285 -0.770285 0.637700
VERTEX_POSE A556 -0.656475 1.000000 -0.783581 0.621289 0.621289 0.783581
VERTEX_POSE A557 -0.754348 0.000000 -0.924544 0.381074 0.381074 0.924544
VERTEX_POSE A558 0.807935 0.000000 -0.028033 -0.999607 -0.999607 0.028033
VERTEX_POSE A559 0.589272 0.000000 0.914521 -0.404538 0.404538 0.914521
VERTEX_POSE A560 0.781314 1.000000 -0.411209 -0.911541 -0.911541 0.411209
VERTEX_POSE A561 0.624138 0.000000 -0.953642 0.300944 0.300944 0.953642
VERTEX_POSE A562 -0.695494 0.000000 -0.924462 0.381273 0.381273 0.924462
VERTEX_POSE A563 0.718532 0.000000 0.564827 -0.825209 -0.825209 -0.564827
VERTEX_POSE A564 -0.956050 0.000000 -0.978489 0.206299 -0.206299 -0.978489
VERTEX_POSE A565 0.293202 0.000000 -0.590844 -0.806786 -0.806786 0.590844
VERTEX_POSE A566 0.881351 0.000000 0.693674 -0.720289 -0.720289 -0.693674
VERTEX_POSE A567 -0.472463 0.000000 -0.613675 0.789559 0.789559 0.613675
VERTEX_POSE A568 -0.716070 -1.537971 -0.264577 -0.964364 0.964364 -0.264577
VERTEX_POSE A569 0.698029 0.000000 0.906215 -0.422816 -0.422816 -0.906215
VERTEX_POSE A570 0.474176 0.000000 -0.098203 0.995166 -0.995166 -0.098203
VERTEX_POSE A571 0.880430 0.000000 0.687557 -0.726131 -0.726131 -0.687557
VERTEX_POSE A572 -0.980612 0.000000 0.752007 0.659155 -0.659155 0.752007
VERTEX_POSE A573 0.195960 0.000000 0.546553 -0.837425 0.837425 0.546553
VERTEX_POSE A574 0.192949 0.000000 0.880111 0.474768 -0.474768 0.880111
VERTEX_POSE A575 0.981209 0.000000 -0.361902 0.932216 0.932216 0.361902
VERTEX_POSE A576 0.918652 1.000000 0.465250 -0.885179 0.885179 0.465250
VERTEX_POSE A577 -0.395068 0.000000 -0.021238 0.999774 -0.999774 -0.021238
VERTEX_POSE A578 0.981332 0.000000 -0.425598 -0.904912 -0.904912 0.425598
VERTEX_POSE A579 -0.192322 0.000000 -0.814892 -0.579613 0.579613 -0.814892
VERTEX_POSE A580 -0.983947 1.000000 0.997763 0.066847 -0.066847 0.997763
VERTEX_POSE A581 0.178462 0.000000 -0.176476 0.984305 0.984305 0.176476
VERTEX_POSE A582 0.720258 0.000000 -0.979855 -0.199709 -0.199709 0.979855
VERTEX_POSE A583 -0.693706 0.000000 -0.535365 0.844621 -0.844621 -0.535365
VERTEX_POSE A584 0.992604 1.000000 0.395564 -0.918438 0.918438 0.395564
VERTEX_POSE A585 -0.121401 0.000000 0.890577 -0.454833 -0.454833 -0.890577
VERTEX_POSE A586 0.726414 0.000000 0.956536 0.291614 -0.291614 0.956536
VERTEX_POSE A587 0.687257 0.000000 -0.806907 -0.590678 -0.590678 0.806907
VERTEX_POSE A588 -0.914063 0.000000 -0.693406 -0.720547 0.720547 -0.693406
VERTEX_POSE A589 0.405572 0.000000 0.880443 -0.474152 -0.474152 -0.880443
VERTEX_POSE A590 0.682888 7.132335 0.715063 0.699060 0.699060 -0.715063
VERTEX_POSE A591 0.730523 0.000000 -0.771571 0.636144 0.636144 0.771571
VERTEX_POSE A592 -0.271487 0.000000 -0.990283 0.139068 -0.139068 -0.990283
VERTEX_POSE A593 0.962442 0.000000 -0.647228 0.762296 -0.762296 -0.647228
VERTEX_POSE A594 0.536198 0.000000 0.935104 0.354375 -0.354375 0.935104
VERTEX_POSE A595 0.844092 0.000000 0.942196 -0.335063 -0.335063 -0.942196
VERTEX_POSE A596 0.998847 1.000000 0.568631 -0.822593 0.822593 0.568631
VERTEX_POSE A597 -0.047997 0.000000 0.583510 0.812106 0.812106 -0.583510
VERTEX_POSE A598 -0.928254 0.000000 0.843724 0.536777 -0.536777 0.843724
VERTEX_POSE A599 0.371947 0.000000 -0.890930 0.454140 -0.454140 -0.890930
VERTEX_POSE A600 -0.038163 1.000000 0.933341 -0.358990 0.358990 0.933341
VERTEX_POSE A601 0.999272 0.000000 0.642580 0.766219 -0.766219 0.642580
VERTEX_POSE A602 -0.852859 0.000000 0.227300 -0.973825 0.973825 0.227300
VERTEX_POSE A603 0.522141 0.000000 -0.414498 0.910050 -0.910050 -0.414498
VERTEX_POSE A604 -0.991084 1.000000 -0.931042 -0.364912 -0.364912 0.931042
VERTEX_POSE A605 0.133242 0.000000 -0.711730 -0.702453 0.702453 -0.711730
VERTEX_POSE A606 0.132546 0.000000 -0.903524 0.428538 -0.428538 -0.903524
VERTEX_POSE A607 0.991177 0.000000 -0.098631 -0.995124 -0.995124 0.098631
VERTEX_POSE A608 -0.039761 0.000000 -0.996099 -0.088247 0.088247 -0.996099
VERTEX_POSE A609 -0.999209 0.000000 0.740080 -0.672518 0.672518 0.740080
VERTEX_POSE A610 0.258503 0.000000 -0.966662 -0.256055 -0.256055 0.966662
VERTEX_POSE A611 0.966010 0.000000 0.700713 0.713443 -0.713443 0.700713
VERTEX_POSE A612 0.861525 -1.742358 -0.783956 -0.620817 0.620817 -0.783956
VERTEX_POSE A613 -0.507716 0.000000 -0.545757 -0.837943 0.837943 -0.545757
VERTEX_POSE A614 0.957968 0.000000 0.863674 0.504050 0.504050 -0.863674
VERTEX_POSE A615 -0.286876 0.000000 0.143847 0.989600 -0.989600 0.143847
VERTEX_POSE A616 -0.322307 0.000000 -0.453820 -0.891094 -0.891094 0.453820
VERTEX_POSE A617 0.946635 0.000000 -0.352668 -0.935748 -0.935748 0.352668
VERTEX_POSE A618 0.162561 0.000000 -0.113522 -0.993535 -0.993535 0.113522
VERTEX_POSE A619 -0.986699 0.000000 -0.992591 -0.121501 -0.121501 0.992591
VERTEX_POSE A620 -0.563667 1.000000 -0.957345 -0.288946 -0.288946 0.957345
VERTEX_POSE A621 -0.826002 0.000000 0.284781 -0.958593 -0.958593 -0.284781
VERTEX_POSE A622 -0.998990 0.000000 0.959829 0.280584 0.280584 -0.959829
VERTEX_POSE A623 0.044927 0.000000 0.532694 -0.846308 -0.846308 -0.532694
VERTEX_POSE A624 -0.535880 1.000000 0.973870 -0.227108 -0.227108 -0.973870
VERTEX_POSE A625 0.844294 0.000000 -0.564795 0.825231 -0.825231 -0.564795
VERTEX_POSE A626 -0.493532 0.000000 -0.483815 0.875170 -0.875170 -0.483815
VERTEX_POSE A627 -0.869728 0.000000 -0.666160 -0.745809 -0.745809 0.666160
VERTEX_POSE A628 -0.903558 1.000000 0.992724 0.120414 0.120414 -0.992724
VERTEX_POSE A629 -0.428465 0.000000 0.082313 0.996607 0.996607 -0.082313
VERTEX_POSE A630 -0.957539 0.000000 -0.779677 -0.626182 0.626182 -0.779677
VERTEX_POSE A631 0.288303 0.000000 0.999835 -0.018193 0.018193 0.999835
VERTEX_POSE A632 -0.811617 0.000000 -0.450804 -0.892623 -0.892623 0.450804
VERTEX_POSE A633 0.584190 0.000000 0.658339 0.752721 0.752721 -0.658339
VERTEX_POSE A634 -0.913482 7.092461 0.536358 -0.843991 -0.843991 -0.536358
VERTEX_POSE A635 0.406880 0.000000 0.471213 0.882019 -0.882019 0.471213
VERTEX_POSE A636 -0.751713 0.000000 -0.267468 -0.963567 0.963567 -0.267468
VERTEX_POSE A637 0.659490 0.000000 0.916722 0.399525 -0.399525 0.916722
VERTEX_POSE A638 -0.730603 0.000000 0.033892 -0.999425 0.999425 0.033892
VERTEX_POSE A639 0.682802 0.000000 -0.610621 -0.791923 0.791923 -0.610621
VERTEX_POSE A640 -0.176056 1.000000 0.976343 0.216229 -0.216229 0.976343
VERTEX_POSE A641 -0.984380 0.000000 0.809311 -0.587381 0.587381 0.809311
VERTEX_POSE A642 0.976020 0.000000 -0.415154 -0.909751 -0.909751 0.415154
VERTEX_POSE A643 -0.217679 0.000000 -0.586006 -0.810306 -0.810306 0.586006
VERTEX_POSE A644 -0.000352 1.000000 -0.325875 0.945413 0.945413 0.325875
VERTEX_POSE A645 1.000000 0.000000 -0.449677 -0.893191 0.893191 -0.449677
VERTEX_POSE A646 -0.740986 0.000000 0.850963 0.525225 -0.525225 0.850963
VERTEX_POSE A647 0.671521 0.000000 0.946717 0.322067 -0.322067 0.946717
VERTEX_POSE A648 0.392965 0.000000 -0.975668 0.219253 0.219253 0.975668
VERTEX_POSE A649 0.919553 0.000000 -0.515886 0.856657 0.856657 0.515886
VERTEX_POSE A650 0.787317 0.000000 -0.216341 0.976318 -0.976318 -0.216341
VERTEX_POSE A651 -0.616548 0.000000 -0.782930 -0.622109 -0.622109 0.782930
VERTEX_POSE A652 -0.987687 0.000000 -0.832447 -0.554105 -0.554105 0.832447
VERTEX_POSE A653 -0.156442 0.000000 0.990119 0.140228 0.140228 -0.990119
VERTEX_POSE A654 0.687956 0.000000 0.452876 -0.891573 -0.891573 -0.452876
VERTEX_POSE A655 0.725753 0.000000 0.416228 -0.909260 -0.909260 -0.416228
VERTEX_POSE A656 0.776219 66765030077826369019383162950186473975158118807626892767862905309815610529247825570960820673669678124003307498604697200456689158133492807409552762863616.000000 0.428927 0.903339 -0.903339 0.428927
VERTEX_POSE A657 -0.630463 0.000000 0.297661 -0.954672 -0.954672 -0.297661
VERTEX_POSE A658 0.375729 0.000000 -0.397501 0.917602 -0.917602 -0.397501
VERTEX_POSE A659 0.926730 0.000000 0.675647 -0.737225 0.737225 0.675647
VERTEX_POSE A660 -0.118245 0.000000 -0.149716 0.988729 0.988729 0.149716
VERTEX_POSE A661 0.992984 0.000000 -0.434194 0.900819 -0.900819 -0.434194
VERTEX_POSE A662 -0.372631 0.000000 0.901391 -0.433006 0.433006 0.901391
VERTEX_POSE A663 0.927980 0.000000 -0.769303 -0.638884 -0.638884 0.769303
VERTEX_POSE A664 -0.699916 112038534409406629164611302229223941873344008581013151018656627896158787163627610310128377775791314050078021828862477461073359487537777058708218738114614774981226481534962478312796206093554391724074487588134366988324040605696.000000 -0.993777 -0.111386 -0.111386 0.993777
VERTEX_POSE A665 0.714225 0.000000 -0.794604 0.607128 0.607128 0.794604
VERTEX_POSE A666 0.374876 0.000000 -0.805886 -0.592070 0.592070 -0.805886
VERTEX_POSE A667 0.927075 0.000000 -0.975389 -0.220492 0.220492 -0.975389
VERTEX_POSE A668 -0.511462 0.000000 0.985835 0.167721 -0.167721 0.985835
VERTEX_POSE A669 0.859306 0.000000 0.984365 -0.176142 0.176142 0.984365
VERTEX_POSE A670 0.627858 0.000000 0.430315 0.902679 -0.902679 0.430315
VERTEX_POSE A671 0.778328 0.000000 0.996000 0.089355 0.089355 -0.996000
VERTEX_POSE A672 -0.996985 0.000000 -0.110835 -0.993839 0.993839 -0.110835
VERTEX_POSE A673 -0.077594 0.000000 -0.989016 0.147811 0.147811 0.989016
VERTEX_POSE A674 -0.163654 17101682489511869998161366604824593297016072355396365475786152685841215411832166129474772800619208379273346499888213065041877695699899885574954980923142257713044760473475368886337266602536317839353798782780623028224.000000 -0.380659 0.924715 0.924715 0.380659
VERTEX_POSE A675 0.986518 0.000000 0.143078 0.989711 0.989711 -0.143078
VERTEX_POSE A676 -0.922327 0.000000 0.765874 -0.642990 -0.642990 -0.765874
VERTEX_POSE A677 -0.386409 0.000000 0.563465 0.826140 -0.826140 0.563465
VERTEX_POSE A678 0.132631 7.083911 0.594150 0.804354 0.804354 -0.594150
VERTEX_POSE A679 0.991165 0.000000 0.870183 0.492729 0.492729 -0.870183
VERTEX_POSE A680 0.905671 0.000000 0.378698 0.925520 -0.925520 0.378698
VERTEX_POSE A681 -0.423980 0.000000 -0.471010 -0.882128 0.882128 -0.471010
VERTEX_POSE A682 -0.076355 0.000000 -0.922979 0.384850 -0.384850 -0.922979
VERTEX_POSE A683 -0.997081 0.000000 -0.693240 -0.720706 0.720706 -0.693240
VERTEX_POSE A684 -0.940523 0.000000 -0.884135 -0.467232 -0.467232 0.884135
VERTEX_POSE A685 -0.339730 0.000000 -0.582365 -0.812927 0.812927 -0.582365
VERTEX_POSE A686 0.595473 65473578895910770365689724729213434500598766108190280985791734504877415700556573328387374948218980910761170781967001744844530464387084773291159522902016.000000 -0.787417 0.616421 -0.616421 -0.787417
VERTEX_POSE A687 -0.803375 0.000000 0.984400 0.175947 0.175947 -0.984400
VERTEX_POSE A688 0.804412 0.000000 -0.815775 -0.578369 -0.578369 0.815775
VERTEX_POSE A689 -0.594072 0.000000 0.000716 -1.000000 -1.000000 -0.000716
VERTEX_POSE A690 -0.967086 0.000000 0.851149 -0.524925 -0.524925 -0.851149
VERTEX_POSE A691 -0.254450 0.000000 -0.280185 0.959946 -0.959946 -0.280185
VERTEX_POSE A692 -0.711325 0.000000 -0.702170 0.712009 -0.712009 -0.702170
VERTEX_POSE A693 0.702864 0.000000 -0.651088 -0.759002 0.759002 -0.651088
VERTEX_POSE A694 -0.723363 0.000000 -0.924492 -0.381202 0.381202 -0.924492
VERTEX_POSE A695 0.690468 0.000000 0.620346 -0.784328 0.784328 0.620346
VERTEX_POSE A696 -0.581611 0.000000 -0.631411 -0.775449 -0.775449 0.631411
VERTEX_POSE A697 0.813467 0.000000 -0.764948 0.644092 0.644092 0.764948
VERTEX_POSE A698 -0.947463 0.000000 0.129724 0.991550 0.991550 -0.129724
VERTEX_POSE A699 0.319866 0.000000 0.503076 0.864242 0.864242 -0.503076
VERTEX_POSE A700 0.773476 0.000000 -0.008562 0.999963 -0.999963 -0.008562
VERTEX_POSE A701 0.633825 0.000000 0.999789 0.020522 -0.020522 0.999789
VERTEX_POSE A702 -0.448134 0.000000 0.980132 0.198347 -0.198347 0.980132
VERTEX_POSE A703 0.893966 0.000000 -0.652720 -0.757599 0.757599 -0.652720
VERTEX_POSE A704 0.971500 0.000000 0.926049 0.377402 0.377402 -0.926049
VERTEX_POSE A705 0.237041 0.000000 -0.804819 0.593520 -0.593520 -0.804819
VERTEX_POSE A706 -0.429406 0.000000 0.593909 0.804532 -0.804532 0.593909
VERTEX_POSE A707 -0.903112 0.000000 0.171922 -0.985111 0.985111 0.171922
VERTEX_POSE A708 0.682706 0.000000 -0.112569 0.993644 0.993644 0.112569
VERTEX_POSE A709 0.730693 0.000000 -0.856516 -0.516120 0.516120 -0.856516
VERTEX_POSE A710 0.803133 3991957755570352789371150089288507880577665323663889379622819501056568688739076129087315030435675279389334589494691867670429884359957337869640224514202535984758848903152575756685066410316198066763344743936642046523181696087522979835572157355117693108224.000000 -0.858986 0.511998 0.511998 0.858986
VERTEX_POSE A711 0.595800 0.000000 0.960235 0.279194 0.279194 -0.960235
VERTEX_POSE A712 -0.733396 0.000000 -0.002268 -0.999997 -0.999997 0.002268
VERTEX_POSE A713 -0.679801 0.000000 0.970173 0.242412 0.242412 -0.970173
VERTEX_POSE A714 0.900310 0.000000 -0.875870 -0.482548 -0.482548 0.875870
VERTEX_POSE A715 0.435250 0.000000 -0.843939 -0.536439 -0.536439 0.843939
VERTEX_POSE A716 0.827853 0.000000 -0.591869 0.806034 0.806034 0.591869
VERTEX_POSE A717 -0.560945 178879621810238913128094047228647726508651629328075602062644129003187629735425741312064382185220474978097578195409197926597267919812980727190147920515422490722304.000000 0.741152 -0.671338 -0.671338 -0.741152
VERTEX_POSE A718 0.147365 4929769663206434556756106719243555299427331264920697598914398212614809753906777867120299571615017338617576122701945747643448804104216760760224974570994337550469578604739210972496564047081459696452671373312.000000 0.925555 -0.378613 -0.378613 -0.925555
VERTEX_POSE A719 0.989082 254736390291291889030922121258850660424501441023379822259963935954914725725432940630493166131664627692932379993406330093364458701043890969258665463427181890508822414413552810983424.000000 -0.698963 0.715158 -0.715158 -0.698963
VERTEX_POSE A720 0.411034 0.000000 0.703200 0.710992 -0.710992 0.703200
VERTEX_POSE A721 0.911620 20501866451337168053189560792064226319547775958351486434605468436284037989645490279678039395484825527040722291151541508450190370438103211413438508882310610343659748866787619270098045783142774385055450559223531831296.000000 -0.313104 -0.949719 0.949719 -0.313104
VERTEX_POSE A722 -0.917526 54516411287282881103620573661049282232049455624225566907766293486944114775489419510216473978623760465169262049097688632643007058210239961430227364061010573877892109631258095084661486834624878580594535132737235168202608021438567414343105260856279040.000000 -0.574123 0.818769 -0.818769 -0.574123
VERTEX_POSE A723 0.397676 142717957228170451229169223632419449712023085313770128632411546919873682261239807686955431172197865275394498470016097032557935271454908504114485378486968050179891252175986467684330858598783887032262100137109926466652443578630334962549204381954211840.000000 0.511073 -0.859537 -0.859537 -0.511073
VERTEX_POSE A724 0.357871 37326082801859005989069496748248859995817506404557563581920001576858235704165572148132528873585496503860804716799666858664095519149195427199110675066534175248641612044126088956210929428472691064569856.000000 0.979883 -0.199571 0.199571 0.979883
VERTEX_POSE A725 0.933771 11205294301008883400795894096538988166876201411612807204459531521051284459716759433769996196536972579635688237639882065049189615830993792621637670142407004869394140045708931095103724558537205296819823145047103932839059232640303185013936903934243485253632.000000 0.943901 0.330228 0.330228 -0.943901
VERTEX_POSE A726 -0.601646 0.000000 -0.857037 0.515256 -0.515256 -0.857037
VERTEX_POSE A727 0.798763 0.000000 -0.549530 -0.835474 -0.835474 0.549530
VERTEX_POSE A728 -0.737950 0.000000 0.657989 -0.753027 -0.753027 -0.657989
VERTEX_POSE A729 -0.674855 0.000000 -0.618064 -0.786128 0.786128 -0.618064
VERTEX_POSE A730 -0.242001 0.000000 -0.588294 -0.808647 -0.808647 0.588294
VERTEX_POSE A731 -0.970276 0.000000 -0.027091 0.999633 0.999633 0.027091
VERTEX_POSE A732 -0.997743 0.000000 -0.971338 0.237703 0.237703 0.971338
VERTEX_POSE A733 0.067147 0.000000 -0.737381 -0.675477 0.675477 -0.737381
VERTEX_POSE A734 -0.410317 0.000000 -0.090497 -0.995897 0.995897 -0.090497
VERTEX_POSE A735 -0.911943 0.000000 0.985003 -0.172535 -0.172535 -0.985003
VERTEX_POSE A736 0.970647 0.000000 0.739376 -0.673293 -0.673293 -0.739376
VERTEX_POSE A737 -0.240507 0.000000 0.321913 0.946769 0.946769 -0.321913
VERTEX_POSE A738 -0.871542 0.000000 -0.210022 -0.977697 0.977697 -0.210022
VERTEX_POSE A739 0.490320 0.000000 -0.481052 -0.876692 0.876692 -0.481052
VERTEX_POSE A740 0.999628 0.000000 0.808449 -0.588567 0.588567 0.808449
VERTEX_POSE A741 0.027262 0.000000 0.799230 0.601026 0.601026 -0.799230
VERTEX_POSE A742 0.715116 0.000000 0.999897 0.014351 -0.014351 0.999897
VERTEX_POSE A743 0.699006 0.000000 -0.940562 0.339623 -0.339623 -0.940562
VERTEX_POSE A744 -0.986895 0.000000 -0.775157 0.631768 -0.631768 -0.775157
VERTEX_POSE A745 -0.161366 0.000000 -0.915694 0.401877 -0.401877 -0.915694
VERTEX_POSE A746 0.169238 0.000000 0.989062 -0.147503 -0.147503 -0.989062
VERTEX_POSE A747 0.985575 0.000000 0.438188 -0.898883 0.898883 0.438188
VERTEX_POSE A748 0.867682 0.000000 -0.701392 0.712776 0.712776 0.701392
VERTEX_POSE A749 0.497120 0.000000 -0.448295 0.893886 0.893886 0.448295
VERTEX_POSE A750 0.776998 0.000000 0.396493 -0.918038 0.918038 0.396493
VERTEX_POSE A751 0.629503 0.000000 -0.926697 -0.375809 0.375809 -0.926697
VERTEX_POSE A752 0.330683 66765030077826369019383162950186473975158118807626892767862905309815610529247825570960820673669678124003307498604697200456689158133492807409552762863616.000000 0.187879 0.982192 0.982192 -0.187879
VERTEX_POSE A753 0.943742 0.000000 0.712557 0.701614 0.701614 -0.712557
VERTEX_POSE A754 -0.126534 0.000000 0.647207 0.762314 -0.762314 0.647207
VERTEX_POSE A755 0.991962 0.000000 0.876490 -0.481419 0.481419 0.876490
VERTEX_POSE A756 -0.918845 1.000000 -0.311255 0.950326 0.950326 0.311255
VERTEX_POSE A757 -0.394619 0.000000 0.488664 -0.872472 0.872472 0.488664
VERTEX_POSE A758 0.941720 0.000000 0.983976 -0.178300 -0.178300 -0.983976
VERTEX_POSE A759 0.336398 0.000000 -0.397123 -0.917766 -0.917766 0.397123
VERTEX_POSE A760 0.248938 112038534409406629164611302229223941873344008581013151018656627896158787163627610310128377775791314050078021828862477461073359487537777058708218738114614774981226481534962478312796206093554391724074487588134366988324040605696.000000 -0.704394 -0.709809 0.709809 -0.704394
VERTEX_POSE A761 0.968519 0.000000 0.766201 -0.642601 0.642601 0.766201
VERTEX_POSE A762 0.795996 0.000000 0.871900 -0.489684 -0.489684 -0.871900
VERTEX_POSE A763 0.605303 0.000000 -0.524875 -0.851179 0.851179 -0.524875
VERTEX_POSE A764 0.360155 0.000000 0.501423 0.865202 -0.865202 0.501423
VERTEX_POSE A765 0.932893 0.000000 -0.886117 0.463461 -0.463461 -0.886117
VERTEX_POSE A766 0.908735 0.000000 -0.942970 0.332877 -0.332877 -0.942970
VERTEX_POSE A767 0.417374 0.000000 0.071650 0.997430 -0.997430 0.071650
VERTEX_POSE A768 0.756974 0.000000 -0.485864 -0.874035 0.874035 -0.485864
VERTEX_POSE A769 0.653445 0.000000 0.402039 0.915622 -0.915622 0.402039
VERTEX_POSE A770 0.271923 0.004000 -0.998139 -0.060973 -0.060973 0.998139
VERTEX_POSE A771 -0.962319 0.006000 -0.843720 -0.536784 0.536784 -0.843720
VERTEX_POSE A772 -0.088273 0.010000 -0.667252 0.744832 -0.744832 -0.667252
VERTEX_POSE A773 0.996096 0.012000 -0.304330 -0.952567 -0.952567 0.304330
VERTEX_POSE A774 -0.736549 0.017000 -0.963241 -0.268638 0.268638 -0.963241
VERTEX_POSE A775 0.676384 0.020000 0.094073 -0.995565 -0.995565 -0.094073
VERTEX_POSE A776 0.429453 0.022000 0.715311 -0.698806 0.698806 0.715311
VERTEX_POSE A777 0.903089 0.025000 -0.900500 0.434856 -0.434856 -0.900500
VERTEX_POSE A778 0.331931 0.027000 0.568240 0.822863 -0.822863 0.568240
VERTEX_POSE A779 -0.943304 0.031000 0.885002 -0.465588 -0.465588 -0.885002
VERTEX_POSE A780 -0.329297 0.036000 0.303612 0.952796 -0.952796 0.303612
VERTEX_POSE A781 -0.944226 0.040000 -0.870063 0.492941 -0.492941 -0.870063
VERTEX_POSE A782 0.994638 0.044000 0.930608 0.366016 0.366016 -0.930608
VERTEX_POSE A783 -0.103420 0.048000 -0.208744 -0.977970 -0.977970 0.208744
VERTEX_POSE A784 -0.117034 0.053000 0.363545 0.931577 0.931577 -0.363545
VERTEX_POSE A785 -0.993128 0.059000 0.853277 -0.521457 -0.521457 -0.853277
VERTEX_POSE A786 0.694213 0.064000 0.092894 -0.995676 0.995676 0.092894
VERTEX_POSE A787 0.719769 0.068000 0.832783 0.553600 0.553600 -0.832783
VERTEX_POSE A788 0.812735 0.073000 0.075601 -0.997138 -0.997138 -0.075601
VERTEX_POSE A789 0.582634 0.080000 0.712148 -0.702029 0.702029 0.712148
VERTEX_POSE A790 -0.052529 0.086000 -0.329799 -0.944051 -0.944051 0.329799
VERTEX_POSE A791 -0.998619 0.092000 -0.017527 -0.999846 -0.999846 0.017527
VERTEX_POSE A792 -0.724267 0.099000 0.469612 -0.882873 -0.882873 -0.469612
VERTEX_POSE A793 -0.689520 0.107000 0.573345 -0.819314 0.819314 0.573345
VERTEX_POSE A794 -0.423488 0.116000 0.890604 -0.454780 -0.454780 -0.890604
VERTEX_POSE A795 -0.905902 0.125000 0.098690 -0.995118 0.995118 0.098690
VERTEX_POSE A796 -0.801610 0.131000 -0.999341 0.036288 -0.036288 -0.999341
VERTEX_POSE A797 -0.597848 0.139000 0.303488 -0.952835 0.952835 0.303488
VERTEX_POSE A798 -0.257527 0.151000 -0.927355 -0.374182 0.374182 -0.927355
VERTEX_POSE A799 0.966271 0.160000 -0.824486 0.565882 0.565882 0.824486
VERTEX_POSE A800 0.758016 0.172000 -0.726942 0.686699 -0.686699 -0.726942
VERTEX_POSE A801 -0.652236 0.182000 0.794583 -0.607156 -0.607156 -0.794583
VERTEX_POSE A802 -0.980796 0.193000 -0.731576 0.681760 0.681760 0.731576
VERTEX_POSE A803 0.195035 0.201000 0.982745 -0.184968 0.184968 0.982745
VERTEX_POSE A804 -0.548073 0.210000 0.829999 0.557764 0.557764 -0.829999
VERTEX_POSE A805 -0.836431 0.219000 -0.973011 -0.230757 -0.230757 0.973011
VERTEX_POSE A806 -0.999335 0.230000 -0.396513 -0.918029 0.918029 -0.396513
VERTEX_POSE A807 0.036464 0.241000 0.988328 -0.152341 -0.152341 -0.988328
