VERTEX_POSE A0 0.712050 0.862557 -0.950882 0.922351 -0.373096 -0.090876 -0.461936 0.375514 0.804621
VERTEX_POSE A1 0.079674 -0.748835 -0.885828 -0.782818 -0.521573 -0.387571 -0.017964 -0.486812 0.853018
VERTEX_POSE A2 -0.069710 0.412644 -0.229901 0.782289 0.462944 0.476668 -0.875624 -0.401012 -0.137716
VERTEX_POSE A3 -0.388438 -0.394789 -0.273715 0.171829 0.663954 -0.657734 -0.472651 -0.733390 0.579453
VERTEX_POSE A4 0.678882 -0.401104 -0.760594 0.818519 -0.122089 0.417360 0.797845 -0.394762 0.590371
VERTEX_POSE A5 -0.864078 -0.266924 -0.934318 0.337490 0.312170 -0.824697 0.552903 -0.453846 -0.772560
VERTEX_POSE A6 -0.037556 -0.569256 -0.623057 -0.232389 -0.526518 0.466131 0.677666 0.853650 -0.513369
VERTEX_POSE A7 -0.596073 0.881856 0.754146 -0.509090 0.054125 0.853096 -0.100755 -0.114258 -0.993438
VERTEX_POSE A8 0.770337 0.999306 0.623658 0.805533 -0.312748 -0.334745 0.460669 0.488939 0.830646
VERTEX_POSE A9 0.868908 0.475030 -0.858175 -0.648746 0.748354 0.431926 0.511587 -0.626553 -0.422190
VERTEX_POSE A10 0.116671 0.033303 0.827449 0.146833 0.883433 0.988642 -0.145648 0.032059 0.445347
VERTEX_POSE A11 0.655335 0.912440 0.787912 -0.496702 -0.671840 0.687965 0.081206 0.529143 -0.736231
VERTEX_POSE A12 0.440026 -0.207971 0.315810 -0.107419 -0.949087 0.188713 -0.311906 0.976140 -0.044142
VERTEX_POSE A13 0.358421 0.354099 -0.914647 -0.474505 0.812179 0.585261 0.579115 -0.657507 -0.070646
VERTEX_POSE A14 0.226405 -0.740107 -0.866225 -0.057894 0.799300 0.910436 -0.203537 -0.409579 -0.565413
VERTEX_POSE A15 -0.728132 0.343761 0.259387 0.811168 0.482140 0.520003 -0.335682 -0.267587 0.809234
VERTEX_POSE A16 -0.642781 0.758259 -0.385194 0.377873 0.921016 0.475684 -0.280745 0.794315 -0.270020
VERTEX_POSE A17 -0.454619 0.940640 0.994822 0.873588 -0.121539 0.486235 0.177251 -0.020468 -0.976632
VERTEX_POSE A18 -0.641140 -0.852135 -0.699085 0.851955 0.391146 -0.519901 0.710951 0.062258 0.584425
VERTEX_POSE A19 -0.863775 0.698389 -0.654184 0.574700 0.111322 0.571700 -0.763486 0.585559 0.636158
VERTEX_POSE A20 0.626465 -0.482852 0.135260 -0.671048 0.082841 0.457305 -0.735943 -0.583581 -0.671956
VERTEX_POSE A21 0.607672 -0.952972 -0.305642 -0.368303 -0.102651 0.589060 0.743166 0.719278 -0.661186
VERTEX_POSE A22 -0.880714 -0.752760 0.090303 0.745425 -0.663091 0.661152 0.748506 -0.084965 0.006961
VERTEX_POSE A23 0.847078 0.360053 0.400234 -0.628141 0.395494 -0.726328 -0.606915 -0.279083 0.689375
VERTEX_POSE A24 -0.989153 -0.835460 -0.459564 0.509200 -0.640753 0.164969 0.727909 -0.844690 -0.244099
VERTEX_POSE A25 0.746343 -0.078357 -0.842926 0.055288 -0.797301 -0.839958 -0.362595 -0.539828 0.482531
VERTEX_POSE A26 0.330096 -0.898155 -0.665617 -0.759190 0.498694 -0.108232 -0.730387 0.641806 0.466732
VERTEX_POSE A27 -0.364160 0.418286 0.707919 -0.738568 -0.655266 -0.420352 0.631467 -0.527088 0.414579
VERTEX_POSE A28 -0.695138 0.715395 -0.948837 0.921757 0.149278 -0.295939 0.867191 -0.250567 -0.475074
VERTEX_POSE A29 -0.069049 0.589526 -0.591199 -0.890285 -0.271306 0.153059 -0.934709 -0.428911 0.229593
VERTEX_POSE A30 -0.485014 -0.828921 0.525623 0.371067 -0.879628 0.094000 0.354413 -0.923836 -0.317249
VERTEX_POSE A31 -0.983088 0.577952 -0.899719 0.687551 0.608837 -0.369560 -0.175708 0.625060 -0.773592
VERTEX_POSE A32 -0.989374 0.840691 -0.477026 -0.785005 0.616152 0.611715 0.754609 -0.097831 -0.225661
VERTEX_POSE A33 0.445276 0.583724 -0.704278 -0.819640 0.476100 0.572854 0.675903 0.005398 0.562570
VERTEX_POSE A34 -0.371526 -0.816836 -0.173434 0.061509 -0.940331 0.626769 0.297329 -0.776774 0.165450
VERTEX_POSE A35 0.689508 -0.560413 -0.237620 0.059409 0.984366 -0.775433 0.150112 0.628628 0.092140
VERTEX_POSE A36 0.581199 -0.683200 -0.638596 0.941429 -0.071828 -0.100141 0.873424 0.322000 0.481634
VERTEX_POSE A37 0.590918 -0.386092 0.203509 -0.872026 -0.188232 -0.481340 0.162349 0.088785 -0.968613
VERTEX_POSE A38 -0.906565 -0.678557 -0.483474 -0.845986 -0.519923 0.297603 -0.276377 -0.442425 0.808267
VERTEX_POSE A39 0.351536 -0.683894 0.985061 -0.102767 0.719796 0.397455 -0.602986 -0.911849 -0.343950
VERTEX_POSE A40 0.459826 -0.911062 0.345334 -0.107111 -0.714627 -0.760331 0.506863 -0.640643 -0.482077
VERTEX_POSE A41 0.210105 0.354746 -0.656025 0.881216 -0.333306 0.422564 0.237564 -0.211891 -0.912398
VERTEX_POSE A42 0.006870 -0.771454 0.772974 0.510997 -0.531654 0.413307 0.840954 -0.753697 0.100701
VERTEX_POSE A43 -0.100147 -0.119033 -0.338856 0.692483 0.357530 0.324389 -0.930115 -0.644391 -0.084010
VERTEX_POSE A44 -0.431474 -0.291155 -0.570671 -0.769095 -0.623461 0.580419 -0.773465 0.267594 -0.114230
VERTEX_POSE A45 -0.766724 -0.511561 0.906749 -0.555622 -0.082367 -0.582236 -0.671813 -0.593536 0.736127
VERTEX_POSE A46 0.171721 -0.775272 0.920531 0.163751 -0.981062 0.748113 0.055138 0.643050 0.185679
VERTEX_POSE A47 -0.074255 -0.532896 0.044134 0.569339 -0.753852 0.351340 0.583782 -0.743245 -0.301504
VERTEX_POSE A48 -0.221343 -0.570921 0.901571 -0.057488 0.878327 0.558191 0.422409 -0.827719 0.223858
VERTEX_POSE A49 0.530581 -0.627407 -0.778554 -0.751648 0.559653 0.404472 -0.026868 -0.520987 -0.828292
VERTEX_POSE A50 0.061970 -0.834507 0.389950 0.796201 0.307177 -0.603951 0.352030 -0.036154 0.884148
VERTEX_POSE A51 -0.594879 -0.053773 0.036831 -0.215157 0.292599 -0.934682 0.214755 -0.282979 -0.931808
VERTEX_POSE A52 0.138253 -0.580379 -0.084196 -0.827391 -0.206930 0.496431 0.165278 0.262639 -0.964294
VERTEX_POSE A53 0.181256 -0.587267 -0.519746 -0.964746 0.258704 -0.136009 -0.332844 -0.225313 -0.906801
VERTEX_POSE A54 -0.747800 -0.693720 -0.562936 0.609036 0.192597 0.539966 -0.811236 -0.580958 -0.552090
VERTEX_POSE A55 0.149100 -0.415840 0.456240 -0.942385 -0.288307 0.253968 -0.946714 0.217740 -0.143568
VERTEX_POSE A56 -0.072400 0.334377 -0.362672 0.221020 -0.729458 -0.959600 -0.281159 -0.174118 0.623571
VERTEX_POSE A57 0.582296 -0.591875 -0.228553 0.804503 -0.322209 0.339901 0.938664 0.487076 -0.122845
VERTEX_POSE A58 0.784940 -0.997554 0.164159 -0.303710 0.504388 -0.818693 -0.572104 -0.487342 0.646753
VERTEX_POSE A59 0.232461 0.049772 -0.311509 -0.892414 -0.448748 -0.342917 0.606619 0.293265 -0.656231
VERTEX_POSE A60 -0.486753 0.997651 0.180249 0.983265 0.081477 -0.166912 0.044456 -0.073008 0.995683
VERTEX_POSE A61 -0.700074 -0.826475 -0.310217 -0.728838 -0.398620 -0.314317 -0.527520 0.608276 -0.750216
VERTEX_POSE A62 0.249373 -0.372275 -0.211228 0.672582 0.359646 -0.654775 0.696450 -0.344823 -0.620977
VERTEX_POSE A63 -0.476128 0.838342 0.703222 0.116060 0.714020 0.841933 0.298074 -0.526953 0.633504
VERTEX_POSE A64 0.745202 0.757249 -0.014495 -0.094093 0.899294 0.037975 0.431937 -0.994839 -0.068569
VERTEX_POSE A65 0.877847 -0.189112 0.615338 -0.241570 -0.959773 -0.579480 0.024388 0.778362 -0.279716
VERTEX_POSE A66 -0.786620 -0.722071 -0.534397 0.426581 0.903973 -0.068150 0.064486 0.901878 -0.422699
VERTEX_POSE A67 0.326401 -0.925952 0.346909 0.983941 -0.134537 -0.101338 -0.962048 -0.146937 -0.237410
VERTEX_POSE A68 0.468765 0.424796 -0.181153 0.120551 -0.954214 0.971769 0.169772 -0.202811 0.246277
VERTEX_POSE A69 -0.693185 -0.400627 -0.017871 0.976670 -0.189505 0.208152 0.951084 -0.052814 0.243982
VERTEX_POSE A70 -0.322063 -0.609846 0.331970 -0.418408 -0.893019 0.499041 -0.378456 0.758876 -0.243493
VERTEX_POSE A71 -0.071408 0.513734 -0.835819 0.503851 -0.699927 0.306431 0.692738 -0.807610 -0.173825
VERTEX_POSE A72 0.516920 0.954119 0.326104 -0.839798 0.542462 -0.193448 -0.261509 0.507265 0.798341
VERTEX_POSE A73 0.684807 -0.381299 0.104944 0.646268 0.412273 0.640467 0.164483 0.414897 -0.896090
VERTEX_POSE A74 0.828444 -0.605299 -0.174675 -0.888655 0.457423 0.458469 0.884681 0.009909 0.090022
VERTEX_POSE A75 -0.914554 -0.337036 0.755433 0.867938 -0.255273 0.353816 0.919795 -0.348566 0.298014
VERTEX_POSE A76 0.918083 0.107139 0.011693 -0.775588 0.564362 0.058964 0.510774 -0.628480 -0.648541
VERTEX_POSE A77 0.000166 -0.380571 -0.254145 -0.122131 0.446716 -0.747477 0.546087 0.652964 0.708685
VERTEX_POSE A78 0.011191 0.130068 -0.200433 -0.183438 -0.687875 0.934439 -0.343843 -0.305244 -0.639219
VERTEX_POSE A79 -0.303261 0.536218 -0.086736 -0.339582 0.771243 -0.284107 -0.629778 0.896642 0.092540
VERTEX_POSE A80 -0.469253 -0.007978 -0.032699 -0.324096 0.694704 0.723987 0.619056 0.608938 -0.366274
VERTEX_POSE A81 -0.926839 0.295561 -0.810483 -0.610129 0.722308 0.390922 -0.083001 0.689146 0.686572
VERTEX_POSE A82 0.101861 -0.517555 0.950095 0.930580 0.349241 0.365940 -0.878848 0.010433 -0.325050
VERTEX_POSE A83 0.669000 0.411643 0.883105 -0.282080 -0.238215 0.630893 -0.775835 0.722775 0.584238
VERTEX_POSE A84 0.254417 0.708294 -0.330229 -0.711157 -0.486383 0.289726 -0.860649 0.640558 -0.150716
VERTEX_POSE A85 0.354060 -0.211276 -0.612841 0.374070 0.794221 -0.880066 0.141156 -0.292499 0.591005
VERTEX_POSE A86 -0.181901 0.995803 0.339346 -0.704660 -0.617455 -0.647906 0.760784 -0.289261 -0.199892
VERTEX_POSE A87 -0.817983 0.042671 0.307099 -0.660715 -0.558046 -0.351251 -0.361224 0.663385 -0.747062
VERTEX_POSE A88 -0.063644 0.196849 0.158606 0.498295 0.555821 -0.082001 -0.733821 -0.863121 0.390602
VERTEX_POSE A89 -0.396961 0.998249 -0.496495 -0.709256 0.704712 -0.680319 -0.677422 0.184721 0.210901
VERTEX_POSE A90 0.414478 -0.907557 0.995590 0.011194 -0.775866 0.942471 0.218963 -0.334100 0.591681
VERTEX_POSE A91 0.449603 0.194500 -0.661145 -0.629132 0.678070 -0.770079 -0.610201 -0.105698 0.409726
VERTEX_POSE A92 -0.097035 -0.828226 0.193288 -0.835162 0.543979 -0.318960 -0.599283 -0.448073 -0.587322
VERTEX_POSE A93 -0.336149 -0.279832 -0.215638 -0.113229 0.044588 0.735157 -0.668262 0.668373 0.742589
VERTEX_POSE A94 0.973475 0.032842 -0.957923 0.789441 0.598200 0.258226 -0.120247 0.556869 -0.792274
VERTEX_POSE A95 -0.351832 0.929023 -0.821207 -0.254491 -0.966778 -0.625390 0.145622 -0.737646 0.210081
VERTEX_POSE A96 -0.458303 0.531056 -0.600300 0.957108 -0.282127 -0.179677 -0.756522 -0.227289 -0.589983
VERTEX_POSE A97 -0.813145 0.310771 -0.492320 0.550975 0.819848 -0.699358 0.351752 -0.455330 0.451796
VERTEX_POSE A98 0.974569 -0.996929 0.525702 -0.220757 -0.723107 -0.960087 0.279286 -0.171756 -0.631756
VERTEX_POSE A99 -0.989537 -0.044147 0.218547 -0.783089 -0.413557 -0.621864 0.529676 -0.007473 -0.740550
VERTEX_POSE A100 -0.506330 0.910144 0.489809 -0.169167 0.543895 0.960241 -0.096956 -0.222079 -0.833533
VERTEX_POSE A101 -0.347494 -0.606774 -0.142328 0.044073 0.509726 0.172678 0.843211 0.983992 -0.170803
VERTEX_POSE A102 -0.060946 -0.530413 0.382728 -0.865925 -0.077133 -0.500089 0.115326 -0.009207 0.990328
VERTEX_POSE A103 -0.989409 0.864263 -0.184087 -0.322323 0.779085 0.307591 0.623402 -0.895263 -0.066309
VERTEX_POSE A104 -0.662687 0.011926 0.962616 -0.816467 -0.384801 0.474483 -0.022317 0.329011 -0.922730
VERTEX_POSE A105 -0.232501 -0.135712 -0.791947 0.588201 0.713748 0.552045 -0.010773 -0.590988 0.700319
VERTEX_POSE A106 -0.903963 -0.472773 -0.428654 -0.373337 0.912710 0.611151 0.376655 0.697935 0.158404
VERTEX_POSE A107 -0.744604 -0.880935 -0.025691 0.643371 0.110379 0.716042 -0.436856 -0.270846 -0.892733
VERTEX_POSE A108 0.767664 0.483718 -0.046092 -0.497466 -0.867132 -0.562629 0.344184 0.660285 -0.360028
VERTEX_POSE A109 0.107228 0.657295 0.370913 0.710551 -0.358670 -0.420525 0.473328 0.564159 0.804560
VERTEX_POSE A110 -0.047865 0.655284 0.887573 -0.800773 -0.345707 -0.433242 -0.229591 -0.413599 0.909821
VERTEX_POSE A111 -0.701589 -0.524260 0.921209 -0.236027 -0.967343 -0.645196 0.227105 -0.726645 0.112560
VERTEX_POSE A112 0.180389 -0.047144 0.560430 0.557064 -0.702846 -0.148582 -0.608424 -0.817070 -0.368548
VERTEX_POSE A113 -0.946004 -0.862272 0.837667 0.588094 -0.808499 -0.499874 -0.342146 -0.635824 -0.478817
VERTEX_POSE A114 0.967411 0.887383 0.804315 -0.386637 -0.722693 0.903793 -0.173320 -0.183496 0.669085
VERTEX_POSE A115 -0.565193 -0.338849 -0.769799 0.632078 0.490079 -0.715750 0.072397 0.296949 -0.868667
VERTEX_POSE A116 0.408056 -0.073547 -0.775174 0.253609 0.879162 0.688818 -0.456952 0.679126 0.135164
VERTEX_POSE A117 -0.214490 0.883186 0.143661 -0.071971 -0.738854 0.201744 -0.668652 -0.976790 -0.083662
VERTEX_POSE A118 -0.383177 0.703822 0.537300 -0.331004 0.612682 -0.706374 -0.665163 0.625677 -0.426823
VERTEX_POSE A119 -0.655589 -0.876698 0.383433 0.307433 0.935048 0.475066 0.009939 -0.824498 0.354381
VERTEX_POSE A120 0.388549 0.881435 0.647166 -0.846980 0.497033 -0.085014 0.223633 -0.524784 -0.838419
VERTEX_POSE A121 -0.968699 0.796265 0.532890 0.795624 -0.426394 -0.585462 -0.358749 -0.155614 -0.830354
VERTEX_POSE A122 0.794014 0.317802 0.722287 0.323584 -0.037219 0.183254 -0.977842 0.928284 0.206011
VERTEX_POSE A123 -0.708486 -0.946791 -0.159546 -0.893780 -0.447889 0.032278 -0.116534 -0.447343 0.886462
VERTEX_POSE A124 -0.304848 -0.483567 -0.682748 0.171706 -0.784965 0.732593 0.505728 0.658653 -0.357867
VERTEX_POSE A125 0.767489 -0.649356 0.764364 -0.367604 0.678045 -0.881186 -0.472740 0.297286 -0.562825
VERTEX_POSE A126 -0.060318 0.982231 0.019247 -0.116097 0.713995 -0.777403 -0.497991 -0.618195 0.492154
VERTEX_POSE A127 0.236849 -0.952511 -0.283048 0.608442 -0.396878 0.771138 0.500233 0.187467 -0.769581
VERTEX_POSE A128 0.954344 0.661415 -0.727956 -0.789578 0.415397 0.109711 -0.628632 -0.603764 -0.657470
VERTEX_POSE A129 -0.085749 0.985302 -0.455052 -0.181456 -0.895885 0.951682 -0.263865 0.247739 0.357442
VERTEX_POSE A130 0.247312 0.003342 0.935499 0.188023 -0.759554 -0.061587 -0.641853 0.980232 0.105367
VERTEX_POSE A131 -0.551985 0.571559 0.761853 0.704696 0.010042 -0.708592 -0.040869 -0.036067 0.999114
VERTEX_POSE A132 0.566756 -0.621472 0.402621 -0.688417 -0.529777 0.226505 0.491827 -0.689041 0.690972
VERTEX_POSE A133 -0.813634 0.472929 0.318227 0.852505 0.410474 0.091168 0.492907 -0.514707 0.767172
VERTEX_POSE A134 -0.541395 0.435823 -0.422234 -0.674160 0.367851 0.218903 -0.728673 -0.705400 -0.577686
VERTEX_POSE A135 0.904069 0.390454 0.365237 -0.133052 -0.496479 -0.271666 -0.814069 -0.953150 0.301330
VERTEX_POSE A136 -0.046135 -0.662783 0.526280 -0.270221 -0.962370 0.905688 -0.243962 0.326666 -0.119691
VERTEX_POSE A137 -0.445358 0.963050 0.149112 0.516306 -0.794818 -0.270028 -0.504456 0.812720 0.337326
VERTEX_POSE A138 -0.840535 0.509519 -0.660454 0.642471 0.445955 -0.504211 0.858399 -0.577064 -0.253527
VERTEX_POSE A139 -0.278471 0.820935 -0.519812 -0.945698 -0.244840 0.317638 -0.556461 0.069008 -0.793980
VERTEX_POSE A140 0.661870 0.620346 -0.479975 0.989882 -0.078722 0.141499 0.609471 0.010539 -0.788890
VERTEX_POSE A141 0.111600 0.164803 -0.772882 -0.714628 -0.694964 -0.552331 0.630417 -0.429230 0.345833
VERTEX_POSE A142 0.019940 -0.703325 -0.598603 -0.227433 -0.543236 -0.645133 -0.537625 0.729436 -0.644867
VERTEX_POSE A143 -0.157740 -0.426798 -0.919545 -0.380347 -0.435478 -0.898014 -0.037056 0.221149 -0.899436
VERTEX_POSE A144 0.165595 0.302531 -0.935214 0.889063 0.251169 0.247608 -0.967035 -0.385042 -0.041920
VERTEX_POSE A145 -0.012649 -0.815943 -0.794288 0.665938 0.709454 -0.741970 0.597760 0.077503 -0.373307
VERTEX_POSE A146 0.277066 0.234353 -0.689343 0.843471 0.111665 -0.255549 -0.776966 0.472495 -0.619560
VERTEX_POSE A147 -0.426349 -0.771016 -0.710388 -0.643211 -0.706839 -0.347317 0.611971 -0.682386 0.354783
VERTEX_POSE A148 0.772861 -0.932757 0.349373 0.357608 0.777853 0.264394 0.446402 0.895663 -0.442345
VERTEX_POSE A149 0.893890 -0.061826 0.847957 0.403688 -0.708553 0.708239 -0.158452 0.579166 0.687638
VERTEX_POSE A150 -0.081938 -0.647714 0.673045 0.153931 0.651243 -0.713067 0.593820 0.683989 0.472504
VERTEX_POSE A151 0.161410 0.948677 -0.003462 -0.861557 0.504007 0.502874 0.863698 -0.069551 0.001452
VERTEX_POSE A152 0.925191 -0.265561 0.380847 -0.667090 -0.579368 -0.579993 0.798433 -0.467546 -0.163823
VERTEX_POSE A153 -0.287924 0.670088 0.395332 0.646940 0.705225 -0.489457 0.675711 -0.584723 0.214643
VERTEX_POSE A154 0.452924 -0.998114 0.836992 0.743010 -0.668149 0.611561 0.654166 0.271900 0.354463
VERTEX_POSE A155 -0.379657 0.250871 0.698099 -0.109543 0.479071 -0.860654 -0.484052 0.497267 -0.732247
VERTEX_POSE A156 -0.520435 -0.979268 0.159696 0.300876 0.784295 0.467425 0.374604 0.831256 -0.494523
VERTEX_POSE A157 -0.607394 0.984117 -0.143761 0.602167 0.641830 -0.774977 0.612826 0.191847 0.460976
VERTEX_POSE A158 0.857192 0.298360 -0.584949 0.949456 0.272740 0.308001 -0.904971 -0.060565 -0.326558
VERTEX_POSE A159 -0.566091 0.682147 0.431741 -0.638449 0.714170 -0.190014 -0.507547 0.745840 0.482034
VERTEX_POSE A160 0.306857 0.969420 0.401187 -0.194007 0.973700 -0.425600 -0.193254 0.883870 0.120669
VERTEX_POSE A161 0.104503 -0.698298 -0.649450 0.019861 -0.878525 -0.619799 0.363762 -0.784509 -0.309630
VERTEX_POSE A162 -0.118076 0.253707 0.193594 0.189974 0.974573 0.763185 -0.070459 0.617623 -0.212703
VERTEX_POSE A163 -0.126387 -0.652052 -0.196192 -0.693633 -0.712557 0.632375 -0.672519 -0.344928 0.199952
VERTEX_POSE A164 0.290870 0.774630 0.668777 0.704962 0.526123 -0.437459 -0.205306 0.558264 -0.825254
VERTEX_POSE A165 0.340529 -0.310470 0.771360 -0.237392 0.062987 0.911846 -0.329618 0.334936 0.942011
VERTEX_POSE A166 -0.222318 0.738402 -0.830956 0.931517 -0.205522 -0.342849 -0.220896 0.121369 0.953397
VERTEX_POSE A167 -0.755266 -0.888153 0.195057 -0.136113 0.706861 -0.762955 0.372153 -0.631960 -0.601540
VERTEX_POSE A168 0.895171 -0.347420 -0.079528 0.594884 -0.534424 -0.720111 -0.022443 -0.357146 -0.844918
VERTEX_POSE A169 -0.062854 0.247921 -0.491410 0.896224 0.048708 -0.309226 0.781255 0.318059 0.622309
VERTEX_POSE A170 -0.033736 0.932782 0.675245 -0.078968 -0.920052 -0.256284 0.390757 -0.963370 -0.028535
VERTEX_POSE A171 0.557041 -0.727074 0.440497 -0.313753 -0.572110 -0.424095 -0.629623 -0.849531 0.525609
VERTEX_POSE A172 -0.951254 -0.587276 -0.264292 0.771388 -0.615225 -0.419344 -0.299170 0.478656 0.729380
VERTEX_POSE A173 0.986204 -0.770543 -0.923358 -0.805875 0.204496 -0.092926 -0.970516 0.584749 0.127597
VERTEX_POSE A174 -0.600699 -0.153872 0.520952 0.493585 -0.455369 -0.026799 -0.859527 -0.869284 -0.232063
VERTEX_POSE A175 0.214341 0.715256 -0.199506 0.841421 -0.136189 0.314432 0.910419 -0.439480 0.390627
VERTEX_POSE A176 -0.026445 -0.586486 -0.717645 -0.699651 -0.513177 0.158292 -0.789830 0.696729 -0.335885
VERTEX_POSE A177 0.676367 -0.919520 0.831609 -0.593673 0.475160 0.667537 -0.159902 0.449385 0.865248
VERTEX_POSE A178 0.787992 0.944240 0.090106 0.088801 -0.078081 0.937654 -0.329775 0.336034 0.940825
VERTEX_POSE A179 -0.253584 -0.519243 0.631727 -0.686805 0.143581 0.293550 0.951584 -0.664927 0.271796
VERTEX_POSE A180 0.570256 0.018654 0.679566 -0.573052 0.735217 0.472711 0.657407 0.669444 0.165143
VERTEX_POSE A181 -0.293946 -0.703474 -0.236849 -0.652338 -0.526596 -0.270630 -0.509973 -0.707965 0.680165
VERTEX_POSE A182 0.907826 -0.570566 -0.371734 -0.625859 0.356748 0.764308 0.103410 0.155350 0.928460
VERTEX_POSE A183 0.495447 0.753093 0.060413 0.613563 0.480274 0.682335 -0.721982 0.397440 0.498076
VERTEX_POSE A184 0.418130 0.966614 -0.841517 0.527027 0.781400 0.632599 -0.623264 0.567504 -0.030912
VERTEX_POSE A185 0.360750 -0.568680 -0.534742 0.152152 -0.007787 -0.858209 -0.497032 0.490232 -0.867697
VERTEX_POSE A186 -0.884210 0.003965 -0.241488 0.578876 0.754807 0.596386 -0.133907 -0.556082 0.642134
VERTEX_POSE A187 0.897695 0.987346 0.318179 0.332066 0.711082 -0.314270 -0.536093 -0.889363 0.454936
VERTEX_POSE A188 0.753356 -0.584562 0.321496 -0.374820 0.117238 0.754603 -0.537704 0.538595 0.834943
VERTEX_POSE A189 0.972981 -0.697675 0.173563 0.378804 -0.654281 -0.819839 -0.565369 -0.429386 0.502270
VERTEX_POSE A190 -0.668396 0.669494 -0.250080 0.995553 0.017106 -0.092082 -0.030999 0.019896 -0.999373
VERTEX_POSE A191 0.060213 -0.615143 -0.277317 -0.574063 -0.669199 -0.062914 -0.538486 0.816390 -0.512060
VERTEX_POSE A192 0.077485 -0.395973 0.524113 -0.872460 -0.487115 0.389496 -0.741529 0.295138 -0.461362
VERTEX_POSE A193 0.213528 -0.076799 0.943514 0.503155 0.835857 0.127796 0.179228 0.854695 -0.518864
VERTEX_POSE A194 0.933825 -0.267195 0.526491 0.808331 0.585651 0.113125 -0.254705 -0.577757 0.769505
VERTEX_POSE A195 -0.631646 -0.621343 0.192890 -0.739442 -0.654130 -0.068633 -0.161977 0.669713 -0.738835
VERTEX_POSE A196 -0.445943 0.612731 0.714874 -0.269679 -0.591609 0.868309 0.191713 0.416308 -0.783100
VERTEX_POSE A197 -0.288493 -0.528793 0.695536 -0.787411 -0.179441 0.278095 0.750397 0.550134 -0.636164
VERTEX_POSE A198 -0.386911 -0.509496 -0.612052 0.425096 -0.892546 -0.616629 -0.407294 0.662618 0.193578
VERTEX_POSE A199 -0.550772 -0.734689 -0.364654 0.309620 0.950788 0.685470 -0.214624 -0.658988 0.223471
VERTEX_POSE A200 0.648653 0.719128 -0.795875 0.615675 0.507660 0.266719 0.585428 -0.741489 0.632104
VERTEX_POSE A201 0.579352 -0.576714 -0.936807 -0.395027 0.569494 0.689331 0.702442 0.607269 -0.426910
VERTEX_POSE A202 -0.993731 -0.461764 -0.924157 0.843674 0.040923 0.278748 -0.885544 0.458817 0.462750
VERTEX_POSE A203 0.697399 -0.868147 -0.060166 0.338523 -0.434863 0.434340 -0.714459 0.834716 0.548126
VERTEX_POSE A204 0.565556 -0.347257 -0.860165 -0.447761 0.209653 -0.675897 -0.715789 0.585383 -0.666102
VERTEX_POSE A205 -0.594431 0.384364 0.596795 0.569893 -0.794675 0.590807 0.219422 -0.571112 -0.565990
VERTEX_POSE A206 -0.088260 0.847109 0.740328 -0.975531 -0.066933 0.194044 -0.709959 -0.103370 -0.701055
VERTEX_POSE A207 -0.460889 0.066257 -0.577810 -0.523120 -0.346965 0.849008 -0.291853 -0.074363 -0.891312
VERTEX_POSE A208 -0.918064 0.464844 0.428404 -0.577382 0.776606 -0.698180 -0.309598 -0.423290 -0.548664
VERTEX_POSE A209 -0.300269 0.791349 -0.169566 -0.208260 0.957094 -0.861466 -0.081944 0.463147 0.277951
VERTEX_POSE A210 0.285527 0.547013 -0.946083 0.300174 -0.866842 0.859691 0.426678 -0.413312 0.257935
VERTEX_POSE A211 0.652192 -0.516501 0.107970 -0.611524 -0.681981 -0.784097 0.454436 -0.105970 0.573052
VERTEX_POSE A212 0.405785 -0.912125 0.593585 -0.583819 -0.776507 -0.604550 0.220898 0.541917 -0.590120
VERTEX_POSE A213 0.193353 0.976447 -0.317818 -0.259145 -0.963314 0.224663 -0.130396 -0.939346 0.234570
VERTEX_POSE A214 0.147639 -0.763408 -0.831617 0.342479 0.707961 -0.859971 -0.028535 0.378363 -0.705675
VERTEX_POSE A215 -0.176086 -0.945511 0.752067 0.930854 0.004317 0.249967 0.721807 -0.266510 0.692080
VERTEX_POSE A216 -0.445897 -0.592232 0.147440 0.501542 -0.745942 0.060152 -0.475227 -0.863039 -0.466615
VERTEX_POSE A217 0.263429 0.240557 -0.073105 -0.288824 0.465069 -0.288713 0.791083 0.912812 0.397364
VERTEX_POSE A218 -0.278391 -0.958165 0.070247 0.669122 -0.178186 -0.700652 -0.474866 -0.247715 0.861831
VERTEX_POSE A219 -0.692541 -0.176795 -0.531064 -0.719186 -0.467185 -0.641393 0.161752 -0.267184 0.869238
VERTEX_POSE A220 0.236410 0.542882 -0.899542 0.661700 0.116679 0.363991 0.813611 -0.655487 0.569582
VERTEX_POSE A221 0.053213 0.711329 0.820166 -0.229036 -0.844725 -0.462034 -0.343042 -0.856777 0.410806
VERTEX_POSE A222 0.367672 0.208063 0.191619 -0.693098 -0.120878 0.252443 -0.964112 0.675194 0.236381
VERTEX_POSE A223 -0.686105 -0.853092 0.624571 0.063613 -0.489733 0.580741 0.726758 0.811599 -0.481648
VERTEX_POSE A224 -0.733259 -0.365470 0.763680 -0.068391 0.338996 -0.039830 0.938823 0.996863 0.060768
VERTEX_POSE A225 0.301497 0.940868 -0.281889 -0.808525 -0.489343 0.457850 -0.174179 0.369678 -0.854521
VERTEX_POSE A226 -0.317750 -0.474435 -0.182539 0.765454 -0.285348 -0.299762 0.634994 -0.569406 -0.717885
VERTEX_POSE A227 -0.179203 -0.752739 0.478554 -0.570501 -0.651197 -0.594234 -0.093356 0.566935 -0.753145
VERTEX_POSE A228 -0.986996 -0.587925 -0.586354 0.824965 0.387188 0.203424 0.476245 -0.527306 0.789478
VERTEX_POSE A229 0.295339 0.016070 0.205409 0.004903 -0.344135 0.909101 0.392643 0.416547 -0.852879
VERTEX_POSE A230 0.270025 -0.487429 -0.886101 0.231556 -0.340278 -0.596034 0.690777 -0.768847 -0.637995
VERTEX_POSE A231 0.661658 -0.868796 -0.382228 0.790307 -0.009988 0.303836 0.874660 0.532071 -0.484633
VERTEX_POSE A232 -0.125309 0.439356 0.268601 -0.204814 -0.339582 0.832835 -0.553202 0.514235 0.760692
VERTEX_POSE A233 0.276294 0.050808 -0.810258 -0.732353 -0.598681 0.360927 -0.745289 -0.577401 0.293471
VERTEX_POSE A234 0.359057 -0.736944 0.557605 0.722727 -0.500854 0.355217 0.860290 0.592863 0.095117
VERTEX_POSE A235 -0.559753 -0.907901 0.408436 0.264687 0.253457 0.629742 -0.776134 0.730319 0.577387
VERTEX_POSE A236 0.681863 -0.564829 0.786538 0.134042 0.639435 0.541171 0.592756 -0.830160 0.489657
VERTEX_POSE A237 -0.729203 -0.889835 0.297933 0.960312 0.158862 -0.270617 0.331493 0.067582 -0.929987
VERTEX_POSE A238 -0.020642 0.158356 0.830626 0.270849 -0.927354 -0.782242 -0.055724 -0.561015 -0.370013
VERTEX_POSE A239 0.763799 0.900016 0.214942 0.777657 0.601052 0.022672 0.266228 -0.628279 0.753564
VERTEX_POSE A240 -0.029472 0.901513 -0.871633 0.696948 -0.710213 -0.445710 -0.320515 0.561789 0.626792
VERTEX_POSE A241 -0.735115 -0.294631 0.884543 -0.168094 0.610582 -0.831470 -0.509543 0.529530 -0.606264
VERTEX_POSE A242 0.415991 -0.616486 -0.677088 -0.112862 0.036428 -0.790799 -0.608335 -0.601580 0.792844
VERTEX_POSE A243 -0.623687 0.989388 0.721951 -0.566113 -0.791956 -0.762389 0.608544 -0.313496 -0.049796
VERTEX_POSE A244 0.458238 -0.318183 -0.433275 -0.384829 0.123330 -0.692459 -0.693819 0.610252 -0.709511
VERTEX_POSE A245 -0.436370 -0.379894 -0.508704 -0.125181 0.519057 -0.989324 -0.129404 -0.074621 0.844887
VERTEX_POSE A246 0.200227 -0.956123 0.474019 0.869898 -0.434300 0.297815 0.840340 -0.393171 -0.324365
VERTEX_POSE A247 -0.987659 0.089584 0.714165 -0.820596 -0.533705 -0.374802 0.232551 -0.431447 0.813068
VERTEX_POSE A248 0.827059 0.860663 0.418191 0.438982 -0.416069 0.464098 -0.653930 -0.769356 -0.631872
VERTEX_POSE A249 0.921836 -0.914287 -0.455735 0.870714 0.200348 0.489137 -0.447531 0.051010 0.871537
VERTEX_POSE A250 -0.680199 0.912790 -0.816899 -0.304008 -0.239471 -0.893435 -0.264303 0.330685 -0.934237
VERTEX_POSE A251 0.063470 0.403544 0.518648 -0.920176 -0.362534 -0.355532 0.615729 0.163927 -0.699605
VERTEX_POSE A252 -0.024951 0.797042 -0.635568 -0.708707 0.507875 -0.185271 -0.803719 0.680742 0.309999
VERTEX_POSE A253 0.687473 0.120852 0.374720 0.690513 0.712895 -0.082600 -0.090345 -0.718588 0.695427
VERTEX_POSE A254 0.377365 0.550453 0.143219 -0.687017 0.419410 -0.221422 -0.898607 -0.692084 -0.128844
VERTEX_POSE A255 0.241790 -0.568428 -0.871888 0.358690 0.563782 -0.903291 0.410615 0.235386 0.716621
VERTEX_POSE A256 -0.011030 0.061720 -0.907169 0.647023 -0.664735 -0.752820 -0.634633 -0.120928 0.394166
VERTEX_POSE A257 -0.940385 -0.923982 0.960680 0.253529 -0.869508 -0.715089 -0.463569 -0.651437 0.170466
VERTEX_POSE A258 -0.937413 -0.321167 0.606666 0.416505 0.397317 -0.050471 -0.887955 0.907731 -0.231678
VERTEX_POSE A259 0.001974 0.473795 -0.493523 -0.107094 0.992203 0.714890 0.032287 0.690987 0.120374
VERTEX_POSE A260 0.354953 0.092088 0.166089 -0.534821 0.844782 -0.841967 -0.534561 -0.071124 -0.024249
VERTEX_POSE A261 0.332612 0.191404 0.720565 0.584548 -0.691508 0.808094 0.543074 -0.072714 0.476327
VERTEX_POSE A262 -0.336368 0.604999 0.124248 -0.533206 0.828247 -0.613915 -0.518980 0.582065 0.211345
VERTEX_POSE A263 -0.770356 -0.468556 -0.565310 0.919598 -0.381770 0.311606 0.565136 0.239249 0.731351
VERTEX_POSE A264 -0.391094 -0.757788 0.910308 -0.842886 0.537967 -0.254550 -0.417687 0.474076 0.732208
VERTEX_POSE A265 -0.977311 0.868055 -0.318146 0.456460 -0.838973 -0.754753 -0.188790 0.471160 0.510375
VERTEX_POSE A266 -0.330109 -0.376457 0.843126 -0.675720 0.017966 0.531251 0.704936 0.511052 -0.709044
VERTEX_POSE A267 -0.709232 -0.322617 0.696845 -0.236815 -0.209203 -0.079694 -0.969068 0.968281 -0.130924
VERTEX_POSE A268 -0.706515 0.978220 0.979787 0.277476 -0.920778 0.298493 0.353887 0.913186 0.164107
VERTEX_POSE A269 0.649249 0.781899 0.673752 -0.951700 -0.178352 0.295315 -0.754442 0.083999 0.631671
VERTEX_POSE A270 -0.945433 -0.422601 -0.088213 0.218659 0.915020 0.354563 0.249169 -0.909106 0.317260
VERTEX_POSE A271 0.264013 0.879734 -0.891847 -0.625313 0.478773 0.157694 0.850914 0.764275 0.216151
VERTEX_POSE A272 0.914135 -0.512732 0.558295 -0.487314 0.466746 0.781001 0.611003 -0.390593 0.639392
VERTEX_POSE A273 0.470558 -0.039087 0.234700 -0.807481 -0.087812 -0.410213 -0.627026 -0.423910 0.774033
VERTEX_POSE A274 0.640326 0.869122 0.830105 0.131937 -0.042606 0.879029 -0.456734 -0.458150 -0.888582
VERTEX_POSE A275 0.372373 0.169085 -0.874980 -0.256738 0.499903 0.769797 0.623251 -0.584379 0.601378
VERTEX_POSE A276 -0.965812 0.581019 0.725995 0.443163 -0.830849 0.301566 0.491768 0.844195 0.260487
VERTEX_POSE A277 -0.159446 0.912999 0.304124 -0.715321 0.695380 0.693694 0.718539 0.084294 -0.012173
VERTEX_POSE A278 0.384715 -0.741331 0.839185 0.447252 0.383068 -0.867001 -0.036296 0.219713 -0.923007
VERTEX_POSE A279 0.861248 0.441682 0.144186 0.878244 0.475230 0.457314 -0.802015 0.139826 -0.361842
VERTEX_POSE A280 -0.237610 0.998712 0.848389 -0.264822 -0.222927 0.494439 0.803893 0.827889 -0.551417
VERTEX_POSE A281 0.704515 -0.828541 -0.977715 -0.802822 -0.595888 0.223502 -0.269928 -0.552742 0.756344
VERTEX_POSE A282 -0.075283 -0.154773 -0.337166 -0.983738 -0.049647 0.028418 0.905907 -0.177346 0.420556
VERTEX_POSE A283 0.737439 0.795753 -0.787179 0.990804 -0.055970 -0.112686 -0.845289 0.074894 -0.531369
VERTEX_POSE A284 0.391988 0.292311 0.397005 0.778672 0.582259 0.602829 -0.590971 0.173973 -0.558326
VERTEX_POSE A285 -0.697918 -0.604320 0.806053 0.519249 0.570874 -0.578952 -0.312434 -0.628646 0.759268
VERTEX_POSE A286 -0.020771 -0.772674 -0.659067 0.694190 -0.514092 0.719351 0.520007 -0.025200 0.682131
VERTEX_POSE A287 -0.619042 -0.645969 0.489836 0.101351 0.870356 -0.599711 0.439923 -0.793772 -0.221241
VERTEX_POSE A288 -0.638303 -0.528302 0.766733 0.735164 0.043342 -0.207227 0.964550 0.645438 0.260316
VERTEX_POSE A289 0.041816 -0.093842 0.947598 0.328198 -0.313084 -0.077783 -0.949228 -0.941401 -0.030720
VERTEX_POSE A290 0.382932 0.827826 0.996313 0.474634 0.622089 -0.576953 -0.314372 0.664716 -0.717061
VERTEX_POSE A291 0.716650 0.563785 -0.067178 -0.339682 -0.268850 -0.699907 0.712391 -0.628289 -0.648243
VERTEX_POSE A292 -0.625571 -0.902437 0.668164 0.728729 0.068593 -0.244767 0.955334 -0.639565 -0.287459
VERTEX_POSE A293 -0.953436 0.432825 0.120561 -0.727047 0.559583 -0.356376 -0.802834 0.586855 0.205727
VERTEX_POSE A294 0.946294 -0.904771 0.367512 -0.758424 -0.650487 -0.570347 0.632131 0.315432 -0.421044
VERTEX_POSE A295 -0.016666 -0.660225 0.578471 0.170658 -0.007025 -0.133403 0.990603 -0.976258 -0.136591
VERTEX_POSE A296 -0.930747 0.300881 0.802415 0.458630 0.419698 0.745966 -0.660830 -0.482901 -0.622220
VERTEX_POSE A297 -0.383815 -0.281229 0.210638 0.944633 0.292364 -0.319629 0.717216 -0.074196 0.632554
VERTEX_POSE A298 0.274103 0.017158 0.275316 -0.520734 0.696989 0.792292 0.179461 0.317978 0.694262
VERTEX_POSE A299 -0.637262 0.279101 0.782201 -0.489846 -0.729577 -0.746527 0.633758 -0.450275 -0.257036
VERTEX_POSE A300 -0.734565 -0.499330 -0.115609 0.329926 0.586761 0.641134 -0.714255 -0.692890 -0.381512
VERTEX_POSE A301 0.328670 0.594557 -0.812896 0.208979 0.935848 0.683799 0.067592 -0.699104 0.345860
VERTEX_POSE A302 0.626752 0.158834 0.890355 0.434547 -0.737186 0.642603 -0.148760 -0.631055 -0.659111
VERTEX_POSE A303 -0.820430 -0.012062 -0.557314 0.589458 0.661052 -0.267452 -0.382615 0.762239 -0.645458
VERTEX_POSE A304 -0.200772 -0.444530 0.421803 0.271605 -0.432259 -0.910664 -0.404449 -0.311322 0.805961
VERTEX_POSE A305 0.267078 0.027956 0.720460 -0.552336 0.485602 -0.557381 -0.819537 -0.619879 0.304219
VERTEX_POSE A306 0.551943 -0.842977 -0.432294 -0.708318 0.445197 0.626975 0.040225 -0.324328 -0.894529
VERTEX_POSE A307 -0.166584 -0.863510 0.147799 -0.249920 -0.695620 0.287240 0.611035 -0.924680 0.377821
VERTEX_POSE A308 -0.892368 -0.059045 0.024583 0.699421 -0.386177 0.052208 -0.811601 0.712800 0.438373
VERTEX_POSE A309 -0.063343 -0.584308 -0.593110 0.383634 0.797134 0.506418 0.240618 -0.772247 0.553787
VERTEX_POSE A310 -0.305336 0.578172 -0.708015 -0.113505 0.015965 0.738409 -0.667614 -0.664732 -0.744337
VERTEX_POSE A311 -0.129978 -0.060333 -0.127028 -0.003826 0.999705 0.268533 -0.022086 -0.963263 -0.010128
VERTEX_POSE A312 -0.358827 -0.412850 -0.570825 -0.614619 -0.492703 -0.443195 0.861717 -0.652550 -0.121192
VERTEX_POSE A313 0.619381 -0.576601 -0.045181 -0.288373 0.302111 -0.896752 -0.417872 0.335674 -0.856803
VERTEX_POSE A314 -0.392539 -0.264580 0.085793 -0.946766 -0.177820 0.312568 -0.308282 -0.077039 0.934528
VERTEX_POSE A315 -0.966839 0.879461 0.826181 0.394484 0.913471 0.860584 -0.405327 -0.322145 0.035795
VERTEX_POSE A316 0.921463 -0.180922 -0.239128 -0.430696 0.452454 0.389092 0.873800 0.814315 -0.178209
VERTEX_POSE A317 0.586690 -0.037254 0.426726 -0.117219 -0.601022 -0.911543 -0.250832 0.394142 -0.758851
VERTEX_POSE A318 -0.585881 -0.766508 0.316017 0.613249 -0.655276 -0.456543 0.161630 0.644588 0.737895
VERTEX_POSE A319 -0.716840 0.290776 -0.472395 -0.713952 -0.011061 0.697197 0.081189 -0.064719 0.996637
VERTEX_POSE A320 -0.371493 0.868904 0.374325 0.034061 -0.631219 -0.783122 -0.498550 0.620934 -0.594146
VERTEX_POSE A321 0.797051 -0.938681 0.312330 0.351995 0.230729 -0.540021 -0.741518 0.764511 -0.630012
VERTEX_POSE A322 0.999810 -0.145439 0.460427 0.642766 0.539048 0.673917 -0.735747 0.364265 0.410005
VERTEX_POSE A323 0.002935 0.966467 0.042488 0.627522 0.671113 0.778584 -0.543984 0.004763 0.503675
VERTEX_POSE A324 0.843615 0.494144 -0.567109 -0.909571 0.157468 -0.184542 0.676092 0.372324 0.719794
VERTEX_POSE A325 0.946105 -0.050210 -0.172061 0.308227 0.159916 -0.704860 -0.623631 -0.638881 0.765187
VERTEX_POSE A326 0.986269 -0.693759 -0.379041 -0.299670 -0.864223 0.746756 0.051150 0.593762 -0.500502
VERTEX_POSE A327 0.912869 -0.204975 -0.764695 0.069088 -0.035213 0.727103 -0.682475 -0.683043 -0.730060
VERTEX_POSE A328 -0.437710 0.668561 -0.961422 0.018870 -0.770019 0.112806 -0.632142 0.993438 0.086407
VERTEX_POSE A329 0.260372 0.323399 0.896276 -0.687728 0.353820 -0.047312 -0.893180 -0.724426 -0.277563
VERTEX_POSE A330 -0.724393 -0.925875 -0.982493 0.086808 0.802769 0.298157 -0.585965 -0.950561 -0.110485
VERTEX_POSE A331 -0.172275 -0.830769 -0.077032 0.580042 0.798250 0.192387 -0.327878 0.791542 -0.505265
VERTEX_POSE A332 -0.410958 -0.082044 -0.916621 0.333388 -0.941554 0.735910 0.291880 0.589313 0.168171
VERTEX_POSE A333 0.902359 0.232959 0.907861 -0.816764 -0.515769 0.252251 -0.722321 -0.518908 0.460689
VERTEX_POSE A334 0.007295 0.157169 0.365654 -0.505449 -0.548137 -0.816507 0.553556 -0.278993 -0.626994
VERTEX_POSE A335 0.388270 0.473426 0.505183 -0.295430 0.521256 -0.867708 -0.497062 0.399754 -0.693702
VERTEX_POSE A336 0.169437 -0.739085 0.628321 0.447587 0.892077 -0.894217 0.446994 -0.006451 -0.066299
VERTEX_POSE A337 -0.440762 0.314192 0.933360 -0.061634 -0.133025 -0.253065 0.960776 -0.965484 -0.243339
VERTEX_POSE A338 -0.778314 0.609916 -0.347018 0.205737 -0.811874 -0.774404 -0.476420 -0.598306 0.337468
VERTEX_POSE A339 0.277068 0.201870 -0.347096 -0.548006 0.835281 -0.370929 -0.290534 0.749734 0.466794
VERTEX_POSE A340 0.495895 0.729884 -0.659750 0.387541 0.646127 -0.921565 0.289357 -0.023023 -0.706252
VERTEX_POSE A341 -0.083651 0.188088 -0.055034 -0.325500 -0.409161 0.682702 -0.725437 -0.654192 -0.553469
VERTEX_POSE A342 -0.852910 -0.858463 0.525877 0.640500 0.763889 0.744465 -0.592383 0.188498 -0.256039
VERTEX_POSE A343 -0.862932 -0.682966 -0.230574 0.314664 -0.709619 -0.454800 -0.695668 -0.833153 0.111742
VERTEX_POSE A344 -0.464270 0.611487 0.899785 0.718966 0.103854 -0.537916 0.709303 -0.440152 -0.697211
VERTEX_POSE A345 -0.245449 -0.123043 -0.388330 -0.884928 -0.204948 -0.029821 -0.871190 0.464771 -0.446121
VERTEX_POSE A346 -0.829772 -0.803505 -0.404394 0.862979 0.392258 0.467910 -0.858258 0.190597 0.330949
VERTEX_POSE A347 -0.542806 -0.569435 -0.339343 -0.447700 -0.572316 -0.585821 0.768212 -0.675558 -0.286888
VERTEX_POSE A348 -0.658759 0.839703 -0.961604 0.075746 -0.155770 0.713169 -0.681852 -0.696888 -0.714712
VERTEX_POSE A349 -0.415653 -0.570013 0.911623 0.564719 0.819626 0.674053 -0.525519 -0.476177 0.228130
VERTEX_POSE A350 -0.259646 0.721341 0.188263 -0.001138 -0.630419 0.999921 -0.010430 0.012512 0.776185
VERTEX_POSE A351 -0.030252 0.708606 0.412721 0.420394 -0.509839 0.510770 -0.550711 0.749922 0.660894
VERTEX_POSE A352 -0.618602 -0.508694 0.223953 0.765708 -0.523599 -0.642462 -0.595044 0.030556 0.609726
VERTEX_POSE A353 -0.259836 -0.424098 -0.351310 -0.016284 0.302945 -0.746930 -0.637229 -0.664704 0.708635
VERTEX_POSE A354 0.972683 0.675073 -0.544791 -0.524667 0.403378 0.648714 -0.380802 -0.551266 -0.832032
VERTEX_POSE A355 -0.774987 0.985450 0.656843 -0.417436 -0.448039 0.531844 0.584965 -0.736810 0.676074
VERTEX_POSE A356 -0.313731 0.525692 0.476629 0.456211 0.783671 0.406594 -0.604983 -0.791551 0.140909
VERTEX_POSE A357 0.958952 0.981314 0.076168 -0.052278 0.211714 0.962011 -0.251548 0.267957 0.944405
VERTEX_POSE A358 -0.862118 -0.219526 0.892149 0.372922 -0.696911 0.162794 0.699100 0.913470 0.159922
VERTEX_POSE A359 0.248559 0.194253 0.515207 -0.838497 -0.236538 0.540754 -0.472213 0.067143 0.849155
VERTEX_POSE A360 0.219324 0.304713 -0.027557 0.832953 -0.345040 -0.551755 -0.577096 0.041898 -0.740208
VERTEX_POSE A361 -0.586511 -0.145401 0.909656 0.927709 -0.334543 -0.340513 -0.576507 -0.152992 -0.745467
VERTEX_POSE A362 -0.923716 0.363484 -0.561825 0.007331 -0.988239 0.406747 -0.136590 0.913511 0.068748
VERTEX_POSE A363 0.808366 -0.777331 0.055823 0.611570 -0.566865 -0.692788 -0.046735 0.382135 0.822484
VERTEX_POSE A364 -0.684152 -0.912441 0.817517 0.683101 0.151890 -0.376676 0.911270 0.625690 0.382774
VERTEX_POSE A365 0.083579 -0.479346 0.803829 0.841323 -0.218477 0.540352 0.316223 -0.014014 -0.923185
VERTEX_POSE A366 0.196636 0.696096 -0.438995 0.660017 0.704063 -0.289867 -0.083143 0.693076 -0.705253
VERTEX_POSE A367 0.485285 -0.651526 0.445838 -0.357426 0.930820 0.187688 0.151618 -0.914888 -0.332546
VERTEX_POSE A368 0.642816 0.834846 0.737189 0.077878 0.973253 0.663643 -0.212388 -0.743985 -0.087575
VERTEX_POSE A369 0.418321 0.306012 0.213987 -0.196725 -0.857044 0.612596 -0.486668 0.765523 0.169203
VERTEX_POSE A370 -0.237647 0.550345 -0.901258 0.057983 0.688221 0.985210 -0.156449 -0.161243 -0.708431
VERTEX_POSE A371 0.138711 0.564729 -0.922561 -0.000109 -0.907178 -0.884256 -0.196402 -0.467003 0.372094
VERTEX_POSE A372 -0.665329 -0.505901 -0.841047 0.326661 -0.855434 0.850247 0.080265 0.412761 0.511655
VERTEX_POSE A373 -0.090558 0.691882 0.624619 0.326506 -0.812078 -0.895490 -0.102019 0.302476 0.574562
VERTEX_POSE A374 0.275779 0.881763 -0.153135 -0.865455 0.466077 0.459893 0.593636 0.198712 0.656025
VERTEX_POSE A375 -0.129599 -0.894414 -0.941262 -0.236252 -0.750567 0.279985 -0.660743 0.930480 0.008249
VERTEX_POSE A376 0.663993 -0.431161 -0.763711 0.898785 0.312587 0.056265 0.613078 -0.434764 0.725551
VERTEX_POSE A377 0.446007 -0.921742 0.442471 0.940246 -0.242021 -0.022776 -0.746536 0.339734 0.619765
VERTEX_POSE A378 0.327595 -0.463849 -0.280604 0.583655 0.702228 -0.796634 0.397978 0.157228 -0.590329
VERTEX_POSE A379 -0.994766 -0.591459 -0.725315 -0.014279 0.030811 0.371834 0.928007 0.928189 -0.371287
VERTEX_POSE A380 -0.969646 -0.491755 0.354095 0.162461 -0.145808 -0.080378 -0.987690 -0.983436 0.056639
VERTEX_POSE A381 -0.932051 -0.742509 0.907658 0.931175 -0.168532 -0.150058 0.630964 -0.332258 -0.757286
VERTEX_POSE A382 -0.025019 -0.882852 0.687405 -0.661314 -0.564167 0.435914 -0.825373 0.610445 -0.021788
VERTEX_POSE A383 -0.588248 -0.000450 -0.421953 -0.762698 0.517169 -0.518781 -0.130624 0.386210 0.845857
VERTEX_POSE A384 -0.191887 -0.166607 -0.443652 -0.912790 -0.136198 0.048765 -0.972360 0.405507 -0.189646
VERTEX_POSE A385 -0.052336 0.792221 -0.857386 -0.574221 0.381799 0.818463 0.246421 -0.019702 -0.890790
VERTEX_POSE A386 -0.363234 -0.015000 -0.765109 -0.698480 0.711117 0.656902 0.592632 0.283912 0.378286
VERTEX_POSE A387 0.494382 -0.640915 -0.967023 0.657877 0.738174 -0.654753 0.658564 0.372151 -0.146262
VERTEX_POSE A388 -0.093383 0.773535 0.218782 0.900777 0.426000 0.337036 -0.808309 0.273874 -0.406399
VERTEX_POSE A389 -0.225352 0.765474 -0.872961 0.673607 -0.735052 -0.481711 -0.357468 -0.560543 -0.576120
VERTEX_POSE A390 -0.257059 0.553338 0.548183 -0.383896 -0.454886 -0.916774 0.291646 0.110222 0.841440
VERTEX_POSE A391 -0.874059 0.078249 -0.808775 -0.574986 -0.815079 -0.139642 0.012299 0.806158 -0.579219
VERTEX_POSE A392 0.188137 -0.379926 -0.963305 0.467141 -0.424954 0.532797 0.835128 0.705625 -0.349250
VERTEX_POSE A393 -0.180775 -0.083178 0.986358 0.859947 0.203555 0.214181 -0.976299 -0.463268 -0.073517
VERTEX_POSE A394 0.934307 0.300918 0.247048 -0.938450 -0.261351 0.092604 -0.820273 0.332771 -0.508771
VERTEX_POSE A395 0.503985 -0.292368 0.854212 -0.811848 0.480495 0.580266 0.600962 0.064771 0.638725
VERTEX_POSE A396 0.902804 0.437476 0.790188 0.573144 0.742111 -0.357526 -0.155148 0.737348 -0.652074
VERTEX_POSE A397 0.130942 -0.002986 0.808053 0.591026 0.559742 0.508991 -0.817399 0.625792 0.136191
VERTEX_POSE A398 -0.010731 0.056107 0.300050 -0.900931 -0.389701 0.262240 -0.839458 0.345765 -0.378739
VERTEX_POSE A399 0.545620 0.272321 0.527377 0.996843 -0.022074 -0.057740 -0.860858 0.054491 -0.508367
VERTEX_POSE A400 -0.450736 -0.696975 0.022040 0.074546 -0.870518 -0.727434 -0.381145 0.682117 -0.311331
VERTEX_POSE A401 0.751622 -0.393549 0.398792 -0.720447 -0.623487 0.583888 -0.781599 -0.374207 -0.019179
VERTEX_POSE A402 -0.315669 -0.162949 0.604816 0.723652 0.656893 -0.105715 0.408628 0.682021 -0.633652
VERTEX_POSE A403 -0.116066 -0.202876 0.180993 0.575320 0.628901 0.571155 -0.766569 0.585482 0.129825
VERTEX_POSE A404 -0.338936 -0.701667 0.023411 0.273421 0.290107 0.862092 -0.496815 -0.426660 -0.817932
VERTEX_POSE A405 0.960111 -0.281187 -0.548319 0.794405 -0.520042 -0.331211 -0.803976 0.509137 0.288406
VERTEX_POSE A406 0.754335 -0.097290 0.239732 0.619919 -0.232143 -0.371745 0.754340 -0.691018 -0.614068
VERTEX_POSE A407 -0.674943 -0.132828 0.259700 -0.360653 0.541875 -0.275251 0.715837 -0.891160 -0.440396
VERTEX_POSE A408 0.406118 -0.202929 0.894153 -0.535425 -0.805039 0.776290 -0.588215 0.332707 0.076908
VERTEX_POSE A409 0.081930 0.438861 0.959127 -0.144444 0.078279 0.951291 -0.263402 -0.272363 -0.961505
VERTEX_POSE A410 -0.669709 0.275713 0.534384 -0.467195 -0.234832 -0.854897 0.365938 -0.225565 -0.900524
VERTEX_POSE A411 0.436472 0.305316 0.248247 -0.344086 -0.938734 -0.521154 0.173593 0.781027 -0.297732
VERTEX_POSE A412 0.149879 0.696352 0.866785 -0.570471 -0.748671 -0.224214 0.537534 -0.790121 0.388007
VERTEX_POSE A413 0.305273 0.392861 0.221789 0.796514 0.380550 0.159199 0.617655 -0.583284 0.688247
VERTEX_POSE A414 0.848224 -0.695134 0.826295 -0.437853 0.615176 -0.834810 -0.548897 -0.333733 0.565925
VERTEX_POSE A415 0.957992 -0.470255 -0.576867 0.599889 -0.717495 0.513370 0.005797 -0.613665 -0.696540
VERTEX_POSE A416 -0.747063 0.185082 0.364404 0.292806 -0.905506 0.610491 0.424251 0.735911 0.008338
VERTEX_POSE A417 -0.515010 0.289866 -0.938815 -0.895436 0.145948 0.287264 -0.532322 0.340108 0.833866
VERTEX_POSE A418 0.452373 -0.111170 -0.543890 0.679968 0.686745 -0.697524 0.713867 -0.226060 -0.137021
VERTEX_POSE A419 0.159554 -0.041383 -0.416814 -0.063065 0.159789 -0.789288 -0.612085 -0.610776 0.774480
VERTEX_POSE A420 0.259638 0.055340 -0.811775 0.249703 -0.191329 0.947507 0.250441 0.199696 -0.949038
VERTEX_POSE A421 -0.804686 -0.557832 -0.995706 0.793594 0.291417 -0.219127 0.955823 -0.567619 0.038442
VERTEX_POSE A422 0.285494 -0.963135 -0.225589 0.739234 -0.634542 0.531414 0.755390 -0.413681 -0.163531
VERTEX_POSE A423 -0.552225 0.675414 -0.775080 -0.311114 -0.351470 0.918422 -0.350074 0.244354 0.868284
VERTEX_POSE A424 0.014539 0.358990 0.990652 -0.313246 0.425826 0.648684 0.748764 0.693603 -0.507961
VERTEX_POSE A425 0.219801 0.337783 -0.978541 0.628769 0.349941 0.112336 0.842765 -0.769435 0.409009
VERTEX_POSE A426 0.951760 -0.616954 -0.920868 -0.552521 0.739300 0.811110 0.370597 -0.191887 -0.562222
VERTEX_POSE A427 -0.082657 -0.203534 0.780840 0.663476 0.583274 0.002199 -0.627829 -0.748194 0.515385
VERTEX_POSE A428 -0.649257 -0.665203 0.829513 -0.586410 0.462357 0.132634 -0.755198 -0.799082 -0.464652
VERTEX_POSE A429 -0.058971 0.439153 0.379182 -0.198313 -0.737511 -0.938348 0.333134 -0.283152 -0.587452
VERTEX_POSE A430 -0.537037 -0.931213 0.308217 0.468487 0.210502 -0.220039 0.968396 -0.855630 -0.133782
VERTEX_POSE A431 -0.099993 -0.362178 -0.148447 -0.864660 0.278556 -0.495844 -0.606801 0.080628 -0.744445
VERTEX_POSE A432 -0.307349 -0.954396 -0.222026 0.220376 -0.238945 -0.415249 0.854305 0.882611 0.461593
VERTEX_POSE A433 0.147294 -0.094162 -0.086967 -0.641940 -0.388341 -0.072403 0.889103 0.763328 -0.242252
VERTEX_POSE A434 0.783941 0.434947 -0.967454 -0.650509 0.747172 0.438547 0.223017 -0.620092 -0.626097
VERTEX_POSE A435 0.353715 -0.656063 0.801385 -0.605130 0.752380 -0.458531 -0.062120 0.650820 0.655793
VERTEX_POSE A436 0.107405 0.624651 0.364714 -0.712423 0.596821 -0.599909 -0.245053 -0.364092 -0.764037
VERTEX_POSE A437 0.538277 -0.662343 0.272278 -0.034955 0.703875 0.534786 0.612881 -0.844265 0.359077
VERTEX_POSE A438 0.678773 0.211109 0.061085 0.652010 0.565062 -0.459133 -0.236382 0.603390 -0.790461
VERTEX_POSE A439 -0.486477 -0.578278 0.258867 0.102158 -0.948913 -0.574952 -0.301231 0.811784 -0.093935
VERTEX_POSE A440 -0.379793 0.776518 0.231405 -0.549952 -0.830364 -0.593538 0.312997 -0.587592 0.461008
VERTEX_POSE A441 -0.990936 -0.513178 -0.404531 0.438382 0.496012 -0.603875 -0.455117 -0.665700 0.739487
VERTEX_POSE A442 0.949995 0.727038 -0.492885 -0.560752 0.640467 0.315379 0.751207 -0.765567 -0.159657
VERTEX_POSE A443 0.770086 0.472870 0.098191 0.685475 -0.708762 -0.482382 -0.270613 -0.545374 -0.651479
VERTEX_POSE A444 0.314337 0.879683 0.817258 0.309261 -0.780043 0.365855 -0.430384 0.877785 0.454206
VERTEX_POSE A445 0.798219 -0.968096 -0.666591 -0.470988 -0.505308 -0.811699 0.569211 -0.345419 -0.648585
VERTEX_POSE A446 0.728077 -0.997384 0.521324 0.642345 0.302745 -0.612759 -0.348937 -0.460347 0.886898
VERTEX_POSE A447 0.567274 0.064765 0.181662 0.351486 -0.432250 -0.727622 0.432023 -0.589088 -0.791528
VERTEX_POSE A448 -0.716791 0.321770 -0.605406 0.700144 -0.517124 -0.688538 -0.671505 0.188981 -0.530720
VERTEX_POSE A449 0.180451 -0.108554 0.977434 0.942738 -0.274537 0.331251 0.704311 -0.038971 -0.654657
VERTEX_POSE A450 -0.273173 -0.976619 0.764847 -0.010633 0.997246 0.975377 0.026515 -0.220286 0.069268
VERTEX_POSE A451 0.542847 -0.622890 -0.417181 -0.615287 0.679732 -0.082593 -0.559244 0.783964 0.474564
VERTEX_POSE A452 0.375765 0.333614 0.981728 0.218215 0.476856 -0.194741 0.876220 0.956273 0.069624
VERTEX_POSE A453 -0.987678 -0.939753 -0.460742 0.467623 -0.833118 0.849139 0.330573 0.245544 0.443436
VERTEX_POSE A454 0.990622 -0.947476 -0.192261 0.342517 -0.894389 -0.635770 -0.446081 -0.691722 -0.032872
VERTEX_POSE A455 -0.609696 -0.307396 0.972380 -0.315800 0.859410 0.803908 0.467455 -0.503987 0.207126
VERTEX_POSE A456 0.232123 0.398030 -0.439282 -0.408029 -0.592942 0.645706 0.350137 -0.645427 0.725137
VERTEX_POSE A457 0.942382 -0.564430 -0.113129 0.540557 -0.788941 0.677736 0.202585 -0.498470 -0.580113
VERTEX_POSE A458 0.307647 0.489070 0.753220 0.802792 -0.175737 -0.342490 -0.918122 -0.488083 0.355201
VERTEX_POSE A459 0.582866 0.732827 -0.609770 -0.959436 0.277628 0.271526 0.863160 -0.075862 -0.421756
VERTEX_POSE A460 -0.116589 0.874723 -0.733948 0.949739 0.121236 0.033253 0.877672 -0.311271 0.463674
VERTEX_POSE A461 0.770610 0.557857 0.061437 0.220216 -0.355612 0.884905 0.464628 -0.410425 0.810963
VERTEX_POSE A462 -0.517127 -0.629351 0.241783 -0.879795 -0.399243 -0.440527 0.888714 0.178598 0.225371
VERTEX_POSE A463 0.576062 0.920327 0.044026 0.388462 -0.838744 -0.020103 0.406293 -0.921245 -0.362539
VERTEX_POSE A464 -0.082096 -0.536305 0.974470 -0.486079 0.004698 -0.305536 -0.937792 0.818764 -0.347165
VERTEX_POSE A465 -0.733186 0.805595 0.274329 -0.071660 -0.668129 0.716108 -0.551308 -0.694302 -0.499663
VERTEX_POSE A466 -0.070223 -0.735736 -0.154588 -0.398241 0.199929 0.059425 -0.968285 0.915354 0.149844
VERTEX_POSE A467 -0.974691 -0.911654 0.339184 0.746587 -0.073722 0.069788 -0.979680 0.661618 0.186527
VERTEX_POSE A468 0.805091 -0.856748 -0.453393 -0.436709 0.882160 -0.897149 -0.412611 0.066393 0.227036
VERTEX_POSE A469 -0.391450 0.475373 0.906496 0.886547 0.455127 0.249164 -0.318507 -0.389809 0.831512
VERTEX_POSE A470 -0.461168 -0.489932 -0.401949 0.622303 -0.706729 -0.159664 -0.535518 0.766320 0.462336
VERTEX_POSE A471 -0.574702 0.919770 0.778013 0.101625 -0.873379 0.994792 0.085462 -0.007801 -0.479484
VERTEX_POSE A472 -0.382386 0.962196 -0.498035 -0.472883 -0.219013 -0.873578 0.243039 0.115079 0.944968
VERTEX_POSE A473 -0.511173 -0.762894 0.105166 -0.461617 -0.746800 0.883648 -0.339691 -0.077950 0.571752
VERTEX_POSE A474 -0.804617 0.392641 -0.123796 0.789323 -0.359140 0.613768 0.482761 -0.016058 0.798724
VERTEX_POSE A475 0.931951 0.841879 -0.680777 -0.339911 0.327263 0.499333 -0.731641 -0.796948 -0.597997
VERTEX_POSE A476 -0.712953 -0.730990 0.438575 0.381181 -0.913994 0.882670 0.404507 0.274945 -0.031458
VERTEX_POSE A477 0.923461 0.395256 -0.602472 0.597663 -0.529395 -0.682401 -0.730119 0.420865 -0.432050
VERTEX_POSE A478 0.499225 -0.093357 0.500885 -0.676473 -0.635030 -0.076794 0.564519 -0.732452 0.527309
VERTEX_POSE A479 -0.429744 0.590780 0.833170 -0.644640 0.471400 0.756041 0.276409 0.113324 0.837484
VERTEX_POSE A480 0.103912 -0.713298 -0.625038 0.828756 0.523363 0.403356 -0.313246 -0.387901 0.792444
VERTEX_POSE A481 -0.773948 -0.069975 0.265733 0.189785 -0.749885 0.611470 0.595302 0.768171 -0.288598
VERTEX_POSE A482 -0.886897 0.967890 -0.584011 0.203165 0.402492 0.336074 0.827562 -0.919662 0.391333
VERTEX_POSE A483 -0.520323 0.620316 -0.643310 0.551500 0.833240 0.251922 -0.121232 -0.795226 0.539458
VERTEX_POSE A484 -0.761626 -0.009729 0.804991 -0.244247 0.830784 -0.916839 -0.365827 0.315833 -0.419486
VERTEX_POSE A485 -0.896275 -0.979586 0.223728 0.507253 -0.804512 0.780497 0.580868 0.365403 -0.123905
VERTEX_POSE A486 -0.130019 -0.687080 -0.670930 0.796491 -0.468843 -0.009287 0.621916 -0.604579 -0.627222
VERTEX_POSE A487 0.470497 -0.611699 -0.634292 0.029589 -0.940042 0.860196 0.197079 0.509105 -0.278355
VERTEX_POSE A488 -0.953893 -0.544016 -0.889402 0.639045 0.047000 -0.261836 0.951811 -0.723231 -0.303061
VERTEX_POSE A489 -0.822372 0.801990 -0.917710 -0.114208 0.698848 -0.821009 -0.466585 -0.559375 0.542134
VERTEX_POSE A490 0.053363 -0.878872 -0.244061 0.448472 0.735105 0.745152 -0.621631 -0.493579 -0.270546
VERTEX_POSE A491 -0.070482 -0.669293 -0.623349 -0.514637 0.737211 0.561134 -0.096481 0.648288 0.668738
VERTEX_POSE A492 0.948238 0.359847 0.143726 0.692634 -0.691007 0.692296 0.717355 0.202446 -0.088943
VERTEX_POSE A493 0.536236 -0.508223 0.997722 -0.668502 -0.221081 0.183861 -0.974285 0.720625 0.043490
VERTEX_POSE A494 -0.494420 -0.748966 0.420677 0.616817 -0.439954 -0.182684 -0.886577 -0.765613 -0.142903
VERTEX_POSE A495 -0.133857 0.823541 0.118196 0.845898 0.524516 0.501730 -0.844041 -0.180897 0.111701
VERTEX_POSE A496 0.803050 -0.702628 0.272051 -0.817930 0.568044 0.031184 -0.114499 -0.574472 -0.814994
VERTEX_POSE A497 0.435358 -0.484702 -0.733911 0.770258 -0.065778 0.221280 0.960437 0.598112 -0.270617
VERTEX_POSE A498 -0.108548 0.911887 -0.542620 0.256282 0.792584 -0.533582 -0.361288 -0.805983 0.491204
VERTEX_POSE A499 0.608141 -0.559375 0.818658 0.274402 0.939932 -0.094244 0.236430 -0.956986 0.246228
VERTEX_POSE A500 -0.956092 0.990671 -0.827415 -0.313219 -0.902980 0.307436 -0.389461 -0.898542 0.181512
VERTEX_POSE A501 0.430285 -0.578045 0.055432 -0.776264 0.616832 -0.423872 -0.663489 -0.466633 -0.423439
VERTEX_POSE A502 -0.966562 -0.639605 0.596671 0.311597 0.830849 0.815860 0.014820 0.487113 -0.556301
VERTEX_POSE A503 -0.338478 0.952867 -0.325450 0.625330 -0.283778 0.772317 0.358460 0.111754 -0.889369
VERTEX_POSE A504 0.919112 -0.340939 -0.839402 -0.503778 -0.480552 -0.862889 0.318785 0.040375 0.816974
VERTEX_POSE A505 -0.771178 0.753036 -0.527125 0.779360 -0.414029 0.455392 0.889828 0.430368 -0.191796
VERTEX_POSE A506 -0.406527 0.794745 -0.006227 -0.288855 -0.927233 -0.323454 0.328822 -0.901077 0.179205
VERTEX_POSE A507 -0.793841 -0.071929 0.599173 -0.322736 -0.615697 -0.740035 -0.309353 -0.590077 0.724719
VERTEX_POSE A508 -0.847717 0.148292 -0.129598 -0.717096 -0.690915 -0.194018 0.324254 0.669425 -0.646139
VERTEX_POSE A509 -0.907302 -0.298612 -0.505342 0.552790 -0.696739 0.832713 0.440913 -0.031807 -0.565818
VERTEX_POSE A510 -0.223585 -0.481149 0.432343 0.560660 -0.006879 0.755149 -0.406006 0.339721 0.913844
VERTEX_POSE A511 0.256195 0.434994 0.245364 0.278760 0.450318 -0.956147 0.047487 -0.089867 0.891604
VERTEX_POSE A512 -0.681250 0.631413 0.760391 -0.620846 0.674913 0.538236 0.736849 -0.569958 -0.039334
VERTEX_POSE A513 -0.110482 -0.513258 0.848332 -0.629856 0.772008 -0.758082 -0.634949 -0.169095 -0.029035
VERTEX_POSE A514 0.735872 0.055310 0.602054 0.257843 0.953413 -0.717862 0.297515 -0.646677 0.049880
VERTEX_POSE A515 -0.442876 -0.378316 0.565382 0.490294 -0.847277 0.750896 0.529640 -0.442456 -0.040028
VERTEX_POSE A516 -0.006757 -0.492844 0.072060 0.090113 -0.991742 0.940889 0.054736 -0.326509 -0.115980
VERTEX_POSE A517 -0.394147 0.368231 0.931124 -0.307276 -0.723626 -0.607556 0.649029 0.732432 0.234791
VERTEX_POSE A518 -0.972380 0.009985 0.931090 0.961976 0.095572 -0.083450 0.994832 0.260075 -0.034294
VERTEX_POSE A519 0.039351 -0.036860 0.182658 0.463313 -0.204105 -0.883260 -0.027225 0.072062 0.978570
VERTEX_POSE A520 -0.216519 0.170220 -0.986586 0.800442 0.139019 0.552410 -0.548671 -0.232672 -0.824399
VERTEX_POSE A521 0.080983 0.131113 -0.312971 0.686962 -0.656143 -0.708066 -0.701064 -0.163482 0.279259
VERTEX_POSE A522 0.968869 0.293847 0.559309 0.382078 -0.852585 0.850365 0.173321 0.361794 0.493010
VERTEX_POSE A523 -0.268280 -0.469933 0.157141 -0.708839 -0.705312 0.698818 -0.703945 0.095920 -0.083646
VERTEX_POSE A524 -0.382782 0.622890 -0.315250 -0.495631 0.793426 -0.752389 -0.189007 0.433891 0.578577
VERTEX_POSE A525 -0.525551 0.544880 -0.020014 -0.936844 0.303272 0.311096 0.950192 0.159821 -0.071846
VERTEX_POSE A526 0.597863 -0.646392 -0.724663 -0.316020 0.391768 -0.372038 -0.888989 0.872765 -0.237099
VERTEX_POSE A527 -0.579732 0.920263 0.956801 -0.839829 0.162217 -0.537622 -0.380671 0.075159 -0.910371
VERTEX_POSE A528 0.909807 -0.939822 0.246075 -0.181775 0.092356 0.968475 -0.155642 0.170336 0.983487
VERTEX_POSE A529 -0.510685 -0.734505 -0.267283 -0.860609 0.509083 0.392991 0.646770 0.323899 0.567912
VERTEX_POSE A530 -0.971591 -0.639113 0.775460 -0.385123 0.773700 -0.841035 -0.069838 0.379922 0.629691
VERTEX_POSE A531 0.953714 -0.949150 0.418660 0.854816 -0.028141 0.482562 -0.324125 0.190849 0.945596
VERTEX_POSE A532 0.919600 -0.312550 0.788149 -0.966764 0.220504 0.244779 0.652097 -0.073832 -0.725360
VERTEX_POSE A533 -0.938153 -0.278718 0.372131 -0.317937 0.754380 -0.947644 -0.233818 -0.029783 -0.613384
VERTEX_POSE A534 -0.384764 -0.996284 -0.906790 -0.722494 -0.494173 0.640207 -0.214147 -0.261031 0.842576
VERTEX_POSE A535 0.838712 0.346511 0.948747 0.238516 0.828064 0.526455 0.328766 0.816061 -0.454117
VERTEX_POSE A536 -0.709331 -0.525682 0.845005 0.303787 -0.601066 0.483685 0.765755 0.820830 -0.228778
VERTEX_POSE A537 0.208709 0.798462 0.086983 0.786273 -0.617462 0.482475 0.636514 0.385996 0.462159
VERTEX_POSE A538 -0.955130 -0.725417 0.547920 -0.058600 -0.629297 0.341462 -0.742097 -0.938067 -0.230816
VERTEX_POSE A539 -0.557048 0.622610 -0.284592 0.010805 0.734588 0.702937 0.476953 -0.711170 0.482593
VERTEX_POSE A540 0.301407 -0.500150 0.581641 -0.817097 -0.370329 -0.141250 0.871634 -0.558928 0.321108
VERTEX_POSE A541 -0.178715 -0.206566 -0.019737 -0.997113 -0.074939 -0.059305 0.667567 0.047428 -0.740769
VERTEX_POSE A542 0.699147 0.057604 0.960772 -0.927718 0.227921 0.363570 0.372260 0.084587 0.899708
VERTEX_POSE A543 0.620157 -0.868737 0.342032 0.599056 0.744317 -0.510672 0.639087 -0.616722 0.193804
VERTEX_POSE A544 0.710803 0.280176 -0.171404 0.512119 -0.598220 -0.214862 0.605531 0.831606 0.524847
VERTEX_POSE A545 0.435018 -0.887086 0.562826 0.137656 -0.942010 0.390835 0.335580 -0.910109 0.001629
VERTEX_POSE A546 -0.822720 -0.247053 -0.092586 -0.893481 0.179015 -0.448660 -0.396381 -0.019871 0.900464
VERTEX_POSE A547 -0.295954 0.787332 0.900656 0.211840 -0.522051 0.892228 0.448286 -0.398815 0.725605
VERTEX_POSE A548 -0.959129 0.481145 0.493951 -0.596007 -0.499779 -0.635869 0.771723 0.490352 0.393274
VERTEX_POSE A549 -0.795100 0.762933 -0.161496 -0.324493 -0.507303 -0.420195 -0.678849 0.847432 -0.530856
VERTEX_POSE A550 0.743397 -0.249528 0.083314 -0.969494 0.124024 -0.158674 0.339871 0.186825 0.932259
VERTEX_POSE A551 -0.175647 -0.348635 0.507365 -0.889456 0.424538 -0.441460 -0.893902 -0.118239 0.143896
VERTEX_POSE A552 0.285883 -0.105954 0.525533 0.391639 0.628482 0.842338 -0.538792 -0.370250 -0.560993
VERTEX_POSE A553 0.712265 -0.955682 -0.357377 -0.216638 0.721241 0.479612 -0.508375 -0.850318 -0.470495
VERTEX_POSE A554 0.556072 0.181432 -0.335494 -0.906270 0.390220 0.002626 0.389596 -0.422691 -0.834232
VERTEX_POSE A555 0.903101 -0.483064 -0.789717 0.809062 -0.511412 0.445346 0.855021 -0.383518 -0.086003
VERTEX_POSE A556 -0.813285 0.589199 0.622609 0.752852 -0.640305 -0.266639 -0.508384 0.601762 0.575809
VERTEX_POSE A557 0.153935 0.535040 -0.060158 -0.287796 -0.884013 0.932345 -0.346532 0.218876 0.313745
VERTEX_POSE A558 -0.676631 -0.562801 -0.832915 -0.590550 0.519718 -0.487814 -0.839324 0.642875 -0.159462
VERTEX_POSE A559 -0.903479 0.649377 -0.131316 0.119735 -0.970337 0.368728 -0.152949 -0.921794 -0.187222
VERTEX_POSE A560 0.643250 0.800535 0.672560 0.214625 -0.490237 0.652975 -0.571177 -0.726333 -0.658350
VERTEX_POSE A561 -0.648222 -0.201914 0.942544 0.364360 0.807561 0.893477 -0.162731 -0.262567 0.566889
VERTEX_POSE A562 -0.949764 0.700227 -0.712656 0.651868 0.635731 0.119833 0.451961 -0.748804 0.625761
VERTEX_POSE A563 0.562850 -0.512015 0.460709 0.732159 0.675641 -0.533682 0.490283 0.423234 -0.550574
VERTEX_POSE A564 -0.586374 0.519368 0.314675 0.861863 -0.353261 0.095367 -0.591790 0.498094 0.724563
VERTEX_POSE A565 -0.334528 0.703943 -0.619446 -0.761537 -0.539641 0.648111 -0.630784 0.003836 -0.557583
VERTEX_POSE A566 0.401562 0.834496 0.409456 0.317983 -0.723361 0.747191 -0.206721 0.583603 0.658799
VERTEX_POSE A567 -0.295705 0.993686 0.159680 -0.827476 -0.514742 -0.145100 -0.189922 0.542429 -0.836045
VERTEX_POSE A568 0.874181 0.502405 0.467536 -0.794775 -0.596908 0.151245 -0.369849 -0.587757 0.711978
VERTEX_POSE A569 0.446432 -0.890921 -0.042624 -0.900271 -0.427201 0.297855 -0.744746 0.317481 -0.512692
VERTEX_POSE A570 0.147247 0.616296 0.875088 0.043020 -0.839200 0.941300 0.215894 -0.334818 0.499132
VERTEX_POSE A571 0.175588 -0.997745 0.049178 -0.401763 0.766075 -0.840798 -0.091516 0.362830 0.636203
VERTEX_POSE A572 -0.732283 -0.097487 0.937639 -0.783603 -0.595694 -0.398296 0.699600 0.476787 -0.394598
VERTEX_POSE A573 -0.153606 -0.326100 0.835860 0.986851 0.161595 0.022885 -0.118466 0.160004 -0.979721
VERTEX_POSE A574 -0.204255 -0.866481 -0.608790 -0.234115 0.882002 -0.660068 -0.453055 0.713793 -0.129668
VERTEX_POSE A575 0.978520 -0.817311 -0.233765 0.662303 -0.697117 0.390963 0.634164 -0.639142 -0.334460
VERTEX_POSE A576 -0.718588 -0.213186 0.398686 -0.604187 -0.200560 -0.380659 0.922881 -0.700040 -0.328734
VERTEX_POSE A577 -0.026975 -0.113534 0.298623 0.312354 0.692557 -0.255211 -0.598138 -0.915042 0.403232
VERTEX_POSE A578 -0.317434 0.970020 -0.333109 -0.550146 0.704483 0.142748 -0.449696 0.822777 0.549069
VERTEX_POSE A579 -0.677717 -0.732041 -0.107363 0.247425 -0.944152 0.912091 0.151184 -0.326911 -0.292781
VERTEX_POSE A580 0.177926 -0.350601 -0.862872 -0.711006 -0.500794 -0.683774 0.656190 0.164082 0.564464
VERTEX_POSE A581 -0.574038 -0.279508 0.750205 -0.395678 0.484053 -0.359009 -0.863726 0.845311 -0.140251
VERTEX_POSE A582 0.146636 -0.080676 -0.599998 -0.736825 -0.288593 -0.341027 0.939492 0.583772 0.184576
VERTEX_POSE A583 -0.536191 0.543445 0.662660 0.890711 -0.454155 0.307128 0.632773 0.335122 0.627169
VERTEX_POSE A584 -0.861772 -0.235190 -0.607172 0.724943 -0.555269 -0.688478 -0.565768 -0.021358 -0.609575
VERTEX_POSE A585 -0.297292 -0.899244 0.064507 -0.444667 0.514921 -0.566525 -0.795461 -0.693772 0.319529
VERTEX_POSE A586 -0.633090 -0.939619 0.872944 -0.638785 0.722702 -0.280672 -0.538283 0.716364 0.433536
VERTEX_POSE A587 -0.675058 -0.645991 -0.984563 0.425548 0.553824 -0.397194 0.824915 -0.813109 -0.113111
VERTEX_POSE A588 0.856643 0.635796 -0.995650 0.839186 0.532749 -0.437091 0.541123 -0.323602 0.650664
VERTEX_POSE A589 -0.309721 -0.502420 -0.959972 -0.518878 -0.359757 -0.553005 -0.550492 0.651883 -0.753348
VERTEX_POSE A590 -0.578536 -0.996614 -0.115879 -0.204337 -0.548581 -0.801304 -0.381992 -0.562280 0.743734
VERTEX_POSE A591 0.499894 0.436331 0.676909 -0.190454 -0.980362 -0.852874 0.191046 -0.486141 0.048907
VERTEX_POSE A592 0.042058 0.295666 0.982572 -0.295900 -0.134721 0.555500 -0.829654 -0.777086 -0.541779
VERTEX_POSE A593 -0.528301 0.703613 0.171465 -0.258778 0.008607 0.879258 0.416109 0.399924 -0.909274
VERTEX_POSE A594 0.062744 0.924316 0.137618 -0.032104 -0.529444 -0.728911 0.592730 -0.683855 -0.606927
VERTEX_POSE A595 0.455683 -0.184965 0.297247 0.927320 -0.189181 0.368889 0.316221 0.063231 0.929631
VERTEX_POSE A596 0.137171 0.407556 0.552019 -0.157203 -0.551265 0.073788 -0.833940 -0.984806 0.025514
VERTEX_POSE A597 -0.535694 0.758812 -0.452926 -0.660124 0.029655 0.751126 0.017078 -0.006752 -0.999414
VERTEX_POSE A598 -0.840022 -0.191279 -0.543072 0.357773 -0.621689 0.727108 -0.282726 0.585928 0.730458
VERTEX_POSE A599 0.011353 -0.090039 0.019555 0.079659 -0.117450 0.189390 0.976730 0.978665 -0.179455
VERTEX_POSE A600 0.910738 0.867891 0.504449 -0.591527 0.802323 -0.130936 0.002118 -0.795583 -0.596887
VERTEX_POSE A601 0.307225 -0.574983 -0.667985 -0.577637 0.370336 -0.660987 0.310720 0.478990 0.875388
VERTEX_POSE A602 -0.813059 -0.087784 -0.931267 0.606962 0.794661 0.247124 -0.176069 0.755332 -0.580960
VERTEX_POSE A603 -0.821545 -0.229596 0.442089 -0.892568 -0.280845 -0.446841 0.446004 0.060460 -0.849827
VERTEX_POSE A604 -0.846381 0.098917 -0.832125 -0.708794 0.107747 -0.394073 0.759198 -0.585079 -0.641879
VERTEX_POSE A605 -0.017314 0.045735 -0.540058 0.010748 -0.999053 0.705848 0.037445 -0.708281 0.022156
VERTEX_POSE A606 -0.843025 -0.046907 -0.791676 0.392394 -0.645917 0.144722 0.746431 -0.908341 -0.160104
VERTEX_POSE A607 -0.564969 0.885731 0.566562 0.330885 0.919185 0.769985 -0.393823 -0.545562 0.001662
VERTEX_POSE A608 0.955712 0.932201 0.758566 0.230699 -0.489395 -0.889611 0.244043 0.394170 0.837219
VERTEX_POSE A609 -0.160460 -0.076887 -0.124786 -0.058919 -0.741233 0.995578 -0.092722 0.073162 0.664813
VERTEX_POSE A610 -0.242686 -0.846310 -0.540801 0.359161 -0.718301 -0.802399 0.088388 -0.476613 -0.690095
VERTEX_POSE A611 0.133637 -0.418401 0.895693 0.143101 0.985541 -0.680210 0.164524 0.718914 -0.040508
VERTEX_POSE A612 0.265503 0.643605 -0.374581 -0.882828 0.374043 0.455578 0.829087 0.114293 -0.415580
VERTEX_POSE A613 0.903950 0.073015 -0.140800 -0.020110 -0.964746 -0.995146 -0.005974 0.096332 -0.263113
VERTEX_POSE A614 0.597446 -0.874956 0.558354 0.522657 0.766884 -0.544177 0.636389 -0.656278 0.083057
VERTEX_POSE A615 0.403730 -0.591585 0.018247 -0.685026 -0.649532 -0.287450 0.657108 0.669412 -0.382515
VERTEX_POSE A616 -0.393342 0.173771 0.923708 0.725658 -0.567258 -0.633956 -0.771194 -0.267432 0.288925
VERTEX_POSE A617 0.964356 -0.814574 0.431298 -0.901255 0.034265 -0.180913 0.876057 -0.393713 -0.480988
VERTEX_POSE A618 0.728673 -0.237576 0.033684 -0.971871 0.235510 0.192742 0.798951 0.135343 0.553364
VERTEX_POSE A619 -0.536698 -0.190433 0.928057 0.860589 -0.257727 -0.446663 -0.796340 -0.244701 0.547191
VERTEX_POSE A620 -0.345365 -0.316994 0.471326 0.706747 -0.536691 -0.129094 -0.738437 -0.695588 -0.408255
VERTEX_POSE A621 -0.849864 -0.234190 0.917805 0.874312 -0.249474 -0.226430 -0.968378 -0.429311 0.002683
VERTEX_POSE A622 0.963196 -0.754102 0.604967 0.308074 -0.925240 -0.430293 0.072050 0.848492 0.372479
VERTEX_POSE A623 0.696693 0.978672 0.453898 -0.335715 -0.941804 -0.136301 0.030374 0.932050 -0.334786
VERTEX_POSE A624 -0.378165 -0.530578 0.089270 -0.155233 0.931384 -0.918153 -0.259030 0.364552 -0.255789
VERTEX_POSE A625 0.025940 -0.829785 -0.257415 -0.609481 -0.615783 0.779641 -0.351252 -0.143852 0.705290
VERTEX_POSE A626 0.152376 -0.206293 -0.248855 0.863187 0.501880 0.386057 -0.726294 0.325373 -0.469695
VERTEX_POSE A627 0.759007 0.876978 -0.358711 -0.600573 -0.436322 0.739129 -0.622566 -0.304958 -0.649642
VERTEX_POSE A628 0.490245 0.929027 0.289658 -0.200274 0.154733 -0.848143 -0.521694 -0.490453 0.838984
VERTEX_POSE A629 0.312354 0.602427 0.208073 -0.668043 -0.236274 0.737848 -0.333210 0.096429 0.912768
VERTEX_POSE A630 -0.229641 -0.213061 0.660844 -0.462699 0.640119 0.241109 0.756616 -0.853098 -0.133343
VERTEX_POSE A631 0.400983 0.796918 -0.205893 0.323322 -0.546028 -0.255125 0.736188 0.911249 0.399850
VERTEX_POSE A632 -0.380421 -0.972556 0.540088 -0.300193 0.366445 0.392661 0.888884 0.869311 -0.274960
VERTEX_POSE A633 -0.042700 0.699155 0.729577 0.347444 0.036839 0.040910 -0.998872 0.936808 0.029957
VERTEX_POSE A634 0.579438 -0.432678 -0.763804 -0.765342 -0.392088 0.139093 -0.875044 0.628415 -0.283839
VERTEX_POSE A635 -0.226803 0.126361 0.707964 0.836940 0.230522 -0.377201 -0.414192 0.396548 -0.880514
VERTEX_POSE A636 0.939986 -0.255110 -0.810481 0.837070 -0.323756 -0.095406 0.707370 0.538713 0.628338
VERTEX_POSE A637 0.736413 0.520415 -0.555480 -0.754226 -0.554927 -0.538062 0.828716 0.376341 0.072701
VERTEX_POSE A638 0.208228 0.012093 0.274525 0.873942 0.328655 -0.470618 0.388160 -0.121429 0.860998
VERTEX_POSE A639 0.895698 -0.322910 0.948085 0.524361 -0.706899 -0.549046 0.145424 0.650841 0.692204
VERTEX_POSE A640 -0.424047 -0.556472 0.319734 -0.533755 0.412810 0.490937 -0.559347 -0.688539 -0.718831
VERTEX_POSE A641 0.965542 0.165783 0.733724 0.436843 -0.873064 0.568302 0.081186 0.697281 0.480800
VERTEX_POSE A642 0.029335 0.258690 0.843779 -0.579300 0.347713 -0.787848 -0.006876 -0.209063 -0.937576
VERTEX_POSE A643 0.841456 -0.912867 0.945153 -0.445810 0.781604 0.610318 -0.091131 -0.654802 -0.617081
VERTEX_POSE A644 0.869492 -0.761202 -0.407076 -0.473399 0.810852 0.386015 -0.160176 0.791761 0.562906
VERTEX_POSE A645 -0.373219 0.383734 0.402133 -0.333038 0.452436 -0.880221 -0.463751 0.338078 -0.761733
VERTEX_POSE A646 0.245187 -0.504452 -0.036601 -0.301793 0.906651 -0.001434 -0.309646 0.953372 0.286537
VERTEX_POSE A647 -0.523849 0.412569 -0.483368 0.748764 0.504899 -0.574468 0.817527 0.330665 0.276996
VERTEX_POSE A648 -0.408863 0.569160 -0.166570 0.335844 0.424909 -0.562205 0.806487 0.755734 0.411134
VERTEX_POSE A649 -0.026141 0.257971 0.997083 0.312417 0.834531 -0.891638 0.092819 -0.327685 0.543086
VERTEX_POSE A650 -0.060547 -0.777864 -0.555311 -0.499720 -0.856408 0.587092 -0.445051 0.636870 -0.261715
VERTEX_POSE A651 0.245772 -0.747835 -0.695244 0.071341 0.871700 -0.625285 -0.339610 -0.777128 0.353276
VERTEX_POSE A652 0.123996 -0.976219 0.914888 -0.258306 0.721032 -0.733134 -0.579720 -0.629121 0.379522
VERTEX_POSE A653 -0.097352 -0.531965 -0.950344 -0.230408 -0.957550 -0.666487 0.025579 -0.709018 0.287129
VERTEX_POSE A654 -0.057535 -0.769163 0.758654 -0.472834 0.572914 0.757046 -0.124657 -0.450899 -0.810081
VERTEX_POSE A655 0.745831 -0.506797 0.004158 0.348736 -0.827496 0.914630 0.402952 0.204538 -0.390999
VERTEX_POSE A656 0.928588 -0.361751 -0.207760 0.262281 -0.916970 0.893148 0.112721 -0.365369 -0.382702
VERTEX_POSE A657 -0.905160 0.024544 -0.490200 -0.709706 0.700692 -0.509093 -0.438329 -0.486973 -0.562938
VERTEX_POSE A658 0.504838 -0.629819 0.645447 0.939160 -0.001206 -0.217860 -0.775196 0.265548 -0.631720
VERTEX_POSE A659 0.418834 -0.432724 -0.918101 0.545633 -0.692408 0.254936 0.673767 -0.798306 -0.258088
VERTEX_POSE A660 0.407194 -0.373029 0.717873 -0.466177 0.881408 0.189887 0.183755 0.864073 0.435148
VERTEX_POSE A661 -0.724803 0.157120 0.306292 0.789098 0.366918 -0.255169 -0.533727 -0.558760 0.761910
VERTEX_POSE A662 -0.180183 -0.635806 -0.123994 0.549439 0.626922 0.747674 -0.073823 0.372962 -0.775577
VERTEX_POSE A663 -0.973227 -0.345584 0.257961 0.647609 0.598597 0.712891 -0.694464 0.269052 0.399252
VERTEX_POSE A664 0.232498 -0.143725 0.035869 0.302645 -0.734402 -0.208336 -0.672955 0.930055 0.088233
VERTEX_POSE A665 -0.600744 -0.068484 0.112202 -0.463200 0.363446 -0.809638 -0.544483 -0.360461 0.755939
VERTEX_POSE A666 -0.200030 0.780777 -0.034075 -0.620643 0.662805 -0.415810 -0.731177 -0.664759 -0.161463
VERTEX_POSE A667 0.172484 0.601165 0.225388 -0.001073 -0.353716 -0.591338 0.754515 -0.806423 -0.552804
VERTEX_POSE A668 -0.864331 -0.548069 0.556722 0.386952 0.843311 -0.517926 0.533406 -0.762903 0.065613
VERTEX_POSE A669 -0.991802 -0.207130 -0.759550 0.241237 -0.857707 -0.679704 -0.483260 0.692681 -0.175496
VERTEX_POSE A670 0.068182 -0.721745 0.173473 0.494103 -0.869399 0.864205 0.490805 -0.094931 -0.057054
VERTEX_POSE A671 -0.288378 -0.104541 -0.123544 0.318086 -0.892792 0.731864 0.017363 0.602658 0.450134
VERTEX_POSE A672 0.973740 0.958653 0.974174 -0.601786 0.514491 -0.581981 -0.806296 0.546947 -0.291866
VERTEX_POSE A673 -0.902483 0.536944 0.017252 -0.503439 0.645099 0.736549 0.668211 0.451713 -0.370595
VERTEX_POSE A674 -0.446922 -0.017408 -0.178392 0.677423 0.335734 -0.686744 -0.030189 -0.263593 0.941473
VERTEX_POSE A675 0.843232 -0.802550 -0.432901 -0.945536 -0.325477 -0.324670 0.941803 -0.023478 0.084098
VERTEX_POSE A676 -0.275702 -0.079321 -0.580615 0.295132 0.557890 -0.769484 0.620027 0.566385 0.551656
VERTEX_POSE A677 0.798265 0.478139 0.785008 -0.830420 0.510928 -0.544353 -0.829003 -0.118671 0.227391
VERTEX_POSE A678 -0.680617 0.610019 0.083730 0.690912 0.083894 0.402336 -0.869836 -0.600638 -0.486155
VERTEX_POSE A679 0.315435 -0.510162 0.252815 -0.719892 -0.639345 -0.556380 0.298840 -0.414965 0.708472
VERTEX_POSE A680 -0.227875 -0.263889 0.782091 0.581199 -0.130379 -0.810058 -0.186766 -0.077554 0.973714
VERTEX_POSE A681 0.258836 0.832156 0.528419 0.460956 0.582516 0.873712 -0.430001 0.155391 0.689764
VERTEX_POSE A682 -0.438793 -0.257996 0.557571 0.062173 -0.406841 -0.789627 -0.578543 -0.610429 0.706943
VERTEX_POSE A683 0.896120 -0.240108 0.696979 -0.432471 0.075297 0.899674 -0.029863 -0.059626 -0.996714
VERTEX_POSE A684 -0.838516 -0.699810 0.578075 -0.726304 0.655576 0.665880 0.596453 -0.170549 -0.463102
VERTEX_POSE A685 0.503672 -0.027159 0.316225 -0.618316 0.776457 0.684601 0.456080 0.386014 0.434863
VERTEX_POSE A686 0.641952 0.253095 -0.298863 0.698759 0.446449 0.540835 0.181717 -0.468223 0.876163
VERTEX_POSE A687 -0.909928 -0.061560 -0.629684 0.622891 -0.592716 -0.295907 -0.782679 0.724187 0.190003
VERTEX_POSE A688 0.598512 0.997385 0.826024 0.254651 0.943359 -0.690040 0.023191 0.677493 -0.330962
VERTEX_POSE A689 0.146790 0.623277 -0.653415 -0.764415 -0.643851 0.634341 -0.760385 0.115239 -0.085269
VERTEX_POSE A690 0.508906 0.505716 -0.547786 0.332365 -0.499666 0.942918 0.194881 0.020953 -0.844011
VERTEX_POSE A691 0.005706 -0.375643 0.543897 0.289191 -0.351906 -0.189576 0.890506 -0.938312 -0.288376
VERTEX_POSE A692 0.421987 -0.219603 0.652876 -0.493846 0.796827 -0.143057 -0.469335 -0.857701 -0.380515
VERTEX_POSE A693 -0.671277 0.869910 0.328220 -0.670550 0.733002 0.463825 0.534508 -0.578990 -0.420725
VERTEX_POSE A694 0.032478 0.278772 -0.198142 -0.901345 -0.214044 -0.035447 -0.829966 0.431649 -0.515113
VERTEX_POSE A695 -0.345516 0.636672 -0.311255 -0.273897 -0.661914 0.715345 -0.625136 -0.642855 -0.413611
VERTEX_POSE A696 -0.272021 -0.198574 -0.559578 0.621104 -0.741834 -0.306260 0.067186 0.721412 0.667209
VERTEX_POSE A697 0.832448 0.059550 0.767783 -0.810921 0.491654 0.442563 0.160566 -0.382811 -0.855859
VERTEX_POSE A698 0.826968 0.237837 0.914133 -0.227485 -0.347053 0.719754 0.569404 0.655900 -0.745207
VERTEX_POSE A699 -0.136353 0.253357 0.997144 0.917086 -0.072360 -0.219730 0.728826 -0.332674 -0.680864
VERTEX_POSE A700 0.840646 0.852419 -0.991767 -0.869994 -0.187841 0.481191 -0.525118 -0.107539 -0.830040
VERTEX_POSE A701 -0.104850 0.516092 0.087606 -0.644838 -0.698822 0.436937 -0.004727 0.627113 -0.715280
VERTEX_POSE A702 0.575270 -0.851184 -0.126400 -0.238427 0.960466 -0.791373 -0.106367 0.562921 0.257275
VERTEX_POSE A703 0.814386 0.811072 0.982407 -0.528261 -0.425680 0.705673 -0.701292 0.472193 0.571826
VERTEX_POSE A704 -0.007332 0.053036 -0.895142 0.882802 -0.413102 0.392230 0.386278 -0.258490 -0.824704
VERTEX_POSE A705 -0.871652 0.131408 0.695208 0.937324 0.181134 -0.270640 -0.159684 -0.219493 0.970408
VERTEX_POSE A706 0.657618 -0.991478 -0.450494 0.647166 0.112191 -0.533949 0.772685 -0.544127 -0.624797
VERTEX_POSE A707 0.716966 0.973715 -0.475757 0.330205 0.776467 -0.668045 0.593949 -0.666843 -0.210532
VERTEX_POSE A708 0.926613 -0.390453 0.480216 -0.497451 0.564295 -0.729655 -0.682967 0.469196 -0.463817
VERTEX_POSE A709 0.977001 0.618541 0.633236 0.954860 0.193341 0.189232 0.189338 0.228986 -0.962689
VERTEX_POSE A710 0.032401 -0.536447 0.777058 -0.859460 -0.215138 -0.269659 -0.579861 -0.434295 0.785797
VERTEX_POSE A711 -0.301262 0.345657 0.262307 0.361202 -0.925791 -0.908873 -0.322774 -0.208525 -0.196797
VERTEX_POSE A712 0.235836 0.450697 0.161656 -0.629710 0.774546 0.769683 0.632453 -0.105136 -0.009037
VERTEX_POSE A713 0.593608 0.205557 0.334628 0.410756 0.437851 -0.883597 0.407437 -0.224800 -0.801425
VERTEX_POSE A714 -0.405142 -0.894451 -0.040714 -0.807338 0.523149 0.298726 -0.036612 0.508889 0.851454
VERTEX_POSE A715 0.397321 0.750887 -0.260269 -0.960435 0.061620 0.120116 -0.788203 -0.251269 -0.612323
VERTEX_POSE A716 0.097280 -0.821602 -0.349147 -0.464031 -0.832507 0.542732 -0.537235 -0.700084 0.135319
VERTEX_POSE A717 -0.763190 0.358644 0.660423 0.880712 -0.213060 0.457892 0.611460 -0.121170 0.762051
VERTEX_POSE A718 0.487393 -0.310673 0.110046 -0.639052 -0.159015 0.705230 -0.511677 -0.307024 -0.844334
VERTEX_POSE A719 -0.304209 -0.824217 -0.523123 0.432074 0.718036 0.800598 -0.026866 0.415156 -0.695487
VERTEX_POSE A720 0.383599 -0.018079 -0.992992 0.586655 0.332616 -0.559736 -0.492384 -0.585262 0.804316
VERTEX_POSE A721 -0.003701 -0.804958 0.562261 -0.439359 0.839505 -0.596603 -0.006645 -0.671586 -0.543311
VERTEX_POSE A722 0.701497 -0.199860 -0.979226 -0.451197 0.850064 -0.713042 -0.160324 -0.536649 -0.501685
VERTEX_POSE A723 -0.194414 0.762318 0.659885 0.736575 -0.457678 -0.670404 -0.396580 0.089530 0.795773
VERTEX_POSE A724 0.325022 -0.935048 -0.109519 0.972468 -0.011353 0.169930 0.718031 0.159465 -0.695918
VERTEX_POSE A725 -0.266024 -0.921088 -0.177368 -0.749097 0.662006 0.341418 0.417523 -0.567703 -0.622433
VERTEX_POSE A726 0.460071 0.398990 -0.651370 0.070969 -0.895806 -0.654139 0.290265 0.753038 0.336568
VERTEX_POSE A727 -0.947000 -0.133622 0.330903 0.763948 -0.503405 -0.021992 0.604934 -0.644903 -0.616959
VERTEX_POSE A728 -0.433576 0.138462 -0.409585 0.860087 0.296260 0.342393 0.268261 0.378177 -0.916660
VERTEX_POSE A729 0.287039 -0.363174 -0.737237 0.595433 -0.370953 0.516242 -0.503004 0.615592 0.780629
VERTEX_POSE A730 -0.083353 -0.880264 0.328048 0.828102 -0.301247 -0.543918 -0.227709 0.135652 0.925958
VERTEX_POSE A731 -0.592930 -0.009119 -0.401352 0.707239 0.619721 -0.019738 0.498374 -0.706699 0.606275
VERTEX_POSE A732 -0.817811 -0.847082 0.350369 0.783531 0.605729 0.469210 -0.722883 -0.407334 0.332464
VERTEX_POSE A733 -0.508083 -0.731448 -0.798353 -0.052089 0.998474 0.527655 0.011915 0.847860 0.053926
VERTEX_POSE A734 -0.778544 -0.198047 -0.418945 0.659972 -0.695478 0.685023 0.712374 0.308513 -0.093987
VERTEX_POSE A735 0.174857 0.205954 0.455228 0.269270 0.519255 -0.830264 0.551928 0.488012 0.652495
VERTEX_POSE A736 -0.379735 0.399959 0.896855 0.747353 0.660774 0.530764 -0.656723 -0.399692 0.363446
VERTEX_POSE A737 0.879074 -0.189525 0.130561 -0.263637 -0.788456 -0.512438 0.602569 -0.817253 -0.123479
VERTEX_POSE A738 -0.108177 0.179669 0.979471 -0.163743 -0.883670 0.320732 0.372700 0.932909 -0.283235
VERTEX_POSE A739 -0.453122 -0.990494 0.377071 0.174519 -0.275692 -0.566868 -0.813086 -0.805111 0.512723
VERTEX_POSE A740 0.856075 -0.570984 -0.236203 0.067561 0.448619 -0.328816 0.853316 -0.941974 -0.265692
VERTEX_POSE A741 0.924224 0.643222 0.756528 -0.488399 -0.310143 0.865055 -0.049263 0.114658 -0.949413
VERTEX_POSE A742 0.245616 0.355164 -0.360622 0.599023 -0.650165 0.231598 -0.418081 0.766507 0.634424
VERTEX_POSE A743 0.091911 0.879713 0.925452 -0.608485 0.291604 -0.617647 -0.757970 -0.498255 0.583479
VERTEX_POSE A744 0.517832 -0.151222 0.091156 -0.040388 0.573555 0.523670 -0.685220 0.850963 0.448897
VERTEX_POSE A745 0.840474 0.460713 0.598664 0.974645 -0.124243 -0.052708 0.680802 0.217462 0.721854
VERTEX_POSE A746 -0.510768 0.630600 -0.334817 0.145628 0.588537 -0.591122 0.696321 0.793326 0.410807
VERTEX_POSE A747 -0.384889 0.027176 0.742009 -0.295687 -0.377352 0.520253 0.706875 0.801190 -0.598275
VERTEX_POSE A748 -0.922717 -0.180643 0.259087 0.032043 0.943846 -0.873876 -0.133219 -0.485092 0.302335
VERTEX_POSE A749 0.976624 -0.680073 0.775229 -0.993213 -0.076062 -0.116307 0.643659 0.000897 -0.761523
VERTEX_POSE A750 0.310903 0.202959 -0.781113 0.644819 0.764320 0.509723 -0.425313 0.569553 -0.484689
VERTEX_POSE A751 0.460882 0.801278 0.266095 -0.034976 0.615658 0.662340 0.604159 0.748386 -0.505923
VERTEX_POSE A752 -0.027077 -0.485031 0.337490 -0.244657 0.720124 0.121322 -0.641632 -0.961990 -0.264065
VERTEX_POSE A753 0.012400 -0.996901 -0.760339 0.905950 -0.223105 0.401440 0.722719 0.134538 -0.654142
VERTEX_POSE A754 -0.733532 0.563596 -0.074020 0.605272 -0.220071 0.755601 0.461176 -0.250426 0.859584
VERTEX_POSE A755 -0.702056 -0.420079 -0.772029 0.583161 -0.743000 -0.810301 -0.560767 0.057755 -0.365364
VERTEX_POSE A756 0.746375 -0.917989 0.062293 0.809642 0.580178 -0.301370 0.540685 -0.503643 0.609142
VERTEX_POSE A757 0.726539 -0.037414 0.274610 0.572834 0.105168 0.712827 0.425673 0.404648 -0.898745
VERTEX_POSE A758 -0.649055 0.446300 0.558874 -0.112734 -0.960165 -0.489326 -0.170309 0.864784 -0.221535
VERTEX_POSE A759 -0.687201 0.220473 0.652707 -0.241091 0.060752 -0.683325 0.698088 0.689161 0.713430
VERTEX_POSE A760 0.013578 0.599412 0.537373 0.963118 0.255655 -0.231203 0.945828 0.137657 -0.200122
VERTEX_POSE A761 0.267592 0.566035 -0.113078 0.872083 0.306298 0.390415 0.034719 0.295039 -0.951302
VERTEX_POSE A762 -0.280131 -0.788646 -0.748645 -0.569696 -0.616372 0.313321 -0.774396 -0.759787 0.142817
VERTEX_POSE A763 0.195767 0.752330 -0.112258 0.675519 0.672433 -0.680882 0.726326 0.282974 0.142421
VERTEX_POSE A764 0.759509 0.834587 0.088569 -0.592856 0.799324 0.362133 0.373300 -0.719292 -0.470880
VERTEX_POSE A765 -0.058675 0.013307 -0.167590 0.431028 -0.700781 0.836084 0.073235 0.339380 0.709607
VERTEX_POSE A766 -0.629376 -0.041716 -0.657030 0.009172 0.983540 -0.989994 0.034344 0.140813 0.177395
VERTEX_POSE A767 -0.620226 0.234547 -0.014576 0.321324 -0.938249 -0.479934 -0.278071 -0.816342 -0.205828
VERTEX_POSE A768 -0.179601 0.823781 0.962971 0.673099 0.105764 -0.248117 0.964653 0.696689 0.241367
VERTEX_POSE A769 0.262447 -0.862047 -0.677559 -0.971534 -0.085421 -0.204522 -0.168256 0.119549 -0.982035
VERTEX_POSE A770 -0.073348 0.244053 -0.637505 -0.894018 0.402866 -0.283273 -0.169277 -0.347114 -0.899469
VERTEX_POSE A771 -0.323527 -0.747203 -0.273232 -0.784192 -0.452716 0.301806 0.319286 -0.542177 0.832529
VERTEX_POSE A772 0.186671 0.781174 -0.921031 0.822113 0.565117 -0.127322 0.064225 -0.554904 0.822507
VERTEX_POSE A773 -0.827732 -0.400783 0.001873 0.500861 0.797122 0.395891 0.135508 0.769681 -0.588417
VERTEX_POSE A774 0.768385 -0.867490 -0.347780 0.648440 -0.755169 0.658034 0.492515 0.382775 0.432606
VERTEX_POSE A775 -0.295498 -0.370047 0.170126 0.168920 0.294875 0.180664 0.928769 0.968931 -0.224583
VERTEX_POSE A776 -0.987259 -0.940070 -0.399463 -0.252990 0.022818 -0.373917 -0.924343 -0.892290 0.380879
VERTEX_POSE A777 -0.742384 0.763110 0.317403 -0.894860 0.225525 -0.224943 -0.973226 0.385520 -0.044375
VERTEX_POSE A778 0.319614 0.657129 -0.087865 0.614250 0.422268 -0.362689 0.901336 -0.700823 -0.096352
VERTEX_POSE A779 -0.909975 -0.120713 0.859624 0.210126 -0.784211 0.586853 -0.376448 -0.781953 -0.493255
VERTEX_POSE A780 -0.765759 -0.916963 0.092633 0.665040 -0.722446 0.323704 0.050562 0.673006 0.689576
VERTEX_POSE A781 -0.369484 -0.139912 0.131021 -0.334138 -0.307804 0.918577 -0.318051 -0.211110 -0.896716
VERTEX_POSE A782 0.550907 -0.319435 0.125719 0.548459 -0.640346 0.616497 -0.124790 -0.564911 -0.757882
VERTEX_POSE A783 0.207164 -0.401994 -0.569877 -0.184484 0.503665 -0.974838 -0.203097 0.125128 -0.839686
VERTEX_POSE A784 0.642916 -0.136813 0.370682 0.514161 0.470635 -0.571295 0.811481 -0.639735 -0.346412
VERTEX_POSE A785 0.817375 -0.755839 -0.948300 0.151203 0.942629 -0.838008 -0.037465 -0.524290 0.331734
VERTEX_POSE A786 0.505108 0.177927 -0.341906 0.211972 -0.288931 -0.801609 0.495031 0.559008 0.819428
VERTEX_POSE A787 0.389291 -0.054801 -0.567025 0.966010 -0.044741 -0.218895 0.382353 0.137513 0.922933
VERTEX_POSE A788 0.543914 0.206746 0.326310 -0.944267 0.323669 -0.329136 -0.931313 -0.005377 0.167014
VERTEX_POSE A789 0.856053 -0.375773 -0.783032 0.048501 0.502260 -0.738641 -0.563812 0.672352 -0.655630
VERTEX_POSE A790 0.702091 -0.834328 -0.914318 0.172426 -0.898189 0.938460 0.274522 -0.299271 0.343358
VERTEX_POSE A791 -0.442508 -0.193842 -0.136317 0.080739 -0.974202 -0.971040 -0.124578 -0.224862 0.188180
VERTEX_POSE A792 0.123645 -0.809738 0.103890 0.390960 0.064061 0.906303 -0.200766 -0.160514 -0.977542
VERTEX_POSE A793 -0.578040 -0.622974 -0.662963 0.436353 0.015097 -0.120534 -0.989867 -0.891666 0.141196
VERTEX_POSE A794 0.753260 -0.441512 0.751425 0.740768 -0.622941 -0.574781 -0.394052 -0.347692 -0.675772
VERTEX_POSE A795 -0.116846 -0.975150 -0.807541 0.754463 -0.652487 0.460357 0.603218 0.467822 0.458682
VERTEX_POSE A796 0.363285 0.390333 0.169447 -0.589489 0.806863 0.396227 0.247401 0.703922 0.536437
VERTEX_POSE A797 -0.876116 0.516773 -0.905605 -0.612898 -0.645487 0.310386 0.333736 0.726647 -0.686998
VERTEX_POSE A798 0.262928 0.259396 0.177883 0.443530 0.721779 0.563719 0.236230 -0.696779 0.650562
VERTEX_POSE A799 -0.816317 0.214114 0.132418 -0.729222 0.683559 -0.457035 -0.520619 -0.509268 -0.511568
VERTEX_POSE A800 0.386331 0.654726 -0.583164 -0.161708 -0.022604 -0.505044 -0.856995 0.847809 -0.514828
VERTEX_POSE A801 -0.810420 -0.496551 0.540379 0.118641 -0.973015 0.588513 -0.091623 0.799735 0.211771
VERTEX_POSE A802 -0.139843 0.466911 0.859186 0.580780 0.353097 0.592360 -0.801360 0.558395 0.482851
VERTEX_POSE A803 -0.426998 0.435900 -0.504195 0.225765 0.885075 0.807033 -0.403943 -0.545645 -0.231241
VERTEX_POSE A804 -0.638152 0.102666 -0.457748 -0.722855 -0.442638 -0.149533 -0.649496 -0.674626 0.618245
VERTEX_POSE A805 -0.371459 0.599422 -0.488593 0.708768 0.530686 -0.333552 -0.328443 0.621604 -0.781343
VERTEX_POSE A806 0.277505 -0.934147 0.665931 -0.711810 -0.311720 0.702243 -0.333012 0.013450 0.889906
VERTEX_POSE A807 -0.625411 0.162596 0.142789 0.597388 0.793183 0.388209 -0.156973 -0.701727 0.588405
