VERTEX_POSE A0 0.531317 -0.609293 0.382891 0.723814 -0.230407 0.493042 -0.486710 0.482703 0.842631
VERTEX_POSE A1 0.897228 -0.066479 -0.394522 0.447088 -0.843511 0.625624 0.532715 0.639302 0.068583
VERTEX_POSE A2 -0.039432 -0.737453 0.525885 0.173969 -0.984734 -0.625580 -0.106013 0.760516 0.138056
VERTEX_POSE A3 0.416623 -0.244019 0.376676 0.421379 0.191496 0.871723 0.184007 0.250076 -0.964091
VERTEX_POSE A4 -0.891061 0.554786 -0.148855 -0.316750 -0.771837 -0.938229 0.169614 -0.139271 0.612779
VERTEX_POSE A5 0.844891 -0.765622 -0.113727 0.510591 0.343191 -0.558755 -0.564457 -0.653521 0.750739
VERTEX_POSE A6 -0.914729 0.987708 -0.826251 -0.620328 0.481071 -0.667210 0.091562 -0.412339 -0.871887
VERTEX_POSE A7 -0.420167 0.398955 0.992291 -0.502577 0.156585 -0.115266 0.962544 -0.856814 -0.221337
VERTEX_POSE A8 -0.403562 -0.711857 -0.105163 0.624909 -0.615363 0.757905 0.330571 -0.187267 -0.715577
VERTEX_POSE A9 -0.842771 0.180915 0.843150 0.982592 0.008569 0.185406 -0.108073 0.011687 0.994106
VERTEX_POSE A10 -0.692345 -0.535570 -0.240689 -0.964779 0.259844 -0.222342 -0.888802 0.140591 0.377508
VERTEX_POSE A11 -0.232820 0.714201 -0.810436 -0.866921 -0.135736 -0.458778 0.593452 -0.194860 -0.793342
VERTEX_POSE A12 -0.608879 -0.409816 -0.547571 -0.565028 -0.757950 0.770260 -0.342982 -0.295706 0.554866
VERTEX_POSE A13 0.708790 -0.556061 0.410585 0.195241 -0.162002 0.659570 0.751609 0.725844 -0.639406
VERTEX_POSE A14 0.375690 0.020442 0.586667 -0.383208 -0.660919 0.772748 0.153272 0.505976 -0.734639
VERTEX_POSE A15 0.168980 -0.848054 -0.091987 0.805214 -0.556271 0.588434 0.792397 0.073324 -0.250341
VERTEX_POSE A16 0.899867 0.987314 -0.142710 0.796443 -0.603663 0.502022 0.627201 -0.337124 -0.492148
VERTEX_POSE A17 -0.263873 -0.929481 -0.050178 0.396948 0.023195 -0.289506 0.951813 -0.870987 -0.305801
VERTEX_POSE A18 0.248602 -0.913074 -0.007963 0.506301 -0.721610 -0.743036 -0.087161 0.437671 0.686791
VERTEX_POSE A19 0.068800 -0.745638 0.571301 -0.853571 0.520954 -0.426296 -0.703687 -0.299478 -0.483148
VERTEX_POSE A20 -0.099270 -0.384549 0.197757 -0.454090 0.863309 0.665534 0.164341 0.592340 0.477167
VERTEX_POSE A21 -0.935514 -0.614893 0.620959 -0.887143 -0.277445 0.180467 0.526913 -0.424746 0.803360
VERTEX_POSE A22 0.070527 0.598745 0.149268 0.588937 0.789008 -0.634876 0.585649 0.500086 -0.185690
VERTEX_POSE A23 -0.216704 -0.043645 -0.157263 -0.976206 -0.027242 0.158170 -0.768112 -0.148341 -0.639735
VERTEX_POSE A24 0.190936 -0.185473 0.666622 0.268052 0.562147 -0.820511 -0.292389 0.504885 -0.773628
VERTEX_POSE A25 -0.745626 0.712312 -0.577339 -0.809802 0.586673 0.089057 0.132836 -0.579904 -0.798855
VERTEX_POSE A26 -0.448123 0.195946 0.522846 -0.778628 -0.338123 -0.213093 0.934820 0.590195 -0.108556
VERTEX_POSE A27 0.887462 0.006427 -0.148004 -0.960971 0.251180 -0.227560 -0.479337 -0.157326 -0.840919
VERTEX_POSE A28 -0.657743 -0.891237 0.999278 -0.654105 -0.066887 0.387338 0.825955 -0.649705 0.559754
VERTEX_POSE A29 0.750939 -0.251702 -0.250236 0.514087 0.283631 -0.687961 -0.427294 -0.512274 0.858471
VERTEX_POSE A30 0.619931 -0.398047 0.572146 -0.988212 0.085343 0.144332 0.796154 -0.051037 0.599046
VERTEX_POSE A31 0.873573 -0.500530 0.382169 0.734165 0.655278 0.656288 -0.617752 -0.174035 0.434735
VERTEX_POSE A32 0.648167 0.681819 0.355242 -0.751248 0.547343 -0.001428 -0.560177 -0.660019 -0.621786
VERTEX_POSE A33 -0.419501 -0.135500 0.098031 -0.339430 0.323244 0.775562 0.627558 -0.532250 0.708297
VERTEX_POSE A34 0.290196 0.255451 -0.241155 0.628561 -0.324190 0.333957 -0.708428 -0.702413 -0.626921
VERTEX_POSE A35 0.757106 0.236605 -0.793613 -0.277933 -0.610053 -0.869401 -0.168760 -0.408528 0.774180
VERTEX_POSE A36 -0.574610 0.098878 0.984304 -0.405362 0.618985 0.609213 0.731571 -0.681573 0.285764
VERTEX_POSE A37 0.375467 0.243160 -0.067406 0.447722 0.530278 -0.755116 0.655459 0.478900 0.537754
VERTEX_POSE A38 -0.663061 -0.364440 -0.801322 -0.392103 0.666346 -0.393260 0.501842 -0.831626 -0.551486
VERTEX_POSE A39 0.021828 0.387022 -0.120858 -0.197881 0.968015 0.677486 0.248783 0.708418 0.032474
VERTEX_POSE A40 0.532696 -0.575925 -0.224256 0.454694 0.010355 0.874778 -0.193113 -0.167383 -0.981122
VERTEX_POSE A41 -0.355407 0.099990 -0.042010 0.328358 -0.725613 -0.887237 -0.017322 0.324024 0.687885
VERTEX_POSE A42 0.789008 0.101223 0.068706 0.996671 -0.023289 -0.080399 -0.121522 0.013546 0.992316
VERTEX_POSE A43 0.923817 0.014259 0.228173 -0.269081 -0.564181 0.506167 0.606674 -0.819384 0.560042
VERTEX_POSE A44 -0.646617 0.543929 -0.631425 -0.612284 -0.685883 -0.361566 0.685270 0.703120 -0.244887
VERTEX_POSE A45 0.164698 -0.878335 -0.344628 0.546621 -0.207575 -0.831300 -0.017985 -0.100725 -0.978054
VERTEX_POSE A46 0.092797 0.166205 -0.863814 0.637764 0.082536 0.565023 -0.725829 -0.523456 -0.682906
VERTEX_POSE A47 -0.746750 0.531243 0.225865 0.202431 -0.873959 0.402923 -0.336888 0.892566 0.350289
VERTEX_POSE A48 0.900825 -0.807816 0.605194 -0.897843 -0.294333 0.178914 0.435712 -0.402327 0.850602
VERTEX_POSE A49 -0.658601 0.253132 0.128224 0.135516 -0.919339 0.938808 0.238310 -0.316662 0.313087
VERTEX_POSE A50 0.322050 0.785605 -0.202834 0.307906 -0.764678 -0.812360 -0.521018 -0.495242 0.379219
VERTEX_POSE A51 -0.198446 -0.192365 -0.197049 -0.752035 0.580978 0.652233 0.724060 0.095062 -0.371754
VERTEX_POSE A52 -0.594115 0.638238 -0.250818 0.705863 0.461309 -0.503661 0.860458 -0.498079 -0.216347
VERTEX_POSE A53 -0.607423 0.384349 0.946434 0.085171 -0.801194 0.168991 0.597476 -0.981931 0.033332
VERTEX_POSE A54 0.584850 0.763990 0.645688 0.772426 0.405160 0.507695 0.068768 0.381580 -0.911656
VERTEX_POSE A55 0.596821 -0.547235 -0.584196 0.852192 -0.244709 -0.238470 0.605102 0.465727 0.757607
VERTEX_POSE A56 -0.353049 0.096661 -0.630905 -0.253549 0.375825 -0.711427 0.551889 -0.655427 -0.744429
VERTEX_POSE A57 -0.863274 -0.040064 0.168534 0.251916 -0.611713 -0.839640 0.247138 0.481190 0.751485
VERTEX_POSE A58 0.484283 0.459192 0.267800 -0.273280 0.563657 -0.908523 0.115025 0.316077 0.817961
VERTEX_POSE A59 -0.010793 0.205424 -0.631627 -0.749397 -0.486540 -0.259485 -0.408198 0.609157 -0.772433
VERTEX_POSE A60 0.887665 0.708234 0.918297 -0.519102 -0.764392 0.417650 0.163510 -0.745722 0.623674
VERTEX_POSE A61 0.104214 -0.938855 -0.160054 0.199913 0.962703 -0.924835 0.246851 -0.323596 -0.110754
VERTEX_POSE A62 -0.137220 0.704894 0.750542 0.787431 0.616400 0.544690 -0.696966 0.288557 -0.366454
VERTEX_POSE A63 0.535832 0.390053 0.273539 0.783734 0.581937 0.330164 -0.094357 0.526073 -0.807741
VERTEX_POSE A64 0.684713 -0.074355 0.937977 0.627424 0.477846 0.592660 0.219082 -0.505067 0.850686
VERTEX_POSE A65 -0.847024 -0.039654 -0.490614 0.603526 -0.622623 0.495177 0.782302 0.624945 -0.018575
VERTEX_POSE A66 0.292938 -0.373342 0.479926 0.674745 -0.688533 0.674102 0.721561 0.300510 -0.072613
VERTEX_POSE A67 -0.889897 -0.975476 0.922281 0.720809 0.043168 0.465939 -0.769091 0.513162 0.637680
VERTEX_POSE A68 0.528443 -0.796495 0.441980 -0.933815 -0.357002 0.207879 -0.488583 0.291165 -0.796138
VERTEX_POSE A69 0.629877 0.262218 0.678605 0.129117 0.705553 -0.991361 0.108201 -0.023084 -0.700348
VERTEX_POSE A70 0.131931 0.411546 -0.198577 -0.624219 0.577692 0.672296 0.054279 -0.397956 -0.814448
VERTEX_POSE A71 0.061140 -0.372419 -0.782276 -0.092241 0.040741 0.328372 0.944513 0.940034 -0.325939
VERTEX_POSE A72 -0.725530 -0.637792 -0.363406 0.264451 -0.921554 -0.631868 -0.388245 0.728566 -0.002215
VERTEX_POSE A73 -0.079061 -0.487231 0.870128 0.982076 0.158005 0.171144 -0.519072 0.078973 -0.839999
VERTEX_POSE A74 -0.015043 0.641839 0.445897 0.722497 0.683401 0.639462 -0.718112 0.262844 -0.131447
VERTEX_POSE A75 -0.372147 0.906137 0.005169 0.743028 -0.442579 0.668284 0.531149 -0.036137 0.722499
VERTEX_POSE A76 -0.914363 -0.365566 -0.474500 -0.643338 0.294906 0.387225 0.921429 -0.660435 0.252979
VERTEX_POSE A77 -0.922246 -0.191956 0.582083 0.712855 0.585895 -0.630233 0.294086 -0.307645 0.755142
VERTEX_POSE A78 -0.118897 0.437380 -0.768966 -0.163064 0.652661 0.769052 0.553855 0.618036 -0.516989
VERTEX_POSE A79 0.986461 -0.173382 -0.869305 -0.298816 -0.810573 -0.843885 -0.022003 0.445608 -0.585224
VERTEX_POSE A80 -0.580847 -0.938824 -0.289693 0.459322 -0.076701 0.236106 0.970969 -0.856316 0.226577
VERTEX_POSE A81 -0.796847 0.222985 0.028200 -0.126113 0.162068 0.319930 -0.927205 0.939010 0.337675
VERTEX_POSE A82 -0.211985 0.634254 -0.066354 -0.239464 -0.288290 0.096758 -0.957232 -0.966072 -0.024413
VERTEX_POSE A83 -0.174962 0.699414 0.459489 -0.809014 0.309256 -0.587697 -0.410560 0.010384 0.857789
VERTEX_POSE A84 -0.404270 -0.392666 -0.025366 0.715871 -0.696282 -0.237058 -0.312635 0.656759 0.646105
VERTEX_POSE A85 -0.627135 0.398244 -0.420666 0.344220 0.834609 -0.175038 -0.392962 -0.922428 0.386016
VERTEX_POSE A86 -0.578141 -0.847821 0.875293 0.532773 0.715879 0.609090 0.045845 -0.587505 0.696717
VERTEX_POSE A87 0.242681 0.703996 0.343729 -0.040369 0.628185 -0.702596 0.535080 0.710443 0.564865
VERTEX_POSE A88 -0.490409 -0.641821 0.747868 0.790107 -0.393494 0.530431 0.823185 0.307204 -0.409304
VERTEX_POSE A89 0.906142 0.611371 0.143093 0.026979 0.945696 -0.520990 -0.263255 0.853136 -0.190670
VERTEX_POSE A90 -0.768112 -0.090580 0.712102 -0.808738 0.133286 0.468746 0.734379 0.355275 -0.665524
VERTEX_POSE A91 -0.602744 -0.933586 0.666165 0.304538 -0.932842 -0.916282 -0.342117 -0.260161 0.112969
VERTEX_POSE A92 0.010356 0.672516 0.983040 -0.511892 0.631405 0.244107 -0.543198 0.823637 0.553411
VERTEX_POSE A93 0.094668 -0.385686 0.462643 0.594434 0.036360 -0.799706 -0.078081 -0.084369 0.996284
VERTEX_POSE A94 0.933088 0.456467 -0.060295 0.662593 -0.009399 0.734345 -0.188552 -0.147339 -0.982018
VERTEX_POSE A95 -0.304930 -0.401839 0.921017 -0.324709 0.841943 -0.614074 0.158860 0.719359 0.515651
VERTEX_POSE A96 0.247645 0.574660 0.972029 0.085041 -0.789688 -0.502268 0.492673 0.860520 0.365604
VERTEX_POSE A97 0.226026 -0.916875 -0.580369 -0.814142 -0.544723 -0.548076 0.606480 0.191794 -0.579188
VERTEX_POSE A98 -0.194827 -0.377315 0.843299 0.085383 -0.236536 0.974827 -0.180980 -0.205967 -0.954619
VERTEX_POSE A99 -0.223912 0.778165 0.414009 0.108489 -0.454940 -0.866619 -0.478893 -0.487034 0.750793
VERTEX_POSE A100 -0.144097 0.345343 -0.901764 0.172450 -0.851585 0.770907 -0.196159 -0.613158 -0.486133
VERTEX_POSE A101 0.937103 -0.965769 -0.355279 -0.523373 -0.631986 0.370000 0.435670 0.767581 -0.640926
VERTEX_POSE A102 0.837228 -0.594254 0.631733 0.643302 0.475234 -0.475472 0.862496 -0.600074 -0.173934
VERTEX_POSE A103 0.130373 0.707551 -0.265170 -0.297825 0.723382 0.662364 0.626484 -0.687440 0.290235
VERTEX_POSE A104 -0.141958 -0.453000 -0.485150 0.740994 -0.187393 0.649924 0.441663 -0.168899 0.877393
VERTEX_POSE A105 -0.177816 -0.952415 0.077630 -0.183942 0.981325 0.807604 0.118252 -0.560304 -0.151714
VERTEX_POSE A106 0.758226 0.613688 0.739999 -0.843261 -0.133928 0.242856 -0.958905 -0.479512 -0.250127
VERTEX_POSE A107 -0.056321 0.181434 0.040350 -0.011265 -0.998641 -0.314113 -0.044775 0.949319 -0.026666
VERTEX_POSE A108 -0.100062 -0.144371 -0.340286 -0.024617 0.261857 -0.830868 0.531318 -0.555924 -0.805688
VERTEX_POSE A109 -0.360671 0.051068 0.971033 0.015540 -0.200040 -0.661105 -0.737111 -0.750132 0.645485
VERTEX_POSE A110 -0.069860 -0.991948 0.171045 0.679693 -0.445601 0.705378 0.179262 0.201145 0.877100
VERTEX_POSE A111 0.319091 -0.083195 0.370020 0.928735 0.007266 0.091742 0.964210 0.359215 -0.265042
VERTEX_POSE A112 -0.157518 -0.725947 -0.000767 -0.830902 -0.527871 -0.540049 0.688951 0.133972 -0.496687
VERTEX_POSE A113 0.718155 0.642305 -0.895309 0.473915 0.432523 0.749240 -0.655712 0.462648 0.618843
VERTEX_POSE A114 -0.855872 -0.383781 -0.170491 0.134816 -0.742289 0.600292 0.588210 -0.788336 0.320962
VERTEX_POSE A115 0.438211 -0.118613 0.973867 0.582827 -0.728665 0.801567 0.588212 0.133429 -0.350790
VERTEX_POSE A116 -0.908980 0.040549 -0.315975 -0.110908 -0.981668 -0.696000 -0.034616 0.709424 -0.187430
VERTEX_POSE A117 -0.434013 -0.231602 -0.295198 -0.729539 -0.315687 -0.464357 -0.422677 -0.502141 0.849521
VERTEX_POSE A118 -0.319108 -0.414617 0.317596 0.517499 -0.272241 -0.051334 0.936453 -0.854143 -0.221223
VERTEX_POSE A119 -0.399389 0.398728 -0.568107 -0.878460 -0.020697 0.359745 -0.686171 0.314470 0.727146
VERTEX_POSE A120 -0.527871 -0.620231 0.847896 0.613386 0.320072 0.718712 0.152796 -0.327430 0.934991
VERTEX_POSE A121 -0.087220 0.494802 0.029697 0.137229 0.985891 -0.684717 0.164337 -0.715772 0.031810
VERTEX_POSE A122 -0.002133 0.465142 -0.901941 -0.609294 -0.721957 0.578917 -0.122404 -0.541863 0.681026
VERTEX_POSE A123 0.482486 -0.947715 0.830936 -0.618326 0.453843 0.097509 0.854408 0.779849 0.253011
VERTEX_POSE A124 -0.992552 -0.890884 -0.507659 0.344555 0.205654 0.843331 0.360824 -0.412402 0.909677
VERTEX_POSE A125 -0.069045 -0.078391 0.037763 -0.675669 -0.682049 -0.652881 0.729871 -0.342371 -0.045795
VERTEX_POSE A126 -0.822445 -0.349553 0.751953 0.039896 -0.498333 -0.946712 -0.296089 0.319600 -0.814859
VERTEX_POSE A127 0.255093 0.683776 -0.535630 -0.569594 0.645464 -0.139029 -0.685849 0.810083 0.336137
VERTEX_POSE A128 -0.843019 0.004734 0.457394 -0.202850 0.319449 -0.035125 -0.947055 -0.978580 -0.032225
VERTEX_POSE A129 -0.017272 0.273132 0.595251 -0.041017 -0.786554 0.124686 -0.615886 -0.991348 -0.044919
VERTEX_POSE A130 -0.968819 0.461941 0.878379 0.880090 0.392292 0.437237 -0.449976 -0.185108 0.802265
VERTEX_POSE A131 0.012884 -0.649923 0.555630 -0.832641 -0.509595 0.184338 -0.624241 0.522234 -0.592145
VERTEX_POSE A132 -0.080169 0.307363 -0.760027 0.826773 -0.552623 0.423878 0.734884 -0.369829 -0.393134
VERTEX_POSE A133 0.868409 0.867687 0.510113 -0.407623 -0.264354 -0.343194 0.931355 0.846204 0.250388
VERTEX_POSE A134 -0.856743 -0.942372 -0.709540 0.293734 -0.445196 0.516010 0.818758 0.804645 -0.362542
VERTEX_POSE A135 0.777874 0.854362 -0.245177 0.762036 -0.053333 -0.431460 0.701319 -0.482850 -0.710849
VERTEX_POSE A136 -0.309407 0.915272 -0.412257 -0.823033 -0.302359 0.473012 -0.833509 -0.314445 -0.462430
VERTEX_POSE A137 0.901482 0.671316 -0.969541 -0.265882 -0.224654 0.258090 -0.953555 0.928814 0.200655
VERTEX_POSE A138 -0.278448 0.035796 0.795173 -0.416777 -0.247920 0.447589 0.781406 -0.791177 0.572660
VERTEX_POSE A139 0.590531 -0.229099 0.247457 -0.110015 -0.948554 -0.615162 0.299598 -0.780687 -0.102406
VERTEX_POSE A140 -0.459189 -0.277616 -0.998509 0.793508 0.249943 -0.061338 -0.874273 0.605461 -0.416143
VERTEX_POSE A141 0.651692 0.043847 -0.033782 0.039222 0.330961 -0.798165 0.578042 0.601161 0.745877
VERTEX_POSE A142 -0.090378 0.687707 -0.382523 0.640467 0.055841 0.648366 0.495229 -0.411612 0.866966
VERTEX_POSE A143 0.383293 -0.003563 0.000724 -0.331437 -0.943133 0.635868 -0.243246 -0.697009 0.226563
VERTEX_POSE A144 0.369847 -0.313847 0.070909 -0.224805 0.897305 0.879869 0.019421 -0.418680 -0.440983
VERTEX_POSE A145 0.053750 -0.696074 0.446987 -0.412442 -0.782970 -0.046882 0.528740 -0.909777 0.327708
VERTEX_POSE A146 -0.178496 0.877824 -0.025409 -0.737955 -0.490663 -0.067118 -0.629797 -0.671504 0.602168
VERTEX_POSE A147 0.460867 0.726702 0.754934 -0.597214 -0.716216 0.768287 -0.640104 0.230369 0.278032
VERTEX_POSE A148 0.619737 0.072324 -0.848211 0.195408 0.226916 -0.543350 0.834955 -0.816448 -0.501356
VERTEX_POSE A149 0.502396 -0.536794 -0.707814 -0.568911 -0.789174 -0.700608 0.317730 -0.430684 0.525596
VERTEX_POSE A150 -0.938521 0.125430 -0.813173 0.635357 0.262875 0.328955 -0.942829 0.698649 0.204866
VERTEX_POSE A151 -0.908134 0.452094 0.999685 0.238635 -0.940134 0.605717 -0.051743 -0.759052 -0.336855
VERTEX_POSE A152 -0.584824 0.958008 0.321884 0.688558 0.688984 0.109679 -0.407343 0.716839 -0.599477
VERTEX_POSE A153 0.059346 -0.409428 -0.715114 -0.042919 -0.629776 0.680311 -0.586942 0.731666 0.508803
VERTEX_POSE A154 0.574351 0.504379 0.830621 -0.438203 0.158535 0.204257 0.976136 -0.875361 0.148409
VERTEX_POSE A155 -0.577376 -0.932875 0.814224 -0.713850 -0.520296 0.318437 0.354967 -0.623712 0.776718
VERTEX_POSE A156 0.990301 0.512180 0.322649 -0.460263 0.268410 -0.581862 0.628723 -0.670518 -0.729838
VERTEX_POSE A157 0.751907 -0.845174 0.582573 0.689473 -0.722841 -0.644011 -0.640938 0.331477 0.258262
VERTEX_POSE A158 0.677717 0.750901 -0.721406 -0.228743 -0.453071 -0.216289 0.886626 0.949155 0.092852
VERTEX_POSE A159 -0.852717 -0.483086 -0.219957 -0.707939 0.231074 -0.327367 0.729965 -0.625821 -0.643239
VERTEX_POSE A160 -0.265365 0.427958 0.177825 -0.868317 0.308586 -0.197779 -0.933381 -0.454872 -0.183232
VERTEX_POSE A161 0.708897 0.212842 -0.843026 0.083082 -0.147277 -0.138027 0.977786 0.986938 0.149145
VERTEX_POSE A162 0.160167 -0.133009 -0.664327 0.666591 0.239653 -0.279911 -0.797141 -0.690874 0.554195
VERTEX_POSE A163 0.654466 -0.264680 0.417797 -0.012125 -0.233735 -0.621010 -0.760293 -0.783709 0.606071
VERTEX_POSE A164 0.577306 0.080529 0.667086 -0.308394 0.719638 -0.571501 -0.662964 0.760447 -0.206396
VERTEX_POSE A165 0.303423 -0.075381 -0.373867 0.272772 -0.471369 -0.890377 -0.453916 -0.364450 0.756155
VERTEX_POSE A166 0.432340 -0.410318 -0.827380 -0.217135 -0.740394 -0.455477 0.653239 0.863361 0.158415
VERTEX_POSE A167 -0.732101 -0.004199 -0.745170 -0.498494 -0.602986 -0.219185 0.782782 -0.838726 0.153817
VERTEX_POSE A168 0.204906 -0.404065 -0.343409 0.613816 0.435868 -0.573535 -0.326727 0.542483 -0.838611
VERTEX_POSE A169 -0.846108 0.625478 0.967793 -0.619208 -0.401659 -0.657194 -0.205173 -0.429742 0.892510
VERTEX_POSE A170 0.858430 0.766703 0.502287 -0.195258 -0.747959 -0.225470 0.663734 -0.954483 -0.003779
VERTEX_POSE A171 0.745717 0.318319 -0.341917 0.063324 0.912359 -0.831020 -0.176212 0.552626 -0.369527
VERTEX_POSE A172 0.805585 -0.330674 -0.065989 0.693460 -0.523796 0.058931 -0.643109 0.718081 0.558614
VERTEX_POSE A173 -0.231949 0.454409 -0.880236 0.437989 -0.800424 0.244666 -0.331920 0.865046 0.499149
VERTEX_POSE A174 0.129009 -0.685245 0.658807 -0.404565 -0.435066 -0.805392 -0.247164 0.433209 -0.865810
VERTEX_POSE A175 0.175432 0.355478 -0.995080 0.307168 -0.859982 0.782449 -0.015525 0.541684 0.510088
VERTEX_POSE A176 0.821801 0.758335 0.566751 0.613742 -0.701924 -0.737229 -0.345714 0.282516 0.622724
VERTEX_POSE A177 0.950514 -0.807421 -0.366603 0.716527 0.542266 -0.255463 -0.381343 -0.649097 0.748682
VERTEX_POSE A178 -0.363700 0.082180 0.759854 0.751772 -0.640862 0.065870 -0.161436 -0.656125 -0.750490
VERTEX_POSE A179 0.441538 -0.169340 0.718540 -0.966693 -0.236872 -0.229478 0.634448 0.113337 -0.735777
VERTEX_POSE A180 0.452910 -0.344215 -0.074416 -0.894921 0.446202 0.162857 0.317402 0.415444 0.836756
VERTEX_POSE A181 -0.302222 -0.792390 0.946681 -0.222330 -0.152476 0.307735 -0.948180 -0.925132 -0.278758
VERTEX_POSE A182 0.533404 -0.717246 0.718225 0.806420 0.397655 0.120841 -0.835330 0.578864 -0.379596
VERTEX_POSE A183 0.868086 -0.386207 -0.752532 0.030349 0.993974 -0.723759 0.094533 0.689385 0.055489
VERTEX_POSE A184 0.757124 -0.201819 -0.768434 -0.991209 -0.131094 0.125424 -0.888019 0.042118 -0.440722
VERTEX_POSE A185 0.107755 0.787133 0.548845 0.789614 0.609349 0.612703 -0.776617 -0.033247 0.159876
VERTEX_POSE A186 -0.709290 -0.319082 -0.938308 0.523941 -0.573480 0.608187 0.769529 0.596318 -0.280971
VERTEX_POSE A187 0.747426 -0.689638 0.554215 0.079885 0.965766 0.222540 0.224073 0.971645 -0.130722
VERTEX_POSE A188 -0.140338 0.941959 0.131419 -0.350169 0.116269 -0.904054 0.217681 0.245089 0.969070
VERTEX_POSE A189 0.968426 -0.568181 -0.659714 0.503540 0.365261 0.652971 -0.754320 -0.565753 -0.545514
VERTEX_POSE A190 0.894709 -0.172724 -0.665742 0.446515 0.197227 0.366746 0.849367 -0.816163 0.489568
VERTEX_POSE A191 0.594296 0.369916 -0.690757 0.742092 -0.670236 0.426857 0.462081 0.516809 0.580745
VERTEX_POSE A192 0.677324 0.644661 -0.502740 0.528166 0.448938 -0.617801 -0.379158 0.582548 -0.809131
VERTEX_POSE A193 0.054875 0.694267 -0.330069 -0.614397 0.079070 -0.703780 0.394850 0.356665 0.915337
VERTEX_POSE A194 0.248763 -0.894764 0.727041 0.858249 -0.265548 0.498300 0.226206 0.122908 0.937185
VERTEX_POSE A195 0.254629 -0.274809 -0.835653 0.717066 -0.655099 0.000331 -0.341195 -0.697005 -0.674115
VERTEX_POSE A196 -0.641701 -0.381114 0.296064 0.594960 -0.534627 -0.552050 -0.814521 0.584178 -0.225231
VERTEX_POSE A197 -0.318898 -0.305081 0.899660 0.531158 0.739140 -0.531593 0.671374 0.659757 -0.054115
VERTEX_POSE A198 0.522528 0.720992 -0.580824 0.613954 -0.743725 -0.022516 -0.351390 0.789020 0.568681
VERTEX_POSE A199 0.563204 0.214821 0.952655 -0.362591 -0.343818 -0.392153 -0.786880 0.845425 -0.512455
VERTEX_POSE A200 -0.165005 -0.679603 0.867453 0.264766 -0.614921 -0.234046 -0.788248 0.935479 -0.023171
VERTEX_POSE A201 0.380958 0.487694 0.921463 -0.548802 -0.211842 -0.531427 -0.658316 -0.645292 0.722318
VERTEX_POSE A202 0.308921 -0.466860 -0.389262 -0.636270 0.669200 0.704168 0.300540 0.315131 0.679594
VERTEX_POSE A203 -0.359420 -0.010278 -0.198536 -0.926860 -0.252629 0.170333 -0.942172 -0.334540 0.220207
VERTEX_POSE A204 -0.850990 -0.057897 -0.958773 -0.580755 -0.811595 -0.672977 0.522545 0.458068 -0.261266
VERTEX_POSE A205 -0.562070 -0.152105 -0.730456 0.177535 0.896616 -0.527782 -0.261169 -0.830619 0.357590
VERTEX_POSE A206 0.816012 -0.654799 -0.193617 -0.400212 -0.558247 0.910065 -0.148847 -0.107762 0.816214
VERTEX_POSE A207 0.970811 -0.299561 0.607977 -0.738870 -0.358251 -0.643559 0.626239 0.199758 0.692446
VERTEX_POSE A208 -0.611556 0.040474 -0.097059 -0.759092 -0.019528 0.334150 -0.869511 -0.558679 -0.493527
VERTEX_POSE A209 -0.547689 0.427380 -0.433763 0.352706 -0.770747 0.246848 -0.470327 0.902588 0.429816
VERTEX_POSE A210 0.412349 0.531099 0.326517 -0.025707 0.514552 0.732303 -0.573925 -0.680493 -0.637060
VERTEX_POSE A211 0.841353 0.696259 0.828525 -0.954505 -0.148158 0.090445 0.683112 0.284147 -0.715127
VERTEX_POSE A212 0.150090 0.634990 -0.487082 -0.961821 0.268334 0.257926 0.822977 -0.091514 -0.500705
VERTEX_POSE A213 -0.054248 0.813852 0.044742 -0.851173 -0.512735 0.524877 -0.832694 -0.003042 -0.209103
VERTEX_POSE A214 0.709439 -0.689948 -0.924007 0.332245 -0.537846 -0.225951 0.752171 0.915729 0.380736
VERTEX_POSE A215 -0.092786 -0.566829 -0.255516 -0.291416 -0.047178 -0.734712 0.650651 0.612597 0.757910
VERTEX_POSE A216 -0.946493 0.600985 -0.406413 -0.392713 0.293305 0.781295 -0.393564 0.485135 0.871252
VERTEX_POSE A217 -0.999851 -0.009030 -0.862315 0.620494 0.208386 0.748887 0.128628 -0.232716 0.969552
VERTEX_POSE A218 -0.345360 -0.256467 -0.701301 -0.463673 -0.529805 -0.729543 0.683123 0.502767 0.502642
VERTEX_POSE A219 -0.086831 0.542944 0.725006 -0.544655 -0.737720 0.603674 -0.675036 -0.582176 -0.009790
VERTEX_POSE A220 0.968575 0.422790 -0.522029 -0.689302 0.249377 0.168483 -0.857968 -0.704610 -0.449112
VERTEX_POSE A221 -0.450651 0.570809 -0.367043 -0.232959 0.958930 0.925267 0.167339 -0.299351 -0.229023
VERTEX_POSE A222 -0.492535 -0.087140 -0.965751 0.839362 -0.122367 -0.473102 -0.644240 -0.267667 0.754971
VERTEX_POSE A223 0.645898 0.067451 -0.024769 -0.750688 -0.645616 -0.655383 0.700985 0.083313 -0.302986
VERTEX_POSE A224 0.604224 0.265077 0.302889 0.186286 0.648225 -0.031174 -0.747186 -0.982001 0.146688
VERTEX_POSE A225 0.756228 0.018096 0.761289 -0.725554 -0.684107 0.535054 -0.628995 0.432769 -0.369274
VERTEX_POSE A226 -0.099472 0.792641 0.139578 0.434523 -0.892385 -0.900319 -0.434090 0.024793 -0.123345
VERTEX_POSE A227 0.962523 0.883963 -0.401047 0.313343 0.366529 -0.827815 0.557469 -0.465337 -0.744906
VERTEX_POSE A228 -0.562670 0.713015 0.660950 0.798996 0.242614 -0.512510 0.753359 0.314546 0.611219
VERTEX_POSE A229 -0.576944 0.513633 0.558754 0.391259 0.797111 0.871436 -0.160253 -0.295830 0.582180
VERTEX_POSE A230 0.525727 0.098784 -0.448392 0.740492 -0.599364 -0.098574 -0.544352 -0.664797 -0.586894
VERTEX_POSE A231 0.272325 -0.966588 0.528403 -0.650712 -0.243545 -0.654755 -0.299699 -0.384538 0.922424
VERTEX_POSE A232 0.804014 0.001327 0.480217 0.448295 -0.601710 0.408820 -0.519628 -0.794920 -0.606574
VERTEX_POSE A233 -0.165352 0.631923 0.162345 0.631345 0.348469 0.581390 0.378527 -0.513215 0.857489
VERTEX_POSE A234 0.912905 0.023134 -0.670133 -0.356052 -0.227202 -0.787317 0.595421 0.503348 0.770619
VERTEX_POSE A235 0.953024 0.943431 0.521444 -0.407530 -0.155556 -0.746880 0.623758 -0.525442 -0.765982
VERTEX_POSE A236 0.272578 -0.520182 0.431890 -0.936905 -0.324084 0.190074 -0.786910 -0.293394 0.525111
VERTEX_POSE A237 0.728917 0.368335 0.136250 -0.652474 -0.707992 -0.706479 0.697298 0.274160 0.111905
VERTEX_POSE A238 0.923835 -0.356130 0.129422 0.837592 -0.354824 -0.546296 -0.544018 -0.000003 -0.760358
VERTEX_POSE A239 0.661022 0.520292 -0.665169 -0.768464 0.623167 0.263577 0.515237 0.583086 0.588382
VERTEX_POSE A240 -0.818772 -0.204285 0.702487 -0.885939 -0.419147 -0.424550 0.560506 -0.186736 0.714247
VERTEX_POSE A241 0.336184 -0.825032 -0.544061 0.861247 -0.257593 0.487424 0.174838 -0.143776 -0.950304
VERTEX_POSE A242 0.502375 0.216551 -0.836644 -0.239782 0.017297 -0.608990 0.775982 -0.756066 -0.630517
VERTEX_POSE A243 0.331318 -0.569295 -0.784595 -0.602759 -0.708338 0.423602 0.106074 -0.676197 0.697858
VERTEX_POSE A244 -0.718064 0.988820 0.500681 -0.352765 -0.914152 0.158163 0.152103 -0.922248 0.375753
VERTEX_POSE A245 0.211814 0.526603 -0.760651 -0.729935 -0.636068 0.675060 -0.613449 0.107188 -0.468079
VERTEX_POSE A246 -0.761468 -0.136123 -0.040111 -0.712507 -0.581234 0.664099 -0.377775 0.226510 -0.720731
VERTEX_POSE A247 -0.664557 0.589805 -0.905732 -0.257184 -0.911302 -0.477506 -0.169428 -0.840146 0.375263
VERTEX_POSE A248 0.211963 -0.482427 -0.622967 -0.244358 -0.310426 -0.474235 -0.788089 -0.845808 0.531556
VERTEX_POSE A249 -0.106827 0.607410 0.258588 -0.959089 0.178705 -0.253987 -0.200554 0.125051 0.963246
VERTEX_POSE A250 0.248613 0.132749 0.819273 0.623909 -0.492119 0.778435 0.322655 0.069103 0.808525
VERTEX_POSE A251 0.180537 0.940363 -0.144996 -0.590589 0.264977 -0.806319 -0.231762 -0.032460 0.935988
VERTEX_POSE A252 0.442521 0.178219 0.891545 0.678830 -0.250881 0.623205 -0.300189 0.388336 0.920296
VERTEX_POSE A253 0.756078 -0.954391 0.853522 0.730555 0.581173 0.664035 -0.482226 0.159210 -0.655512
VERTEX_POSE A254 -0.173564 0.007814 0.830236 -0.025706 0.988768 0.127634 -0.142829 0.991488 0.044022
VERTEX_POSE A255 0.046746 -0.556704 0.194434 0.092847 -0.117152 -0.404565 0.902945 0.909784 0.413480
VERTEX_POSE A256 0.512306 0.063705 0.614811 -0.838007 -0.461778 -0.503739 0.449925 -0.209740 0.764414
VERTEX_POSE A257 0.726963 -0.199545 -0.030186 -0.933857 -0.337310 0.357643 -0.879339 0.001517 -0.336133
VERTEX_POSE A258 0.009268 -0.672741 0.793387 -0.899610 -0.214154 0.433829 -0.338616 -0.049937 0.916230
VERTEX_POSE A259 0.949636 -0.223280 0.275761 0.703889 -0.626491 0.337021 -0.120272 -0.625266 -0.770094
VERTEX_POSE A260 -0.849981 -0.685912 -0.471432 0.508498 0.646897 0.638575 0.159425 -0.577626 0.745726
VERTEX_POSE A261 -0.465005 0.426042 -0.655006 -0.812058 -0.418434 -0.583212 0.557276 -0.020613 0.717186
VERTEX_POSE A262 0.221962 -0.189869 -0.195836 -0.365850 0.569631 0.583966 0.756263 -0.724664 0.321849
VERTEX_POSE A263 0.954034 0.315416 -0.991215 -0.538034 0.353212 -0.796729 -0.509550 0.275214 -0.784602
VERTEX_POSE A264 0.369643 0.057966 0.507340 -0.538248 -0.223749 -0.842781 0.139490 0.002978 -0.964613
VERTEX_POSE A265 0.134866 0.833265 0.134030 -0.178751 -0.619377 0.501852 -0.725710 -0.846282 -0.299528
VERTEX_POSE A266 0.907058 0.258847 0.530229 0.900579 0.377644 -0.367321 0.396310 0.232448 -0.836853
VERTEX_POSE A267 -0.357780 0.537784 -0.060771 0.442935 0.491720 0.538057 -0.814648 -0.717149 -0.307506
VERTEX_POSE A268 -0.136217 0.201600 -0.729719 0.103433 0.973268 0.636381 -0.223204 -0.764409 -0.054126
VERTEX_POSE A269 0.830892 0.902716 -0.340349 0.766167 0.628383 0.220911 -0.060819 -0.603478 0.775523
VERTEX_POSE A270 -0.696758 0.058076 0.274060 0.242079 -0.840958 0.731608 0.485816 0.637297 -0.238269
VERTEX_POSE A271 0.045011 0.997315 0.972768 -0.776559 0.424088 -0.111355 0.635518 -0.620125 -0.645188
VERTEX_POSE A272 0.167076 -0.922315 0.115590 0.950238 0.149247 -0.160757 -0.516953 -0.266844 0.842903
VERTEX_POSE A273 0.805617 -0.725374 0.437416 -0.475535 0.654220 -0.858319 -0.491541 -0.192756 0.574790
VERTEX_POSE A274 -0.623671 -0.571980 -0.811827 -0.974942 -0.207508 -0.077845 0.655857 -0.208393 0.725805
VERTEX_POSE A275 0.449012 -0.933495 -0.383729 0.343742 -0.859662 0.616168 0.510170 -0.708646 0.026597
VERTEX_POSE A276 0.017431 0.801229 0.676765 -0.758712 -0.179609 0.203334 -0.978508 0.618879 0.101301
VERTEX_POSE A277 -0.385139 0.291897 0.148062 -0.722799 -0.079575 -0.590160 -0.445743 -0.359545 0.891617
VERTEX_POSE A278 0.784455 0.656310 -0.289462 -0.602759 0.150712 0.753346 -0.216144 -0.262968 -0.964659
VERTEX_POSE A279 -0.770606 -0.681197 -0.946202 0.811132 -0.440263 -0.106156 -0.758184 0.575148 0.480964
VERTEX_POSE A280 0.508034 -0.100693 -0.593350 0.805345 -0.589653 0.429777 0.509823 -0.408302 -0.626410
VERTEX_POSE A281 0.033068 -0.210941 -0.470189 -0.654457 0.755962 -0.488571 -0.437331 0.577048 0.487096
VERTEX_POSE A282 0.409931 -0.740834 -0.091197 0.344581 -0.430375 0.666987 0.737629 -0.660599 0.520270
VERTEX_POSE A283 -0.049445 -0.922474 -0.701805 0.276519 -0.842400 -0.533083 0.265970 -0.799600 -0.468638
VERTEX_POSE A284 -0.210854 -0.165332 -0.616667 0.953221 -0.232525 0.267645 0.946217 -0.140483 0.224956
VERTEX_POSE A285 -0.763633 0.266980 -0.260962 -0.679571 0.694869 -0.649864 -0.421420 -0.340382 -0.582719
VERTEX_POSE A286 0.997301 -0.479179 0.492630 0.008410 0.948509 -0.085768 -0.314798 -0.996280 0.035107
VERTEX_POSE A287 -0.698548 0.898373 0.998144 -0.500308 -0.666486 -0.623718 0.720177 -0.600555 -0.192721
VERTEX_POSE A288 0.963330 -0.932565 0.708852 -0.805981 0.332212 0.455098 -0.181491 0.378524 0.925579
VERTEX_POSE A289 0.006569 -0.151920 0.286016 0.779124 -0.615884 -0.370599 -0.302205 -0.505591 -0.727571
VERTEX_POSE A290 -0.748912 -0.324908 0.273905 0.812171 0.559827 -0.574669 0.719067 0.100668 -0.411748
VERTEX_POSE A291 -0.886650 -0.618477 -0.762580 -0.232531 -0.900830 0.681039 0.118323 0.694345 -0.417738
VERTEX_POSE A292 0.541564 -0.725878 0.631011 -0.592573 0.231512 -0.469098 -0.877816 0.654832 -0.419335
VERTEX_POSE A293 0.473050 0.485224 -0.921932 -0.237946 -0.466844 0.692592 -0.696348 -0.680953 -0.545120
VERTEX_POSE A294 -0.932617 0.696939 -0.753795 -0.988557 -0.088501 0.150724 -0.612446 -0.006138 -0.785543
VERTEX_POSE A295 -0.088793 0.332088 0.138350 0.143596 -0.971749 -0.517208 -0.235055 -0.843728 -0.021296
VERTEX_POSE A296 -0.392084 0.318489 0.212099 0.341357 0.698883 -0.695596 -0.261893 -0.632157 0.665564
VERTEX_POSE A297 0.974441 -0.044214 0.776435 0.889474 -0.447074 0.293450 0.717571 -0.350318 -0.534057
VERTEX_POSE A298 0.553427 -0.130128 -0.922420 -0.643433 -0.397740 -0.397058 0.903904 0.654476 0.157352
VERTEX_POSE A299 0.471699 -0.479911 0.482380 0.322632 0.903505 -0.916622 0.223913 0.236036 -0.365434
VERTEX_POSE A300 0.805334 -0.141498 -0.563914 0.391618 0.910602 0.753513 -0.235019 -0.528066 0.339955
VERTEX_POSE A301 0.856669 0.927948 0.351640 0.300055 0.854066 0.951253 -0.234598 0.071309 -0.464257
VERTEX_POSE A302 -0.483290 -0.482597 0.455148 0.403686 0.868486 0.854475 -0.245516 -0.326970 0.430643
VERTEX_POSE A303 -0.027590 -0.063813 0.551676 -0.898979 0.202319 -0.397574 -0.004803 0.183774 0.979308
VERTEX_POSE A304 0.662286 -0.797426 -0.210944 0.642053 0.609699 -0.738461 0.328907 -0.206018 0.721171
VERTEX_POSE A305 -0.106961 -0.054576 0.643321 0.445790 0.294076 0.573314 0.631552 0.687447 -0.717399
VERTEX_POSE A306 -0.578579 0.002692 -0.832054 0.164406 -0.817022 0.456022 0.559779 -0.874651 0.138282
VERTEX_POSE A307 -0.320283 -0.996197 -0.534179 0.405017 0.653249 -0.913576 0.317156 0.036608 0.687516
VERTEX_POSE A308 0.507900 -0.762680 -0.208617 0.453848 0.859540 0.551479 -0.478068 -0.699923 0.180671
VERTEX_POSE A309 -0.794123 -0.340998 -0.121516 -0.127104 0.880307 0.565057 -0.314453 -0.815203 -0.355218
VERTEX_POSE A310 -0.090889 -0.677394 -0.480380 -0.311606 0.521199 -0.580345 -0.766466 0.752397 -0.375342
VERTEX_POSE A311 0.015934 0.136627 0.198033 0.120998 -0.834406 0.805954 0.398799 -0.579480 0.380430
VERTEX_POSE A312 0.238945 0.448061 0.408296 0.602598 0.409417 -0.013533 -0.853008 -0.797930 0.323659
VERTEX_POSE A313 -0.680958 -0.418228 0.428422 -0.316446 0.628631 -0.707718 0.342226 -0.631662 -0.698359
VERTEX_POSE A314 0.966489 0.214153 0.496229 0.597282 0.721802 -0.425000 -0.084874 -0.680168 0.686876
VERTEX_POSE A315 -0.971909 -0.717271 0.791629 0.944749 -0.303065 -0.242201 -0.902154 -0.220880 -0.307035
VERTEX_POSE A316 -0.444591 0.848752 -0.832539 0.711562 -0.054611 0.621823 -0.415234 0.327133 0.908074
VERTEX_POSE A317 0.963790 0.734974 -0.011142 -0.353779 -0.716594 -0.925351 0.174532 -0.136255 0.675301
VERTEX_POSE A318 -0.670457 -0.818898 0.789773 -0.550611 -0.747966 -0.230198 0.562843 0.802394 -0.351788
VERTEX_POSE A319 -0.481261 0.916187 0.876313 0.228601 -0.849928 0.768480 0.456906 0.597645 -0.262411
VERTEX_POSE A320 -0.029641 -0.416946 -0.725126 -0.530666 -0.847000 -0.563221 0.324716 -0.633384 0.420894
VERTEX_POSE A321 -0.419369 -0.143806 0.063678 0.415421 -0.711201 0.741960 0.625609 0.526232 -0.320636
VERTEX_POSE A322 -0.367912 -0.702290 -0.886267 -0.773070 -0.480026 -0.634311 0.581238 0.003665 -0.657068
VERTEX_POSE A323 -0.488077 -0.142824 0.905885 -0.798363 0.374700 -0.425960 -0.904739 -0.425647 0.202600
VERTEX_POSE A324 -0.946319 -0.658582 0.141746 -0.515733 -0.831629 0.711773 -0.549693 0.476864 -0.078936
VERTEX_POSE A325 -0.300528 0.994649 -0.640062 0.299483 0.263352 -0.428688 -0.821528 -0.852371 0.505705
VERTEX_POSE A326 0.423129 -0.810736 0.044236 -0.873680 -0.051497 -0.069235 -0.971100 0.481549 -0.233052
VERTEX_POSE A327 -0.338403 0.659906 -0.646155 0.098976 0.552734 0.873558 0.349963 -0.476549 0.756314
VERTEX_POSE A328 -0.326087 -0.049565 -0.863627 -0.577120 0.583475 -0.092907 0.648219 0.811357 0.489253
VERTEX_POSE A329 -0.023444 0.059136 0.121815 -0.176740 0.971954 -0.024740 0.153183 -0.983947 -0.178437
VERTEX_POSE A330 -0.866704 -0.820005 0.836224 0.943752 0.317284 -0.330044 0.921018 -0.020091 -0.225959
VERTEX_POSE A331 -0.520753 0.808938 -0.427542 -0.584831 0.006219 0.592246 -0.680017 -0.554271 -0.733170
VERTEX_POSE A332 -0.166775 -0.012917 -0.526545 -0.870578 0.428512 -0.479456 -0.628423 -0.110524 -0.649201
VERTEX_POSE A333 -0.349995 -0.302601 0.291372 -0.264429 -0.614436 -0.582073 -0.512868 0.768940 -0.599529
VERTEX_POSE A334 0.451656 -0.254875 -0.875866 -0.703685 -0.709344 0.610491 -0.632950 -0.363494 0.310170
VERTEX_POSE A335 -0.504489 0.189657 0.262512 -0.491709 -0.417679 -0.461343 0.869136 0.738502 0.264852
VERTEX_POSE A336 0.543044 0.642822 -0.065307 0.203761 -0.896499 0.962390 0.109665 -0.179685 -0.429258
VERTEX_POSE A337 0.873078 0.747816 -0.707920 -0.146895 0.081829 0.583478 -0.797557 0.798734 0.597667
VERTEX_POSE A338 0.175228 0.193461 0.728333 -0.588623 -0.017543 0.608748 -0.667460 -0.531929 -0.744439
VERTEX_POSE A339 0.050944 0.880142 0.726076 -0.619218 -0.092820 -0.725201 0.448357 -0.301087 -0.889022
VERTEX_POSE A340 -0.921045 -0.593181 0.170565 0.737308 0.596873 -0.673618 0.614104 -0.051141 0.516352
VERTEX_POSE A341 -0.915661 0.516067 -0.752047 -0.491584 0.453101 -0.826233 0.027107 -0.275108 -0.891047
VERTEX_POSE A342 -0.933122 0.016769 -0.075890 -0.717615 0.690057 0.516982 0.437307 -0.466646 -0.576701
VERTEX_POSE A343 0.317899 0.854880 -0.421140 0.542934 -0.232227 0.436890 -0.742603 -0.717182 -0.628180
VERTEX_POSE A344 -0.596619 -0.902161 0.676376 0.176455 -0.021457 -0.160544 -0.987002 0.971128 -0.159269
VERTEX_POSE A345 -0.966634 -0.769078 -0.579661 -0.410248 -0.242864 0.440400 -0.896807 -0.798589 -0.369802
VERTEX_POSE A346 0.345990 -0.862391 -0.629511 -0.683663 0.667320 -0.693169 -0.467115 0.228301 0.580076
VERTEX_POSE A347 -0.041211 0.946590 0.843836 0.635391 -0.545448 -0.771693 -0.473941 -0.027722 0.691279
VERTEX_POSE A348 0.997156 0.965896 0.409197 -0.122522 -0.051107 -0.739338 -0.661534 0.662093 -0.748172
VERTEX_POSE A349 0.675533 -0.681289 -0.839738 -0.030121 0.031934 0.624754 -0.779594 -0.780240 -0.625470
VERTEX_POSE A350 0.477528 0.862777 0.720149 0.073846 0.688578 0.570696 -0.622392 0.817834 0.372139
VERTEX_POSE A351 -0.032485 -0.451050 0.684071 0.462112 0.524094 0.741443 0.214239 0.486533 -0.824274
VERTEX_POSE A352 -0.743836 0.174905 0.223940 0.521300 -0.497498 -0.506236 0.473804 0.687002 0.726640
VERTEX_POSE A353 -0.890383 -0.839513 0.833882 -0.227003 -0.514331 0.650593 0.551809 0.724706 -0.656484
VERTEX_POSE A354 0.479437 0.406126 0.589956 0.693353 0.718746 0.635306 -0.643529 0.340070 -0.263201
VERTEX_POSE A355 -0.690156 0.516323 -0.634314 0.925686 -0.048909 0.220099 -0.736856 -0.307671 -0.674278
VERTEX_POSE A356 -0.190912 -0.844864 -0.806180 0.085128 0.536922 0.939407 -0.323998 -0.332067 -0.778935
VERTEX_POSE A357 -0.097433 0.595390 -0.365808 0.233327 0.947856 -0.972398 0.227270 0.000730 -0.223420
VERTEX_POSE A358 -0.028559 0.176229 -0.280469 -0.540169 -0.821306 -0.496545 0.487099 -0.679456 0.296969
VERTEX_POSE A359 0.483001 0.105572 -0.669808 -0.425665 0.694846 0.867396 0.495788 0.257749 -0.520944
VERTEX_POSE A360 0.879123 -0.345474 0.756007 -0.129802 0.808988 0.871742 -0.182400 0.472458 0.558810
VERTEX_POSE A361 0.104737 0.356224 -0.444245 0.299730 0.755157 0.873360 -0.463122 0.383933 0.463957
VERTEX_POSE A362 0.962248 -0.085491 -0.097349 0.030338 -0.223222 0.887564 -0.442265 0.459685 0.868662
VERTEX_POSE A363 -0.287652 0.641610 -0.770537 0.547352 -0.777987 -0.820293 -0.425658 -0.165908 -0.462116
VERTEX_POSE A364 0.754742 -0.946377 0.847127 0.774469 -0.305021 -0.337991 -0.940070 -0.534753 0.152418
VERTEX_POSE A365 0.413904 0.659634 0.026785 0.905557 -0.399391 -0.096205 -0.521678 -0.413172 -0.753883
VERTEX_POSE A366 0.207859 -0.168733 0.491975 -0.739330 -0.039702 -0.673295 0.031626 0.008069 -0.998711
VERTEX_POSE A367 0.297786 0.696445 -0.218179 -0.504526 -0.747284 0.816855 -0.575366 -0.279646 -0.332445
VERTEX_POSE A368 0.286982 0.407450 0.318865 0.840455 0.534829 -0.516270 0.741453 0.164624 -0.405223
VERTEX_POSE A369 -0.616912 -0.975272 0.220308 -0.291379 0.230045 0.750606 0.656723 0.593034 -0.718188
VERTEX_POSE A370 -0.651270 0.576587 -0.492103 -0.395347 -0.491550 -0.914762 0.287160 0.083137 0.822142
VERTEX_POSE A371 0.365936 0.814269 -0.510570 -0.778835 0.583551 -0.585771 -0.545623 0.224251 0.601469
VERTEX_POSE A372 -0.532573 0.540795 0.468261 0.695486 0.522094 0.590405 -0.023631 0.409539 -0.852561
VERTEX_POSE A373 -0.584392 -0.406644 0.432007 0.573030 -0.211802 0.631212 -0.502061 -0.522693 -0.838496
VERTEX_POSE A374 -0.316164 0.669148 0.068290 0.372744 -0.374105 -0.556088 0.642545 0.742851 0.668716
VERTEX_POSE A375 -0.129193 0.638634 0.144637 -0.349355 -0.301677 -0.667809 -0.583935 -0.657254 0.753665
VERTEX_POSE A376 -0.551026 -0.175722 0.852345 -0.920614 0.355359 -0.064988 -0.548111 0.385027 0.757162
VERTEX_POSE A377 -0.970174 0.806757 0.438779 0.875459 -0.004273 -0.471080 0.215827 -0.107958 -0.976422
VERTEX_POSE A378 0.829597 0.585224 -0.011527 -0.673654 0.544967 -0.439368 0.247817 0.594262 0.800998
VERTEX_POSE A379 -0.553870 -0.209826 0.261542 0.035876 0.717479 0.981486 0.105757 0.188145 -0.688505
VERTEX_POSE A380 0.705359 -0.874532 0.599040 0.879148 -0.286621 0.325868 -0.221358 0.347719 0.932121
VERTEX_POSE A381 0.307125 0.448001 -0.291378 -0.559181 -0.772982 -0.779429 0.366986 -0.282501 0.517513
VERTEX_POSE A382 0.413645 0.339124 -0.054387 0.258606 0.231046 0.406774 -0.906735 0.876161 0.352773
VERTEX_POSE A383 0.961523 0.300373 -0.177020 -0.671385 -0.626073 -0.526577 0.779536 -0.521496 0.018889
VERTEX_POSE A384 0.416741 0.608488 -0.457496 -0.475311 0.267748 0.564942 -0.637370 0.674478 0.722545
VERTEX_POSE A385 -0.106918 -0.254750 -0.464430 0.538980 -0.107382 0.410091 -0.832900 0.735749 0.542905
VERTEX_POSE A386 -0.728633 -0.183305 0.188666 0.612143 0.664745 0.392456 -0.725564 0.686483 -0.177961
VERTEX_POSE A387 -0.774170 0.763624 -0.263677 -0.559849 0.620562 -0.791808 -0.205421 0.244151 0.756773
VERTEX_POSE A388 0.795649 -0.659360 0.169762 0.407117 -0.776510 0.139594 -0.467451 0.902646 0.422518
VERTEX_POSE A389 0.242808 0.992925 0.908196 -0.370898 -0.705427 0.354004 0.493880 0.858554 -0.508386
VERTEX_POSE A390 0.708831 -0.130804 0.066516 -0.179677 -0.011237 -0.666641 0.736710 -0.723399 -0.676116
VERTEX_POSE A391 0.674772 -0.004833 -0.074231 0.289230 -0.129064 0.947223 -0.104522 -0.138255 -0.986112
VERTEX_POSE A392 -0.652455 0.349149 -0.536049 -0.579286 0.376975 -0.446517 -0.888526 -0.681946 0.261555
VERTEX_POSE A393 0.671079 0.783705 0.969167 -0.733447 0.060281 -0.663823 0.150813 -0.146269 -0.986723
VERTEX_POSE A394 -0.612880 -0.363224 0.155232 -0.555806 0.305559 -0.137050 -0.950954 -0.819937 -0.048178
VERTEX_POSE A395 -0.897712 0.402771 -0.688922 -0.362298 -0.667670 -0.662864 -0.305958 -0.655249 0.678680
VERTEX_POSE A396 0.084983 0.443339 -0.004048 -0.918030 0.382029 -0.396236 -0.893858 0.014765 -0.234675
VERTEX_POSE A397 0.594979 0.468043 -0.352794 -0.548882 0.497587 -0.482848 -0.844646 0.682339 -0.197437
VERTEX_POSE A398 0.400074 0.099216 0.092899 -0.246752 0.181777 -0.744633 -0.664184 -0.620190 0.725132
VERTEX_POSE A399 -0.628035 -0.149211 -0.685183 0.647827 0.052993 -0.572218 -0.624678 -0.502878 0.779082
VERTEX_POSE A400 0.978067 0.492771 0.867514 -0.674792 0.506446 0.126519 -0.637229 0.727083 0.580906
VERTEX_POSE A401 0.748804 -0.324197 0.600796 0.899508 -0.436631 -0.436746 -0.897666 0.011771 0.059578
VERTEX_POSE A402 0.737902 -0.334942 -0.195754 0.578695 -0.388598 -0.706473 0.200369 0.407441 0.899357
VERTEX_POSE A403 -0.554506 0.033566 0.335775 -0.994715 0.100506 0.020706 0.396516 -0.100563 -0.912510
VERTEX_POSE A404 -0.835588 0.269159 0.032803 -0.201229 -0.731396 -0.885110 -0.149197 0.419627 -0.665433
VERTEX_POSE A405 -0.578262 -0.665794 0.872536 0.450625 0.488072 -0.644445 -0.401568 0.617760 -0.774938
VERTEX_POSE A406 0.316301 -0.327800 -0.519588 0.799511 -0.600628 -0.444743 -0.586044 0.403715 0.543873
VERTEX_POSE A407 -0.386613 -0.906562 -0.114852 -0.326219 -0.783111 0.788172 0.083890 -0.521887 0.616197
VERTEX_POSE A408 -0.548436 -0.859037 0.311315 0.792990 -0.277188 -0.279290 -0.956815 -0.541446 0.087583
VERTEX_POSE A409 0.145898 -0.742576 0.468885 0.250303 -0.840483 -0.581557 -0.527357 0.774041 -0.124428
VERTEX_POSE A410 0.059517 -0.116388 -0.853310 -0.700375 0.696832 -0.534006 -0.367826 -0.473617 -0.615734
VERTEX_POSE A411 -0.843077 -0.733569 -0.089645 -0.791942 -0.604388 -0.370869 0.363131 -0.485061 0.709120
VERTEX_POSE A412 -0.546978 0.705425 -0.822493 0.874908 0.407745 -0.458582 0.524069 0.155687 -0.747727
VERTEX_POSE A413 -0.526838 -0.777265 0.092303 0.397308 0.716758 0.422587 0.411420 -0.814596 0.563021
VERTEX_POSE A414 -0.881554 0.566804 0.733335 -0.223441 0.530240 -0.488256 0.665339 -0.843611 -0.525518
VERTEX_POSE A415 0.869763 0.313913 -0.279990 -0.219150 0.307496 -0.966197 0.063676 0.135779 0.949416
VERTEX_POSE A416 0.366245 -0.032015 0.627873 0.169381 -0.497960 0.978353 0.189062 -0.118894 0.846340
VERTEX_POSE A417 -0.610187 -0.616500 -0.077999 0.956892 0.285299 0.261751 -0.765855 -0.125877 0.576255
VERTEX_POSE A418 -0.904407 0.077537 0.456334 -0.411344 0.900308 -0.567313 -0.375054 0.713409 0.220860
VERTEX_POSE A419 0.161894 0.308626 -0.202365 0.599651 0.577456 0.482292 -0.813245 0.638602 0.071953
VERTEX_POSE A420 0.632622 -0.623576 -0.169803 -0.707569 -0.126779 0.106687 -0.991663 0.698544 0.023037
VERTEX_POSE A421 0.804424 0.946733 -0.477150 0.060693 0.494725 -0.201982 0.856648 0.977507 0.146291
VERTEX_POSE A422 -0.163334 -0.696207 0.723403 0.581356 0.637156 -0.476194 -0.237841 -0.659746 0.733120
VERTEX_POSE A423 0.980167 0.725573 0.294148 0.971366 -0.097236 0.153497 0.953273 -0.181349 0.286036
VERTEX_POSE A424 0.475503 0.730438 -0.507984 -0.573786 -0.677435 -0.674750 0.709538 -0.464201 -0.194006
VERTEX_POSE A425 0.223786 -0.059431 -0.121365 0.181171 0.150187 0.420883 0.881353 -0.888839 0.447951
VERTEX_POSE A426 -0.917545 0.128344 0.605226 -0.939542 0.180202 0.017973 -0.823212 0.341961 0.538376
VERTEX_POSE A427 -0.439513 0.173777 0.487968 0.707934 0.170874 -0.549899 -0.475541 -0.443215 0.862939
VERTEX_POSE A428 -0.181235 -0.591388 0.525841 0.412783 0.582039 0.570600 -0.764792 0.709948 0.276267
VERTEX_POSE A429 0.482529 -0.772440 -0.301875 -0.409482 0.694081 -0.889939 -0.446754 -0.200832 0.564502
VERTEX_POSE A430 -0.067548 -0.975434 0.802785 -0.542965 0.709672 -0.820943 -0.336048 0.176755 0.619224
VERTEX_POSE A431 -0.203168 0.901383 0.393355 -0.692030 -0.684441 0.326585 -0.580286 0.643767 -0.441372
VERTEX_POSE A432 0.231333 -0.096637 -0.701079 -0.848868 -0.442418 -0.159328 -0.307677 0.504021 -0.842378
VERTEX_POSE A433 -0.329646 -0.310377 -0.392969 0.409098 -0.409043 -0.730562 0.388770 0.546734 0.825556
VERTEX_POSE A434 0.242325 -0.065051 -0.270870 -0.811810 0.370630 0.138267 0.872774 0.567315 0.317646
VERTEX_POSE A435 0.395745 -0.827477 0.331724 -0.768576 -0.618860 0.574586 -0.556259 -0.281322 0.554606
VERTEX_POSE A436 0.092092 0.023829 -0.520433 -0.601509 0.092795 -0.713856 -0.508288 -0.358604 0.856173
VERTEX_POSE A437 -0.441374 0.607149 0.209542 -0.693265 0.716667 -0.510435 -0.562701 -0.508763 -0.412014
VERTEX_POSE A438 -0.990868 -0.734040 -0.783128 -0.404602 0.792991 0.236615 0.571886 0.883352 0.210029
VERTEX_POSE A439 0.543656 0.164793 0.790881 -0.325245 0.463657 -0.678105 -0.721804 0.659082 -0.513830
VERTEX_POSE A440 0.704524 0.864573 -0.321573 -0.671206 0.646151 -0.159134 0.353047 -0.723988 -0.676644
VERTEX_POSE A441 0.068649 0.149572 -0.636439 -0.462778 -0.738292 0.633066 -0.662704 0.620535 0.125489
VERTEX_POSE A442 0.700579 0.431224 -0.298763 -0.230525 -0.907733 0.912106 -0.076072 0.338999 -0.412594
VERTEX_POSE A443 -0.842454 0.569998 -0.144067 0.925165 -0.315846 0.250530 0.924758 0.285140 0.212283
VERTEX_POSE A444 0.541811 0.372307 0.455865 0.374297 -0.524020 -0.926431 -0.247200 0.040335 -0.815043
VERTEX_POSE A445 0.819025 -0.001972 -0.565428 -0.592472 -0.711562 0.749213 -0.659004 -0.296069 -0.243706
VERTEX_POSE A446 -0.972691 -0.116090 0.575943 0.826269 -0.029762 0.420542 -0.631748 -0.374732 -0.774602
VERTEX_POSE A447 -0.091945 -0.659707 0.083738 -0.087535 0.607735 -0.848621 0.369471 0.521708 0.702957
VERTEX_POSE A448 -0.791162 0.381528 0.356572 -0.270129 -0.834310 0.784258 -0.480215 -0.558543 -0.270777
VERTEX_POSE A449 -0.877098 0.961448 0.032277 -0.880723 0.186767 0.377510 -0.278165 0.286032 0.942201
VERTEX_POSE A450 -0.930051 0.648919 0.881372 0.310079 0.031569 -0.653834 -0.718483 0.690182 -0.694828
VERTEX_POSE A451 0.841460 0.757952 -0.813231 0.654211 0.516656 0.711185 -0.171754 0.257339 -0.838789
VERTEX_POSE A452 0.927327 0.908181 0.555127 -0.733338 0.119660 -0.293780 -0.943514 -0.613114 0.308971
VERTEX_POSE A453 -0.093385 0.952711 0.604776 -0.038378 -0.063455 0.941106 -0.337791 0.335926 0.939080
VERTEX_POSE A454 0.821627 0.483525 0.480917 -0.088391 0.917171 0.873397 0.258922 0.478921 -0.302914
VERTEX_POSE A455 0.402830 0.638619 -0.952857 -0.537223 0.574053 -0.522748 -0.801579 -0.661911 0.167136
VERTEX_POSE A456 -0.869600 -0.106720 -0.516589 0.799556 0.045511 -0.485578 -0.537818 0.353445 -0.841832
VERTEX_POSE A457 0.904082 -0.388130 0.086143 0.861421 -0.359271 -0.085766 -0.799583 -0.500597 -0.481239
VERTEX_POSE A458 0.963317 -0.187605 0.535111 0.033627 0.376900 0.263179 0.890140 -0.964161 0.256119
VERTEX_POSE A459 -0.050835 0.301892 -0.990748 0.268724 -0.714352 -0.702617 0.313482 0.658875 0.625643
VERTEX_POSE A460 0.386610 -0.160570 0.784269 0.619145 0.727576 -0.180784 0.498201 0.764184 -0.471625
VERTEX_POSE A461 -0.104231 -0.163039 0.337895 -0.331048 0.511044 0.753640 0.649066 -0.567833 0.563514
VERTEX_POSE A462 0.745997 0.203275 0.402607 0.385564 0.468685 -0.695108 -0.418908 -0.606766 0.777721
VERTEX_POSE A463 -0.382057 0.742793 -0.916810 0.187547 0.651213 0.434054 0.616635 0.881149 -0.442361
VERTEX_POSE A464 0.566123 0.526584 0.944926 0.251175 -0.955763 0.455086 -0.022960 0.854288 0.293242
VERTEX_POSE A465 -0.011678 -0.861775 -0.868262 -0.862589 -0.139419 -0.246804 -0.723159 -0.441619 0.676464
VERTEX_POSE A466 -0.986312 0.915316 0.414913 -0.074745 -0.655005 0.956302 -0.260817 -0.282664 -0.709185
VERTEX_POSE A467 -0.341785 -0.449587 -0.575507 -0.624192 0.689654 0.017659 -0.457299 0.781071 0.561475
VERTEX_POSE A468 0.546949 0.745374 0.341280 0.597060 -0.021806 -0.239904 -0.958736 0.765484 -0.283461
VERTEX_POSE A469 -0.977180 -0.818724 0.631785 -0.973593 -0.195528 0.206493 -0.974363 0.097356 0.111292
VERTEX_POSE A470 -0.798129 0.715206 -0.784625 -0.215039 -0.475516 -0.610053 -0.616668 -0.762623 0.627380
VERTEX_POSE A471 0.251473 0.609947 -0.980294 0.200746 0.978126 -0.283774 0.111306 -0.937642 0.175727
VERTEX_POSE A472 0.091468 0.330848 0.995346 0.526253 -0.250117 0.095022 0.967073 0.845002 0.047019
VERTEX_POSE A473 0.902450 0.146430 -0.083389 -0.255634 -0.464125 0.688252 0.528686 -0.678941 0.710689
VERTEX_POSE A474 0.409019 0.179944 -0.124361 -0.711650 -0.275024 0.575037 0.300599 0.403593 -0.913237
VERTEX_POSE A475 -0.366721 -0.296844 0.451211 0.197979 0.940209 0.065246 -0.294760 0.978032 -0.170659
VERTEX_POSE A476 0.721475 -0.855542 0.351183 0.911009 0.183348 0.354781 0.108153 -0.210221 0.977081
VERTEX_POSE A477 0.436328 -0.936145 -0.548417 0.422594 0.280606 -0.534175 0.845270 0.732169 0.454730
VERTEX_POSE A478 0.541334 0.043449 -0.465051 -0.528862 0.022543 0.680552 -0.586026 0.507104 0.809979
VERTEX_POSE A479 0.930313 0.525986 -0.292245 0.193045 -0.980867 0.880657 0.161893 -0.432639 -0.108125
VERTEX_POSE A480 0.559230 -0.974698 0.483860 0.647994 0.738131 0.280935 -0.460811 -0.707940 0.492763
VERTEX_POSE A481 0.611284 -0.307633 -0.583679 -0.591481 -0.750756 0.585448 -0.149031 -0.554438 0.643549
VERTEX_POSE A482 0.771774 0.283938 -0.105476 0.801991 0.117282 -0.201263 -0.870147 0.562409 -0.478633
VERTEX_POSE A483 0.486557 0.933483 0.038987 0.647321 0.564096 0.578785 0.073833 -0.495967 0.822402
VERTEX_POSE A484 -0.482102 -0.354922 -0.978903 -0.236600 -0.795642 -0.629102 0.562842 0.740440 0.223971
VERTEX_POSE A485 0.593401 -0.232536 -0.624559 -0.389899 -0.169051 0.833683 0.352682 -0.391090 0.920346
VERTEX_POSE A486 -0.110613 0.572102 0.086130 -0.419897 0.472431 0.289164 -0.739697 0.860274 0.479227
VERTEX_POSE A487 -0.351701 0.538358 -0.495492 -0.293864 0.882093 -0.780900 -0.443682 0.551215 -0.158298
VERTEX_POSE A488 0.497483 0.379333 0.461585 -0.426193 0.382855 -0.674126 -0.738595 -0.603252 0.554886
VERTEX_POSE A489 -0.147296 -0.615503 -0.378759 -0.741653 -0.536952 -0.640838 0.744260 -0.198186 -0.397191
VERTEX_POSE A490 0.597464 -0.159749 -0.486240 0.707502 0.538681 -0.630023 0.187507 0.320174 -0.821379
VERTEX_POSE A491 -0.115907 -0.781237 0.245853 -0.629660 0.406404 -0.497781 0.443257 -0.596442 -0.798974
VERTEX_POSE A492 0.748472 0.221458 0.959136 -0.531918 0.841979 -0.372355 -0.136905 -0.760536 -0.521851
VERTEX_POSE A493 0.343461 -0.956474 0.916367 -0.425692 -0.500920 -0.071129 -0.811693 -0.902068 0.300390
VERTEX_POSE A494 0.502037 0.961557 0.329043 -0.034024 -0.981732 0.474108 -0.180746 -0.879809 -0.059434
VERTEX_POSE A495 0.314595 -0.251958 0.904062 -0.302759 -0.703172 0.544848 -0.681538 -0.781970 -0.202621
VERTEX_POSE A496 -0.668216 -0.818249 -0.951895 0.739723 0.633136 0.482604 -0.735203 -0.468938 0.242107
VERTEX_POSE A497 0.515725 0.876873 -0.256044 0.139670 0.553933 0.581501 -0.716786 -0.801466 -0.423529
VERTEX_POSE A498 0.972810 0.298455 -0.671445 -0.609804 0.755700 0.084333 -0.237807 0.788052 0.610218
VERTEX_POSE A499 0.878733 0.927125 0.389384 0.526188 -0.242294 0.016643 0.961299 0.850206 0.131137
VERTEX_POSE A500 0.538544 -0.941851 -0.624259 0.167736 -0.822114 -0.985806 -0.143848 0.007093 -0.550851
VERTEX_POSE A501 -0.825319 0.013661 -0.456070 0.875345 0.385890 0.094608 0.454149 0.474152 -0.803018
VERTEX_POSE A502 0.130205 0.537071 0.409090 0.836394 -0.141332 0.276843 0.942818 0.473079 -0.301859
VERTEX_POSE A503 -0.369987 0.388998 -0.628913 0.369475 -0.779353 0.917731 0.220591 0.145802 0.586471
VERTEX_POSE A504 -0.922869 -0.839910 0.460541 -0.707055 0.193210 0.669001 -0.128958 0.229152 0.972646
VERTEX_POSE A505 -0.460776 -0.282984 -0.715270 -0.470710 0.564536 -0.216842 0.670902 -0.855226 -0.480823
VERTEX_POSE A506 0.263292 -0.907847 0.822298 -0.330604 0.185078 0.553291 0.832404 -0.764572 0.522351
VERTEX_POSE A507 0.798606 -0.695452 -0.188276 0.447291 -0.233297 0.647810 -0.581103 -0.616663 -0.779674
VERTEX_POSE A508 0.975552 -0.219130 -0.263687 0.274487 -0.940259 -0.532847 -0.323094 0.800456 0.107350
VERTEX_POSE A509 -0.195374 0.135602 -0.642753 0.367830 -0.682635 -0.352533 0.525982 -0.860477 -0.507299
VERTEX_POSE A510 0.728919 0.830534 0.519479 -0.758137 -0.430277 0.525236 -0.848252 -0.386464 -0.308757
VERTEX_POSE A511 0.534782 -0.193827 -0.779827 -0.540857 0.838415 -0.839871 -0.533973 0.045725 0.109235
VERTEX_POSE A512 -0.584090 0.827969 -0.226432 0.689687 0.510303 -0.595171 0.803599 0.412436 0.306300
VERTEX_POSE A513 0.500693 0.114473 -0.585997 0.538184 -0.423724 -0.233072 0.755906 0.809960 0.499063
VERTEX_POSE A514 0.021339 -0.260344 0.259159 -0.631303 -0.092573 0.032283 0.988853 -0.774864 0.116621
VERTEX_POSE A515 -0.066192 -0.526952 -0.205335 0.390722 0.889596 0.732652 -0.144968 -0.557277 0.433131
VERTEX_POSE A516 0.094094 0.881937 -0.210555 0.490234 -0.289023 -0.729241 0.380693 0.477366 0.878373
VERTEX_POSE A517 0.910726 -0.688243 -0.654711 0.286278 0.414860 -0.740533 0.667787 0.607993 0.618022
VERTEX_POSE A518 0.582107 -0.988594 0.299173 0.731545 -0.433265 -0.250332 -0.888879 -0.634173 -0.148915
VERTEX_POSE A519 -0.408423 0.261270 -0.748971 -0.050598 0.793894 -0.917095 -0.277167 0.395444 -0.541212
VERTEX_POSE A520 -0.236570 -0.303746 -0.033470 -0.041454 0.994707 -0.709758 0.036911 -0.703225 -0.095891
VERTEX_POSE A521 0.179571 -0.148343 0.812933 0.464197 0.177209 -0.730145 -0.478090 0.501407 -0.860248
VERTEX_POSE A522 0.475670 0.480034 0.496883 -0.594458 -0.761604 -0.493923 0.092616 -0.634554 0.641390
VERTEX_POSE A523 -0.488098 0.917712 -0.074334 -0.785534 0.580223 -0.356938 -0.140865 0.505501 0.802184
VERTEX_POSE A524 -0.476967 -0.104817 0.729300 -0.487023 0.822626 0.814968 0.307224 0.314065 0.478435
VERTEX_POSE A525 -0.022293 0.441590 -0.174075 0.860643 0.201947 -0.411062 -0.266268 -0.300536 0.942507
VERTEX_POSE A526 0.826498 -0.334246 -0.170271 0.453834 -0.851589 0.375138 -0.084469 0.808273 0.517359
VERTEX_POSE A527 -0.145184 0.076933 0.777405 -0.977018 -0.150103 0.182680 -0.955491 0.109836 0.253980
VERTEX_POSE A528 -0.506569 0.318463 0.569881 -0.700462 -0.479085 -0.620024 0.775566 -0.353445 -0.411066
VERTEX_POSE A529 0.799308 0.964209 0.158284 0.438052 -0.064308 0.633233 0.730045 -0.638065 0.680367
VERTEX_POSE A530 -0.266451 0.004058 0.166789 0.411290 -0.207676 0.532695 0.844878 0.739646 -0.493002
VERTEX_POSE A531 -0.968024 0.376612 0.945622 -0.637071 -0.555833 -0.770214 0.486182 0.030194 0.674297
VERTEX_POSE A532 0.973989 -0.022130 0.702214 0.690221 -0.707623 -0.336836 -0.499153 -0.640419 -0.500116
VERTEX_POSE A533 0.863754 -0.458871 -0.424120 -0.905407 0.377658 0.271944 0.165119 -0.326012 -0.911104
VERTEX_POSE A534 -0.338012 -0.234390 -0.683291 0.004501 0.404970 -0.924221 0.350807 0.381831 0.844354
VERTEX_POSE A535 -0.948880 0.137960 0.162755 0.514831 0.624759 0.808209 -0.125328 -0.285916 0.770694
VERTEX_POSE A536 -0.597022 0.258145 -0.139391 0.901250 -0.061064 -0.393010 0.301694 -0.182461 -0.951447
VERTEX_POSE A537 0.925280 -0.142237 -0.860993 0.081068 -0.864299 0.499604 0.466193 -0.862452 0.188817
VERTEX_POSE A538 0.849726 0.442508 0.974479 0.565493 -0.139688 0.175954 -0.942430 0.805766 0.303831
VERTEX_POSE A539 -0.621471 -0.960985 0.596922 -0.265515 -0.792447 -0.912837 0.023373 -0.310210 0.609493
VERTEX_POSE A540 -0.270094 0.993365 -0.503746 -0.524627 -0.821991 0.851206 -0.510955 0.014670 0.251507
VERTEX_POSE A541 0.578645 0.273043 0.493958 -0.233011 -0.968032 0.920615 -0.188817 0.313328 -0.165114
VERTEX_POSE A542 0.913312 -0.154812 0.817094 -0.240637 0.602691 0.852782 -0.243058 -0.463525 -0.760057
VERTEX_POSE A543 0.145816 0.821334 0.269821 0.237021 0.327271 -0.063418 -0.934331 0.969432 -0.141138
VERTEX_POSE A544 0.079338 -0.612484 0.907961 0.935004 -0.350962 -0.144987 -0.247269 -0.323644 -0.903152
VERTEX_POSE A545 -0.065349 0.584844 0.076254 -0.568501 0.197630 0.496661 -0.691412 -0.655847 -0.694904
VERTEX_POSE A546 -0.920376 -0.705618 -0.935514 0.830192 0.253314 -0.417645 0.872660 -0.369260 -0.417489
VERTEX_POSE A547 -0.826568 -0.730547 -0.302594 -0.474690 0.879386 -0.562289 -0.335112 0.677127 0.338202
VERTEX_POSE A548 -0.154623 0.896601 0.421543 -0.203385 -0.978969 -0.973043 0.200292 0.108723 -0.038768
VERTEX_POSE A549 0.661731 -0.694212 0.363659 0.025850 0.708647 -0.908791 -0.277172 0.416450 -0.648842
VERTEX_POSE A550 -0.234991 0.530723 -0.051565 0.831163 -0.533915 0.084092 0.396711 -0.549634 -0.746697
VERTEX_POSE A551 0.608807 -0.407145 -0.611927 0.873121 -0.475275 0.384748 0.535121 0.299380 0.698397
VERTEX_POSE A552 -0.158697 0.157445 0.176592 0.572628 -0.492641 -0.643573 0.225020 -0.507849 -0.840637
VERTEX_POSE A553 -0.759321 0.010756 -0.554682 0.961848 -0.273461 0.178083 0.603116 -0.207688 -0.749313
VERTEX_POSE A554 -0.879291 -0.489433 0.313739 0.754774 0.240069 -0.572133 0.696174 0.320906 0.676542
VERTEX_POSE A555 0.364335 -0.947373 -0.094108 -0.232127 -0.935278 0.691240 -0.351850 0.684328 0.038154
VERTEX_POSE A556 0.218386 -0.547654 0.271243 -0.182157 0.931790 -0.913843 -0.042570 0.362920 0.360492
VERTEX_POSE A557 0.947206 0.176321 -0.856532 -0.785704 0.347771 0.071639 0.872599 0.614441 0.342967
VERTEX_POSE A558 -0.780848 0.129560 -0.316704 0.691666 0.234843 -0.504622 -0.519379 -0.516676 0.821641
VERTEX_POSE A559 0.711817 0.770809 -0.158875 -0.713202 -0.236969 -0.692708 0.094300 -0.107230 0.966930
VERTEX_POSE A560 0.746514 0.140530 0.301752 -0.576584 -0.412979 0.020889 0.855118 0.816771 -0.313405
VERTEX_POSE A561 -0.047299 -0.866382 0.850085 -0.080737 -0.994806 0.640958 -0.004196 -0.763318 0.101699
VERTEX_POSE A562 0.743793 0.147421 -0.213253 0.606901 -0.422999 0.698501 0.687770 0.379167 -0.589952
VERTEX_POSE A563 0.720503 -0.881600 0.003966 0.866680 0.237097 -0.065157 0.926101 0.494591 -0.293466
VERTEX_POSE A564 -0.183545 -0.325252 -0.574035 -0.837373 -0.525838 0.530874 -0.847421 0.130302 0.073297
VERTEX_POSE A565 -0.594218 0.913031 0.103456 -0.319256 -0.586276 -0.728761 -0.350347 -0.605791 0.730436
VERTEX_POSE A566 0.771623 0.256360 -0.833279 0.128365 -0.577798 0.710088 0.620917 0.692313 -0.529727
VERTEX_POSE A567 0.219433 0.932892 0.286574 0.058252 -0.533203 -0.804290 -0.525874 0.591375 -0.662685
VERTEX_POSE A568 -0.668938 -0.229206 0.242463 0.112031 -0.953721 -0.036404 0.276683 -0.993038 -0.117739
VERTEX_POSE A569 0.621349 -0.301132 -0.858800 0.000480 -0.334868 0.786953 -0.581263 -0.617013 -0.741617
VERTEX_POSE A570 0.597962 0.971908 -0.116504 -0.527078 -0.682651 -0.789700 0.613473 -0.313948 -0.397038
VERTEX_POSE A571 0.060968 -0.235841 0.738716 -0.234515 -0.281446 -0.868994 -0.368330 -0.435721 0.886071
VERTEX_POSE A572 0.199994 0.971911 0.635158 0.838778 0.090534 0.133938 0.921469 0.527743 -0.377754
VERTEX_POSE A573 0.511274 -0.182904 -0.299409 0.867578 0.492330 -0.442811 0.828986 0.226332 -0.265318
VERTEX_POSE A574 -0.793216 -0.414507 0.008537 -0.142559 -0.687720 -0.789729 -0.354508 -0.596662 0.633535
VERTEX_POSE A575 -0.720667 -0.640573 0.543119 -0.840878 0.489903 0.294928 0.058373 -0.453809 -0.869821
VERTEX_POSE A576 -0.554075 -0.598061 0.776844 -0.016756 -0.802477 -0.720269 0.423436 -0.693492 -0.420396
VERTEX_POSE A577 -0.713592 -0.120125 0.073024 0.638541 -0.508440 -0.727497 -0.643647 -0.251024 0.572021
VERTEX_POSE A578 -0.547235 -0.371120 -0.759475 0.966019 -0.218213 -0.201167 -0.298224 -0.162292 -0.929218
VERTEX_POSE A579 0.291302 -0.701460 0.198387 0.546305 0.802721 0.676304 -0.254310 -0.494129 0.539412
VERTEX_POSE A580 0.948140 0.185663 -0.563317 0.736031 0.487634 0.291030 -0.854186 0.611195 -0.180499
VERTEX_POSE A581 0.217774 -0.840398 0.188961 0.540746 -0.834147 -0.352527 -0.341934 0.763753 0.432758
VERTEX_POSE A582 -0.099892 -0.108604 0.586460 0.661368 -0.420599 -0.748854 -0.323305 0.042542 0.847685
VERTEX_POSE A583 -0.210557 -0.656892 0.613274 0.263381 -0.602588 0.927603 -0.056256 0.264920 0.796067
VERTEX_POSE A584 0.458453 0.170359 0.634279 0.075888 -0.800261 0.883056 0.330995 -0.463091 0.500024
VERTEX_POSE A585 0.020817 0.401963 -0.099801 0.266758 0.707718 0.292170 -0.706237 0.918410 0.019111
VERTEX_POSE A586 -0.846222 -0.604265 -0.480834 -0.608062 -0.546677 -0.392637 0.837327 -0.689997 0.005287
VERTEX_POSE A587 -0.323161 0.622705 -0.094478 -0.681712 0.598610 -0.709604 -0.680974 -0.178134 0.421830
VERTEX_POSE A588 -0.031976 -0.421715 0.043667 0.149855 -0.597017 0.960577 0.276703 0.234169 -0.752998
VERTEX_POSE A589 -0.627070 0.525295 0.202462 -0.434765 -0.861114 0.822077 -0.260023 -0.367653 0.436887
VERTEX_POSE A590 -0.611344 0.393514 0.746647 -0.285044 0.901504 0.567431 0.432512 0.772510 0.014947
VERTEX_POSE A591 -0.285462 0.718815 -0.654582 0.425672 0.151366 0.450716 -0.890371 -0.784639 -0.429334
VERTEX_POSE A592 0.325631 0.658914 0.052547 -0.681101 -0.538271 -0.514213 0.834237 0.521236 0.119635
VERTEX_POSE A593 -0.867551 -0.459064 -0.466607 0.577111 0.724773 -0.561884 0.017951 0.592646 -0.688754
VERTEX_POSE A594 -0.564959 0.837214 0.349384 0.977549 0.190166 -0.201283 0.715425 0.062313 -0.672312
VERTEX_POSE A595 -0.857915 -0.666339 0.478512 -0.146781 0.729893 0.347776 0.669916 -0.926017 0.135901
VERTEX_POSE A596 -0.461769 -0.546033 0.636849 -0.699616 -0.410177 -0.684761 0.618737 -0.204056 -0.670014
VERTEX_POSE A597 -0.793336 0.093574 0.516105 -0.285529 -0.489607 0.265962 -0.866370 -0.920726 -0.098427
VERTEX_POSE A598 0.361518 -0.733446 -0.234913 0.442644 0.365374 -0.355544 0.909881 0.823198 0.196516
VERTEX_POSE A599 -0.130707 0.224761 -0.120688 -0.658033 -0.440117 -0.208376 -0.673275 0.723582 -0.594136
VERTEX_POSE A600 0.828013 0.792442 0.657305 0.726051 0.619523 0.173179 -0.584697 -0.665476 0.523756
VERTEX_POSE A601 -0.040520 -0.761539 0.648583 -0.427779 0.453479 -0.305519 0.741585 0.850684 0.494376
VERTEX_POSE A602 0.930261 0.988920 -0.381972 -0.704947 0.288447 -0.547626 0.359206 -0.450729 -0.887564
VERTEX_POSE A603 0.028008 0.764353 0.292463 0.724719 0.574883 0.683935 -0.533151 -0.083757 0.620693
VERTEX_POSE A604 -0.529246 0.055557 -0.650827 0.337818 -0.270189 -0.333774 0.861266 -0.880042 -0.430369
VERTEX_POSE A605 -0.862955 -0.425587 0.626565 0.057197 -0.680325 -0.994328 0.026915 -0.089669 -0.732416
VERTEX_POSE A606 0.307340 -0.876220 -0.164417 -0.665670 0.339025 -0.256330 0.732763 0.700841 0.590017
VERTEX_POSE A607 -0.083322 0.457496 -0.873983 0.170672 -0.518682 0.881679 0.459980 -0.439901 0.720685
VERTEX_POSE A608 -0.576547 0.454288 -0.300411 0.913852 -0.083917 0.186940 -0.781601 -0.360456 -0.618108
VERTEX_POSE A609 0.760105 -0.247340 0.076108 -0.527456 0.606907 -0.528200 0.313837 0.665428 0.730185
VERTEX_POSE A610 -0.792020 0.756036 0.324405 0.583611 0.111803 -0.671555 0.623294 -0.456522 -0.773954
VERTEX_POSE A611 -0.628407 -0.360048 0.136271 0.837319 -0.472074 -0.507253 -0.858970 -0.203939 0.198284
VERTEX_POSE A612 -0.022121 -0.087738 -0.734931 0.566989 0.537187 0.061435 0.728407 -0.821431 0.425268
VERTEX_POSE A613 0.108088 -0.352568 -0.089135 -0.666677 0.301052 -0.616489 -0.736867 0.418907 -0.605305
VERTEX_POSE A614 0.161035 -0.016941 -0.250455 0.149803 -0.090644 0.458871 0.888422 -0.875784 0.449988
VERTEX_POSE A615 -0.563668 -0.917379 0.899347 -0.825025 -0.182165 -0.066444 -0.908779 -0.561176 0.375415
VERTEX_POSE A616 -0.871094 -0.950604 0.811064 -0.141673 -0.327405 0.889226 0.372589 -0.434977 0.868322
VERTEX_POSE A617 0.314813 0.378794 0.268711 -0.630839 -0.192779 -0.442031 0.885379 -0.637691 -0.423014
VERTEX_POSE A618 0.113170 0.705326 -0.195131 0.700426 0.551708 -0.378290 0.824937 0.605227 -0.122872
VERTEX_POSE A619 0.096930 -0.372320 -0.145270 -0.479982 0.270907 -0.831123 -0.444867 -0.280807 0.853641
VERTEX_POSE A620 0.687743 -0.095911 -0.528827 -0.564996 0.634483 0.392464 -0.355659 0.725776 0.686249
VERTEX_POSE A621 0.501827 0.098840 -0.448484 0.286339 -0.337477 -0.670782 -0.738898 -0.684150 0.583214
VERTEX_POSE A622 0.811468 -0.653505 0.200148 -0.239998 -0.509004 0.962236 -0.012049 0.128464 -0.860680
VERTEX_POSE A623 0.013374 -0.436998 0.523721 0.328034 0.129845 0.897411 0.266521 0.295036 -0.955043
VERTEX_POSE A624 0.634276 0.639776 0.084910 0.877106 0.469421 -0.301725 0.703157 -0.373693 0.534054
VERTEX_POSE A625 -0.753491 -0.816291 -0.450467 -0.090476 0.898041 -0.492328 -0.416096 0.865695 -0.142780
VERTEX_POSE A626 0.155459 -0.103336 0.002233 -0.532796 -0.639556 -0.053922 0.679177 0.844524 -0.360120
VERTEX_POSE A627 -0.827493 -0.906257 -0.278241 0.676112 -0.709104 -0.145093 -0.394415 -0.722371 -0.584473
VERTEX_POSE A628 -0.546827 0.277283 -0.934362 -0.217242 -0.887998 0.639985 -0.443091 0.737038 0.123008
VERTEX_POSE A629 -0.483023 0.163217 0.767320 0.708809 0.366778 -0.537071 -0.273184 -0.457323 0.889294
VERTEX_POSE A630 0.041800 0.318504 0.601070 0.252571 0.905376 -0.937535 0.141773 -0.239240 0.400244
VERTEX_POSE A631 -0.718813 0.069726 0.722943 0.862924 0.496415 0.429997 -0.819572 -0.265451 0.286136
VERTEX_POSE A632 0.476457 0.401678 0.415902 -0.326390 0.945114 -0.940490 -0.326314 0.094595 0.016716
VERTEX_POSE A633 -0.027940 0.307424 -0.780902 -0.024965 -0.987350 0.726656 -0.125490 -0.686548 -0.096918
VERTEX_POSE A634 0.309194 -0.165921 0.015407 0.583305 0.363140 -0.055482 -0.874593 0.810356 -0.321273
VERTEX_POSE A635 0.947211 -0.542765 0.765075 0.626136 0.628572 0.760336 -0.361121 -0.172753 0.688831
VERTEX_POSE A636 0.109105 0.881837 0.845663 0.503019 -0.187390 -0.272298 -0.960857 -0.820259 0.204056
VERTEX_POSE A637 -0.383465 -0.042140 0.850989 -0.770223 -0.581406 0.019241 -0.432039 0.637485 -0.689427
VERTEX_POSE A638 -0.136111 0.914731 0.891093 0.952529 0.074526 0.093011 -0.994456 0.289893 0.074188
VERTEX_POSE A639 0.532558 0.336126 -0.454748 0.445414 0.657589 0.507571 0.373587 -0.737548 0.654224
VERTEX_POSE A640 -0.623360 0.710520 -0.072902 -0.384071 -0.575083 -0.826435 0.562964 -0.411698 -0.593592
VERTEX_POSE A641 0.071869 0.670767 0.215497 0.254734 -0.050734 -0.934465 0.243984 -0.248767 -0.968451
VERTEX_POSE A642 0.904151 0.976077 0.681523 -0.764838 -0.300808 0.636179 -0.491974 -0.101487 -0.816992
VERTEX_POSE A643 0.354519 -0.377218 0.192166 0.077880 -0.511348 0.825939 -0.447684 -0.558354 -0.733555
VERTEX_POSE A644 -0.820043 -0.681801 -0.873638 -0.429085 -0.871297 0.852778 -0.303844 -0.297752 0.385384
VERTEX_POSE A645 0.065186 -0.040864 -0.568931 -0.733859 -0.663915 0.510444 -0.678587 -0.448216 0.314222
VERTEX_POSE A646 0.790850 -0.294597 0.091514 -0.464253 0.725242 0.855081 0.217365 0.230882 0.653282
VERTEX_POSE A647 -0.691137 -0.632405 0.937426 0.719492 -0.443629 -0.647442 -0.706848 -0.251298 0.550961
VERTEX_POSE A648 -0.620000 -0.662070 0.699780 0.715388 0.066923 0.423205 -0.833551 -0.555983 -0.548374
VERTEX_POSE A649 -0.095979 -0.589272 0.896383 -0.854369 0.507896 0.050662 -0.129222 -0.517192 -0.851671
VERTEX_POSE A650 0.405793 -0.004725 -0.207844 -0.439836 -0.721029 -0.886564 0.253439 -0.143349 0.644891
VERTEX_POSE A651 -0.932257 0.242019 -0.829047 -0.057650 0.543067 0.733456 -0.546222 0.677288 0.637746
VERTEX_POSE A652 -0.594153 0.509569 -0.552100 0.329626 0.558587 -0.408302 -0.642559 -0.851256 0.524499
VERTEX_POSE A653 0.217261 0.341770 0.992304 0.769217 -0.509118 0.088916 0.683705 0.632771 0.522826
VERTEX_POSE A654 0.081117 0.805021 0.694674 -0.932460 0.197548 0.238497 -0.292289 -0.271363 -0.935704
VERTEX_POSE A655 -0.959877 0.149345 0.532809 -0.709008 0.696501 -0.041224 0.115383 0.703994 0.708218
VERTEX_POSE A656 0.463770 0.525479 -0.458163 -0.152151 0.798966 -0.727729 0.307759 -0.668775 -0.516659
VERTEX_POSE A657 -0.763424 -0.298315 -0.303093 -0.604016 0.748393 -0.544530 -0.638571 0.581938 0.179264
VERTEX_POSE A658 -0.787370 0.243087 -0.745432 -0.486071 0.615948 0.820497 0.565870 0.300865 -0.548087
VERTEX_POSE A659 0.916943 -0.197238 -0.392525 -0.050925 0.674675 0.168106 0.732583 -0.984453 0.090196
VERTEX_POSE A660 -0.246447 0.864902 -0.535774 -0.569639 -0.179929 -0.390123 -0.799625 0.723406 -0.572910
VERTEX_POSE A661 0.254430 -0.438409 0.855638 0.394842 -0.586016 -0.728701 0.269306 -0.559548 -0.764238
VERTEX_POSE A662 -0.801870 0.872488 -0.669582 -0.166891 0.640550 -0.486211 -0.714828 -0.857757 0.280564
VERTEX_POSE A663 -0.769990 0.266580 0.880128 -0.459564 -0.454843 0.772066 -0.629138 -0.438994 -0.630320
VERTEX_POSE A664 -0.773510 0.869015 -0.925263 -0.353741 -0.558883 -0.552346 -0.522295 -0.754839 0.644094
VERTEX_POSE A665 0.507325 -0.293433 0.345825 -0.886161 -0.370686 0.391243 -0.277023 -0.248289 0.886482
VERTEX_POSE A666 -0.822779 0.723815 0.645204 -0.117656 0.643586 0.889017 -0.271086 -0.442499 -0.715758
VERTEX_POSE A667 0.335595 0.750852 0.920400 -0.307376 0.868871 0.697803 -0.071451 0.646986 0.489855
VERTEX_POSE A668 -0.876141 0.664427 0.196814 -0.071029 0.969681 0.603919 0.228374 -0.793875 0.086971
VERTEX_POSE A669 0.041110 0.638546 0.536297 -0.443203 0.828684 -0.849269 -0.510210 -0.286903 0.230149
VERTEX_POSE A670 -0.131847 0.086978 -0.534348 0.008832 0.350742 0.930624 0.339756 0.365871 -0.872666
VERTEX_POSE A671 -0.499501 0.374946 -0.876088 -0.529319 -0.824672 0.668311 -0.260535 -0.522667 0.502033
VERTEX_POSE A672 -0.887021 0.309313 -0.248206 0.010979 0.291394 -0.804431 0.570775 -0.593945 -0.767663
VERTEX_POSE A673 -0.227696 0.063055 -0.852825 -0.869573 0.477394 -0.477321 -0.747101 0.126525 0.462532
VERTEX_POSE A674 0.855018 0.997728 0.316078 -0.073796 -0.724772 0.819403 0.347468 -0.568448 0.594955
VERTEX_POSE A675 -0.707063 0.627512 -0.121844 0.656856 -0.304947 0.604515 0.759609 0.450668 -0.574457
VERTEX_POSE A676 0.837491 -0.977809 -0.421756 0.326510 0.370338 0.502357 0.711347 0.800643 -0.597357
VERTEX_POSE A677 0.645869 -0.296869 -0.592408 0.583167 0.736878 0.763724 -0.353869 0.276844 -0.576010
VERTEX_POSE A678 -0.398200 0.995107 -0.184418 0.107305 0.486242 -0.824770 0.530613 0.555194 0.694276
VERTEX_POSE A679 -0.782510 -0.639879 -0.721977 -0.698456 0.715558 -0.336274 -0.313816 -0.631726 -0.624096
VERTEX_POSE A680 -0.450110 0.113859 -0.696024 -0.843453 0.120412 -0.348944 -0.863769 -0.408441 0.489289
VERTEX_POSE A681 -0.992407 -0.009618 0.607737 -0.646486 0.512878 0.131108 0.803995 0.751576 0.300911
VERTEX_POSE A682 -0.714766 0.602140 -0.551024 0.738653 -0.295689 0.093281 0.934848 0.667601 0.196537
VERTEX_POSE A683 -0.044263 -0.376572 -0.248125 0.723886 -0.508827 -0.662972 -0.326126 -0.190938 -0.796704
VERTEX_POSE A684 0.224854 -0.667848 0.600041 -0.102179 -0.818185 -0.762392 -0.300952 -0.638998 0.489900
VERTEX_POSE A685 0.366350 0.407161 -0.856350 -0.862261 0.451428 0.182253 0.699548 0.472536 0.553936
VERTEX_POSE A686 -0.004140 0.772772 -0.715316 0.331288 0.033452 0.738548 -0.631138 0.587193 0.774949
VERTEX_POSE A687 -0.311376 0.857631 -0.858122 -0.748955 -0.272220 -0.281148 -0.695028 0.600019 -0.665456
VERTEX_POSE A688 0.602926 -0.891155 -0.159444 -0.159789 -0.907372 -0.711882 0.378757 -0.683880 -0.182258
VERTEX_POSE A689 0.208491 0.015860 -0.460748 -0.632363 -0.192439 -0.299334 0.954118 0.714504 0.229402
VERTEX_POSE A690 -0.394433 -0.339607 -0.250647 -0.080247 0.630597 -0.536502 0.625374 0.840075 0.459623
VERTEX_POSE A691 -0.643520 0.973747 0.304782 -0.989813 -0.140374 -0.124803 0.774988 -0.068523 0.616189
VERTEX_POSE A692 -0.537080 0.577451 -0.605109 0.158977 0.749144 0.772458 0.311243 0.614845 -0.584731
VERTEX_POSE A693 -0.196303 -0.467119 0.079771 -0.218481 -0.892832 0.638481 0.174432 0.737976 -0.415241
VERTEX_POSE A694 -0.413510 0.240327 0.184911 -0.220707 -0.296424 -0.974259 0.111858 -0.045921 -0.948483
VERTEX_POSE A695 -0.310589 0.446465 -0.530373 -0.718885 0.474002 -0.660902 -0.239369 0.215437 0.847363
VERTEX_POSE A696 -0.688978 0.239448 -0.574404 0.682740 -0.093523 -0.092639 0.972691 0.724765 0.212428
VERTEX_POSE A697 -0.236289 -0.035858 -0.169885 -0.954882 0.048265 -0.034599 0.961907 0.294962 0.269082
VERTEX_POSE A698 -0.974994 0.197317 -0.609973 0.328261 0.669475 -0.700642 0.645711 0.633518 0.367234
VERTEX_POSE A699 -0.565119 -0.096125 0.622410 0.808315 -0.187315 -0.566312 -0.506608 0.160992 -0.841583
VERTEX_POSE A700 0.804821 -0.397312 -0.633589 -0.491310 -0.680344 0.702481 0.059598 0.514913 -0.730465
VERTEX_POSE A701 -0.106841 -0.715705 -0.144321 -0.324226 0.447613 -0.175161 0.837328 0.929621 0.313886
VERTEX_POSE A702 -0.064619 -0.721179 0.746321 0.091555 -0.676508 0.869639 0.411806 -0.485124 0.610534
VERTEX_POSE A703 0.917800 0.912000 0.118205 0.787665 0.610080 0.545022 -0.624933 0.287289 -0.487095
VERTEX_POSE A704 0.665464 0.347349 0.002854 -0.056320 0.736050 -0.617698 0.505134 0.784397 0.450632
VERTEX_POSE A705 -0.209601 -0.723450 0.062399 -0.045555 0.532348 0.914097 -0.319090 0.402929 0.784084
VERTEX_POSE A706 -0.789263 0.539512 0.996362 0.862528 -0.457062 0.476707 0.590080 -0.169695 -0.665507
VERTEX_POSE A707 0.502954 0.369540 0.581098 0.537460 -0.187391 -0.843175 -0.135448 0.013867 -0.972902
VERTEX_POSE A708 -0.563732 -0.020320 0.469992 -0.779827 0.543400 -0.534565 -0.836407 0.325746 -0.071699
VERTEX_POSE A709 -0.187463 0.534619 -0.188057 0.041060 -0.124613 -0.935009 0.344992 0.352239 0.930297
VERTEX_POSE A710 0.720445 0.729661 0.859121 -0.940039 0.294239 -0.340589 -0.783034 -0.018072 -0.547979
VERTEX_POSE A711 -0.013843 -0.906460 0.773967 -0.693250 0.463426 0.677435 0.680365 0.245941 -0.567749
VERTEX_POSE A712 -0.179870 -0.474999 -0.580319 -0.635069 -0.386856 -0.402451 -0.573094 0.659333 -0.722431
VERTEX_POSE A713 -0.994322 0.331801 -0.691903 -0.269037 0.719179 0.794424 -0.210353 0.544527 0.662218
VERTEX_POSE A714 0.941894 -0.283033 -0.474158 -0.551643 0.136362 0.243910 0.969794 -0.797620 0.202251
VERTEX_POSE A715 -0.955016 -0.142847 -0.980278 -0.396021 -0.527300 0.452297 0.600459 -0.799121 0.601169
VERTEX_POSE A716 0.372029 -0.261038 -0.548253 0.874630 0.483768 0.300170 -0.591400 0.380684 -0.645147
VERTEX_POSE A717 -0.062245 -0.510260 -0.189473 0.777617 -0.381665 0.621819 0.584420 -0.093025 0.716090
VERTEX_POSE A718 -0.266392 -0.285216 -0.838400 0.751063 0.589349 0.313951 0.077742 0.580809 -0.804130
VERTEX_POSE A719 -0.025045 -0.152193 0.292304 0.537674 -0.529002 0.598075 0.788166 -0.594317 0.314566
VERTEX_POSE A720 -0.853755 0.505599 0.349779 0.810918 -0.437430 0.004828 0.669197 0.585140 0.600691
VERTEX_POSE A721 0.339175 0.375177 -0.089047 -0.776021 0.117522 0.567128 -0.299866 -0.275967 -0.946715
VERTEX_POSE A722 0.331435 -0.178446 -0.402914 0.594837 0.536828 0.039005 0.724167 0.802899 -0.432896
VERTEX_POSE A723 -0.390834 0.083050 0.744670 -0.570012 0.678330 0.620108 0.725359 -0.539029 0.117145
VERTEX_POSE A724 -0.857127 0.908058 0.990724 0.347038 -0.071736 -0.897689 -0.314064 -0.271511 0.946688
VERTEX_POSE A725 0.917925 -0.938118 0.781997 -0.432680 0.510747 -0.901260 -0.265871 0.022786 -0.817588
VERTEX_POSE A726 0.298576 -0.470485 -0.785703 -0.886412 -0.174734 0.322969 -0.896836 -0.331611 -0.406392
VERTEX_POSE A727 -0.546105 0.147506 -0.583680 0.145466 -0.755315 -0.667300 0.401952 -0.730445 -0.517624
VERTEX_POSE A728 -0.318364 0.026024 -0.387888 0.634882 -0.601466 -0.769716 -0.546664 0.066800 -0.582577
VERTEX_POSE A729 0.323582 0.726833 -0.395676 -0.675344 0.603349 -0.600821 -0.783606 -0.427696 0.148093
VERTEX_POSE A730 -0.111224 -0.948619 -0.961270 -0.337767 -0.589393 -0.847623 0.529437 -0.409204 -0.610174
VERTEX_POSE A731 -0.513543 0.628711 -0.021477 -0.607388 0.752779 0.738713 0.417706 -0.292203 -0.508768
VERTEX_POSE A732 -0.783259 -0.988872 0.460004 0.232924 -0.931808 -0.948287 -0.281089 -0.215636 0.229614
VERTEX_POSE A733 0.824157 -0.669797 0.785051 -0.765304 0.480908 -0.230864 0.415366 -0.600842 -0.772139
VERTEX_POSE A734 -0.595742 0.540712 -0.903272 0.675668 -0.619181 -0.724026 -0.659518 0.138777 -0.426204
VERTEX_POSE A735 0.882205 0.358477 -0.537142 0.668672 0.741721 -0.326511 0.356004 0.668033 -0.568429
VERTEX_POSE A736 -0.385444 -0.393248 -0.152550 0.115736 0.992231 0.737257 -0.055027 0.665626 -0.111576
VERTEX_POSE A737 -0.385005 0.080224 -0.906910 -0.068171 -0.818976 0.996950 -0.034174 -0.037990 0.572809
VERTEX_POSE A738 0.385159 -0.271983 -0.956045 0.701721 0.709707 -0.676040 0.635612 -0.224852 0.303830
VERTEX_POSE A739 0.050824 0.586433 -0.682558 0.722698 -0.311609 -0.690829 -0.297893 -0.021507 -0.902308
VERTEX_POSE A740 0.427532 -0.385157 -0.094967 -0.708105 -0.402985 0.705679 -0.432479 -0.024593 -0.806577
VERTEX_POSE A741 0.105604 -0.542321 0.903077 -0.721171 -0.691068 0.386277 -0.343211 -0.575067 0.636106
VERTEX_POSE A742 -0.963019 0.679972 -0.908591 -0.019011 0.439615 -0.135274 -0.891020 -0.990626 0.113236
VERTEX_POSE A743 -0.752338 0.139845 0.324714 -0.357583 -0.895829 -0.690671 0.063504 -0.628576 0.439839
VERTEX_POSE A744 0.111282 0.789479 -0.788826 0.645619 -0.457099 -0.757862 -0.482031 0.093919 -0.747467
VERTEX_POSE A745 0.978875 -0.603060 -0.382748 -0.883457 -0.442377 0.430795 -0.637563 -0.184171 0.630727
VERTEX_POSE A746 -0.707354 0.996998 0.344436 0.338910 -0.682637 -0.819134 0.124384 0.462774 0.720094
VERTEX_POSE A747 -0.516689 -0.471559 -0.337079 -0.834823 -0.530953 0.398777 -0.401068 -0.379535 0.746481
VERTEX_POSE A748 -0.083370 -0.113321 0.427779 -0.893145 0.148535 -0.435386 -0.522315 0.112830 -0.839717
VERTEX_POSE A749 0.026254 -0.288219 0.506036 -0.312297 -0.347865 0.834380 -0.545327 0.454181 0.762633
VERTEX_POSE A750 0.458266 0.376248 0.955225 -0.373429 -0.714853 -0.554301 -0.339087 -0.743842 0.611560
VERTEX_POSE A751 0.062875 -0.607721 -0.222442 -0.686446 0.640601 -0.711142 -0.492535 -0.151885 -0.589101
VERTEX_POSE A752 -0.634571 -0.913042 -0.583011 -0.699389 0.524687 0.054805 0.716418 0.712637 0.459836
VERTEX_POSE A753 -0.210299 -0.802198 -0.447689 0.301919 0.597795 -0.035033 0.785404 -0.952690 0.160567
VERTEX_POSE A754 0.672040 0.475329 -0.477772 -0.525227 0.504131 0.165434 0.850747 -0.834727 -0.148600
VERTEX_POSE A755 -0.491698 0.995016 -0.592286 -0.692971 0.229641 -0.675640 -0.537647 -0.251599 0.811295
VERTEX_POSE A756 -0.292374 -0.740316 -0.665692 0.779257 -0.620392 0.626509 0.767629 0.015656 0.160809
VERTEX_POSE A757 -0.029383 -0.995156 -0.263475 0.940541 -0.093220 0.216710 -0.575809 0.261570 0.812252
VERTEX_POSE A758 -0.037803 0.142522 -0.175967 -0.303821 -0.852763 0.456660 0.261008 0.836155 -0.452404
VERTEX_POSE A759 0.389262 0.285708 -0.053581 -0.227177 0.808303 0.849302 0.437363 0.476525 -0.394158
VERTEX_POSE A760 -0.705801 0.731677 0.340849 0.168085 0.341799 0.953566 -0.294173 0.249917 0.892544
VERTEX_POSE A761 0.850973 0.193903 -0.137237 -0.846803 0.417541 -0.426595 -0.903160 -0.317712 0.099804
VERTEX_POSE A762 0.875719 -0.085581 0.924942 0.914885 0.031464 -0.031940 0.999474 0.402448 0.007796
VERTEX_POSE A763 -0.489060 0.742805 -0.199147 0.810347 -0.487587 -0.324389 0.088531 -0.487964 -0.868574
VERTEX_POSE A764 0.675130 0.524106 -0.352186 0.444204 -0.737456 -0.853980 -0.520236 0.270925 -0.430712
VERTEX_POSE A765 -0.720023 -0.544869 -0.978329 -0.020526 -0.666090 0.827837 -0.429471 -0.560594 -0.609818
VERTEX_POSE A766 -0.606855 0.101282 0.263710 -0.392924 0.064091 -0.076009 0.991891 -0.916424 -0.109748
VERTEX_POSE A767 -0.710314 -0.869141 0.495264 0.763767 -0.194270 0.397373 -0.610003 -0.508680 -0.768216
VERTEX_POSE A768 -0.105028 0.535355 -0.885240 -0.511850 -0.092878 0.502541 -0.838666 -0.696751 -0.536669
VERTEX_POSE A769 0.778304 0.829299 0.307666 -0.658113 -0.327802 0.697398 -0.604689 -0.283765 -0.725876
VERTEX_POSE A770 0.340510 0.717292 0.812706 -0.481288 -0.186199 0.652010 -0.729165 0.585871 0.658520
VERTEX_POSE A771 -0.677496 -0.849801 0.019794 -0.622053 -0.586146 -0.237812 0.773125 -0.745987 0.242304
VERTEX_POSE A772 -0.116092 -0.713022 0.210743 0.501860 0.758590 0.864823 -0.431888 -0.014757 0.487867
VERTEX_POSE A773 0.377491 0.397264 0.904115 0.149215 0.674911 -0.634823 0.625716 -0.758113 -0.391119
VERTEX_POSE A774 -0.429835 0.290043 -0.655493 -0.730639 -0.646273 0.668783 -0.612489 -0.137464 0.455180
VERTEX_POSE A775 0.995190 -0.923543 0.421917 0.176442 0.729077 0.584481 0.462968 0.791991 -0.504091
VERTEX_POSE A776 0.356366 0.794204 -0.478633 0.588888 0.402514 0.408211 0.600293 0.697549 -0.691109
VERTEX_POSE A777 -0.137189 0.287041 0.688943 -0.574046 -0.037636 0.253734 -0.957948 0.778518 0.284462
VERTEX_POSE A778 -0.521499 -0.395102 -0.915162 -0.890303 -0.453439 0.314885 -0.546616 0.328949 -0.703991
VERTEX_POSE A779 -0.727005 -0.319117 0.949146 0.780460 0.458625 0.369992 0.209031 0.503972 -0.863695
VERTEX_POSE A780 0.889065 0.998822 0.194979 -0.299637 -0.909409 -0.670790 0.415795 -0.678423 -0.009460
VERTEX_POSE A781 0.936767 0.981146 -0.959937 0.758913 0.546754 -0.576919 0.816443 -0.302020 -0.185690
VERTEX_POSE A782 0.335870 0.073162 -0.273297 0.040675 0.742762 0.021300 0.668075 0.998945 -0.044489
VERTEX_POSE A783 -0.745506 -0.914220 0.611968 -0.642155 0.472472 -0.754788 -0.252140 0.133910 0.844509
VERTEX_POSE A784 -0.273533 -0.821052 -0.407626 -0.716504 -0.697467 0.484720 -0.510881 -0.501666 0.502534
VERTEX_POSE A785 0.007910 -0.451509 0.248931 -0.300415 -0.164866 0.790892 0.507491 -0.533142 0.845738
VERTEX_POSE A786 -0.237204 -0.919204 -0.980318 0.601800 -0.797378 -0.553347 -0.456930 0.575886 0.394211
VERTEX_POSE A787 0.434093 -0.561368 -0.073318 -0.504939 -0.424088 0.755868 -0.637803 -0.416774 -0.642928
VERTEX_POSE A788 0.978527 -0.446665 0.985456 -0.553979 0.589358 0.652913 0.745778 -0.516538 0.310600
VERTEX_POSE A789 0.724993 0.223318 -0.156285 -0.659155 0.422788 -0.722371 -0.126103 0.209035 0.897412
VERTEX_POSE A790 -0.176646 0.724340 0.873101 0.887768 -0.071092 0.310534 0.821789 -0.339760 0.565339
VERTEX_POSE A791 -0.727274 -0.714988 0.326305 -0.113815 0.621259 -0.728283 0.478617 -0.675759 -0.620454
VERTEX_POSE A792 0.575966 -0.582779 0.706478 -0.533966 0.561235 0.051631 0.768171 0.843928 0.308105
VERTEX_POSE A793 -0.300927 -0.361241 0.798044 -0.343278 0.377493 0.194576 -0.867230 0.918858 0.324672
VERTEX_POSE A794 -0.216334 -0.972183 -0.872842 0.442666 -0.545190 -0.707525 -0.700108 0.550867 -0.461104
VERTEX_POSE A795 0.251096 0.941328 -0.645708 -0.016607 -0.759532 0.906083 0.263556 0.422773 -0.594684
VERTEX_POSE A796 -0.020950 0.093890 0.819714 -0.698755 -0.367182 0.701717 -0.518637 -0.139050 -0.772135
VERTEX_POSE A797 0.176811 0.129099 0.390868 -0.483737 0.837401 0.414322 0.475220 0.770932 0.270047
VERTEX_POSE A798 0.540782 -0.927813 0.849556 -0.672096 -0.578042 0.335363 0.319568 0.660166 -0.750828
VERTEX_POSE A799 0.874022 -0.370755 0.934475 0.361352 -0.616814 0.877845 0.477866 -0.314344 0.625447
VERTEX_POSE A800 -0.044885 -0.041602 -0.301466 -0.157174 -0.741042 0.629725 0.433998 -0.760752 0.512351
VERTEX_POSE A801 -0.118708 0.789478 0.662263 0.512027 -0.484599 0.681850 0.731453 0.522407 -0.479729
VERTEX_POSE A802 -0.803475 -0.220557 -0.045732 0.422286 -0.772107 -0.881752 -0.228398 -0.210207 -0.593031
VERTEX_POSE A803 0.839023 0.245376 0.909277 -0.377930 -0.877650 -0.840888 0.192162 -0.387396 0.439095
VERTEX_POSE A804 -0.741217 0.186743 0.566378 0.698165 0.146496 -0.539268 -0.536229 0.470910 -0.831262
VERTEX_POSE A805 -0.233309 -0.930513 0.298776 -0.121370 0.766431 -0.840717 -0.417199 0.527696 -0.488395
VERTEX_POSE A806 0.834213 0.321833 0.331194 0.104998 -0.836013 -0.991433 -0.130303 -0.077686 0.533014
VERTEX_POSE A807 0.615149 -0.019054 -0.912255 -0.022698 0.780444 0.778624 0.405810 0.627080 -0.475632
