VERTEX_POSE A0 -0.220424 0.201997 -0.975404 0.220424 -0.220424 -0.975404
VERTEX_POSE A1 -0.975404 -0.201997 0.010798 -0.999942 0.999942 0.010798
VERTEX_POSE A2 0.999942 5.270369 0.996173 -0.087403 -0.087403 -0.996173
VERTEX_POSE A3 0.010798 0.000000 -0.322986 -0.946404 0.946404 -0.322986
VERTEX_POSE A4 -0.087403 0.000000 -0.340053 0.940406 -0.940406 -0.340053
VERTEX_POSE A5 -0.996173 0.000000 -0.248634 -0.968597 0.968597 -0.248634
VERTEX_POSE A6 0.946404 0.000000 -0.644111 -0.764932 0.764932 -0.644111
VERTEX_POSE A7 -0.322986 0.000000 0.377817 0.925880 0.925880 -0.377817
VERTEX_POSE A8 -0.940406 -0.114890 0.177775 -0.984071 -0.984071 -0.177775
VERTEX_POSE A9 -0.340053 0.114890 0.953487 0.301433 -0.301433 0.953487
VERTEX_POSE A10 0.968597 5.273441 0.988167 0.153383 -0.153383 0.988167
VERTEX_POSE A11 -0.248634 -5.273441 -0.375814 -0.926695 0.926695 -0.375814
VERTEX_POSE A12 0.764932 -0.019672 0.105582 -0.994411 -0.994411 -0.105582
VERTEX_POSE A13 -0.644111 0.019672 0.866497 0.499182 0.499182 -0.866497
VERTEX_POSE A14 0.925880 5.028020 0.882964 0.469440 -0.469440 0.882964
VERTEX_POSE A15 -0.377817 -5.028020 0.121667 -0.992571 0.992571 0.121667
VERTEX_POSE A16 -0.984071 -0.028639 -0.487974 0.872858 0.872858 0.487974
VERTEX_POSE A17 -0.177775 0.028639 -0.999290 0.037664 -0.037664 -0.999290
VERTEX_POSE A18 -0.301433 4.878891 -0.500233 0.865891 0.865891 0.500233
VERTEX_POSE A19 0.953487 -4.878891 0.429028 0.903291 0.903291 -0.429028
VERTEX_POSE A20 -0.153383 -0.010163 -0.413393 0.910553 -0.910553 -0.413393
VERTEX_POSE A21 0.988167 0.010163 0.707193 0.707021 0.707021 -0.707193
VERTEX_POSE A22 0.926695 5.271684 -0.999821 0.018916 0.018916 0.999821
VERTEX_POSE A23 -0.375814 -5.271684 0.924388 0.381455 -0.381455 0.924388
VERTEX_POSE A24 -0.994411 -0.052282 0.114532 -0.993420 0.993420 0.114532
VERTEX_POSE A25 -0.105582 0.052282 0.999869 -0.016182 -0.016182 -0.999869
VERTEX_POSE A26 0.499182 5.241226 0.999970 -0.007766 -0.007766 -0.999970
VERTEX_POSE A27 -0.866497 -5.241226 -0.334434 -0.942419 -0.942419 0.334434
VERTEX_POSE A28 -0.469440 -0.032601 0.728854 -0.684669 0.684669 0.728854
VERTEX_POSE A29 0.882964 0.032601 -0.897608 -0.440794 0.440794 -0.897608
VERTEX_POSE A30 0.992571 5.257392 -0.993618 -0.112793 -0.112793 0.993618
VERTEX_POSE A31 0.121667 -5.257392 0.554036 0.832493 0.832493 -0.554036
VERTEX_POSE A32 0.872858 -0.034976 -0.699326 0.714803 -0.714803 -0.699326
VERTEX_POSE A33 0.487974 0.034976 0.716803 0.697276 0.697276 -0.716803
VERTEX_POSE A34 -0.037664 0.000000 0.648217 -0.761455 -0.761455 -0.648217
VERTEX_POSE A35 -0.999290 0.000000 0.341571 -0.939856 0.939856 0.341571
VERTEX_POSE A36 0.865891 0.000000 -0.990233 -0.139424 -0.139424 0.990233
VERTEX_POSE A37 0.500233 0.000000 -0.996953 0.078010 0.078010 0.996953
VERTEX_POSE A38 0.903291 0.000000 -0.970841 0.239723 -0.239723 -0.970841
VERTEX_POSE A39 -0.429028 0.000000 0.909218 0.416320 0.416320 -0.909218
VERTEX_POSE A40 -0.910553 0.000000 -0.919994 0.391931 -0.391931 -0.919994
VERTEX_POSE A41 -0.413393 0.000000 0.920646 0.390399 0.390399 -0.920646
VERTEX_POSE A42 0.707021 0.000000 -0.999287 0.037754 0.037754 0.999287
VERTEX_POSE A43 -0.707193 0.000000 0.718196 0.695841 0.695841 -0.718196
VERTEX_POSE A44 0.018916 0.000000 0.832559 -0.553936 0.553936 0.832559
VERTEX_POSE A45 0.999821 0.000000 -0.875085 -0.483969 -0.483969 0.875085
VERTEX_POSE A46 -0.381455 0.000000 -0.226195 0.974082 -0.974082 -0.226195
VERTEX_POSE A47 0.924388 0.000000 0.729719 0.683747 -0.683747 0.729719
VERTEX_POSE A48 0.993420 0.000000 0.999891 -0.014740 0.014740 0.999891
VERTEX_POSE A49 0.114532 0.000000 0.576008 0.817444 -0.817444 0.576008
VERTEX_POSE A50 -0.016182 0.000000 0.797940 -0.602737 0.602737 0.797940
VERTEX_POSE A51 -0.999869 0.000000 -0.066666 0.997775 -0.997775 -0.066666
VERTEX_POSE A52 -0.007766 0.000000 -0.934795 0.355188 0.355188 0.934795
VERTEX_POSE A53 -0.999970 0.000000 -0.608567 -0.793503 -0.793503 0.608567
VERTEX_POSE A54 -0.942419 0.000000 0.433413 -0.901195 0.901195 0.433413
VERTEX_POSE A55 0.334434 0.000000 0.947690 0.319191 0.319191 -0.947690
VERTEX_POSE A56 0.684669 0.000000 -0.824690 0.565585 0.565585 0.824690
VERTEX_POSE A57 0.728854 0.000000 0.219712 -0.975565 -0.975565 -0.219712
VERTEX_POSE A58 0.440794 0.000000 -0.978691 -0.205339 0.205339 -0.978691
VERTEX_POSE A59 -0.897608 0.000000 -0.931736 0.363137 -0.363137 -0.931736
VERTEX_POSE A60 -0.112793 0.000000 0.665934 -0.746010 -0.746010 -0.665934
VERTEX_POSE A61 0.993618 0.000000 -0.244147 -0.969738 -0.969738 0.244147
VERTEX_POSE A62 0.832493 0.000000 0.313647 0.949540 0.949540 -0.313647
VERTEX_POSE A63 -0.554036 0.000000 0.918911 -0.394466 -0.394466 -0.918911
VERTEX_POSE A64 -0.714803 0.000000 -0.379205 0.925313 -0.925313 -0.379205
VERTEX_POSE A65 -0.699326 0.000000 0.990587 -0.136887 -0.136887 -0.990587
VERTEX_POSE A66 0.697276 0.000000 0.821798 0.569779 -0.569779 0.821798
VERTEX_POSE A67 -0.716803 0.000000 -0.599110 -0.800666 -0.800666 0.599110
VERTEX_POSE A68 -0.761455 0.000000 -0.603401 0.797438 -0.797438 -0.603401
VERTEX_POSE A69 -0.648217 0.000000 -0.951798 0.306727 -0.306727 -0.951798
VERTEX_POSE A70 0.939856 0.000000 0.996136 -0.087827 -0.087827 -0.996136
VERTEX_POSE A71 0.341571 0.000000 0.816183 0.577794 0.577794 -0.816183
VERTEX_POSE A72 -0.139424 0.000000 -0.521486 -0.853260 -0.853260 0.521486
VERTEX_POSE A73 0.990233 0.000000 -0.964629 0.263610 0.263610 0.964629
VERTEX_POSE A74 0.078010 0.000000 0.686351 -0.727271 -0.727271 -0.686351
VERTEX_POSE A75 0.996953 0.000000 -0.493175 -0.869930 0.869930 -0.493175
VERTEX_POSE A76 -0.239723 0.000000 0.973767 0.227547 -0.227547 0.973767
VERTEX_POSE A77 -0.970841 0.000000 -0.965559 -0.260183 0.260183 -0.965559
VERTEX_POSE A78 0.416320 0.000000 -0.347962 -0.937509 -0.937509 0.347962
VERTEX_POSE A79 -0.909218 0.000000 0.575490 -0.817809 -0.817809 -0.575490
VERTEX_POSE A80 -0.391931 0.000000 0.588746 0.808318 -0.808318 0.588746
VERTEX_POSE A81 -0.919994 0.000000 -0.358085 0.933689 -0.933689 -0.358085
VERTEX_POSE A82 0.390399 0.000000 0.637683 0.770299 -0.770299 0.637683
VERTEX_POSE A83 -0.920646 0.000000 0.529659 0.848211 -0.848211 0.529659
VERTEX_POSE A84 0.037754 0.000000 0.132671 0.991160 -0.991160 0.132671
VERTEX_POSE A85 0.999287 0.000000 0.612741 0.790284 0.790284 -0.612741
VERTEX_POSE A86 0.695841 0.000000 0.638373 -0.769727 -0.769727 -0.638373
VERTEX_POSE A87 -0.718196 0.000000 0.808158 -0.588965 -0.588965 -0.808158
VERTEX_POSE A88 0.553936 0.000000 0.631177 -0.775639 -0.775639 -0.631177
VERTEX_POSE A89 0.832559 0.000000 -0.296693 -0.954973 0.954973 -0.296693
VERTEX_POSE A90 -0.483969 0.000000 0.114529 0.993420 -0.993420 0.114529
VERTEX_POSE A91 0.875085 0.000000 -0.921315 0.388817 0.388817 0.921315
VERTEX_POSE A92 -0.974082 0.000000 -0.167912 0.985802 -0.985802 -0.167912
VERTEX_POSE A93 -0.226195 0.000000 -0.677552 -0.735475 0.735475 -0.677552
VERTEX_POSE A94 -0.683747 0.000000 0.759430 0.650589 -0.650589 0.759430
VERTEX_POSE A95 0.729719 0.000000 -0.329601 0.944120 0.944120 0.329601
VERTEX_POSE A96 0.014740 0.000000 0.879203 0.476447 0.476447 -0.879203
VERTEX_POSE A97 0.999891 0.000000 -0.694086 -0.719893 0.719893 -0.694086
VERTEX_POSE A98 -0.817444 0.000000 -0.528716 -0.848799 0.848799 -0.528716
VERTEX_POSE A99 0.576008 0.000000 -0.959365 0.282169 0.282169 0.959365
VERTEX_POSE A100 0.602737 0.000000 0.488769 -0.872413 -0.872413 -0.488769
VERTEX_POSE A101 0.797940 0.000000 -0.574103 0.818783 -0.818783 -0.574103
VERTEX_POSE A102 -0.997775 0.000000 0.261283 -0.965262 0.965262 0.261283
VERTEX_POSE A103 -0.066666 0.000000 -0.616821 -0.787104 -0.787104 0.616821
VERTEX_POSE A104 0.355188 0.000000 -0.722333 -0.691546 0.691546 -0.722333
VERTEX_POSE A105 0.934795 0.000000 -0.528801 -0.848746 -0.848746 0.528801
VERTEX_POSE A106 -0.793503 0.000000 -0.887071 -0.461633 -0.461633 0.887071
VERTEX_POSE A107 0.608567 0.000000 -0.320884 0.947118 0.947118 0.320884
VERTEX_POSE A108 0.901195 0.000000 0.732910 0.680326 -0.680326 0.732910
VERTEX_POSE A109 0.433413 0.000000 0.973601 -0.228258 -0.228258 -0.973601
VERTEX_POSE A110 0.319191 0.000000 0.708586 -0.705624 0.705624 0.708586
VERTEX_POSE A111 -0.947690 0.000000 -0.548160 -0.836373 0.836373 -0.548160
VERTEX_POSE A112 0.565585 0.000000 -0.819733 0.572745 0.572745 0.819733
VERTEX_POSE A113 0.824690 0.000000 0.990645 -0.136463 0.136463 0.990645
VERTEX_POSE A114 -0.975565 0.000000 -0.231681 0.972792 -0.972792 -0.231681
VERTEX_POSE A115 -0.219712 0.000000 0.985829 0.167755 0.167755 -0.985829
VERTEX_POSE A116 0.205339 0.000000 -0.985063 -0.172196 -0.172196 0.985063
VERTEX_POSE A117 -0.978691 0.000000 -0.919834 0.392309 -0.392309 -0.919834
VERTEX_POSE A118 -0.363137 0.000000 0.498125 0.867105 -0.867105 0.498125
VERTEX_POSE A119 -0.931736 0.000000 0.313302 -0.949653 -0.949653 -0.313302
VERTEX_POSE A120 -0.746010 0.000000 0.742712 -0.669611 0.669611 0.742712
VERTEX_POSE A121 -0.665934 0.000000 -0.879847 0.475257 -0.475257 -0.879847
VERTEX_POSE A122 -0.969738 0.000000 -0.062887 0.998021 0.998021 0.062887
VERTEX_POSE A123 0.244147 0.000000 -0.161217 -0.986919 -0.986919 0.161217
VERTEX_POSE A124 0.949540 0.000000 -0.675229 0.737608 -0.737608 -0.675229
VERTEX_POSE A125 -0.313647 0.000000 0.660740 0.750615 -0.750615 0.660740
VERTEX_POSE A126 -0.394466 0.000000 0.974386 0.224880 -0.224880 0.974386
VERTEX_POSE A127 -0.918911 0.000000 0.404086 0.914721 -0.914721 0.404086
VERTEX_POSE A128 -0.925313 0.000000 0.844371 0.535758 -0.535758 0.844371
VERTEX_POSE A129 -0.379205 0.000000 -0.875362 0.483468 0.483468 0.875362
VERTEX_POSE A130 -0.136887 0.000000 0.977413 -0.211339 -0.211339 -0.977413
VERTEX_POSE A131 -0.990587 0.000000 -0.204800 0.978804 0.978804 0.204800
VERTEX_POSE A132 -0.569779 0.000000 -0.776627 -0.629960 0.629960 -0.776627
VERTEX_POSE A133 0.821798 0.000000 -0.372252 0.928132 0.928132 0.372252
VERTEX_POSE A134 -0.800666 0.000000 -0.920144 0.391581 -0.391581 -0.920144
VERTEX_POSE A135 0.599110 0.000000 0.893480 -0.449102 0.449102 0.893480
VERTEX_POSE A136 -0.797438 0.000000 -0.213198 -0.977009 0.977009 -0.213198
VERTEX_POSE A137 -0.603401 0.000000 0.740742 -0.671790 -0.671790 -0.740742
VERTEX_POSE A138 -0.306727 0.000000 0.998811 0.048758 0.048758 -0.998811
VERTEX_POSE A139 -0.951798 0.000000 -0.322934 -0.946421 -0.946421 0.322934
VERTEX_POSE A140 -0.087827 0.000000 -0.905490 -0.424368 0.424368 -0.905490
VERTEX_POSE A141 -0.996136 0.000000 -0.833107 0.553112 0.553112 0.833107
VERTEX_POSE A142 0.577794 0.000000 0.670248 -0.742137 0.742137 0.670248
VERTEX_POSE A143 -0.816183 0.000000 0.779995 0.625786 0.625786 -0.779995
VERTEX_POSE A144 -0.853260 0.000000 -0.504840 -0.863213 0.863213 -0.504840
VERTEX_POSE A145 0.521486 0.000000 -0.221044 -0.975264 -0.975264 0.221044
VERTEX_POSE A146 0.263610 0.000000 -0.972086 -0.234625 -0.234625 0.972086
VERTEX_POSE A147 0.964629 0.000000 -0.989314 -0.145803 0.145803 -0.989314
VERTEX_POSE A148 -0.727271 0.000000 0.461639 0.887068 -0.887068 0.461639
VERTEX_POSE A149 -0.686351 0.000000 0.133947 0.990989 0.990989 -0.133947
VERTEX_POSE A150 0.869930 0.000000 0.995426 0.095538 0.095538 -0.995426
VERTEX_POSE A151 -0.493175 0.000000 0.544638 0.838671 -0.838671 0.544638
VERTEX_POSE A152 -0.227547 0.000000 -0.032780 0.999463 0.999463 0.032780
VERTEX_POSE A153 0.973767 0.000000 0.998887 0.047175 0.047175 -0.998887
VERTEX_POSE A154 0.260183 0.000000 -0.501459 -0.865181 -0.865181 0.501459
VERTEX_POSE A155 -0.965559 0.000000 0.543301 -0.839538 0.839538 0.543301
VERTEX_POSE A156 -0.937509 0.000000 0.725407 0.688321 0.688321 -0.725407
VERTEX_POSE A157 0.347962 0.000000 -0.848369 -0.529406 -0.529406 0.848369
VERTEX_POSE A158 -0.817809 0.000000 0.630941 -0.775831 -0.775831 -0.630941
VERTEX_POSE A159 -0.575490 0.000000 0.140503 -0.990080 -0.990080 -0.140503
VERTEX_POSE A160 -0.808318 0.000000 0.063859 0.997959 0.997959 -0.063859
VERTEX_POSE A161 0.588746 0.000000 -0.407477 -0.913216 0.913216 -0.407477
VERTEX_POSE A162 -0.933689 0.000000 -0.587585 0.809162 -0.809162 -0.587585
VERTEX_POSE A163 -0.358085 0.000000 0.692123 0.721780 -0.721780 0.692123
VERTEX_POSE A164 -0.770299 0.000000 -0.573373 -0.819295 0.819295 -0.573373
VERTEX_POSE A165 0.637683 0.000000 0.506488 -0.862247 0.862247 0.506488
VERTEX_POSE A166 -0.848211 0.000000 0.833743 0.552153 0.552153 -0.833743
VERTEX_POSE A167 0.529659 0.000000 0.846659 0.532135 0.532135 -0.846659
VERTEX_POSE A168 -0.991160 0.000000 -0.154838 0.987940 0.987940 0.154838
VERTEX_POSE A169 0.132671 0.000000 0.651378 0.758753 -0.758753 0.651378
VERTEX_POSE A170 0.790284 0.000000 -0.984984 -0.172646 0.172646 -0.984984
VERTEX_POSE A171 -0.612741 0.000000 -0.749934 0.661512 -0.661512 -0.749934
VERTEX_POSE A172 -0.769727 0.000000 0.955823 0.293943 -0.293943 0.955823
VERTEX_POSE A173 -0.638373 0.000000 -0.596666 0.802490 0.802490 0.596666
VERTEX_POSE A174 -0.588965 0.000000 0.855157 0.518370 -0.518370 0.855157
VERTEX_POSE A175 -0.808158 0.000000 -0.058440 -0.998291 -0.998291 0.058440
VERTEX_POSE A176 -0.775639 0.000000 0.946519 -0.322647 -0.322647 -0.946519
VERTEX_POSE A177 -0.631177 0.000000 -0.302813 0.953050 -0.953050 -0.302813
VERTEX_POSE A178 0.954973 0.000000 -0.995263 0.097216 0.097216 0.995263
VERTEX_POSE A179 -0.296693 0.000000 0.323787 0.946130 0.946130 -0.323787
VERTEX_POSE A180 -0.993420 0.000000 0.932737 0.360557 -0.360557 0.932737
VERTEX_POSE A181 0.114529 0.000000 -0.244392 0.969677 -0.969677 -0.244392
VERTEX_POSE A182 0.388817 0.000000 -0.869247 0.494378 0.494378 0.869247
VERTEX_POSE A183 0.921315 0.000000 -0.663307 0.748348 -0.748348 -0.663307
VERTEX_POSE A184 -0.985802 0.000000 0.626266 -0.779609 0.779609 0.626266
VERTEX_POSE A185 -0.167912 0.000000 -0.406484 0.913658 -0.913658 -0.406484
VERTEX_POSE A186 0.735475 0.000000 -0.050416 0.998728 0.998728 0.050416
VERTEX_POSE A187 -0.677552 0.000000 0.611513 -0.791235 -0.791235 -0.611513
VERTEX_POSE A188 -0.650589 0.000000 0.770372 0.637594 -0.637594 0.770372
VERTEX_POSE A189 0.759430 0.000000 0.840933 -0.541139 0.541139 0.840933
VERTEX_POSE A190 0.944120 0.000000 0.506642 -0.862156 0.862156 0.506642
VERTEX_POSE A191 0.329601 0.000000 -0.614976 -0.788546 0.788546 -0.614976
VERTEX_POSE A192 0.476447 0.000000 0.438209 0.898873 0.898873 -0.438209
VERTEX_POSE A193 -0.879203 0.000000 0.720602 0.693349 -0.693349 0.720602
VERTEX_POSE A194 0.719893 0.000000 -0.465242 0.885183 -0.885183 -0.465242
VERTEX_POSE A195 -0.694086 0.000000 0.301001 -0.953624 -0.953624 -0.301001
VERTEX_POSE A196 0.848799 0.000000 -0.765642 -0.643267 0.643267 -0.765642
VERTEX_POSE A197 -0.528716 0.000000 -0.709649 -0.704555 -0.704555 0.709649
VERTEX_POSE A198 0.282169 0.000000 0.827544 0.561401 -0.561401 0.827544
VERTEX_POSE A199 0.959365 0.000000 0.759407 0.650616 -0.650616 0.759407
VERTEX_POSE A200 -0.872413 0.000000 0.999745 -0.022584 -0.022584 -0.999745
VERTEX_POSE A201 -0.488769 0.000000 -0.238794 -0.971070 0.971070 -0.238794
VERTEX_POSE A202 -0.818783 0.000000 -0.905169 -0.425051 -0.425051 0.905169
VERTEX_POSE A203 -0.574103 0.000000 -0.785085 0.619388 0.619388 0.785085
VERTEX_POSE A204 0.965262 0.000000 -0.634587 -0.772852 0.772852 -0.634587
VERTEX_POSE A205 0.261283 0.000000 -0.864478 0.502671 0.502671 0.864478
VERTEX_POSE A206 -0.787104 0.000000 -0.522069 0.852904 -0.852904 -0.522069
VERTEX_POSE A207 0.616821 0.000000 0.625093 0.780551 0.780551 -0.625093
VERTEX_POSE A208 0.691546 0.000000 0.192641 0.981269 0.981269 -0.192641
VERTEX_POSE A209 -0.722333 0.000000 0.934696 0.355447 -0.355447 0.934696
VERTEX_POSE A210 -0.848746 0.000000 0.447584 -0.894242 0.894242 0.447584
VERTEX_POSE A211 0.528801 0.000000 -0.768523 -0.639822 -0.639822 0.768523
VERTEX_POSE A212 -0.461633 0.000000 0.350356 0.936617 0.936617 -0.350356
VERTEX_POSE A213 0.887071 0.000000 0.984614 0.174741 -0.174741 0.984614
VERTEX_POSE A214 0.947118 0.000000 -0.620222 0.784426 -0.784426 -0.620222
VERTEX_POSE A215 0.320884 0.000000 -0.777890 0.628401 0.628401 0.777890
VERTEX_POSE A216 -0.680326 0.000000 -0.994820 0.101651 -0.101651 -0.994820
VERTEX_POSE A217 0.732910 0.000000 0.752803 0.658245 0.658245 -0.752803
VERTEX_POSE A218 -0.228258 0.000000 0.471231 0.882010 -0.882010 0.471231
VERTEX_POSE A219 -0.973601 0.000000 -0.250818 0.968034 -0.968034 -0.250818
VERTEX_POSE A220 0.705624 0.000000 -0.604634 0.796504 0.796504 0.604634
VERTEX_POSE A221 0.708586 0.000000 0.694062 -0.719916 -0.719916 -0.694062
VERTEX_POSE A222 0.836373 0.000000 0.887027 0.461718 -0.461718 0.887027
VERTEX_POSE A223 -0.548160 0.000000 -0.961763 -0.273884 0.273884 -0.961763
VERTEX_POSE A224 0.572745 0.000000 -0.898635 -0.438696 0.438696 -0.898635
VERTEX_POSE A225 0.819733 0.000000 -0.145377 0.989376 0.989376 0.145377
VERTEX_POSE A226 0.136463 0.000000 0.799533 -0.600622 0.600622 0.799533
VERTEX_POSE A227 0.990645 0.000000 -0.001414 -0.999999 0.999999 -0.001414
VERTEX_POSE A228 -0.972792 0.000000 0.829262 -0.558860 -0.558860 -0.829262
VERTEX_POSE A229 -0.231681 0.000000 0.159784 0.987152 -0.987152 0.159784
VERTEX_POSE A230 0.167755 0.000000 0.816778 0.576952 0.576952 -0.816778
VERTEX_POSE A231 -0.985829 0.000000 0.299400 -0.954128 -0.954128 -0.299400
VERTEX_POSE A232 -0.172196 0.000000 -0.995240 0.097456 -0.097456 -0.995240
VERTEX_POSE A233 0.985063 0.000000 0.755856 -0.654738 0.654738 0.755856
VERTEX_POSE A234 -0.392309 0.000000 -0.673746 -0.738963 -0.738963 0.673746
VERTEX_POSE A235 -0.919834 0.000000 -0.199128 0.979973 0.979973 0.199128
VERTEX_POSE A236 -0.867105 0.000000 -0.940501 0.339791 0.339791 0.940501
VERTEX_POSE A237 0.498125 0.000000 -0.972316 0.233670 0.233670 0.972316
VERTEX_POSE A238 -0.949653 0.000000 0.284284 -0.958740 0.958740 0.284284
VERTEX_POSE A239 -0.313302 0.000000 0.705017 0.709191 0.709191 -0.705017
VERTEX_POSE A240 0.669611 0.000000 0.016770 0.999859 0.999859 -0.016770
VERTEX_POSE A241 0.742712 0.000000 0.368891 -0.929473 0.929473 0.368891
VERTEX_POSE A242 -0.475257 0.000000 -0.532760 -0.846266 0.846266 -0.532760
VERTEX_POSE A243 -0.879847 0.000000 -0.784636 -0.619957 -0.619957 0.784636
VERTEX_POSE A244 0.998021 0.000000 -0.454700 0.890644 0.890644 0.454700
VERTEX_POSE A245 0.062887 0.000000 -0.761514 -0.648149 -0.648149 0.761514
VERTEX_POSE A246 -0.986919 0.000000 -0.425627 0.904899 0.904899 0.425627
VERTEX_POSE A247 0.161217 0.000000 -0.769035 0.639207 -0.639207 -0.769035
VERTEX_POSE A248 -0.737608 0.000000 -0.471791 0.881710 0.881710 0.471791
VERTEX_POSE A249 -0.675229 0.000000 0.825443 0.564485 0.564485 -0.825443
VERTEX_POSE A250 -0.750615 0.000000 -0.684033 -0.729451 -0.729451 0.684033
VERTEX_POSE A251 0.660740 0.000000 0.954812 -0.297211 0.297211 0.954812
VERTEX_POSE A252 -0.224880 0.000000 -0.987901 0.155085 0.155085 0.987901
VERTEX_POSE A253 0.974386 0.000000 -0.993806 0.111127 -0.111127 -0.993806
VERTEX_POSE A254 -0.914721 0.000000 -0.975285 0.220952 -0.220952 -0.975285
VERTEX_POSE A255 0.404086 0.000000 -0.377669 0.925941 0.925941 0.377669
VERTEX_POSE A256 -0.535758 0.000000 0.614084 0.789241 0.789241 -0.614084
VERTEX_POSE A257 0.844371 0.000000 -0.248330 -0.968676 0.968676 -0.248330
VERTEX_POSE A258 0.483468 0.000000 -0.923536 0.383512 0.383512 0.923536
VERTEX_POSE A259 0.875362 0.000000 -0.463786 -0.885947 -0.885947 0.463786
VERTEX_POSE A260 -0.211339 0.000000 -0.999936 0.011275 0.011275 0.999936
VERTEX_POSE A261 -0.977413 0.000000 0.873598 -0.486648 -0.486648 -0.873598
VERTEX_POSE A262 0.978804 0.000000 -0.439724 0.898133 -0.898133 -0.439724
VERTEX_POSE A263 0.204800 0.000000 0.014441 0.999896 -0.999896 0.014441
VERTEX_POSE A264 0.629960 0.000000 0.697233 -0.716845 0.716845 0.697233
VERTEX_POSE A265 -0.776627 0.000000 0.474652 0.880174 0.880174 -0.474652
VERTEX_POSE A266 0.928132 0.000000 0.608085 -0.793872 -0.793872 -0.608085
VERTEX_POSE A267 0.372252 0.000000 -0.856259 -0.516548 -0.516548 0.856259
VERTEX_POSE A268 -0.391581 0.000000 0.688511 -0.725226 -0.725226 -0.688511
VERTEX_POSE A269 -0.920144 0.000000 -0.943629 0.331006 0.331006 0.943629
VERTEX_POSE A270 0.449102 0.000000 -0.961668 -0.274216 0.274216 -0.961668
VERTEX_POSE A271 0.893480 0.000000 -0.295512 0.955339 -0.955339 -0.295512
VERTEX_POSE A272 0.977009 1.000000 0.314480 -0.949264 -0.949264 -0.314480
VERTEX_POSE A273 -0.213198 0.000000 0.997184 0.074994 -0.074994 0.997184
VERTEX_POSE A274 -0.671790 0.000000 0.491340 -0.870968 -0.870968 -0.491340
VERTEX_POSE A275 -0.740742 0.000000 0.814977 -0.579493 0.579493 0.814977
VERTEX_POSE A276 0.048758 1.000000 0.587519 0.809211 -0.809211 0.587519
VERTEX_POSE A277 -0.998811 0.000000 -0.244332 -0.969692 0.969692 -0.244332
VERTEX_POSE A278 -0.946421 0.000000 -0.574009 0.818849 0.818849 0.574009
VERTEX_POSE A279 0.322934 0.000000 0.709083 -0.705125 0.705125 0.709083
VERTEX_POSE A280 0.424368 0.000000 -0.725226 0.688511 0.688511 0.725226
VERTEX_POSE A281 -0.905490 0.000000 -0.707002 0.707211 -0.707211 -0.707002
VERTEX_POSE A282 0.553112 7.466227 0.877781 0.479062 0.479062 -0.877781
VERTEX_POSE A283 0.833107 0.000000 -0.562243 0.826972 -0.826972 -0.562243
VERTEX_POSE A284 0.742137 0.000000 0.999606 -0.028051 -0.028051 -0.999606
VERTEX_POSE A285 0.670248 0.000000 0.084349 -0.996436 0.996436 0.084349
VERTEX_POSE A286 0.625786 0.000000 0.965635 -0.259900 -0.259900 -0.965635
VERTEX_POSE A287 -0.779995 0.000000 0.892490 -0.451068 0.451068 0.892490
VERTEX_POSE A288 0.863213 1.000000 0.563482 0.826128 -0.826128 0.563482
VERTEX_POSE A289 -0.504840 0.000000 0.223621 -0.974676 0.974676 0.223621
VERTEX_POSE A290 -0.975264 0.000000 -0.976495 0.215539 -0.215539 -0.976495
VERTEX_POSE A291 0.221044 0.000000 -0.227991 0.973663 -0.973663 -0.227991
VERTEX_POSE A292 -0.234625 1.000000 0.835385 -0.549665 0.549665 0.835385
VERTEX_POSE A293 0.972086 0.000000 -0.948413 -0.317038 -0.317038 0.948413
VERTEX_POSE A294 0.145803 0.000000 -0.479447 -0.877571 0.877571 -0.479447
VERTEX_POSE A295 -0.989314 0.000000 -0.685722 -0.727863 -0.727863 0.685722
VERTEX_POSE A296 -0.887068 0.000000 0.354574 0.935028 -0.935028 0.354574
VERTEX_POSE A297 0.461639 0.000000 -0.968116 -0.250502 0.250502 -0.968116
VERTEX_POSE A298 0.990989 0.000000 -0.960981 -0.276615 0.276615 -0.960981
VERTEX_POSE A299 -0.133947 0.000000 -0.257794 0.966200 -0.966200 -0.257794
VERTEX_POSE A300 0.095538 0.000000 0.992150 -0.125052 -0.125052 -0.992150
VERTEX_POSE A301 -0.995426 0.000000 0.998839 0.048166 -0.048166 0.998839
VERTEX_POSE A302 -0.838671 0.000000 0.838666 0.544646 -0.544646 0.838666
VERTEX_POSE A303 0.544638 0.000000 0.993512 -0.113731 0.113731 0.993512
VERTEX_POSE A304 0.999463 -1.251773 0.924138 -0.382059 -0.382059 -0.924138
VERTEX_POSE A305 0.032780 0.000000 0.970338 -0.241754 0.241754 0.970338
VERTEX_POSE A306 0.047175 0.000000 -0.299758 -0.954015 -0.954015 0.299758
VERTEX_POSE A307 -0.998887 0.000000 -0.973874 0.227089 -0.227089 -0.973874
VERTEX_POSE A308 -0.865181 0.000000 0.658367 -0.752697 0.752697 0.658367
VERTEX_POSE A309 0.501459 0.000000 0.451538 0.892252 0.892252 -0.451538
VERTEX_POSE A310 0.839538 0.000000 -0.992792 0.119851 -0.119851 -0.992792
VERTEX_POSE A311 0.543301 0.000000 -0.706263 0.707950 -0.707950 -0.706263
VERTEX_POSE A312 0.688321 1.000000 0.970312 -0.241858 -0.241858 -0.970312
VERTEX_POSE A313 -0.725407 0.000000 -0.255983 0.966681 -0.966681 -0.255983
VERTEX_POSE A314 -0.529406 0.000000 -0.216199 -0.976349 -0.976349 0.216199
VERTEX_POSE A315 0.848369 0.000000 0.805569 -0.592502 0.592502 0.805569
VERTEX_POSE A316 -0.775831 1.000000 -0.364983 0.931014 0.931014 0.364983
VERTEX_POSE A317 -0.630941 0.000000 0.988213 0.153084 0.153084 -0.988213
VERTEX_POSE A318 -0.990080 0.000000 0.996933 -0.078263 -0.078263 -0.996933
VERTEX_POSE A319 -0.140503 0.000000 -0.676761 0.736203 -0.736203 -0.676761
VERTEX_POSE A320 0.997959 1.000000 -0.350962 -0.936390 -0.936390 0.350962
VERTEX_POSE A321 -0.063859 0.000000 0.760754 0.649040 -0.649040 0.760754
VERTEX_POSE A322 0.913216 0.000000 0.135560 0.990769 -0.990769 0.135560
VERTEX_POSE A323 -0.407477 0.000000 -0.293474 -0.955967 0.955967 -0.293474
VERTEX_POSE A324 -0.809162 0.000000 0.736999 0.675893 -0.675893 0.736999
VERTEX_POSE A325 -0.587585 0.000000 0.408227 -0.912881 -0.912881 -0.408227
VERTEX_POSE A326 -0.721780 8.077919 -0.100513 0.994936 0.994936 0.100513
VERTEX_POSE A327 0.692123 0.000000 0.463306 0.886198 0.886198 -0.463306
VERTEX_POSE A328 0.819295 0.000000 -0.976894 0.213726 -0.213726 -0.976894
VERTEX_POSE A329 -0.573373 0.000000 0.722573 0.691295 0.691295 -0.722573
VERTEX_POSE A330 0.862247 0.000000 0.543708 0.839275 0.839275 -0.543708
VERTEX_POSE A331 0.506488 0.000000 0.213034 -0.977045 -0.977045 -0.213034
VERTEX_POSE A332 0.552153 1.000000 0.045781 -0.998952 -0.998952 -0.045781
VERTEX_POSE A333 -0.833743 0.000000 0.960204 0.279299 0.279299 -0.960204
VERTEX_POSE A334 0.532135 0.000000 -0.557055 -0.830476 0.830476 -0.557055
VERTEX_POSE A335 -0.846659 0.000000 -0.950123 0.311876 0.311876 0.950123
VERTEX_POSE A336 0.987940 1.000000 -0.871025 0.491239 0.491239 0.871025
VERTEX_POSE A337 0.154838 0.000000 0.912837 0.408324 -0.408324 0.912837
VERTEX_POSE A338 -0.758753 0.000000 0.884524 0.466495 0.466495 -0.884524
VERTEX_POSE A339 0.651378 0.000000 0.773925 0.633278 -0.633278 0.773925
VERTEX_POSE A340 0.172646 1.000000 -0.039749 0.999210 -0.999210 -0.039749
VERTEX_POSE A341 -0.984984 0.000000 0.765106 0.643904 -0.643904 0.765106
VERTEX_POSE A342 -0.661512 0.000000 0.889536 0.456866 0.456866 -0.889536
VERTEX_POSE A343 -0.749934 0.000000 0.985862 0.167561 -0.167561 0.985862
VERTEX_POSE A344 -0.293943 0.000000 -0.516083 0.856539 -0.856539 -0.516083
VERTEX_POSE A345 0.955823 0.000000 -0.909640 0.415398 0.415398 0.909640
VERTEX_POSE A346 0.802490 0.000000 0.092831 0.995682 0.995682 -0.092831
VERTEX_POSE A347 0.596666 0.000000 -0.849595 -0.527435 0.527435 -0.849595
VERTEX_POSE A348 -0.518370 -1.440297 -0.423745 -0.905781 0.905781 -0.423745
VERTEX_POSE A349 0.855157 0.000000 -0.052197 0.998637 -0.998637 -0.052197
VERTEX_POSE A350 -0.998291 0.000000 -0.929440 -0.368973 -0.368973 0.929440
VERTEX_POSE A351 0.058440 0.000000 0.941722 -0.336393 -0.336393 -0.941722
VERTEX_POSE A352 -0.322647 0.000000 -0.864556 -0.502536 -0.502536 0.864556
VERTEX_POSE A353 -0.946519 0.000000 0.979630 0.200810 -0.200810 0.979630
VERTEX_POSE A354 -0.953050 0.000000 0.899519 0.436882 -0.436882 0.899519
VERTEX_POSE A355 -0.302813 0.000000 0.702763 0.711424 0.711424 -0.702763
VERTEX_POSE A356 0.097216 1.000000 -0.755101 -0.655609 -0.655609 0.755101
VERTEX_POSE A357 0.995263 0.000000 0.320749 0.947164 -0.947164 0.320749
VERTEX_POSE A358 0.946130 0.000000 -0.973434 0.228967 0.228967 0.973434
VERTEX_POSE A359 -0.323787 0.000000 -0.779836 -0.625984 0.625984 -0.779836
VERTEX_POSE A360 -0.360557 1.000000 -0.868665 0.495401 -0.495401 -0.868665
VERTEX_POSE A361 0.932737 0.000000 -0.824966 0.565183 0.565183 0.824966
VERTEX_POSE A362 -0.969677 0.000000 0.983117 0.182980 0.182980 -0.983117
VERTEX_POSE A363 -0.244392 0.000000 0.175947 0.984400 0.984400 -0.175947
VERTEX_POSE A364 0.494378 1.000000 0.708939 0.705270 0.705270 -0.708939
VERTEX_POSE A365 0.869247 0.000000 0.373101 -0.927791 -0.927791 -0.373101
VERTEX_POSE A366 -0.748348 0.000000 -0.304562 -0.952493 0.952493 -0.304562
VERTEX_POSE A367 -0.663307 0.000000 -0.876515 0.481374 -0.481374 -0.876515
VERTEX_POSE A368 0.779609 0.000000 -0.998650 0.051941 -0.051941 -0.998650
VERTEX_POSE A369 0.626266 0.000000 0.345327 -0.938483 0.938483 0.345327
VERTEX_POSE A370 -0.913658 7.097386 -0.338995 -0.940788 0.940788 -0.338995
VERTEX_POSE A371 -0.406484 0.000000 0.857448 -0.514571 -0.514571 -0.857448
VERTEX_POSE A372 0.998728 0.000000 -0.116810 -0.993154 -0.993154 0.116810
VERTEX_POSE A373 0.050416 0.000000 0.277850 -0.960625 -0.960625 -0.277850
VERTEX_POSE A374 -0.791235 0.000000 0.272459 0.962167 -0.962167 0.272459
VERTEX_POSE A375 -0.611513 0.000000 0.939995 -0.341187 -0.341187 -0.939995
VERTEX_POSE A376 -0.637594 1.000000 0.606243 0.795279 0.795279 -0.606243
VERTEX_POSE A377 0.770372 0.000000 -0.056957 -0.998377 -0.998377 0.056957
VERTEX_POSE A378 0.541139 0.000000 -0.926305 0.376774 -0.376774 -0.926305
VERTEX_POSE A379 0.840933 0.000000 0.982392 -0.186832 -0.186832 -0.982392
VERTEX_POSE A380 0.862156 1.000000 0.691416 0.722457 -0.722457 0.691416
VERTEX_POSE A381 0.506642 0.000000 -0.732967 -0.680264 -0.680264 0.732967
VERTEX_POSE A382 0.788546 0.000000 0.682581 0.730810 -0.730810 0.682581
VERTEX_POSE A383 -0.614976 0.000000 0.417259 -0.908788 0.908788 0.417259
VERTEX_POSE A384 0.898873 1.000000 -0.231323 -0.972877 0.972877 -0.231323
VERTEX_POSE A385 -0.438209 0.000000 -0.901768 -0.432221 -0.432221 0.901768
VERTEX_POSE A386 -0.693349 0.000000 -0.313795 -0.949491 -0.949491 0.313795
VERTEX_POSE A387 0.720602 0.000000 0.793606 -0.608433 -0.608433 -0.793606
VERTEX_POSE A388 -0.885183 0.000000 -0.698639 -0.715474 0.715474 -0.698639
VERTEX_POSE A389 -0.465242 0.000000 0.798523 -0.601964 0.601964 0.798523
VERTEX_POSE A390 -0.953624 0.000000 -0.936704 0.350123 0.350123 0.936704
VERTEX_POSE A391 -0.301001 0.000000 0.144412 0.989518 -0.989518 0.144412
VERTEX_POSE A392 0.643267 0.734485 -0.467838 0.883814 -0.883814 -0.467838
VERTEX_POSE A393 -0.765642 0.000000 -0.805653 0.592388 0.592388 0.805653
VERTEX_POSE A394 -0.704555 0.000000 -0.293880 0.955842 -0.955842 -0.293880
VERTEX_POSE A395 0.709649 0.000000 -0.734501 -0.678607 0.678607 -0.734501
VERTEX_POSE A396 -0.561401 0.000000 -0.272775 -0.962078 0.962078 -0.272775
VERTEX_POSE A397 0.827544 0.000000 0.294762 -0.955571 -0.955571 -0.294762
VERTEX_POSE A398 -0.650616 0.000000 -0.698405 -0.715703 -0.715703 0.698405
VERTEX_POSE A399 0.759407 0.000000 -0.850870 -0.525376 0.525376 -0.850870
VERTEX_POSE A400 -0.022584 1.000000 -0.958379 0.285500 -0.285500 -0.958379
VERTEX_POSE A401 -0.999745 0.000000 0.417472 -0.908690 0.908690 0.417472
VERTEX_POSE A402 0.971070 0.000000 0.972990 0.230847 0.230847 -0.972990
VERTEX_POSE A403 -0.238794 0.000000 0.953392 0.301735 0.301735 -0.953392
VERTEX_POSE A404 -0.425051 1.000000 -0.525770 0.850627 -0.850627 -0.525770
VERTEX_POSE A405 0.905169 0.000000 -0.689454 -0.724330 -0.724330 0.689454
VERTEX_POSE A406 0.619388 0.000000 -0.751266 -0.659999 0.659999 -0.751266
VERTEX_POSE A407 0.785085 0.000000 -0.663936 0.747789 -0.747789 -0.663936
VERTEX_POSE A408 0.772852 1.000000 0.917801 -0.397041 0.397041 0.917801
VERTEX_POSE A409 -0.634587 0.000000 -0.598702 -0.800972 -0.800972 0.598702
VERTEX_POSE A410 0.502671 0.000000 -0.864888 -0.501965 -0.501965 0.864888
VERTEX_POSE A411 0.864478 0.000000 0.963264 -0.268555 -0.268555 -0.963264
VERTEX_POSE A412 -0.852904 0.000000 0.560975 -0.827833 -0.827833 -0.560975
VERTEX_POSE A413 -0.522069 0.000000 0.380303 0.924862 -0.924862 0.380303
VERTEX_POSE A414 0.780551 7.707121 -0.721640 -0.692269 -0.692269 0.721640
VERTEX_POSE A415 -0.625093 0.000000 -0.926237 -0.376941 0.376941 -0.926237
VERTEX_POSE A416 0.981269 0.000000 0.142235 0.989833 -0.989833 0.142235
VERTEX_POSE A417 -0.192641 0.000000 0.659091 -0.752063 0.752063 0.659091
VERTEX_POSE A418 -0.355447 0.000000 0.812983 0.582287 -0.582287 0.812983
VERTEX_POSE A419 0.934696 0.000000 0.483089 0.875571 0.875571 -0.483089
VERTEX_POSE A420 0.894242 1.000000 0.784902 -0.619620 -0.619620 -0.784902
VERTEX_POSE A421 0.447584 0.000000 0.856592 0.515994 -0.515994 0.856592
VERTEX_POSE A422 -0.639822 0.000000 -0.690712 -0.723130 -0.723130 0.690712
VERTEX_POSE A423 0.768523 0.000000 -0.627068 -0.778964 -0.778964 0.627068
VERTEX_POSE A424 0.936617 1.000000 0.370475 0.928842 0.928842 -0.370475
VERTEX_POSE A425 -0.350356 0.000000 -0.326552 0.945179 0.945179 0.326552
VERTEX_POSE A426 -0.174741 0.000000 0.464354 -0.885650 -0.885650 -0.464354
VERTEX_POSE A427 0.984614 0.000000 -0.428624 -0.903483 0.903483 -0.428624
VERTEX_POSE A428 -0.784426 1.000000 -0.962033 -0.272934 0.272934 -0.962033
VERTEX_POSE A429 -0.620222 0.000000 0.968188 0.250222 0.250222 -0.968188
VERTEX_POSE A430 0.628401 0.000000 -0.142262 -0.989829 -0.989829 0.142262
VERTEX_POSE A431 0.777890 0.000000 0.614237 0.789122 0.789122 -0.614237
VERTEX_POSE A432 -0.101651 0.000000 -0.929834 0.367979 0.367979 0.929834
VERTEX_POSE A433 -0.994820 0.000000 0.429978 0.902840 0.902840 -0.429978
VERTEX_POSE A434 0.658245 0.000000 -0.124388 -0.992234 0.992234 -0.124388
VERTEX_POSE A435 -0.752803 0.000000 0.489954 0.871748 0.871748 -0.489954
VERTEX_POSE A436 -0.882010 -1.682510 -0.798563 -0.601911 0.601911 -0.798563
VERTEX_POSE A437 0.471231 0.000000 0.768911 0.639356 0.639356 -0.768911
VERTEX_POSE A438 -0.968034 0.000000 -0.582494 -0.812835 0.812835 -0.582494
VERTEX_POSE A439 -0.250818 0.000000 0.538734 -0.842476 -0.842476 -0.538734
VERTEX_POSE A440 0.796504 0.000000 -0.963015 -0.269447 -0.269447 0.963015
VERTEX_POSE A441 0.604634 0.000000 0.491541 -0.870854 -0.870854 -0.491541
VERTEX_POSE A442 -0.719916 0.000000 -0.222497 0.974933 0.974933 0.222497
VERTEX_POSE A443 -0.694062 0.000000 0.497177 0.867649 0.867649 -0.497177
VERTEX_POSE A444 -0.461718 1.000000 -0.457514 0.889202 -0.889202 -0.457514
VERTEX_POSE A445 0.887027 0.000000 -0.894973 -0.446121 0.446121 -0.894973
VERTEX_POSE A446 0.273884 0.000000 0.208269 -0.978072 0.978072 0.208269
VERTEX_POSE A447 -0.961763 0.000000 -0.331267 0.943537 -0.943537 -0.331267
VERTEX_POSE A448 0.438696 1.000000 0.910904 -0.412619 -0.412619 -0.910904
VERTEX_POSE A449 -0.898635 0.000000 -0.293481 0.955965 0.955965 0.293481
VERTEX_POSE A450 0.989376 0.000000 0.370633 0.928779 0.928779 -0.370633
VERTEX_POSE A451 0.145377 0.000000 0.316518 -0.948586 0.948586 0.316518
VERTEX_POSE A452 0.600622 1.000000 -0.820582 0.571529 0.571529 0.820582
VERTEX_POSE A453 0.799533 0.000000 0.867916 0.496711 0.496711 -0.867916
VERTEX_POSE A454 0.999999 0.000000 0.506050 0.862504 0.862504 -0.506050
VERTEX_POSE A455 -0.001414 0.000000 0.788502 0.615033 0.615033 -0.788502
VERTEX_POSE A456 -0.558860 0.000000 -0.998091 -0.061767 -0.061767 0.998091
VERTEX_POSE A457 -0.829262 0.000000 0.537618 -0.843188 -0.843188 -0.537618
VERTEX_POSE A458 -0.987152 7.105243 -0.226411 -0.974032 0.974032 -0.226411
VERTEX_POSE A459 0.159784 0.000000 -0.987667 0.156570 0.156570 0.987667
VERTEX_POSE A460 0.576952 0.000000 0.865645 -0.500659 0.500659 0.865645
VERTEX_POSE A461 -0.816778 0.000000 0.917984 -0.396617 0.396617 0.917984
VERTEX_POSE A462 -0.954128 0.000000 0.561837 -0.827248 -0.827248 -0.561837
VERTEX_POSE A463 -0.299400 0.000000 -0.164278 -0.986414 -0.986414 0.164278
VERTEX_POSE A464 -0.097456 1.000000 0.524573 -0.851366 -0.851366 -0.524573
VERTEX_POSE A465 -0.995240 0.000000 -0.966350 -0.257231 -0.257231 0.966350
VERTEX_POSE A466 0.654738 0.000000 -0.954212 0.299130 -0.299130 -0.954212
VERTEX_POSE A467 0.755856 0.000000 0.598732 -0.800950 -0.800950 -0.598732
VERTEX_POSE A468 -0.738963 1.000000 -0.165276 0.986247 0.986247 0.165276
VERTEX_POSE A469 0.673746 0.000000 -0.489885 -0.871787 0.871787 -0.489885
VERTEX_POSE A470 0.979973 0.000000 0.132221 -0.991220 -0.991220 -0.132221
VERTEX_POSE A471 0.199128 0.000000 -0.149088 0.988824 0.988824 0.149088
VERTEX_POSE A472 0.339791 1.000000 0.962799 0.270219 0.270219 -0.962799
VERTEX_POSE A473 0.940501 0.000000 -0.936628 -0.350326 0.350326 -0.936628
VERTEX_POSE A474 0.233670 0.000000 -0.999334 -0.036490 0.036490 -0.999334
VERTEX_POSE A475 0.972316 0.000000 -0.998995 0.044824 -0.044824 -0.998995
VERTEX_POSE A476 0.958740 0.000000 0.051181 -0.998689 -0.998689 -0.051181
VERTEX_POSE A477 0.284284 0.000000 -0.267359 -0.963597 0.963597 -0.267359
VERTEX_POSE A478 0.709191 0.000000 -0.205704 0.978614 0.978614 0.205704
VERTEX_POSE A479 -0.705017 0.000000 0.416629 0.909077 0.909077 -0.416629
VERTEX_POSE A480 0.999859 -1.860639 0.993472 0.114075 0.114075 -0.993472
VERTEX_POSE A481 -0.016770 0.000000 0.032267 0.999479 0.999479 -0.032267
VERTEX_POSE A482 0.929473 0.000000 0.586385 0.810032 0.810032 -0.586385
VERTEX_POSE A483 0.368891 0.000000 -0.553584 -0.832794 0.832794 -0.553584
VERTEX_POSE A484 0.846266 0.000000 0.643699 0.765279 0.765279 -0.643699
VERTEX_POSE A485 -0.532760 0.000000 0.539805 -0.841790 0.841790 0.539805
VERTEX_POSE A486 -0.619957 0.000000 0.203177 0.979142 0.979142 -0.203177
VERTEX_POSE A487 0.784636 0.000000 -0.996944 0.078121 -0.078121 -0.996944
VERTEX_POSE A488 0.890644 1.000000 0.983992 -0.178215 -0.178215 -0.983992
VERTEX_POSE A489 0.454700 0.000000 0.737662 0.675170 -0.675170 0.737662
VERTEX_POSE A490 -0.648149 0.000000 0.681497 -0.731821 -0.731821 -0.681497
VERTEX_POSE A491 0.761514 0.000000 0.242895 -0.970052 0.970052 0.242895
VERTEX_POSE A492 0.904899 1.000000 -0.951552 -0.307488 -0.307488 0.951552
VERTEX_POSE A493 0.425627 0.000000 0.061566 -0.998103 0.998103 0.061566
VERTEX_POSE A494 -0.639207 0.000000 0.696041 0.718002 -0.718002 0.696041
VERTEX_POSE A495 -0.769035 0.000000 -0.875933 0.482432 0.482432 0.875933
VERTEX_POSE A496 0.881710 1.000000 0.076607 -0.997061 -0.997061 -0.076607
VERTEX_POSE A497 0.471791 0.000000 -0.023617 0.999721 0.999721 0.023617
VERTEX_POSE A498 0.564485 0.000000 -0.365586 0.930778 0.930778 0.365586
VERTEX_POSE A499 -0.825443 0.000000 -0.360990 -0.932570 -0.932570 0.360990
VERTEX_POSE A500 -0.729451 0.000000 -0.787589 -0.616201 0.616201 -0.787589
VERTEX_POSE A501 0.684033 0.000000 -0.729725 -0.683740 -0.683740 0.729725
VERTEX_POSE A502 0.297211 7.181165 -0.973830 0.227279 0.227279 0.973830
VERTEX_POSE A503 0.954812 0.000000 0.651723 -0.758457 -0.758457 -0.651723
VERTEX_POSE A504 0.155085 0.000000 0.747415 -0.664358 -0.664358 -0.747415
VERTEX_POSE A505 0.987901 0.000000 -0.757895 -0.652377 0.652377 -0.757895
VERTEX_POSE A506 -0.111127 0.000000 0.519925 0.854212 -0.854212 0.519925
VERTEX_POSE A507 -0.993806 0.000000 0.865504 0.500902 0.500902 -0.865504
VERTEX_POSE A508 -0.220952 1.000000 -0.999095 -0.042523 -0.042523 0.999095
VERTEX_POSE A509 -0.975285 0.000000 0.895357 0.445349 -0.445349 0.895357
VERTEX_POSE A510 0.925941 0.000000 -0.827920 -0.560847 0.560847 -0.827920
VERTEX_POSE A511 0.377669 0.000000 0.862028 0.506860 -0.506860 0.862028
VERTEX_POSE A512 0.789241 1.000000 0.028567 -0.999592 0.999592 0.028567
VERTEX_POSE A513 -0.614084 0.000000 0.897329 0.441361 0.441361 -0.897329
VERTEX_POSE A514 0.968676 0.000000 -0.360593 0.932723 -0.932723 -0.360593
VERTEX_POSE A515 -0.248330 0.000000 0.987232 0.159288 0.159288 -0.987232
VERTEX_POSE A516 0.383512 1.000000 -0.916093 -0.400966 -0.400966 0.916093
VERTEX_POSE A517 0.923536 0.000000 0.639443 0.768838 0.768838 -0.639443
VERTEX_POSE A518 -0.885947 0.000000 0.999147 -0.041291 -0.041291 -0.999147
VERTEX_POSE A519 0.463786 0.000000 -0.398956 0.916970 -0.916970 -0.398956
VERTEX_POSE A520 0.011275 0.000000 0.959086 -0.283114 -0.283114 -0.959086
VERTEX_POSE A521 0.999936 0.000000 -0.857487 0.514505 0.514505 0.857487
VERTEX_POSE A522 -0.486648 0.000000 -0.562929 0.826505 0.826505 0.562929
VERTEX_POSE A523 -0.873598 0.000000 -0.678638 -0.734473 0.734473 -0.678638
VERTEX_POSE A524 -0.898133 -1.660772 -0.627298 0.778779 -0.778779 -0.627298
VERTEX_POSE A525 -0.439724 0.000000 -0.976408 -0.215933 -0.215933 0.976408
VERTEX_POSE A526 -0.999896 0.000000 -0.954035 0.299696 0.299696 0.954035
VERTEX_POSE A527 0.014441 0.000000 -0.942829 0.333276 0.333276 0.942829
VERTEX_POSE A528 0.716845 0.000000 -0.732822 0.680421 -0.680421 -0.732822
VERTEX_POSE A529 0.697233 0.000000 -0.247765 -0.968820 0.968820 -0.247765
VERTEX_POSE A530 0.880174 0.000000 0.998984 -0.045063 -0.045063 -0.998984
VERTEX_POSE A531 -0.474652 0.000000 -0.900378 -0.435109 0.435109 -0.900378
VERTEX_POSE A532 -0.793872 1.000000 0.322303 0.946637 -0.946637 0.322303
VERTEX_POSE A533 -0.608085 0.000000 0.919918 0.392110 -0.392110 0.919918
VERTEX_POSE A534 -0.516548 0.000000 -0.704485 -0.709719 0.709719 -0.704485
VERTEX_POSE A535 0.856259 0.000000 -0.907399 -0.420269 -0.420269 0.907399
VERTEX_POSE A536 -0.725226 1.000000 -0.436688 -0.899613 -0.899613 0.436688
VERTEX_POSE A537 -0.688511 0.000000 0.580304 0.814400 0.814400 -0.580304
VERTEX_POSE A538 0.331006 0.000000 -0.828766 -0.559596 -0.559596 0.828766
VERTEX_POSE A539 0.943629 0.000000 0.993909 -0.110203 0.110203 0.993909
VERTEX_POSE A540 0.274216 1.000000 0.347829 -0.937558 0.937558 0.347829
VERTEX_POSE A541 -0.961668 0.000000 -0.876374 -0.481632 0.481632 -0.876374
VERTEX_POSE A542 -0.955339 0.000000 0.729902 -0.683552 0.683552 0.729902
VERTEX_POSE A543 -0.295512 0.000000 0.996834 -0.079515 0.079515 0.996834
VERTEX_POSE A544 -0.949264 0.000000 -0.983268 -0.182166 0.182166 -0.983268
VERTEX_POSE A545 -0.314480 0.000000 0.673912 -0.738812 -0.738812 -0.673912
VERTEX_POSE A546 -0.074994 7.110519 0.998448 0.055689 -0.055689 0.998448
VERTEX_POSE A547 0.997184 0.000000 -0.955881 -0.293753 -0.293753 0.955881
VERTEX_POSE A548 -0.870968 0.000000 0.465288 -0.885159 -0.885159 -0.465288
VERTEX_POSE A549 -0.491340 0.000000 -0.779481 0.626425 0.626425 0.779481
VERTEX_POSE A550 0.579493 0.000000 -0.802894 -0.596121 0.596121 -0.802894
VERTEX_POSE A551 0.814977 0.000000 0.868740 -0.495269 0.495269 0.868740
VERTEX_POSE A552 -0.809211 1.000000 -0.097944 -0.995192 -0.995192 0.097944
VERTEX_POSE A553 0.587519 0.000000 -0.451433 0.892305 -0.892305 -0.451433
VERTEX_POSE A554 0.969692 0.000000 0.091155 -0.995837 -0.995837 -0.091155
VERTEX_POSE A555 -0.244332 0.000000 0.357928 -0.933749 -0.933749 -0.357928
VERTEX_POSE A556 0.818849 1.000000 -0.996498 -0.083615 0.083615 -0.996498
VERTEX_POSE A557 0.574009 0.000000 0.535101 -0.844788 -0.844788 -0.535101
VERTEX_POSE A558 0.705125 0.000000 0.995893 0.090537 -0.090537 0.995893
VERTEX_POSE A559 0.709083 0.000000 -0.985005 -0.172525 0.172525 -0.985005
VERTEX_POSE A560 0.688511 1.000000 0.537181 0.843467 0.843467 -0.537181
VERTEX_POSE A561 0.725226 0.000000 -0.471333 0.881955 -0.881955 -0.471333
VERTEX_POSE A562 -0.707211 0.000000 -0.813975 -0.580900 0.580900 -0.813975
VERTEX_POSE A563 -0.707002 0.000000 -0.573312 -0.819337 -0.819337 0.573312
VERTEX_POSE A564 0.479062 0.000000 -0.988599 0.150572 -0.150572 -0.988599
VERTEX_POSE A565 -0.877781 0.000000 0.899526 0.436867 0.436867 -0.899526
VERTEX_POSE A566 -0.826972 0.000000 0.969062 -0.246817 0.246817 0.969062
VERTEX_POSE A567 -0.562243 0.000000 -0.851702 0.524026 0.524026 0.851702
VERTEX_POSE A568 -0.028051 -1.537971 0.914312 -0.405011 -0.405011 -0.914312
VERTEX_POSE A569 -0.999606 0.000000 -0.763217 -0.646142 -0.646142 0.763217
VERTEX_POSE A570 0.996436 0.000000 -0.275564 0.961283 0.961283 0.275564
VERTEX_POSE A571 0.084349 0.000000 0.904886 0.425654 0.425654 -0.904886
VERTEX_POSE A572 -0.259900 0.000000 -0.933180 -0.359408 0.359408 -0.933180
VERTEX_POSE A573 -0.965635 0.000000 0.638883 0.769304 -0.769304 0.638883
VERTEX_POSE A574 0.451068 0.000000 0.200333 0.979728 0.979728 -0.200333
VERTEX_POSE A575 0.892490 0.000000 -0.658190 0.752852 0.752852 0.658190
VERTEX_POSE A576 -0.826128 1.000000 0.598648 -0.801013 -0.801013 -0.598648
VERTEX_POSE A577 0.563482 0.000000 -0.158952 -0.987286 -0.987286 0.158952
VERTEX_POSE A578 0.974676 0.000000 0.119253 -0.992864 -0.992864 -0.119253
VERTEX_POSE A579 0.223621 0.000000 -0.876010 0.482293 0.482293 0.876010
VERTEX_POSE A580 -0.215539 1.000000 0.386768 0.922177 0.922177 -0.386768
VERTEX_POSE A581 -0.976495 0.000000 -0.185339 -0.982675 0.982675 -0.185339
VERTEX_POSE A582 -0.973663 0.000000 -0.762678 -0.646779 -0.646779 0.762678
VERTEX_POSE A583 -0.227991 0.000000 0.800269 -0.599641 -0.599641 -0.800269
VERTEX_POSE A584 0.549665 1.000000 0.259952 -0.965622 -0.965622 -0.259952
VERTEX_POSE A585 0.835385 0.000000 0.272470 -0.962164 -0.962164 -0.272470
VERTEX_POSE A586 -0.317038 0.000000 -0.876684 0.481066 0.481066 0.876684
VERTEX_POSE A587 0.948413 0.000000 -0.207521 -0.978231 0.978231 -0.207521
VERTEX_POSE A588 0.877571 0.000000 0.503988 -0.863711 -0.863711 -0.503988
VERTEX_POSE A589 -0.479447 0.000000 -0.889599 -0.456742 -0.456742 0.889599
VERTEX_POSE A590 -0.727863 7.132335 0.988752 -0.149566 -0.149566 -0.988752
VERTEX_POSE A591 0.685722 0.000000 -0.954653 -0.297719 -0.297719 0.954653
VERTEX_POSE A592 -0.935028 0.000000 -0.722811 0.691046 -0.691046 -0.722811
VERTEX_POSE A593 0.354574 0.000000 -0.468683 0.883367 0.883367 0.468683
VERTEX_POSE A594 0.250502 0.000000 0.885125 0.465354 0.465354 -0.885125
VERTEX_POSE A595 -0.968116 0.000000 0.662880 -0.748725 -0.748725 -0.662880
VERTEX_POSE A596 0.276615 1.000000 -0.378792 -0.925482 0.925482 -0.378792
VERTEX_POSE A597 -0.960981 0.000000 0.053079 0.998590 0.998590 -0.053079
VERTEX_POSE A598 -0.966200 0.000000 0.887808 0.460215 0.460215 -0.887808
VERTEX_POSE A599 -0.257794 0.000000 -0.576954 -0.816777 -0.816777 0.576954
VERTEX_POSE A600 -0.125052 1.000000 0.308680 -0.951166 0.951166 0.308680
VERTEX_POSE A601 -0.992150 0.000000 0.081595 0.996666 -0.996666 0.081595
VERTEX_POSE A602 -0.048166 0.000000 0.584664 0.811275 -0.811275 0.584664
VERTEX_POSE A603 0.998839 0.000000 -0.974425 0.224714 -0.224714 -0.974425
VERTEX_POSE A604 -0.544646 1.000000 0.689713 -0.724083 -0.724083 -0.689713
VERTEX_POSE A605 0.838666 0.000000 -0.311774 0.950156 0.950156 0.311774
VERTEX_POSE A606 0.113731 0.000000 0.537987 0.842953 0.842953 -0.537987
VERTEX_POSE A607 0.993512 0.000000 -0.783245 0.621713 0.621713 0.783245
VERTEX_POSE A608 -0.382059 0.000000 -0.886204 -0.463296 0.463296 -0.886204
VERTEX_POSE A609 -0.924138 0.000000 0.471085 0.882088 0.882088 -0.471085
VERTEX_POSE A610 0.241754 0.000000 0.999995 0.003269 0.003269 -0.999995
VERTEX_POSE A611 0.970338 0.000000 -0.727811 -0.685778 0.685778 -0.727811
VERTEX_POSE A612 -0.954015 -1.742358 -0.719880 0.694099 0.694099 0.719880
VERTEX_POSE A613 0.299758 0.000000 -0.756264 -0.654266 0.654266 -0.756264
VERTEX_POSE A614 -0.227089 0.000000 0.563447 -0.826152 -0.826152 -0.563447
VERTEX_POSE A615 -0.973874 0.000000 -0.998994 0.044837 0.044837 0.998994
VERTEX_POSE A616 0.752697 0.000000 -0.985138 0.171766 0.171766 0.985138
VERTEX_POSE A617 0.658367 0.000000 -0.055163 0.998477 0.998477 0.055163
VERTEX_POSE A618 0.892252 0.000000 0.979639 -0.200767 0.200767 0.979639
VERTEX_POSE A619 -0.451538 0.000000 -0.980944 0.194288 0.194288 0.980944
VERTEX_POSE A620 -0.119851 1.000000 0.698081 0.716018 -0.716018 0.698081
VERTEX_POSE A621 -0.992792 0.000000 -0.982143 0.188136 0.188136 0.982143
VERTEX_POSE A622 -0.707950 0.000000 -0.367810 -0.929901 0.929901 -0.367810
VERTEX_POSE A623 -0.706263 0.000000 -0.739901 0.672716 0.672716 0.739901
VERTEX_POSE A624 -0.241858 1.000000 0.665011 0.746834 0.746834 -0.665011
VERTEX_POSE A625 -0.970312 0.000000 -0.061328 0.998118 0.998118 0.061328
VERTEX_POSE A626 -0.966681 0.000000 -0.959316 -0.282335 -0.282335 0.959316
VERTEX_POSE A627 -0.255983 0.000000 -0.802449 0.596721 0.596721 0.802449
VERTEX_POSE A628 -0.976349 1.000000 -0.012698 -0.999919 0.999919 -0.012698
VERTEX_POSE A629 0.216199 0.000000 0.999853 -0.017159 0.017159 0.999853
VERTEX_POSE A630 0.592502 0.000000 -0.487764 -0.872976 0.872976 -0.487764
VERTEX_POSE A631 0.805569 0.000000 -0.812774 0.582579 0.582579 0.812774
VERTEX_POSE A632 0.931014 0.000000 -0.556565 0.830804 -0.830804 -0.556565
VERTEX_POSE A633 0.364983 0.000000 -0.961874 0.273494 0.273494 0.961874
VERTEX_POSE A634 0.153084 7.092461 -0.979086 0.203446 -0.203446 -0.979086
VERTEX_POSE A635 -0.988213 0.000000 -0.584241 -0.811580 0.811580 -0.584241
VERTEX_POSE A636 -0.078263 0.000000 -0.989733 -0.142927 0.142927 -0.989733
VERTEX_POSE A637 -0.996933 0.000000 0.512888 -0.858455 -0.858455 -0.512888
VERTEX_POSE A638 -0.736203 0.000000 0.987976 0.154609 -0.154609 0.987976
VERTEX_POSE A639 -0.676761 0.000000 -0.263744 0.964593 -0.964593 -0.263744
VERTEX_POSE A640 -0.936390 1.000000 0.898052 -0.439888 -0.439888 -0.898052
VERTEX_POSE A641 0.350962 0.000000 0.536618 -0.843825 -0.843825 -0.536618
VERTEX_POSE A642 -0.649040 0.000000 -0.785179 0.619268 0.619268 0.785179
VERTEX_POSE A643 0.760754 0.000000 0.814949 0.579533 -0.579533 0.814949
VERTEX_POSE A644 -0.990769 1.000000 0.980999 0.194013 -0.194013 0.980999
VERTEX_POSE A645 0.135560 0.000000 -0.832082 -0.554653 0.554653 -0.832082
VERTEX_POSE A646 0.955967 0.000000 -0.869921 0.493192 -0.493192 -0.869921
VERTEX_POSE A647 -0.293474 0.000000 0.518910 -0.854829 -0.854829 -0.518910
VERTEX_POSE A648 -0.675893 0.000000 -0.381378 -0.924419 -0.924419 0.381378
VERTEX_POSE A649 0.736999 0.000000 0.956774 0.290834 0.290834 -0.956774
VERTEX_POSE A650 -0.912881 0.000000 0.974552 -0.224162 -0.224162 -0.974552
VERTEX_POSE A651 -0.408227 0.000000 0.735268 0.677776 0.677776 -0.735268
VERTEX_POSE A652 0.994936 0.000000 0.976408 0.215935 -0.215935 0.976408
VERTEX_POSE A653 0.100513 0.000000 -0.065234 0.997870 0.997870 0.065234
VERTEX_POSE A654 0.886198 0.000000 0.693967 -0.720006 0.720006 0.693967
VERTEX_POSE A655 -0.463306 0.000000 -0.647012 -0.762480 -0.762480 0.647012
VERTEX_POSE A656 -0.213726 66765030077826369019383162950186473975158118807626892767862905309815610529247825570960820673669678124003307498604697200456689158133492807409552762863616.000000 0.371112 -0.928588 0.928588 0.371112
VERTEX_POSE A657 -0.976894 0.000000 -0.128351 -0.991729 -0.991729 0.128351
VERTEX_POSE A658 0.691295 0.000000 0.967636 -0.252351 -0.252351 -0.967636
VERTEX_POSE A659 -0.722573 0.000000 0.621995 0.783021 -0.783021 0.621995
VERTEX_POSE A660 0.839275 0.000000 0.350235 0.936662 -0.936662 0.350235
VERTEX_POSE A661 -0.543708 0.000000 -0.627100 -0.778939 -0.778939 0.627100
VERTEX_POSE A662 -0.977045 0.000000 0.330620 -0.943764 -0.943764 -0.330620
VERTEX_POSE A663 -0.213034 0.000000 0.097299 0.995255 -0.995255 0.097299
VERTEX_POSE A664 -0.998952 112038534409406629164611302229223941873344008581013151018656627896158787163627610310128377775791314050078021828862477461073359487537777058708218738114614774981226481534962478312796206093554391724074487588134366988324040605696.000000 0.455606 0.890182 -0.890182 0.455606
VERTEX_POSE A665 -0.045781 0.000000 0.557897 -0.829910 0.829910 0.557897
VERTEX_POSE A666 0.279299 0.000000 0.397451 0.917623 0.917623 -0.397451
VERTEX_POSE A667 -0.960204 0.000000 -0.585920 -0.810369 0.810369 -0.585920
VERTEX_POSE A668 0.830476 0.000000 -0.995087 0.099007 0.099007 0.995087
VERTEX_POSE A669 -0.557055 0.000000 -0.329975 0.943990 0.943990 0.329975
VERTEX_POSE A670 0.311876 0.000000 0.998045 0.062501 -0.062501 0.998045
VERTEX_POSE A671 0.950123 0.000000 -0.409443 0.912336 -0.912336 -0.409443
VERTEX_POSE A672 0.491239 0.000000 0.186278 0.982497 -0.982497 0.186278
VERTEX_POSE A673 0.871025 0.000000 0.449361 0.893350 -0.893350 0.449361
VERTEX_POSE A674 -0.408324 17101682489511869998161366604824593297016072355396365475786152685841215411832166129474772800619208379273346499888213065041877695699899885574954980923142257713044760473475368886337266602536317839353798782780623028224.000000 -0.519748 -0.854320 0.854320 -0.519748
VERTEX_POSE A675 0.912837 0.000000 0.868163 0.496278 -0.496278 0.868163
VERTEX_POSE A676 0.466495 0.000000 -0.226224 0.974075 -0.974075 -0.226224
VERTEX_POSE A677 -0.884524 0.000000 -0.949623 0.313395 0.313395 0.949623
VERTEX_POSE A678 -0.633278 7.083911 -0.556073 0.831134 0.831134 0.556073
VERTEX_POSE A679 0.773925 0.000000 0.995971 0.089675 0.089675 -0.995971
VERTEX_POSE A680 -0.999210 0.000000 -0.986157 -0.165815 0.165815 -0.986157
VERTEX_POSE A681 -0.039749 0.000000 -0.197796 0.980243 0.980243 0.197796
VERTEX_POSE A682 -0.643904 0.000000 0.878418 -0.477894 0.477894 0.878418
VERTEX_POSE A683 0.765106 0.000000 -0.604422 -0.796664 0.796664 -0.604422
VERTEX_POSE A684 0.456866 0.000000 0.997331 0.073007 0.073007 -0.997331
VERTEX_POSE A685 -0.889536 0.000000 0.970603 0.240685 0.240685 -0.970603
VERTEX_POSE A686 -0.167561 65473578895910770365689724729213434500598766108190280985791734504877415700556573328387374948218980910761170781967001744844530464387084773291159522902016.000000 -0.744840 -0.667243 -0.667243 0.744840
VERTEX_POSE A687 0.985862 0.000000 0.009720 0.999953 -0.999953 0.009720
VERTEX_POSE A688 -0.856539 0.000000 -0.524240 0.851571 -0.851571 -0.524240
VERTEX_POSE A689 -0.516083 0.000000 0.096362 0.995346 0.995346 -0.096362
VERTEX_POSE A690 0.415398 0.000000 0.912586 0.408884 0.408884 -0.912586
VERTEX_POSE A691 0.909640 0.000000 -0.688836 -0.724917 0.724917 -0.688836
VERTEX_POSE A692 0.995682 0.000000 -0.799588 0.600549 0.600549 0.799588
VERTEX_POSE A693 -0.092831 0.000000 0.856564 0.516041 -0.516041 0.856564
VERTEX_POSE A694 0.527435 0.000000 -0.999532 0.030600 -0.030600 -0.999532
VERTEX_POSE A695 -0.849595 0.000000 -0.843756 0.536727 0.536727 0.843756
VERTEX_POSE A696 0.905781 0.000000 0.999441 -0.033426 0.033426 0.999441
VERTEX_POSE A697 -0.423745 0.000000 -0.640481 0.767974 -0.767974 -0.640481
VERTEX_POSE A698 -0.998637 0.000000 0.708289 0.705922 -0.705922 0.708289
VERTEX_POSE A699 -0.052197 0.000000 0.817673 0.575683 -0.575683 0.817673
VERTEX_POSE A700 -0.368973 0.000000 0.358356 0.933585 -0.933585 0.358356
VERTEX_POSE A701 0.929440 0.000000 -0.199439 0.979910 0.979910 0.199439
VERTEX_POSE A702 -0.336393 0.000000 -0.917917 -0.396772 0.396772 -0.917917
VERTEX_POSE A703 -0.941722 0.000000 -0.005405 -0.999985 0.999985 -0.005405
VERTEX_POSE A704 -0.502536 0.000000 0.690132 -0.723683 0.723683 0.690132
VERTEX_POSE A705 0.864556 0.000000 -0.564980 -0.825104 -0.825104 0.564980
VERTEX_POSE A706 -0.200810 0.000000 0.458549 0.888669 -0.888669 0.458549
VERTEX_POSE A707 0.979630 0.000000 0.613414 -0.789761 0.789761 0.613414
VERTEX_POSE A708 -0.436882 0.000000 -0.996905 -0.078616 -0.078616 0.996905
VERTEX_POSE A709 0.899519 0.000000 0.989822 0.142313 0.142313 -0.989822
VERTEX_POSE A710 0.711424 3991957755570352789371150089288507880577665323663889379622819501056568688739076129087315030435675279389334589494691867670429884359957337869640224514202535984758848903152575756685066410316198066763344743936642046523181696087522979835572157355117693108224.000000 -0.631814 -0.775120 -0.775120 0.631814
VERTEX_POSE A711 -0.702763 0.000000 0.119131 -0.992878 -0.992878 -0.119131
VERTEX_POSE A712 -0.655609 0.000000 0.619625 -0.784898 -0.784898 -0.619625
VERTEX_POSE A713 0.755101 0.000000 0.548561 -0.836111 0.836111 0.548561
VERTEX_POSE A714 -0.947164 0.000000 -0.852521 0.522693 -0.522693 -0.852521
VERTEX_POSE A715 0.320749 0.000000 0.909146 0.416477 0.416477 -0.909146
VERTEX_POSE A716 0.228967 0.000000 -0.822255 -0.569120 0.569120 -0.822255
VERTEX_POSE A717 0.973434 178879621810238913128094047228647726508651629328075602062644129003187629735425741312064382185220474978097578195409197926597267919812980727190147920515422490722304.000000 0.732864 -0.680375 0.680375 0.732864
VERTEX_POSE A718 0.625984 4929769663206434556756106719243555299427331264920697598914398212614809753906777867120299571615017338617576122701945747643448804104216760760224974570994337550469578604739210972496564047081459696452671373312.000000 -0.750470 -0.660904 -0.660904 0.750470
VERTEX_POSE A719 -0.779836 254736390291291889030922121258850660424501441023379822259963935954914725725432940630493166131664627692932379993406330093364458701043890969258665463427181890508822414413552810983424.000000 0.959985 0.280052 0.280052 -0.959985
VERTEX_POSE A720 -0.495401 0.000000 0.402910 0.915240 0.915240 -0.402910
VERTEX_POSE A721 -0.868665 20501866451337168053189560792064226319547775958351486434605468436284037989645490279678039395484825527040722291151541508450190370438103211413438508882310610343659748866787619270098045783142774385055450559223531831296.000000 -0.929643 -0.368463 -0.368463 0.929643
VERTEX_POSE A722 0.565183 54516411287282881103620573661049282232049455624225566907766293486944114775489419510216473978623760465169262049097688632643007058210239961430227364061010573877892109631258095084661486834624878580594535132737235168202608021438567414343105260856279040.000000 0.134918 0.990857 0.990857 -0.134918
VERTEX_POSE A723 0.824966 142717957228170451229169223632419449712023085313770128632411546919873682261239807686955431172197865275394498470016097032557935271454908504114485378486968050179891252175986467684330858598783887032262100137109926466652443578630334962549204381954211840.000000 -0.984272 -0.176660 0.176660 -0.984272
VERTEX_POSE A724 0.182980 37326082801859005989069496748248859995817506404557563581920001576858235704165572148132528873585496503860804716799666858664095519149195427199110675066534175248641612044126088956210929428472691064569856.000000 0.064037 -0.997948 -0.997948 -0.064037
VERTEX_POSE A725 -0.983117 11205294301008883400795894096538988166876201411612807204459531521051284459716759433769996196536972579635688237639882065049189615830993792621637670142407004869394140045708931095103724558537205296819823145047103932839059232640303185013936903934243485253632.000000 0.848081 -0.529866 -0.529866 -0.848081
VERTEX_POSE A726 0.984400 0.000000 -0.041638 0.999133 0.999133 0.041638
VERTEX_POSE A727 -0.175947 0.000000 -0.384742 0.923024 -0.923024 -0.384742
VERTEX_POSE A728 0.705270 0.000000 -0.978115 -0.208067 -0.208067 0.978115
VERTEX_POSE A729 -0.708939 0.000000 -0.962730 0.270465 0.270465 0.962730
VERTEX_POSE A730 -0.927791 0.000000 -0.033225 -0.999448 0.999448 -0.033225
VERTEX_POSE A731 -0.373101 0.000000 -0.501863 -0.864947 -0.864947 0.501863
VERTEX_POSE A732 0.952493 0.000000 -0.875325 0.483536 -0.483536 -0.875325
VERTEX_POSE A733 -0.304562 0.000000 -0.639157 0.769077 0.769077 0.639157
VERTEX_POSE A734 -0.481374 0.000000 0.996609 0.082283 0.082283 -0.996609
VERTEX_POSE A735 -0.876515 0.000000 0.580350 0.814367 0.814367 -0.580350
VERTEX_POSE A736 -0.051941 0.000000 -0.616418 0.787419 -0.787419 -0.616418
VERTEX_POSE A737 -0.998650 0.000000 0.789783 -0.613386 -0.613386 -0.789783
VERTEX_POSE A738 0.938483 0.000000 0.479403 -0.877595 0.877595 0.479403
VERTEX_POSE A739 0.345327 0.000000 -0.895311 -0.445442 -0.445442 0.895311
VERTEX_POSE A740 0.940788 0.000000 -0.432112 0.901820 0.901820 0.432112
VERTEX_POSE A741 -0.338995 0.000000 0.675092 0.737734 -0.737734 0.675092
VERTEX_POSE A742 -0.514571 0.000000 -0.089746 -0.995965 -0.995965 0.089746
VERTEX_POSE A743 -0.857448 0.000000 -0.129339 -0.991600 -0.991600 0.129339
VERTEX_POSE A744 -0.993154 0.000000 -0.914667 0.404208 0.404208 0.914667
VERTEX_POSE A745 0.116810 0.000000 0.413435 -0.910533 -0.910533 -0.413435
VERTEX_POSE A746 -0.960625 0.000000 0.310698 0.950509 -0.950509 0.310698
VERTEX_POSE A747 -0.277850 0.000000 -0.582650 -0.812723 -0.812723 0.582650
VERTEX_POSE A748 -0.962167 0.000000 0.993593 0.113018 -0.113018 0.993593
VERTEX_POSE A749 0.272459 0.000000 -0.905640 0.424046 -0.424046 -0.905640
VERTEX_POSE A750 -0.341187 0.000000 0.751988 0.659177 0.659177 -0.751988
VERTEX_POSE A751 -0.939995 0.000000 -0.954181 0.299231 -0.299231 -0.954181
VERTEX_POSE A752 0.795279 66765030077826369019383162950186473975158118807626892767862905309815610529247825570960820673669678124003307498604697200456689158133492807409552762863616.000000 -0.209172 0.977879 0.977879 0.209172
VERTEX_POSE A753 -0.606243 0.000000 0.264193 -0.964470 -0.964470 -0.264193
VERTEX_POSE A754 -0.998377 0.000000 -0.928707 -0.370815 -0.370815 0.928707
VERTEX_POSE A755 0.056957 0.000000 -0.880124 0.474743 -0.474743 -0.880124
VERTEX_POSE A756 -0.376774 1.000000 -0.560041 0.828465 0.828465 0.560041
VERTEX_POSE A757 -0.926305 0.000000 -0.503071 0.864245 0.864245 0.503071
VERTEX_POSE A758 -0.186832 0.000000 -0.984173 0.177212 0.177212 0.984173
VERTEX_POSE A759 -0.982392 0.000000 -0.827165 -0.561958 -0.561958 0.827165
VERTEX_POSE A760 -0.722457 112038534409406629164611302229223941873344008581013151018656627896158787163627610310128377775791314050078021828862477461073359487537777058708218738114614774981226481534962478312796206093554391724074487588134366988324040605696.000000 0.462769 -0.886479 0.886479 0.462769
VERTEX_POSE A761 0.691416 0.000000 -0.896939 -0.442155 -0.442155 0.896939
VERTEX_POSE A762 -0.680264 0.000000 0.781838 -0.623482 -0.623482 -0.781838
VERTEX_POSE A763 0.732967 0.000000 0.737731 0.675095 -0.675095 0.737731
VERTEX_POSE A764 -0.730810 0.000000 0.709308 0.704899 -0.704899 0.709308
VERTEX_POSE A765 0.682581 0.000000 0.300173 0.953885 0.953885 -0.300173
VERTEX_POSE A766 0.908788 0.000000 0.346893 -0.937905 0.937905 0.346893
VERTEX_POSE A767 0.417259 0.000000 0.282720 -0.959202 -0.959202 -0.282720
VERTEX_POSE A768 0.972877 0.000000 -0.594149 -0.804355 -0.804355 0.594149
VERTEX_POSE A769 -0.231323 0.000000 0.104476 -0.994527 0.994527 0.104476
VERTEX_POSE A770 -0.432221 0.004000 0.762489 0.647001 0.647001 -0.762489
VERTEX_POSE A771 0.901768 0.006000 -0.980287 0.197579 -0.197579 -0.980287
VERTEX_POSE A772 -0.949491 0.010000 0.617520 -0.786555 0.786555 0.617520
VERTEX_POSE A773 0.313795 0.012000 0.631946 0.775012 0.775012 -0.631946
VERTEX_POSE A774 -0.608433 0.017000 -0.814472 0.580204 -0.580204 -0.814472
VERTEX_POSE A775 -0.793606 0.020000 -0.079783 0.996812 0.996812 0.079783
VERTEX_POSE A776 0.715474 0.022000 0.922058 0.387051 0.387051 -0.922058
VERTEX_POSE A777 -0.698639 0.025000 0.442798 0.896621 0.896621 -0.442798
VERTEX_POSE A778 0.601964 0.027000 0.877843 -0.478949 -0.478949 -0.877843
VERTEX_POSE A779 0.798523 0.031000 -0.479328 0.877636 0.877636 0.479328
VERTEX_POSE A780 0.350123 0.036000 -0.699123 0.715002 0.715002 0.699123
VERTEX_POSE A781 0.936704 0.040000 -0.633505 0.773738 0.773738 0.633505
VERTEX_POSE A782 -0.989518 0.044000 -0.932458 -0.361279 0.361279 -0.932458
VERTEX_POSE A783 0.144412 0.048000 0.717578 0.696478 -0.696478 0.717578
VERTEX_POSE A784 -0.883814 0.053000 0.244220 0.969720 0.969720 -0.244220
VERTEX_POSE A785 -0.467838 0.059000 0.954503 0.298201 0.298201 -0.954503
VERTEX_POSE A786 0.592388 0.064000 -0.117213 0.993107 -0.993107 -0.117213
VERTEX_POSE A787 0.805653 0.068000 0.994807 0.101777 0.101777 -0.994807
VERTEX_POSE A788 -0.955842 0.073000 -0.764794 -0.644275 0.644275 -0.764794
VERTEX_POSE A789 -0.293880 0.080000 -0.643631 0.765336 -0.765336 -0.643631
VERTEX_POSE A790 0.678607 0.086000 -0.998940 0.046041 0.046041 0.998940
VERTEX_POSE A791 -0.734501 0.092000 -0.161764 0.986830 -0.986830 -0.161764
VERTEX_POSE A792 0.962078 0.099000 -0.264458 -0.964397 -0.964397 0.264458
VERTEX_POSE A793 -0.272775 0.107000 0.520146 0.854077 -0.854077 0.520146
VERTEX_POSE A794 -0.955571 0.116000 -0.889572 -0.456794 0.456794 -0.889572
VERTEX_POSE A795 -0.294762 0.125000 0.198819 -0.980036 -0.980036 -0.198819
VERTEX_POSE A796 -0.715703 0.131000 -0.748971 -0.662603 0.662603 -0.748971
VERTEX_POSE A797 0.698405 0.139000 0.746322 -0.665585 -0.665585 -0.746322
VERTEX_POSE A798 0.525376 0.151000 -0.446229 -0.894919 -0.894919 0.446229
VERTEX_POSE A799 -0.850870 0.160000 0.800117 -0.599844 0.599844 0.800117
VERTEX_POSE A800 -0.285500 0.172000 -0.801165 0.598444 -0.598444 -0.801165
VERTEX_POSE A801 -0.958379 0.182000 -0.585448 -0.810710 -0.810710 0.585448
VERTEX_POSE A802 0.908690 0.193000 0.647914 0.761713 -0.761713 0.647914
VERTEX_POSE A803 0.417472 0.201000 0.701860 0.712315 0.712315 -0.701860
VERTEX_POSE A804 0.230847 0.210000 -0.028329 -0.999599 0.999599 -0.028329
VERTEX_POSE A805 -0.972990 0.219000 0.382968 -0.923761 -0.923761 -0.382968
VERTEX_POSE A806 0.301735 0.230000 0.517730 -0.855544 0.855544 0.517730
VERTEX_POSE A807 -0.953392 0.241000 -0.632154 0.774843 0.774843 0.632154
