VERTEX_POSE A0 0.158914 -0.534345 0.000000 -0.830194 0.043205 0.158914 -0.937285 -0.534345 -0.345875
VERTEX_POSE A1 -0.937285 -0.345875 0.000000 0.132089 0.734028 -0.968712 0.238047 -0.210119 -0.636032
VERTEX_POSE A2 -0.968712 -0.210119 0.000000 -0.548477 -0.578324 0.435046 -0.814160 0.714078 0.051815
VERTEX_POSE A3 0.238047 -0.636032 0.000000 0.251385 0.448075 0.751424 0.468338 0.610056 -0.761504
VERTEX_POSE A4 0.435046 0.714078 0.000000 -0.506435 0.637348 -0.473220 0.357620 0.720823 0.682565
VERTEX_POSE A5 -0.814160 0.051815 0.000000 0.011230 -0.079818 0.717697 0.694731 -0.696265 0.714827
VERTEX_POSE A6 0.751424 0.610056 0.000000 0.643080 0.418506 -0.657902 0.730536 -0.391934 -0.539601
VERTEX_POSE A7 0.468338 -0.761504 0.000000 0.227461 -0.906235 -0.914157 -0.324815 0.335526 -0.270617
VERTEX_POSE A8 -0.473220 0.720823 0.000000 0.588398 -0.750428 -0.240551 -0.517956 -0.771960 -0.410585
VERTEX_POSE A9 0.357620 0.682565 0.000000 0.220789 -0.880168 -0.662030 0.181121 -0.716218 -0.438747
VERTEX_POSE A10 0.717697 -0.696265 0.000000 0.048148 0.182796 -0.251378 0.953686 -0.966691 -0.238892
VERTEX_POSE A11 0.694731 0.714827 0.000000 0.444834 0.860072 -0.768061 0.222885 0.460657 -0.458910
VERTEX_POSE A12 -0.657902 -0.391934 0.000000 0.108710 0.946548 0.862815 -0.241569 -0.493693 -0.213757
VERTEX_POSE A13 0.730536 -0.539601 0.000000 -0.779196 0.599049 -0.581573 -0.581318 0.233721 0.550645
VERTEX_POSE A14 -0.914157 0.335526 0.000000 0.001013 -0.023485 -0.472659 -0.881013 0.881245 -0.472508
VERTEX_POSE A15 -0.324815 -0.270617 0.000000 0.723644 0.320531 -0.503883 0.850556 -0.471637 -0.416911
VERTEX_POSE A16 -0.240551 -0.771960 0.000000 -0.915794 0.392713 -0.171185 -0.571383 0.363341 0.720623
VERTEX_POSE A17 -0.517956 -0.410585 0.000000 0.146037 -0.148550 0.244397 -0.952600 -0.958615 -0.265494
VERTEX_POSE A18 -0.662030 -0.716218 0.000000 0.617442 -0.782820 -0.166499 -0.034154 -0.768794 -0.621310
VERTEX_POSE A19 0.181121 -0.438747 0.000000 -0.634441 0.573652 0.694023 0.127661 0.340319 0.809090
VERTEX_POSE A20 -0.251378 -0.966691 0.000000 -0.618441 -0.068184 0.133106 0.972744 -0.774477 0.221628
VERTEX_POSE A21 0.953686 -0.238892 0.000000 -0.425434 -0.821398 -0.080194 -0.383898 0.901429 -0.421815
VERTEX_POSE A22 -0.768061 0.460657 0.000000 -0.252529 -0.966118 0.486424 -0.079102 -0.836433 0.245681
VERTEX_POSE A23 0.222885 -0.458910 0.000000 -0.774211 -0.619514 0.559004 -0.573251 0.296836 -0.536271
VERTEX_POSE A24 0.862815 -0.493693 0.000000 -0.751350 0.619764 0.331828 0.651696 0.570406 0.437247
VERTEX_POSE A25 -0.241569 -0.213757 0.000000 -0.944370 0.095919 0.218847 -0.530746 0.245504 0.842085
VERTEX_POSE A26 -0.581573 0.233721 0.000000 -0.044219 0.619990 0.659423 0.607156 0.750471 -0.496964
VERTEX_POSE A27 -0.581318 0.550645 0.000000 -0.180714 0.871684 0.391687 0.488628 -0.902177 0.037535
VERTEX_POSE A28 -0.472659 0.881245 0.000000 0.490221 0.738356 0.801583 -0.590592 0.342270 0.325625
VERTEX_POSE A29 -0.881013 -0.472508 0.000000 0.379100 -0.915016 -0.660256 -0.371917 -0.648341 -0.156279
VERTEX_POSE A30 -0.503883 -0.471637 0.000000 -0.124183 0.528302 -0.533866 -0.749091 0.836400 -0.399699
VERTEX_POSE A31 0.850556 -0.416911 0.000000 -0.919812 -0.193602 -0.361018 0.758248 0.153663 0.622558
VERTEX_POSE A32 -0.171185 0.363341 0.000000 -0.602782 0.114168 0.569441 0.754827 0.558918 -0.645911
VERTEX_POSE A33 -0.571383 0.720623 0.000000 0.730677 0.661161 0.515407 -0.370670 -0.447736 0.652281
VERTEX_POSE A34 0.244397 -0.958615 0.000000 0.663557 0.739477 -0.179943 0.304921 -0.726163 0.600164
VERTEX_POSE A35 -0.952600 -0.265494 0.000000 0.251532 0.793332 0.601587 0.320564 0.758172 -0.517555
VERTEX_POSE A36 -0.166499 -0.768794 0.000000 0.163830 0.724420 0.455993 -0.657522 0.874774 0.207075
VERTEX_POSE A37 -0.034154 -0.621310 0.000000 0.482592 -0.633732 0.755127 -0.048639 0.443721 0.772022
VERTEX_POSE A38 0.694023 0.340319 0.000000 0.768822 -0.629707 0.528326 0.527477 -0.360256 -0.570296
VERTEX_POSE A39 0.127661 0.809090 0.000000 -0.703984 -0.606701 -0.319209 -0.194103 0.634438 -0.770868
VERTEX_POSE A40 0.133106 -0.774477 0.000000 0.531753 -0.427494 -0.216122 -0.903166 0.818859 0.039234
VERTEX_POSE A41 0.972744 0.221628 0.000000 0.781659 -0.591078 0.161896 -0.115980 0.602328 0.798233
VERTEX_POSE A42 -0.080194 0.901429 0.000000 0.835592 0.124540 0.547805 -0.261924 -0.041189 -0.957019
VERTEX_POSE A43 -0.383898 -0.421815 0.000000 -0.659342 0.357142 -0.409326 0.567612 -0.630651 -0.741800
VERTEX_POSE A44 0.486424 -0.836433 0.000000 0.216736 0.861471 -0.116605 -0.444200 0.969241 -0.246077
VERTEX_POSE A45 -0.079102 0.245681 0.000000 0.772492 0.499263 -0.599954 0.776320 0.208111 0.384791
VERTEX_POSE A46 0.559004 0.296836 0.000000 0.034197 0.850516 0.991249 -0.095859 -0.127499 -0.517140
VERTEX_POSE A47 -0.573251 -0.536271 0.000000 -0.786740 0.488077 0.486944 0.114446 -0.379376 -0.865265
VERTEX_POSE A48 0.331828 0.570406 0.000000 0.264944 0.962981 -0.226756 0.012097 -0.937222 0.269299
VERTEX_POSE A49 0.651696 0.437247 0.000000 0.259760 -0.449132 0.325249 0.874227 -0.909251 0.184410
VERTEX_POSE A50 0.218847 0.245504 0.000000 0.742039 -0.452302 -0.615375 -0.166865 -0.265880 -0.876116
VERTEX_POSE A51 -0.530746 0.842085 0.000000 -0.716253 0.221845 0.571604 0.730395 0.400313 -0.645993
VERTEX_POSE A52 0.659423 0.750471 0.000000 -0.712734 -0.563277 0.440841 0.103814 0.545591 -0.819721
VERTEX_POSE A53 0.607156 -0.496964 0.000000 -0.028154 0.949703 0.733723 -0.192262 -0.678865 -0.247184
VERTEX_POSE A54 0.391687 -0.902177 0.000000 -0.327606 0.334464 -0.819085 -0.566699 -0.470929 0.752985
VERTEX_POSE A55 0.488628 0.037535 0.000000 -0.947367 0.262450 0.319431 0.813232 0.021439 -0.519398
VERTEX_POSE A56 0.801583 0.342270 0.000000 0.160126 0.934394 -0.779794 0.317406 -0.605211 -0.161747
VERTEX_POSE A57 -0.590592 0.325625 0.000000 0.568272 0.422122 -0.080783 0.882859 -0.818866 0.205846
VERTEX_POSE A58 -0.660256 -0.648341 0.000000 -0.218598 0.951978 0.936233 0.142676 -0.275105 -0.270890
VERTEX_POSE A59 -0.371917 -0.156279 0.000000 0.163726 0.859173 0.772699 0.193816 0.613294 -0.473558
VERTEX_POSE A60 -0.533866 0.836400 0.000000 0.586242 -0.753516 0.769137 0.633035 0.254458 -0.177428
VERTEX_POSE A61 -0.749091 -0.399699 0.000000 0.044872 -0.574555 -0.968257 -0.226375 0.245897 -0.786538
VERTEX_POSE A62 -0.361018 0.153663 0.000000 -0.663875 0.438417 -0.603109 -0.792889 0.442187 -0.423223
VERTEX_POSE A63 0.758248 0.622558 0.000000 0.763022 0.590518 -0.592172 0.475634 -0.259095 0.651967
VERTEX_POSE A64 0.569441 0.558918 0.000000 0.706611 -0.220353 0.041567 0.961561 0.706380 0.163842
VERTEX_POSE A65 0.754827 -0.645911 0.000000 -0.752666 0.658403 0.544217 0.622535 -0.370570 -0.423032
VERTEX_POSE A66 0.515407 -0.447736 0.000000 0.450503 0.208014 -0.631879 -0.612708 0.630695 -0.762443
VERTEX_POSE A67 -0.370670 0.652281 0.000000 -0.808692 0.467393 -0.251335 -0.823506 0.531835 0.321530
VERTEX_POSE A68 -0.179943 -0.726163 0.000000 0.253033 -0.957673 0.524283 0.016507 -0.813082 -0.287386
VERTEX_POSE A69 0.304921 0.600164 0.000000 0.116435 -0.387691 0.304834 -0.862282 0.945261 0.325830
VERTEX_POSE A70 0.601587 0.758172 0.000000 0.881786 0.346279 0.184048 0.372490 0.434257 -0.861012
VERTEX_POSE A71 0.320564 -0.517555 0.000000 0.644333 -0.754483 0.574390 0.585250 0.504887 0.297049
VERTEX_POSE A72 0.455993 0.874774 0.000000 0.467104 -0.428474 -0.882298 -0.283240 0.057995 -0.858012
VERTEX_POSE A73 -0.657522 0.207075 0.000000 -0.825120 -0.503895 0.557167 -0.650947 -0.093502 0.567765
VERTEX_POSE A74 0.755127 0.443721 0.000000 -0.663620 0.101209 -0.725793 0.152888 -0.181201 -0.983047
VERTEX_POSE A75 -0.048639 0.772022 0.000000 -0.526042 0.173739 -0.492535 -0.860272 0.693317 -0.479319
VERTEX_POSE A76 0.528326 -0.360256 0.000000 0.671194 0.460330 -0.587027 0.808703 0.452657 0.366192
VERTEX_POSE A77 0.527477 -0.570296 0.000000 0.625303 -0.686652 0.341299 0.667949 -0.701792 -0.286973
VERTEX_POSE A78 -0.319209 0.634438 0.000000 0.170126 0.676408 0.411631 0.611945 0.895331 -0.409872
VERTEX_POSE A79 -0.194103 -0.770868 0.000000 0.959683 0.263037 0.210235 -0.437678 -0.186575 0.859796
VERTEX_POSE A80 -0.216122 0.818859 0.000000 -0.223289 -0.733761 0.550384 -0.638216 0.804500 0.232968
VERTEX_POSE A81 -0.903166 0.039234 0.000000 -0.374210 0.640959 -0.685745 -0.677763 -0.624276 0.360289
VERTEX_POSE A82 0.161896 0.602328 0.000000 0.926346 -0.019960 0.363131 -0.218031 0.100092 0.975738
VERTEX_POSE A83 -0.115980 0.798233 0.000000 0.015734 0.335587 -0.836540 -0.511557 -0.547679 0.791007
VERTEX_POSE A84 0.547805 -0.041189 0.000000 0.249421 -0.608622 0.672401 -0.450909 -0.696897 -0.652886
VERTEX_POSE A85 -0.261924 -0.957019 0.000000 0.947613 -0.001633 -0.316791 -0.132823 -0.040892 0.991138
VERTEX_POSE A86 -0.409326 -0.630651 0.000000 0.785877 0.309380 0.603447 -0.572830 -0.135088 -0.759045
VERTEX_POSE A87 0.567612 -0.741800 0.000000 0.940511 0.129645 -0.330109 0.567457 -0.080417 -0.813133
VERTEX_POSE A88 -0.116605 0.969241 0.000000 0.991983 -0.095083 -0.000491 -0.661573 0.126368 0.743828
VERTEX_POSE A89 -0.444200 -0.246077 0.000000 -0.102680 0.989046 0.726326 0.001711 0.679637 0.147598
VERTEX_POSE A90 -0.599954 0.208111 0.000000 0.666510 0.745299 0.318832 -0.305771 -0.673877 0.592481
VERTEX_POSE A91 0.776320 0.384791 0.000000 0.363292 0.051865 0.656445 -0.722768 0.661134 0.689142
VERTEX_POSE A92 0.991249 -0.127499 0.000000 0.502404 0.034791 -0.864427 0.042040 0.018890 0.998510
VERTEX_POSE A93 -0.095859 -0.517140 0.000000 0.457059 -0.379622 0.674608 0.737329 -0.579655 0.558778
VERTEX_POSE A94 0.486944 -0.379376 0.000000 0.122426 0.850116 -0.823172 -0.201308 -0.554436 0.486598
VERTEX_POSE A95 0.114446 -0.865265 0.000000 0.826339 0.369965 -0.514593 0.802353 -0.228819 -0.468354
VERTEX_POSE A96 -0.226756 -0.937222 0.000000 0.212510 -0.935994 0.851219 0.036288 -0.479861 -0.350141
VERTEX_POSE A97 0.012097 0.269299 0.000000 0.209539 0.267445 -0.841112 -0.441197 0.498622 -0.856632
VERTEX_POSE A98 0.325249 -0.909251 0.000000 0.458947 -0.834069 0.628974 0.061682 -0.627502 -0.548200
VERTEX_POSE A99 0.874227 0.184410 0.000000 -0.499502 0.376290 0.399339 0.899346 0.768782 -0.222672
VERTEX_POSE A100 -0.615375 -0.265880 0.000000 -0.878460 -0.477450 0.462852 -0.840594 0.118640 -0.255820
VERTEX_POSE A101 -0.166865 -0.876116 0.000000 -0.702395 0.436560 -0.708653 -0.502938 -0.066720 0.745968
VERTEX_POSE A102 0.571604 0.400313 0.000000 0.652982 -0.755289 -0.123407 -0.032967 0.747252 0.654562
VERTEX_POSE A103 0.730395 -0.645993 0.000000 -0.146264 0.085337 -0.672416 -0.739309 0.725578 -0.667937
VERTEX_POSE A104 0.440841 0.545591 0.000000 -0.634224 -0.371712 0.576117 -0.811971 0.515606 0.450037
VERTEX_POSE A105 0.103814 -0.819721 0.000000 0.414316 0.755250 0.854600 -0.130892 0.313051 -0.642234
VERTEX_POSE A106 0.733723 -0.678865 0.000000 -0.563182 -0.802719 -0.427751 0.486281 0.707004 -0.345215
VERTEX_POSE A107 -0.192262 -0.247184 0.000000 -0.009654 0.979581 -0.438976 -0.184593 0.898447 -0.079666
VERTEX_POSE A108 -0.819085 -0.470929 0.000000 0.109949 -0.759737 0.874588 -0.232394 -0.472237 -0.607282
VERTEX_POSE A109 -0.566699 0.752985 0.000000 -0.391797 -0.704097 -0.169220 -0.577570 -0.904356 0.413111
VERTEX_POSE A110 0.319431 0.021439 0.000000 0.220839 -0.928391 0.616500 0.370326 0.755750 -0.030804
VERTEX_POSE A111 0.813232 -0.519398 0.000000 0.801581 0.595573 -0.423508 0.503560 0.422030 -0.625875
VERTEX_POSE A112 -0.779794 -0.605211 0.000000 -0.291191 -0.249544 0.731991 -0.679681 0.615951 0.689755
VERTEX_POSE A113 0.317406 -0.161747 0.000000 -0.670151 -0.464583 -0.708928 0.631619 -0.219817 -0.620661
VERTEX_POSE A114 -0.080783 -0.818866 0.000000 0.127659 -0.448843 0.065220 0.893610 -0.989671 0.000992
VERTEX_POSE A115 0.882859 0.205846 0.000000 0.886819 0.127294 0.285756 -0.906543 0.363173 0.402461
VERTEX_POSE A116 0.936233 -0.275105 0.000000 -0.026755 0.438961 -0.903317 0.374174 0.428139 0.816889
VERTEX_POSE A117 0.142676 -0.270890 0.000000 -0.039480 -0.808661 0.872095 0.258841 0.487742 -0.528270
VERTEX_POSE A118 0.772699 0.613294 0.000000 0.505877 0.713610 -0.634367 0.688457 0.584523 0.129568
VERTEX_POSE A119 0.193816 -0.473558 0.000000 0.333325 0.744846 0.452279 0.411600 -0.827247 0.525156
VERTEX_POSE A120 0.769137 0.254458 0.000000 -0.658828 -0.330977 0.726879 -0.048623 0.193885 -0.942385
VERTEX_POSE A121 0.633035 -0.177428 0.000000 0.241421 -0.807659 0.962802 0.130025 -0.121358 -0.575136
VERTEX_POSE A122 -0.968257 0.245897 0.000000 0.006571 -0.899078 -0.813206 -0.259552 0.581938 -0.352549
VERTEX_POSE A123 -0.226375 -0.786538 0.000000 0.591452 -0.378204 0.699089 -0.199595 -0.401820 -0.903949
VERTEX_POSE A124 -0.603109 0.442187 0.000000 -0.223869 -0.710562 0.420090 -0.687950 0.879436 0.147740
VERTEX_POSE A125 -0.792889 -0.423223 0.000000 -0.144881 -0.979250 -0.856473 0.195827 0.495442 0.052167
VERTEX_POSE A126 -0.592172 -0.259095 0.000000 -0.286375 0.958068 0.569983 0.162204 -0.770135 -0.236209
VERTEX_POSE A127 0.475634 0.651967 0.000000 0.101200 0.103017 -0.958863 -0.255054 0.265218 -0.961423
VERTEX_POSE A128 0.041567 0.706380 0.000000 -0.359486 0.209916 0.684567 -0.602830 -0.634144 -0.769761
VERTEX_POSE A129 0.961561 0.163842 0.000000 0.081987 0.982032 -0.194844 0.183049 -0.977402 0.045885
VERTEX_POSE A130 0.544217 -0.370570 0.000000 0.941451 0.090778 -0.265028 0.794556 0.208401 0.600367
VERTEX_POSE A131 0.622535 -0.423032 0.000000 -0.526900 -0.700097 0.650733 0.032445 0.546738 -0.713310
VERTEX_POSE A132 -0.631879 0.630695 0.000000 -0.603397 0.793287 0.563020 0.351610 0.564730 0.497057
VERTEX_POSE A133 -0.612708 -0.762443 0.000000 -0.408785 0.900677 0.876961 0.432324 -0.252654 0.043331
VERTEX_POSE A134 -0.251335 0.531835 0.000000 0.624758 -0.040128 0.263151 0.951074 -0.735138 0.306345
VERTEX_POSE A135 -0.823506 0.321530 0.000000 0.450762 0.859519 0.356139 -0.420646 -0.818523 0.290316
VERTEX_POSE A136 0.524283 -0.813082 0.000000 0.239997 0.209320 -0.453039 0.887773 0.858579 0.409932
VERTEX_POSE A137 0.016507 -0.287386 0.000000 0.379480 0.920347 0.466929 -0.278815 0.798732 -0.274268
VERTEX_POSE A138 0.304834 0.945261 0.000000 0.343299 0.901193 0.700973 -0.058354 -0.625126 0.429471
VERTEX_POSE A139 -0.862282 0.325830 0.000000 0.878242 -0.460984 0.192915 0.098096 0.437579 0.881970
VERTEX_POSE A140 0.184048 0.434257 0.000000 0.731298 -0.670305 0.422956 0.590683 -0.535080 -0.449205
VERTEX_POSE A141 0.372490 -0.861012 0.000000 -0.396489 0.892793 0.914419 0.363400 -0.081454 -0.266196
VERTEX_POSE A142 0.574390 0.504887 0.000000 -0.864784 0.101363 0.057160 0.992919 0.498879 0.061942
VERTEX_POSE A143 0.585250 0.297049 0.000000 -0.106680 -0.020331 -0.922684 -0.370530 0.370505 -0.928598
VERTEX_POSE A144 -0.882298 0.057995 0.000000 -0.332661 -0.859223 -0.892686 0.419792 0.304054 0.292423
VERTEX_POSE A145 -0.283240 -0.858012 0.000000 -0.628771 -0.527089 0.773008 -0.503398 -0.084294 -0.684666
VERTEX_POSE A146 0.557167 -0.093502 0.000000 -0.434266 0.852118 0.702077 0.117039 -0.564358 -0.510094
VERTEX_POSE A147 -0.650947 0.567765 0.000000 0.082953 0.106364 0.768654 -0.639650 -0.634263 -0.761272
VERTEX_POSE A148 -0.725793 -0.181201 0.000000 0.018740 -0.896589 -0.691058 0.308204 0.722556 0.318022
VERTEX_POSE A149 0.152888 -0.983047 0.000000 -0.362024 -0.538754 -0.885294 -0.056812 0.291879 -0.840546
VERTEX_POSE A150 -0.492535 0.693317 0.000000 -0.586372 -0.748135 -0.621774 0.661442 -0.519196 0.052807
VERTEX_POSE A151 -0.860272 -0.479319 0.000000 -0.615309 -0.685507 0.489112 0.055187 0.618194 -0.725971
VERTEX_POSE A152 -0.587027 0.452657 0.000000 0.336993 0.933100 0.396350 -0.019651 -0.854015 0.359079
VERTEX_POSE A153 0.808703 0.366192 0.000000 -0.785419 -0.475299 -0.575336 0.324368 0.228268 -0.817849
VERTEX_POSE A154 0.341299 -0.701792 0.000000 0.020711 0.887654 -0.827545 0.273424 -0.561018 -0.370554
VERTEX_POSE A155 0.667949 -0.286973 0.000000 0.034649 -0.688145 -0.533716 0.600371 -0.844954 -0.407444
VERTEX_POSE A156 0.411631 0.895331 0.000000 -0.976898 0.209114 -0.213469 -0.964550 -0.010056 0.160980
VERTEX_POSE A157 0.611945 -0.409872 0.000000 -0.717425 -0.685088 -0.443266 0.588809 0.537416 -0.428904
VERTEX_POSE A158 0.210235 -0.186575 0.000000 -0.207688 0.628391 0.615405 -0.511768 -0.760357 -0.585849
VERTEX_POSE A159 -0.437678 0.859796 0.000000 0.687008 0.697024 -0.564207 0.689785 -0.457920 0.195841
VERTEX_POSE A160 0.550384 0.804500 0.000000 0.087928 0.984406 0.662442 0.056442 0.743935 -0.166610
VERTEX_POSE A161 -0.638216 0.232968 0.000000 0.317098 -0.901545 -0.625365 -0.432129 0.712999 0.021935
VERTEX_POSE A162 -0.685745 -0.624276 0.000000 0.217657 -0.249856 -0.555618 0.763039 -0.802442 -0.596107
VERTEX_POSE A163 -0.677763 0.360289 0.000000 0.565415 -0.452216 0.737069 -0.098316 0.370181 0.886473
VERTEX_POSE A164 0.363131 0.100092 0.000000 -0.552464 -0.547674 -0.152722 -0.674578 0.819426 -0.494972
VERTEX_POSE A165 -0.218031 0.975738 0.000000 -0.589578 0.779377 0.365314 0.491459 -0.720377 -0.388639
VERTEX_POSE A166 -0.836540 -0.547679 0.000000 -0.303809 -0.316427 -0.939735 0.254800 0.156837 0.913757
VERTEX_POSE A167 -0.511557 0.791007 0.000000 0.808193 0.581628 -0.176192 0.388472 -0.561944 0.714701
VERTEX_POSE A168 0.672401 -0.696897 0.000000 -0.355659 0.731906 -0.904109 -0.111838 -0.236840 -0.672166
VERTEX_POSE A169 -0.450909 -0.652886 0.000000 -0.137115 0.475898 -0.331719 -0.848451 -0.933361 0.231631
VERTEX_POSE A170 -0.316791 -0.040892 0.000000 0.649393 0.565399 -0.739897 0.315343 0.175614 -0.762156
VERTEX_POSE A171 -0.132823 0.991138 0.000000 -0.615164 -0.620791 0.388177 0.298047 -0.686216 0.725112
VERTEX_POSE A172 0.603447 -0.135088 0.000000 0.796519 -0.393937 -0.032834 0.729302 0.603722 0.559403
VERTEX_POSE A173 -0.572830 -0.759045 0.000000 -0.440437 -0.886849 0.181518 -0.240352 -0.879242 0.394627
VERTEX_POSE A174 -0.330109 -0.080417 0.000000 0.606033 -0.745694 -0.266848 0.137323 -0.749344 -0.651983
VERTEX_POSE A175 0.567457 -0.813133 0.000000 0.802772 0.266048 -0.463205 -0.285333 0.375498 -0.920762
VERTEX_POSE A176 -0.000491 0.126368 0.000000 0.830263 0.557304 -0.233353 0.361662 0.506171 -0.747404
VERTEX_POSE A177 -0.661573 0.743828 0.000000 -0.809081 0.166249 0.584487 0.127520 0.061336 0.977804
VERTEX_POSE A178 0.726326 0.679637 0.000000 0.849863 0.488423 0.093456 0.229943 -0.518651 0.841765
VERTEX_POSE A179 0.001711 0.147598 0.000000 0.867981 0.458658 0.201769 -0.676006 0.453760 -0.576757
VERTEX_POSE A180 0.318832 -0.673877 0.000000 -0.295234 -0.633625 0.859018 -0.503676 -0.418240 -0.587222
VERTEX_POSE A181 -0.305771 0.592481 0.000000 -0.594126 -0.786443 -0.717323 0.423020 -0.363953 0.450069
VERTEX_POSE A182 0.656445 0.661134 0.000000 -0.064655 -0.952865 -0.744311 0.243907 0.664696 0.180435
VERTEX_POSE A183 -0.722768 0.689142 0.000000 -0.921850 0.381886 -0.370691 -0.819194 -0.113054 -0.427883
VERTEX_POSE A184 -0.864427 0.018890 0.000000 -0.028727 0.896651 -0.795763 0.246967 0.604927 0.367458
VERTEX_POSE A185 0.042040 0.998510 0.000000 -0.315221 -0.520913 -0.555138 -0.576747 0.769713 -0.629295
VERTEX_POSE A186 0.674608 -0.579655 0.000000 0.812131 -0.196545 -0.520326 -0.670003 0.264015 -0.715868
VERTEX_POSE A187 0.737329 0.558778 0.000000 -0.572612 0.665604 0.383102 0.733398 -0.724809 -0.138197
VERTEX_POSE A188 -0.823172 -0.554436 0.000000 0.367679 0.529739 -0.811793 -0.218111 0.453658 -0.819637
VERTEX_POSE A189 -0.201308 0.486598 0.000000 0.221294 0.342673 -0.710052 -0.585139 0.668472 -0.734975
VERTEX_POSE A190 -0.514593 -0.228819 0.000000 0.346649 -0.790812 -0.876011 -0.080695 -0.335319 -0.606717
VERTEX_POSE A191 0.802353 -0.468354 0.000000 -0.514756 0.698565 0.474742 -0.250482 -0.713895 -0.670273
VERTEX_POSE A192 0.851219 -0.479861 0.000000 0.714456 -0.328668 -0.675578 -0.094334 0.182064 0.939722
VERTEX_POSE A193 0.036288 -0.350141 0.000000 -0.268435 0.404126 -0.961565 -0.166841 -0.057760 0.899359
VERTEX_POSE A194 -0.841112 0.498622 0.000000 0.234933 0.848814 -0.939329 0.072968 0.249933 -0.523632
VERTEX_POSE A195 -0.441197 -0.856632 0.000000 -0.526388 -0.196965 0.503179 0.711988 -0.685366 0.674001
VERTEX_POSE A196 0.628974 -0.627502 0.000000 0.785907 -0.173577 -0.202861 0.834293 -0.584121 -0.523284
VERTEX_POSE A197 0.061682 -0.548200 0.000000 0.965026 -0.178631 0.214630 0.118084 0.150531 0.976805
VERTEX_POSE A198 0.399339 0.768782 0.000000 0.569603 -0.377575 -0.377942 0.668442 0.729871 0.640798
VERTEX_POSE A199 0.899346 -0.222672 0.000000 0.444276 -0.884139 0.574038 0.156991 -0.687823 -0.440059
VERTEX_POSE A200 0.462852 0.118640 0.000000 -0.977285 0.080184 0.167587 0.859009 0.129729 -0.505641
VERTEX_POSE A201 -0.840594 -0.255820 0.000000 -0.885555 0.192432 -0.392865 -0.795932 0.247888 -0.573987
VERTEX_POSE A202 -0.708653 -0.066720 0.000000 0.375534 0.531291 0.837476 0.156458 -0.396999 0.832617
VERTEX_POSE A203 -0.502938 0.745968 0.000000 -0.921243 0.346492 0.234665 0.857516 -0.310233 -0.380276
VERTEX_POSE A204 -0.123407 0.747252 0.000000 -0.406330 0.635830 -0.703121 -0.676230 0.583539 -0.372066
VERTEX_POSE A205 -0.032967 0.654562 0.000000 -0.783474 0.621048 -0.408157 -0.488038 -0.468590 -0.613285
VERTEX_POSE A206 -0.672416 0.725578 0.000000 -0.868783 -0.110893 -0.145160 0.988820 0.473439 0.099686
VERTEX_POSE A207 -0.739309 -0.667937 0.000000 0.444435 -0.810895 0.888698 0.345665 -0.112661 -0.472192
VERTEX_POSE A208 0.576117 0.515606 0.000000 0.757700 0.642562 -0.372781 0.569586 -0.535654 0.512528
VERTEX_POSE A209 -0.811971 0.450037 0.000000 0.758564 -0.600386 -0.322652 -0.008475 -0.566107 -0.799666
VERTEX_POSE A210 0.854600 0.313051 0.000000 0.374696 -0.649075 -0.294535 -0.760409 0.879120 0.021884
VERTEX_POSE A211 -0.130892 -0.642234 0.000000 0.075643 0.332052 -0.544497 0.803685 0.835345 0.493793
VERTEX_POSE A212 -0.427751 0.707004 0.000000 0.419559 -0.585867 0.780767 0.622522 0.463005 -0.518869
VERTEX_POSE A213 0.486281 -0.345215 0.000000 -0.661108 -0.582671 0.124324 -0.706366 0.739919 -0.401922
VERTEX_POSE A214 -0.438976 0.898447 0.000000 0.065935 -0.765792 0.899355 -0.232088 -0.432218 -0.599748
VERTEX_POSE A215 -0.184593 -0.079666 0.000000 -0.626022 0.779732 0.279097 0.236867 0.728149 0.579580
VERTEX_POSE A216 0.874588 -0.472237 0.000000 -0.477950 0.684750 -0.868567 -0.461816 -0.130979 0.563776
VERTEX_POSE A217 -0.232394 -0.607282 0.000000 0.119460 -0.656602 0.505845 -0.605180 0.854313 0.450146
VERTEX_POSE A218 -0.169220 -0.904356 0.000000 -0.402356 0.744558 0.836372 0.062348 -0.372279 -0.664640
VERTEX_POSE A219 -0.577570 0.413111 0.000000 0.048905 0.179897 -0.569769 0.812924 -0.820349 -0.553887
VERTEX_POSE A220 0.616500 0.755750 0.000000 0.999405 -0.021409 0.031326 0.234624 -0.014454 -0.971850
VERTEX_POSE A221 0.370326 -0.030804 0.000000 0.649248 -0.746320 -0.676909 -0.479125 -0.346802 -0.462001
VERTEX_POSE A222 -0.423508 0.422030 0.000000 0.714935 -0.483610 0.002862 0.724231 0.699185 0.491539
VERTEX_POSE A223 0.503560 -0.625875 0.000000 -0.863882 0.503063 0.425659 0.755877 -0.269298 -0.419020
VERTEX_POSE A224 0.731991 0.615951 0.000000 -0.827798 -0.556145 0.557408 -0.800381 -0.063612 0.223815
VERTEX_POSE A225 -0.679681 0.689755 0.000000 0.948867 0.274590 0.315573 -0.812574 0.008019 -0.514124
VERTEX_POSE A226 -0.708928 -0.219817 0.000000 -0.735329 -0.534170 -0.268437 0.794656 0.622280 -0.288417
VERTEX_POSE A227 0.631619 -0.620661 0.000000 0.035594 0.429080 -0.436351 -0.805828 -0.899072 0.408083
VERTEX_POSE A228 0.065220 -0.989671 0.000000 0.782074 0.305314 0.317014 0.555629 0.536528 -0.773343
VERTEX_POSE A229 0.893610 0.000992 0.000000 0.874022 0.480515 -0.003593 0.154666 0.485873 -0.863240
VERTEX_POSE A230 0.285756 0.363173 0.000000 0.468508 -0.370939 -0.812597 -0.537081 -0.346679 0.757594
VERTEX_POSE A231 -0.906543 0.402461 0.000000 -0.485598 -0.619376 -0.449874 -0.428011 -0.749538 0.658164
VERTEX_POSE A232 -0.903317 0.428139 0.000000 0.976559 0.151339 -0.215239 0.680136 -0.001951 0.717294
VERTEX_POSE A233 0.374174 0.816889 0.000000 -0.987877 -0.096153 0.151262 -0.419745 -0.034897 0.902535
VERTEX_POSE A234 0.872095 0.487742 0.000000 0.307432 0.914428 -0.205396 0.333909 -0.929138 0.228750
VERTEX_POSE A235 0.258841 -0.528270 0.000000 0.591071 -0.191714 -0.030729 0.965288 -0.806034 -0.177386
VERTEX_POSE A236 -0.634367 0.584523 0.000000 -0.222921 -0.170363 -0.625938 0.779842 -0.747334 -0.602348
VERTEX_POSE A237 0.688457 0.129568 0.000000 -0.177855 -0.361712 0.982851 -0.019272 -0.048698 0.932091
VERTEX_POSE A238 0.452279 -0.827247 0.000000 0.797110 -0.364890 -0.306944 0.441296 -0.520002 -0.819825
VERTEX_POSE A239 0.411600 0.525156 0.000000 -0.858655 0.106151 -0.200487 -0.969931 -0.471716 0.219012
VERTEX_POSE A240 0.726879 0.193885 0.000000 0.275428 0.715182 0.539199 -0.668148 0.795867 0.205165
VERTEX_POSE A241 -0.048623 -0.942385 0.000000 0.083381 0.355560 -0.281480 0.904542 0.955938 0.235333
VERTEX_POSE A242 0.962802 -0.121358 0.000000 -0.208320 -0.773924 0.624556 0.365290 0.752683 -0.517306
VERTEX_POSE A243 0.130025 -0.575136 0.000000 -0.319929 -0.727248 -0.778589 -0.163400 -0.539855 0.666641
VERTEX_POSE A244 -0.813206 0.581938 0.000000 0.828172 -0.530672 -0.219449 -0.010964 -0.515727 -0.847506
VERTEX_POSE A245 -0.259552 -0.352549 0.000000 0.518298 -0.200705 -0.788316 0.264734 0.331549 0.943204
VERTEX_POSE A246 0.699089 -0.401820 0.000000 0.408901 0.852675 0.185808 -0.426662 -0.893462 0.301504
VERTEX_POSE A247 -0.199595 -0.903949 0.000000 0.847341 0.362768 0.456127 -0.871171 0.271958 0.330847
VERTEX_POSE A248 0.420090 0.879436 0.000000 0.154618 0.690937 -0.759464 -0.374053 0.631908 -0.618619
VERTEX_POSE A249 -0.687950 0.147740 0.000000 0.885370 -0.435406 -0.254330 -0.160302 0.389148 0.885847
VERTEX_POSE A250 -0.856473 0.495442 0.000000 0.346489 0.489728 0.319406 0.740346 0.882001 -0.460494
VERTEX_POSE A251 0.195827 0.052167 0.000000 0.193937 -0.507016 -0.731636 -0.645057 -0.653526 0.571695
VERTEX_POSE A252 0.569983 -0.770135 0.000000 -0.395506 0.495473 -0.701534 -0.706433 0.592811 -0.505429
VERTEX_POSE A253 0.162204 -0.236209 0.000000 -0.049144 0.586239 0.663969 0.624002 0.746144 -0.516667
VERTEX_POSE A254 -0.958863 0.265218 0.000000 -0.260935 -0.020914 0.821371 -0.530100 -0.507211 -0.847677
VERTEX_POSE A255 -0.255054 -0.961423 0.000000 -0.166890 0.847921 0.881733 -0.100032 0.441243 0.520600
VERTEX_POSE A256 0.684567 -0.634144 0.000000 0.293428 -0.866268 -0.845963 -0.038306 0.445248 0.498109
VERTEX_POSE A257 -0.602830 -0.769761 0.000000 0.033772 0.707135 -0.262067 -0.675681 -0.964458 0.208361
VERTEX_POSE A258 -0.194844 -0.977402 0.000000 -0.170294 0.918301 -0.745177 -0.357319 -0.644757 0.170428
VERTEX_POSE A259 0.183049 0.045885 0.000000 -0.293323 -0.893421 0.558738 -0.448988 -0.775741 0.014431
VERTEX_POSE A260 -0.265028 0.208401 0.000000 -0.512614 -0.655887 0.701788 0.051763 0.494692 -0.753082
VERTEX_POSE A261 0.794556 0.600367 0.000000 -0.248277 0.824010 0.738427 -0.179282 0.626964 0.537462
VERTEX_POSE A262 0.650733 0.546738 0.000000 -0.508270 -0.801987 0.431593 0.078122 0.745244 -0.592212
VERTEX_POSE A263 0.032445 -0.713310 0.000000 -0.794001 0.464059 0.531085 0.843848 -0.295824 0.269389
VERTEX_POSE A264 0.563020 0.564730 0.000000 -0.528489 -0.600801 0.787042 -0.611575 0.318221 0.514795
VERTEX_POSE A265 0.351610 0.497057 0.000000 0.601544 0.794993 -0.742760 0.520549 -0.294027 0.311472
VERTEX_POSE A266 0.876961 -0.252654 0.000000 0.463140 -0.344395 0.870153 0.351696 -0.168332 0.870461
VERTEX_POSE A267 0.432324 0.043331 0.000000 -0.889937 0.415691 -0.247561 -0.785830 -0.383049 -0.457899
VERTEX_POSE A268 0.263151 -0.735138 0.000000 -0.373763 0.088926 -0.671354 -0.712755 0.639988 -0.695753
VERTEX_POSE A269 0.951074 0.306345 0.000000 0.577552 0.336677 -0.777668 0.504019 -0.248326 -0.795370
VERTEX_POSE A270 0.356139 -0.818523 0.000000 0.919251 -0.347998 0.271847 0.899291 -0.284740 -0.264902
VERTEX_POSE A271 -0.420646 0.290316 0.000000 -0.192374 -0.179742 0.491612 0.833172 0.849300 -0.522989
VERTEX_POSE A272 -0.453039 0.858579 0.000000 -0.397286 0.729747 -0.339633 -0.680219 -0.852533 -0.069081
VERTEX_POSE A273 0.887773 0.409932 0.000000 -0.452122 0.366214 -0.869782 -0.383065 0.197647 -0.848026
VERTEX_POSE A274 0.466929 0.798732 0.000000 0.736504 0.345653 0.223726 0.686732 -0.638364 0.639471
VERTEX_POSE A275 -0.278815 -0.274268 0.000000 0.353087 0.742870 0.924937 -0.185688 -0.140785 0.643167
VERTEX_POSE A276 0.700973 -0.625126 0.000000 -0.120111 -0.887737 -0.501514 0.440586 0.856771 0.133447
VERTEX_POSE A277 -0.058354 0.429471 0.000000 0.628625 -0.462548 -0.750811 -0.570544 -0.202765 0.678623
VERTEX_POSE A278 0.192915 0.437579 0.000000 -0.219724 0.463031 -0.590477 0.637525 -0.776569 -0.615763
VERTEX_POSE A279 0.098096 0.881970 0.000000 -0.907312 -0.369246 0.418799 -0.751220 -0.037307 0.547107
VERTEX_POSE A280 0.422956 -0.535080 0.000000 0.498282 -0.863753 -0.655311 -0.318453 0.567699 0.390536
VERTEX_POSE A281 0.590683 -0.449205 0.000000 0.489222 -0.132037 0.033201 0.990577 -0.871527 -0.036381
VERTEX_POSE A282 0.914419 -0.081454 0.000000 -0.156452 0.359905 0.865105 -0.399400 0.476567 0.843177
VERTEX_POSE A283 0.363400 -0.266196 0.000000 -0.264069 0.157053 -0.421058 0.868899 0.867743 0.469413
VERTEX_POSE A284 0.057160 0.498879 0.000000 -0.359692 -0.709999 0.388933 -0.703869 -0.848147 -0.021667
VERTEX_POSE A285 0.992919 0.061942 0.000000 -0.643504 -0.721533 0.671849 -0.692376 0.366771 0.002351
VERTEX_POSE A286 -0.922684 0.370505 0.000000 -0.468111 0.775061 -0.760566 -0.108835 0.449902 0.622443
VERTEX_POSE A287 -0.370530 -0.928598 0.000000 0.233715 0.553231 -0.972302 0.130749 -0.002639 0.822703
VERTEX_POSE A288 -0.892686 0.304054 0.000000 -0.085788 0.657839 0.329348 -0.690081 -0.940303 -0.301723
VERTEX_POSE A289 0.419792 0.292423 0.000000 -0.540297 0.340776 0.066963 0.928840 -0.838806 -0.145352
VERTEX_POSE A290 0.773008 -0.084294 0.000000 0.000297 -0.970523 0.581502 0.196239 0.813545 -0.139912
VERTEX_POSE A291 -0.503398 -0.684666 0.000000 -0.431820 0.663119 -0.028386 -0.687508 0.901513 0.295983
VERTEX_POSE A292 0.702077 -0.564358 0.000000 -0.199981 0.977942 -0.321383 -0.007320 -0.925592 -0.208750
VERTEX_POSE A293 0.117039 -0.510094 0.000000 -0.359716 0.382555 -0.894942 0.116585 -0.263977 -0.916548
VERTEX_POSE A294 0.768654 -0.634263 0.000000 0.981004 -0.175975 -0.191176 -0.805594 0.032917 0.565731
VERTEX_POSE A295 -0.639650 -0.761272 0.000000 -0.495385 -0.366441 0.258926 -0.927745 0.829187 0.070778
VERTEX_POSE A296 -0.691058 0.722556 0.000000 -0.064750 0.705821 -0.907531 -0.335609 0.414964 -0.623846
VERTEX_POSE A297 0.308204 0.318022 0.000000 -0.712347 0.409752 -0.613901 -0.757249 0.340128 -0.508604
VERTEX_POSE A298 -0.885294 0.291879 0.000000 0.235268 -0.737573 -0.044770 0.642323 0.970899 0.208347
VERTEX_POSE A299 -0.056812 -0.840546 0.000000 0.048922 0.384943 -0.626955 -0.706478 0.777518 -0.593892
VERTEX_POSE A300 -0.621774 -0.519196 0.000000 0.101830 0.661737 0.495270 -0.681279 0.862750 0.312990
VERTEX_POSE A301 0.661442 0.052807 0.000000 0.998937 -0.020579 -0.030455 -0.966343 -0.034598 0.256431
VERTEX_POSE A302 0.489112 0.618194 0.000000 -0.443150 0.195963 0.587409 -0.673654 -0.677177 -0.712593
VERTEX_POSE A303 0.055187 -0.725971 0.000000 0.397040 0.679604 0.856394 -0.516033 -0.330075 -0.521390
VERTEX_POSE A304 0.396350 -0.854015 0.000000 -0.079813 0.992802 -0.288166 0.062778 -0.954249 -0.101996
VERTEX_POSE A305 -0.019651 0.359079 0.000000 -0.532507 0.683164 -0.805656 -0.228068 -0.259529 -0.693738
VERTEX_POSE A306 -0.575336 0.228268 0.000000 0.564714 0.338079 -0.697619 0.682946 -0.440938 -0.647524
VERTEX_POSE A307 0.324368 -0.817849 0.000000 0.115856 -0.554224 -0.921380 -0.369923 0.370993 -0.745649
VERTEX_POSE A308 -0.827545 -0.561018 0.000000 0.149303 -0.868855 -0.930109 -0.285412 0.335567 -0.404512
VERTEX_POSE A309 0.273424 -0.370554 0.000000 0.703980 -0.551174 -0.545194 -0.015213 -0.455165 -0.834251
VERTEX_POSE A310 -0.533716 -0.844954 0.000000 -0.230727 -0.510574 0.487464 0.676083 -0.842107 0.531250
VERTEX_POSE A311 0.600371 -0.407444 0.000000 0.649071 -0.724527 0.652644 0.686958 0.390849 0.056112
VERTEX_POSE A312 -0.213469 -0.010056 0.000000 -0.470129 0.811229 -0.715644 -0.580934 -0.516558 0.066516
VERTEX_POSE A313 -0.964550 0.160980 0.000000 0.836177 0.493944 -0.391190 0.232479 0.384420 -0.837838
VERTEX_POSE A314 -0.443266 0.537416 0.000000 -0.290077 -0.571513 0.640526 0.480006 -0.711043 0.665557
VERTEX_POSE A315 0.588809 -0.428904 0.000000 -0.690654 0.710966 0.278179 0.430139 -0.667542 -0.556334
VERTEX_POSE A316 0.615405 -0.760357 0.000000 -0.813150 0.378821 0.128337 0.857224 0.567729 0.348800
VERTEX_POSE A317 -0.511768 -0.585849 0.000000 0.090346 -0.128383 0.968724 0.241452 0.231111 -0.961883
VERTEX_POSE A318 -0.564207 -0.457920 0.000000 0.410974 -0.620285 -0.862034 -0.502870 0.296643 -0.601970
VERTEX_POSE A319 0.689785 0.195841 0.000000 -0.661570 -0.504626 0.580925 0.122855 -0.474184 0.854552
VERTEX_POSE A320 0.662442 0.743935 0.000000 -0.414187 0.706006 -0.699765 0.156605 0.582047 0.690674
VERTEX_POSE A321 0.056442 -0.166610 0.000000 -0.180201 0.864955 0.086659 -0.460364 -0.979805 -0.199795
VERTEX_POSE A322 -0.625365 0.712999 0.000000 0.254423 0.511297 -0.703950 0.679925 0.663117 0.525621
VERTEX_POSE A323 -0.432129 0.021935 0.000000 -0.579632 -0.813525 0.606689 -0.392370 0.544018 -0.429211
VERTEX_POSE A324 -0.555618 -0.802442 0.000000 0.502489 -0.318145 0.442621 0.893406 -0.742692 0.317191
VERTEX_POSE A325 0.763039 -0.596107 0.000000 0.361221 -0.099300 0.836298 -0.405313 -0.412461 -0.908769
VERTEX_POSE A326 0.737069 0.370181 0.000000 -0.213283 0.091433 0.467492 0.883784 0.857882 -0.458875
VERTEX_POSE A327 -0.098316 0.886473 0.000000 -0.319261 0.128500 0.868667 0.435708 0.378800 -0.890868
VERTEX_POSE A328 -0.152722 0.819426 0.000000 -0.088870 -0.598479 -0.689067 -0.540262 0.719228 -0.591557
VERTEX_POSE A329 -0.674578 -0.494972 0.000000 -0.692627 0.336526 -0.236089 0.729999 -0.681565 -0.594854
VERTEX_POSE A330 0.365314 -0.720377 0.000000 0.594553 0.630952 0.537498 -0.772890 0.597999 0.067379
VERTEX_POSE A331 0.491459 -0.388639 0.000000 -0.089744 0.678944 0.678128 0.577505 -0.729444 0.453347
VERTEX_POSE A332 -0.939735 0.156837 0.000000 -0.449330 0.648984 0.862298 0.494721 -0.233549 0.577989
VERTEX_POSE A333 0.254800 0.913757 0.000000 -0.707615 -0.703755 -0.470885 0.536482 0.526829 -0.465742
VERTEX_POSE A334 -0.176192 -0.561944 0.000000 -0.553337 0.207114 -0.571624 0.610095 -0.605858 -0.764780
VERTEX_POSE A335 0.388472 0.714701 0.000000 -0.282592 -0.670646 -0.119768 -0.684719 -0.951734 0.285297
VERTEX_POSE A336 -0.904109 -0.236840 0.000000 -0.637144 -0.016596 0.603682 -0.632315 -0.479183 -0.774534
VERTEX_POSE A337 -0.111838 -0.672166 0.000000 -0.741340 0.472574 -0.159690 0.565453 -0.651854 -0.675971
VERTEX_POSE A338 -0.331719 -0.933361 0.000000 -0.231143 -0.292719 -0.673583 -0.639999 0.702039 -0.710434
VERTEX_POSE A339 -0.848451 0.231631 0.000000 -0.765360 -0.418500 -0.591926 0.159441 -0.252682 0.894112
VERTEX_POSE A340 -0.739897 0.175614 0.000000 -0.011714 0.520964 -0.692387 -0.620051 0.721432 -0.586629
VERTEX_POSE A341 0.315343 -0.762156 0.000000 0.326998 0.700564 0.323112 0.547823 -0.888071 0.457274
VERTEX_POSE A342 0.388177 -0.686216 0.000000 -0.249275 0.918154 0.966747 0.217163 0.057122 0.331411
VERTEX_POSE A343 0.298047 0.725112 0.000000 -0.228916 0.538758 0.116401 0.842053 -0.966462 -0.026193
VERTEX_POSE A344 -0.032834 0.603722 0.000000 -0.704629 -0.150439 0.009404 -0.979161 0.709513 -0.136426
VERTEX_POSE A345 0.729302 0.559403 0.000000 -0.298905 0.849766 0.952388 0.236978 0.060109 0.470892
VERTEX_POSE A346 0.181518 -0.879242 0.000000 -0.259725 0.777167 -0.862178 0.080734 0.434961 0.624094
VERTEX_POSE A347 -0.240352 0.394627 0.000000 0.988359 0.013182 -0.105211 0.778846 0.109899 0.627076
VERTEX_POSE A348 -0.266848 -0.749344 0.000000 0.635762 0.719715 -0.674786 0.342746 0.374792 -0.603767
VERTEX_POSE A349 0.137323 -0.651983 0.000000 -0.067272 0.825577 0.682289 -0.371651 0.727981 0.424615
VERTEX_POSE A350 -0.463205 0.375498 0.000000 -0.656954 0.713088 0.141246 -0.202513 -0.740581 -0.671189
VERTEX_POSE A351 -0.285333 -0.920762 0.000000 -0.782859 0.489261 -0.576679 -0.802513 -0.233612 0.341463
VERTEX_POSE A352 -0.233353 0.506171 0.000000 -0.445248 -0.783593 0.056102 0.458532 -0.893648 0.419201
VERTEX_POSE A353 0.361662 -0.747404 0.000000 0.650831 0.539499 -0.663770 0.062783 0.368549 -0.839642
VERTEX_POSE A354 0.584487 0.061336 0.000000 -0.251858 -0.966748 0.774714 -0.173947 0.579987 -0.187459
VERTEX_POSE A355 0.127520 0.977804 0.000000 0.591990 0.779592 -0.465665 0.537867 -0.657802 0.320834
VERTEX_POSE A356 0.093456 -0.518651 0.000000 0.987765 -0.151900 0.035299 0.438373 -0.151905 -0.885864
VERTEX_POSE A357 0.229943 0.841765 0.000000 0.791029 -0.463379 0.359692 -0.175876 0.494868 0.868532
VERTEX_POSE A358 0.201769 0.453760 0.000000 0.032003 -0.899484 -0.520388 -0.387241 0.853330 -0.202418
VERTEX_POSE A359 -0.676006 -0.576757 0.000000 0.941015 -0.238792 -0.296647 -0.923017 -0.162761 0.301692
VERTEX_POSE A360 0.859018 -0.418240 0.000000 0.871841 -0.489425 -0.247265 -0.473136 0.422793 0.732534
VERTEX_POSE A361 -0.503676 -0.587222 0.000000 -0.550949 -0.827483 0.695089 -0.526819 -0.461850 0.194251
VERTEX_POSE A362 -0.717323 -0.363953 0.000000 -0.311312 0.606051 0.546276 -0.516142 0.777604 0.605227
VERTEX_POSE A363 0.423020 0.450069 0.000000 0.160362 -0.549145 -0.350694 0.745038 -0.922658 -0.378626
VERTEX_POSE A364 -0.744311 0.664696 0.000000 0.285604 0.872229 0.523389 -0.489024 -0.802804 -0.008517
VERTEX_POSE A365 0.243907 0.180435 0.000000 -0.672988 -0.030518 0.019269 -0.999533 -0.739402 0.001728
VERTEX_POSE A366 -0.370691 -0.113054 0.000000 0.523927 -0.846652 0.770351 0.424337 -0.363400 -0.321119
VERTEX_POSE A367 -0.819194 -0.427883 0.000000 -0.300492 -0.837697 -0.174601 -0.421739 -0.937667 0.346986
VERTEX_POSE A368 -0.795763 0.604927 0.000000 -0.435069 -0.771906 -0.475120 -0.240500 -0.764837 0.588490
VERTEX_POSE A369 0.246967 0.367458 0.000000 0.556123 0.573810 0.789515 -0.590711 0.259603 0.567276
VERTEX_POSE A370 -0.555138 0.769713 0.000000 -0.862504 -0.186082 0.120087 -0.978637 -0.491595 0.087420
VERTEX_POSE A371 -0.576747 -0.629295 0.000000 0.483463 0.782588 0.867474 -0.488349 0.117270 0.386097
VERTEX_POSE A372 -0.520326 0.264015 0.000000 0.790603 0.286465 0.448844 0.330072 0.416516 -0.899439
VERTEX_POSE A373 -0.670003 -0.715868 0.000000 -0.784401 -0.451700 0.299462 -0.875944 0.543174 -0.169378
VERTEX_POSE A374 0.383102 -0.724809 0.000000 0.484869 -0.504007 0.674460 0.735763 0.556782 -0.452359
VERTEX_POSE A375 0.733398 -0.138197 0.000000 0.189306 0.434870 -0.640109 -0.625231 -0.744597 0.648054
VERTEX_POSE A376 -0.811793 0.453658 0.000000 0.149366 0.864675 -0.711500 0.430818 -0.686628 -0.258327
VERTEX_POSE A377 -0.218111 -0.819637 0.000000 0.883649 0.425718 -0.122145 0.611253 -0.451934 0.667184
VERTEX_POSE A378 -0.710052 0.668472 0.000000 0.596930 0.008131 0.548035 0.726168 -0.585946 0.687469
VERTEX_POSE A379 -0.585139 -0.734975 0.000000 -0.780069 0.486622 0.559279 0.260453 -0.280534 -0.833884
VERTEX_POSE A380 -0.876011 -0.335319 0.000000 0.336454 -0.796273 -0.502638 -0.603308 -0.796338 0.044374
VERTEX_POSE A381 -0.080695 -0.606717 0.000000 0.856037 -0.516899 0.515732 0.854560 0.034933 0.050424
VERTEX_POSE A382 0.474742 -0.713895 0.000000 -0.465418 -0.666954 0.461041 -0.743854 0.755531 0.043062
VERTEX_POSE A383 -0.250482 -0.670273 0.000000 -0.395749 -0.068928 0.101200 0.987833 -0.912766 0.139408
VERTEX_POSE A384 -0.675578 0.182064 0.000000 -0.814556 -0.560268 0.452915 -0.776175 -0.362445 0.289226
VERTEX_POSE A385 -0.094334 0.939722 0.000000 0.248954 -0.852285 -0.938124 -0.094147 0.240718 0.514536
VERTEX_POSE A386 -0.961565 -0.057760 0.000000 0.659495 -0.720011 -0.573406 -0.667646 -0.486077 -0.189295
VERTEX_POSE A387 -0.166841 0.899359 0.000000 -0.963581 0.041850 0.221891 0.676375 -0.149252 0.735367
VERTEX_POSE A388 -0.939329 0.249933 0.000000 0.977434 0.112793 0.204291 -0.719810 -0.053732 -0.684946
VERTEX_POSE A389 0.072968 -0.523632 0.000000 0.483336 0.808172 0.854613 -0.518925 -0.189795 -0.278523
VERTEX_POSE A390 0.503179 -0.685366 0.000000 0.282507 0.116488 -0.632248 0.769104 -0.721424 -0.628418
VERTEX_POSE A391 0.711988 0.674001 0.000000 -0.258248 -0.665817 0.382673 -0.735809 -0.887057 -0.123586
VERTEX_POSE A392 -0.202861 -0.584121 0.000000 -0.284842 -0.362103 0.363285 -0.897616 0.887068 0.251331
VERTEX_POSE A393 0.834293 -0.523284 0.000000 0.657384 -0.389593 -0.694235 0.019779 -0.293061 -0.920775
VERTEX_POSE A394 0.214630 0.150531 0.000000 0.349891 0.696423 0.633530 0.316784 -0.690084 0.643928
VERTEX_POSE A395 0.118084 0.976805 0.000000 0.803963 -0.462899 -0.422483 -0.886394 -0.418512 0.005575
VERTEX_POSE A396 -0.377942 0.729871 0.000000 -0.490783 0.523808 0.650576 0.751858 -0.579555 0.400419
VERTEX_POSE A397 0.668442 0.640798 0.000000 0.353158 -0.348308 -0.740943 0.462534 0.571212 0.815318
VERTEX_POSE A398 0.574038 -0.687823 0.000000 -0.695403 -0.290509 -0.657163 -0.113014 0.290777 -0.950175
VERTEX_POSE A399 0.156991 -0.440059 0.000000 -0.976257 -0.029199 -0.188862 0.600004 0.106086 0.799464
VERTEX_POSE A400 0.167587 0.129729 0.000000 -0.790173 -0.553185 -0.503650 0.831394 0.349231 -0.052630
VERTEX_POSE A401 0.859009 -0.505641 0.000000 0.242222 0.585023 0.968443 -0.097515 -0.058708 0.805133
VERTEX_POSE A402 -0.392865 0.247888 0.000000 -0.020752 0.765235 0.668877 -0.467692 0.743083 0.442358
VERTEX_POSE A403 -0.795932 -0.573987 0.000000 -0.254937 -0.161722 -0.456080 -0.849247 0.852642 -0.502618
VERTEX_POSE A404 0.837476 -0.396999 0.000000 -0.354286 -0.670886 -0.151239 -0.646363 0.922826 -0.363493
VERTEX_POSE A405 0.156458 0.832617 0.000000 -0.307966 0.879508 0.801807 0.445195 0.512115 -0.168129
VERTEX_POSE A406 0.234665 -0.310233 0.000000 0.511008 -0.076386 -0.859290 -0.019712 0.022165 0.996883
VERTEX_POSE A407 0.857516 -0.380276 0.000000 -0.642394 -0.551994 -0.159644 0.774864 0.749562 -0.308040
VERTEX_POSE A408 -0.703121 0.583539 0.000000 0.933046 -0.340769 -0.058190 0.173412 -0.355020 -0.924016
VERTEX_POSE A409 -0.676230 -0.372066 0.000000 -0.672445 0.601379 -0.677135 -0.264487 0.298841 0.753916
VERTEX_POSE A410 -0.408157 -0.468590 0.000000 -0.983261 -0.048652 -0.181636 0.185638 -0.014386 0.981413
VERTEX_POSE A411 -0.488038 -0.613285 0.000000 -0.748554 -0.648105 -0.017452 -0.191952 -0.662844 0.736963
VERTEX_POSE A412 -0.145160 0.473439 0.000000 -0.805292 0.569535 -0.329527 -0.198995 -0.492866 -0.797515
VERTEX_POSE A413 0.988820 0.099686 0.000000 0.226822 -0.674597 -0.930978 0.061672 0.286062 0.735605
VERTEX_POSE A414 0.888698 -0.112661 0.000000 -0.836199 0.548421 0.389789 0.597366 -0.385791 -0.585140
VERTEX_POSE A415 0.345665 -0.472192 0.000000 -0.405135 -0.447335 -0.786099 0.615739 0.466812 0.648658
VERTEX_POSE A416 -0.372781 -0.535654 0.000000 -0.581446 0.472985 -0.647180 -0.761958 0.493030 -0.442385
VERTEX_POSE A417 0.569586 0.512528 0.000000 0.738979 0.246484 -0.367596 0.927449 0.564609 0.281220
VERTEX_POSE A418 -0.322652 -0.566107 0.000000 0.635779 -0.523365 -0.175271 0.617929 0.751708 0.586730
VERTEX_POSE A419 -0.008475 -0.799666 0.000000 -0.715290 -0.698770 -0.464425 0.484938 -0.522177 0.525886
VERTEX_POSE A420 -0.294535 0.879120 0.000000 0.101620 -0.506046 0.671656 0.670009 -0.733861 0.543144
VERTEX_POSE A421 -0.760409 0.021884 0.000000 -0.717100 -0.331686 -0.086219 -0.830529 -0.691617 0.447444
VERTEX_POSE A422 -0.544497 0.835345 0.000000 0.831527 -0.529632 -0.497150 -0.575063 0.247800 0.623532
VERTEX_POSE A423 0.803685 0.493793 0.000000 -0.353555 0.856688 0.773792 0.042231 -0.525590 -0.514104
VERTEX_POSE A424 0.780767 0.463005 0.000000 0.211984 0.764962 0.007903 -0.623656 -0.977241 0.160892
VERTEX_POSE A425 0.622522 -0.518869 0.000000 0.594350 0.721685 0.514921 -0.680438 -0.617741 0.127177
VERTEX_POSE A426 0.124324 0.739919 0.000000 -0.594874 0.803772 0.797430 0.591468 0.101143 0.064151
VERTEX_POSE A427 -0.706366 -0.401922 0.000000 0.903149 -0.425563 -0.174485 -0.484557 -0.392271 -0.764264
VERTEX_POSE A428 0.899355 -0.432218 0.000000 0.435174 -0.081778 0.839916 0.395569 0.324291 -0.914788
VERTEX_POSE A429 -0.232088 -0.599748 0.000000 -0.609084 0.766005 0.457471 0.127601 -0.647871 -0.630043
VERTEX_POSE A430 0.279097 0.728149 0.000000 -0.936750 -0.164237 -0.281925 0.877372 0.207407 0.450826
VERTEX_POSE A431 0.236867 0.579580 0.000000 0.550718 -0.795443 0.120155 -0.224332 -0.825998 -0.562979
VERTEX_POSE A432 -0.868567 -0.130979 0.000000 0.161179 0.594183 -0.786703 0.559470 0.595920 0.577875
VERTEX_POSE A433 -0.461816 0.563776 0.000000 0.437975 -0.274939 -0.720336 -0.676957 -0.537861 0.682742
VERTEX_POSE A434 0.505845 0.854313 0.000000 -0.032863 0.713267 0.999460 0.023647 0.000277 -0.700494
VERTEX_POSE A435 -0.605180 0.450146 0.000000 -0.037101 0.910917 -0.541019 0.327416 0.840191 0.251056
VERTEX_POSE A436 0.836372 -0.372279 0.000000 -0.445261 0.375508 -0.657718 0.478836 0.607577 0.793542
VERTEX_POSE A437 0.062348 -0.664640 0.000000 -0.683334 -0.720926 0.594265 -0.641037 -0.424150 0.263320
VERTEX_POSE A438 -0.569769 -0.820349 0.000000 -0.655115 0.754589 0.469915 0.367917 0.591611 0.543352
VERTEX_POSE A439 0.812924 -0.553887 0.000000 0.579888 -0.235868 0.645723 -0.450571 0.496762 0.861018
VERTEX_POSE A440 0.031326 -0.014454 0.000000 -0.363417 -0.284720 0.928719 -0.035549 0.073550 -0.957951
VERTEX_POSE A441 0.234624 -0.971850 0.000000 -0.999546 0.007668 -0.025640 0.291933 0.015840 0.956408
VERTEX_POSE A442 -0.676909 -0.346802 0.000000 -0.706435 0.567719 -0.692688 -0.677215 0.145372 -0.468054
VERTEX_POSE A443 -0.479125 -0.462001 0.000000 0.194589 0.731061 0.372778 -0.671813 0.907288 0.119235
VERTEX_POSE A444 0.002862 0.699185 0.000000 -0.546815 0.241060 0.782875 0.486712 -0.296816 0.839644
VERTEX_POSE A445 0.724231 0.491539 0.000000 0.603188 -0.313335 0.720866 0.607723 -0.341346 0.729722
VERTEX_POSE A446 0.425659 -0.269298 0.000000 -0.666632 0.247619 0.068766 -0.918756 0.742208 0.307527
VERTEX_POSE A447 0.755877 -0.419020 0.000000 0.047632 0.911400 -0.704770 0.320655 -0.707835 -0.257936
VERTEX_POSE A448 0.557408 -0.063612 0.000000 0.461322 -0.776699 -0.802532 -0.159187 -0.378317 -0.609425
VERTEX_POSE A449 -0.800381 0.223815 0.000000 -0.723435 0.690387 -0.509738 -0.536913 -0.465628 -0.484861
VERTEX_POSE A450 0.315573 0.008019 0.000000 -0.679656 0.403803 0.732633 0.332412 0.036268 0.852318
VERTEX_POSE A451 -0.812574 -0.514124 0.000000 0.751254 -0.096651 0.455347 0.791993 0.477783 -0.602831
VERTEX_POSE A452 -0.268437 0.622280 0.000000 0.255604 0.772619 -0.523641 -0.394663 0.812691 -0.497294
VERTEX_POSE A453 0.794656 -0.288417 0.000000 -0.110686 0.211749 0.692012 -0.684860 0.713350 0.697230
VERTEX_POSE A454 -0.436351 -0.899072 0.000000 0.399756 -0.811525 0.862297 0.175264 0.310868 0.557413
VERTEX_POSE A455 -0.805828 0.408083 0.000000 -0.829681 0.541361 0.316746 0.255588 0.459675 0.801001
VERTEX_POSE A456 0.317014 0.536528 0.000000 -0.071209 -0.635594 -0.332476 -0.711491 0.940420 -0.299668
VERTEX_POSE A457 0.555629 -0.773343 0.000000 -0.542925 0.797386 -0.513991 -0.563616 0.664113 0.215667
VERTEX_POSE A458 -0.003593 0.485873 0.000000 -0.889323 0.372988 -0.457242 -0.717987 0.005807 0.587685
VERTEX_POSE A459 0.154666 -0.863240 0.000000 -0.301204 -0.011512 -0.367090 0.924263 0.880069 0.381583
VERTEX_POSE A460 -0.812597 -0.346679 0.000000 -0.494336 -0.865293 0.557330 -0.388829 0.667095 -0.316355
VERTEX_POSE A461 -0.537081 0.757594 0.000000 0.770020 0.622657 0.466194 -0.698014 0.435583 -0.353658
VERTEX_POSE A462 -0.449874 -0.749538 0.000000 0.717551 -0.501984 -0.021724 0.676761 0.696167 0.538522
VERTEX_POSE A463 -0.428011 0.658164 0.000000 -0.492144 -0.857593 -0.751961 0.332330 0.438576 -0.392544
VERTEX_POSE A464 -0.215239 -0.001951 0.000000 -0.541284 0.678415 -0.048768 -0.615118 -0.839424 -0.401725
VERTEX_POSE A465 0.680136 0.717294 0.000000 -0.595280 0.198782 0.200864 -0.901340 -0.778008 -0.384800
VERTEX_POSE A466 0.151262 -0.034897 0.000000 -0.413002 0.837524 0.511217 -0.111898 0.753716 0.534821
VERTEX_POSE A467 -0.419745 0.902535 0.000000 -0.499462 -0.631396 0.617865 -0.739574 0.607273 0.233172
VERTEX_POSE A468 -0.205396 -0.929138 -0.453631 0.606999 0.365263 0.425203 0.601027 -0.671383 0.710879
VERTEX_POSE A469 0.333909 0.228750 0.525941 0.411308 0.087743 -0.900708 0.191817 0.139827 0.977501
VERTEX_POSE A470 -0.030729 -0.806034 0.000000 0.873802 0.348362 -0.486041 0.647668 -0.015338 -0.677621
VERTEX_POSE A471 0.965288 -0.177386 0.000000 -0.599018 -0.772054 -0.499100 0.567412 0.626160 -0.286315
VERTEX_POSE A472 -0.625938 -0.747334 0.000000 0.680317 0.453203 -0.732761 0.404356 -0.015138 0.794420
VERTEX_POSE A473 0.779842 -0.602348 0.000000 0.428239 -0.542459 -0.791595 -0.610956 0.435877 -0.576602
VERTEX_POSE A474 0.982851 -0.048698 0.000000 -0.784266 -0.386955 0.165185 0.623222 -0.598030 0.679603
VERTEX_POSE A475 -0.019272 0.932091 0.000000 -0.028933 -0.000742 -0.825315 -0.564149 0.563931 -0.825673
VERTEX_POSE A476 -0.306944 -0.520002 1.000000 -0.378108 -0.625291 -0.575245 0.736470 0.725347 0.258116
VERTEX_POSE A477 0.441296 -0.819825 0.000000 -0.660255 0.700567 0.657923 0.365701 0.362217 0.612755
VERTEX_POSE A478 -0.200487 -0.471716 0.000000 -0.127192 0.750461 0.581096 0.586287 -0.803835 0.305083
VERTEX_POSE A479 -0.969931 0.219012 0.000000 -0.511963 -0.403410 -0.230434 0.915005 0.827523 0.005217
VERTEX_POSE A480 0.539199 0.795867 1.000000 -0.295612 -0.527607 0.950821 -0.243202 -0.092483 -0.813931
VERTEX_POSE A481 -0.668148 0.205165 0.000000 0.401919 0.839198 0.853246 -0.488433 -0.332314 -0.239124
VERTEX_POSE A482 -0.281480 0.955938 0.000000 -0.223348 -0.451413 0.971049 -0.180092 -0.084737 -0.873953
VERTEX_POSE A483 0.904542 0.235333 0.000000 0.661242 -0.684625 0.114139 0.495861 -0.741438 -0.534239
VERTEX_POSE A484 0.624556 0.752683 1.000000 0.835541 0.118986 -0.102911 0.992883 0.539704 0.005115
VERTEX_POSE A485 0.365290 -0.517306 0.000000 0.502206 0.524400 0.088474 0.759813 0.860210 -0.384302
VERTEX_POSE A486 -0.778589 -0.539855 0.000000 -0.636156 0.771131 0.569787 0.447041 0.520239 0.453334
VERTEX_POSE A487 -0.163400 0.666641 0.000000 0.936767 -0.334625 0.223763 0.347663 -0.269070 -0.875875
VERTEX_POSE A488 -0.219449 -0.515727 0.000000 0.137036 0.678455 -0.675393 0.596993 -0.724614 -0.428134
VERTEX_POSE A489 -0.010964 -0.847506 0.000000 -0.472866 0.454714 0.593393 0.797537 -0.651370 0.396447
VERTEX_POSE A490 -0.788316 0.331549 8.253952 0.810998 0.400323 -0.052832 -0.676151 -0.582659 0.618515
VERTEX_POSE A491 0.264734 0.943204 0.000000 -0.716728 -0.609084 -0.475804 0.071121 0.509815 -0.789910
VERTEX_POSE A492 0.185808 -0.893462 0.000000 -0.958302 0.128723 0.204112 0.933170 0.199989 -0.335596
VERTEX_POSE A493 -0.426662 0.301504 0.000000 -0.659948 0.432725 -0.601170 0.186167 0.450625 0.882095
VERTEX_POSE A494 0.456127 0.271958 0.000000 0.837047 -0.546256 0.319744 0.442517 0.443978 0.711184
VERTEX_POSE A495 -0.871171 0.330847 0.000000 0.984486 -0.107162 0.172994 0.460367 -0.029343 -0.881237
VERTEX_POSE A496 -0.759464 0.631908 1.000000 -0.039435 0.827596 -0.744052 0.349715 0.666957 0.439072
VERTEX_POSE A497 -0.374053 -0.618619 0.000000 -0.593287 0.550137 -0.754398 -0.634703 0.280882 -0.542680
VERTEX_POSE A498 -0.254330 0.389148 0.000000 -0.636047 -0.604702 -0.622720 0.769093 0.455701 0.206957
VERTEX_POSE A499 -0.160302 0.885847 0.000000 -0.702686 0.690153 0.672698 0.723621 -0.231753 0.007846
VERTEX_POSE A500 0.319406 0.882001 1.000000 0.333927 0.294173 0.290668 -0.935891 -0.896663 -0.193831
VERTEX_POSE A501 0.740346 -0.460494 0.000000 -0.424439 0.692430 0.044397 -0.627661 0.904367 0.355785
VERTEX_POSE A502 -0.731636 -0.653526 0.000000 0.159235 -0.245920 0.539236 -0.789582 -0.826964 -0.562213
VERTEX_POSE A503 -0.645057 0.571695 0.000000 -0.703233 -0.676078 0.423721 -0.646988 0.570898 -0.352598
VERTEX_POSE A504 -0.701534 0.592811 1.000000 -0.869918 -0.057749 0.477146 0.152753 -0.124797 0.986576
VERTEX_POSE A505 -0.706433 -0.505429 0.000000 0.489408 -0.871957 -0.644024 -0.351313 0.587973 0.340984
VERTEX_POSE A506 0.663969 0.746144 0.000000 -0.569328 0.716981 0.220536 -0.338159 0.791979 0.609579
VERTEX_POSE A507 0.624002 -0.516667 0.000000 -0.205294 -0.976359 0.732515 -0.107443 0.649057 -0.187559
VERTEX_POSE A508 0.821371 -0.507211 0.000000 -0.372228 0.002561 -0.383944 -0.910848 -0.845005 0.412733
VERTEX_POSE A509 -0.530100 -0.847677 0.000000 0.270923 -0.172078 -0.853212 0.412609 0.445679 0.894507
VERTEX_POSE A510 0.881733 0.441243 0.000000 0.826909 -0.099672 0.560581 0.068420 -0.044390 -0.992665
VERTEX_POSE A511 -0.100032 0.520600 0.000000 0.590531 -0.243934 0.126247 0.969411 -0.797079 -0.027181
VERTEX_POSE A512 -0.845963 0.445248 0.432647 -0.282450 0.675631 -0.731106 0.307980 0.621052 0.669828
VERTEX_POSE A513 -0.038306 0.498109 0.559278 -0.499947 -0.703361 0.831548 -0.552908 0.242034 0.446740
VERTEX_POSE A514 -0.262067 -0.964458 0.000000 -0.973258 -0.200892 -0.187669 0.415689 -0.132472 0.887043
VERTEX_POSE A515 -0.675681 0.208361 0.000000 -0.615387 0.479204 0.603612 0.797101 -0.506904 0.367414
VERTEX_POSE A516 -0.745177 -0.644757 0.000000 0.744772 0.299774 0.632852 -0.033869 -0.211692 0.953409
VERTEX_POSE A517 -0.357319 0.170428 0.000000 0.408839 0.389580 -0.812446 0.567263 -0.415671 -0.725561
VERTEX_POSE A518 0.558738 -0.775741 0.000000 0.686164 0.224646 -0.370623 0.926380 -0.625953 -0.302249
VERTEX_POSE A519 -0.448988 0.014431 0.000000 0.427157 0.773595 0.876958 -0.480529 0.220186 0.413089
VERTEX_POSE A520 0.701788 0.494692 1.000000 0.893279 0.044050 0.010691 0.992823 -0.449376 0.111182
VERTEX_POSE A521 0.051763 -0.753082 0.000000 -0.897097 -0.441835 0.313051 -0.635736 0.311796 -0.632947
VERTEX_POSE A522 0.738427 0.626964 0.000000 0.481493 -0.792407 -0.790565 -0.208191 -0.378380 -0.573365
VERTEX_POSE A523 -0.179282 0.537462 0.000000 -0.558759 0.811194 0.717653 0.577182 0.415647 0.093939
VERTEX_POSE A524 0.431593 0.745244 1.000000 0.747565 0.628006 -0.181525 0.506338 0.638901 -0.590957
VERTEX_POSE A525 0.078122 -0.592212 0.000000 -0.940875 0.197235 -0.097565 -0.936346 -0.324401 -0.290439
VERTEX_POSE A526 0.531085 -0.295824 0.000000 -0.558941 0.550264 -0.493756 -0.821866 -0.666175 0.147463
VERTEX_POSE A527 0.843848 0.269389 0.000000 -0.659877 0.052735 0.662953 -0.428622 0.353631 0.901944
VERTEX_POSE A528 0.787042 0.318221 1.000000 0.766129 -0.604653 0.642184 0.733628 0.025414 -0.310136
VERTEX_POSE A529 -0.611575 0.514795 0.000000 0.700501 0.390035 0.707689 -0.487678 0.092061 0.781053
VERTEX_POSE A530 -0.742760 -0.294027 0.000000 0.721701 0.690116 -0.125957 0.207264 -0.680649 0.693384
VERTEX_POSE A531 0.520549 0.311472 0.000000 -0.196807 0.881315 -0.908877 0.000335 0.367709 0.472530
VERTEX_POSE A532 0.870153 -0.168332 0.000000 -0.146259 -0.583422 -0.898083 -0.260309 0.414794 -0.769323
VERTEX_POSE A533 0.351696 0.870461 0.000000 -0.231916 -0.570003 -0.796499 0.576441 0.558395 0.585502
VERTEX_POSE A534 -0.247561 -0.383049 8.793306 0.332615 0.717380 -0.589280 -0.348688 -0.736286 0.603144
VERTEX_POSE A535 -0.785830 -0.457899 0.000000 -0.629346 0.769412 0.716988 0.520672 0.299752 0.370006
VERTEX_POSE A536 -0.671354 0.639988 0.000000 0.551792 -0.746752 -0.731621 -0.219709 -0.400322 -0.627766
VERTEX_POSE A537 -0.712755 -0.695753 0.000000 0.495015 0.867297 0.643203 -0.406389 0.584166 -0.287478
VERTEX_POSE A538 -0.777668 -0.248326 0.000000 0.243914 0.956524 -0.335265 0.237883 -0.910002 0.168742
VERTEX_POSE A539 0.504019 -0.795370 0.000000 0.536500 -0.122058 0.640950 0.702592 0.548954 -0.701046
VERTEX_POSE A540 0.271847 -0.284740 1.000000 0.347561 0.818601 -0.588549 -0.189181 0.729939 -0.542313
VERTEX_POSE A541 0.899291 -0.264902 0.000000 -0.736207 0.584131 0.645544 0.454548 0.203157 0.672441
VERTEX_POSE A542 0.491612 0.849300 0.000000 0.384178 -0.740659 0.173801 0.644369 0.906753 0.190298
VERTEX_POSE A543 0.833172 -0.522989 0.000000 -0.422583 0.405432 -0.744508 -0.665314 0.516847 -0.626883
VERTEX_POSE A544 -0.339633 -0.852533 1.000000 -0.099065 -0.947181 0.016548 0.304912 0.994943 -0.099380
VERTEX_POSE A545 -0.680219 -0.069081 0.000000 -0.260607 -0.386134 -0.477471 0.848149 -0.839110 -0.362691
VERTEX_POSE A546 -0.869782 0.197647 0.000000 0.502374 0.520433 -0.766346 0.637817 -0.400418 -0.567749
VERTEX_POSE A547 -0.383065 -0.848026 0.000000 0.806261 -0.587479 -0.248116 -0.442279 0.537011 0.677686
VERTEX_POSE A548 0.223726 -0.638364 1.000000 -0.526991 -0.810944 -0.607263 0.150001 -0.594568 0.565570
VERTEX_POSE A549 0.686732 0.639471 0.000000 0.305656 0.919688 0.768155 -0.391140 0.562594 0.034390
VERTEX_POSE A550 0.924937 -0.140785 0.000000 -0.752006 0.517483 0.372836 -0.176872 -0.543582 -0.837214
VERTEX_POSE A551 -0.185688 0.643167 0.000000 0.669727 -0.366136 0.357542 0.921511 -0.650868 0.129469
VERTEX_POSE A552 -0.501514 0.856771 0.000000 -0.906281 0.051310 0.351787 0.641814 -0.234310 0.765142
VERTEX_POSE A553 0.440586 0.133447 0.000000 0.174023 0.536957 -0.451363 0.788509 0.875207 0.299884
VERTEX_POSE A554 -0.750811 -0.202765 0.000000 0.778032 -0.442338 -0.554496 -0.817306 -0.295299 0.369252
VERTEX_POSE A555 -0.570544 0.678623 0.000000 -0.743571 -0.384925 0.442304 0.330083 0.501467 -0.861904
VERTEX_POSE A556 -0.590477 -0.776569 0.317042 -0.520621 -0.851953 -0.200767 0.058472 0.829847 -0.520343
VERTEX_POSE A557 0.637525 -0.615763 0.204168 -0.562279 -0.491343 -0.572314 0.811806 0.596909 0.315519
VERTEX_POSE A558 0.418799 -0.037307 0.000000 -0.165404 -0.560547 -0.982019 0.169526 0.090997 0.810585
VERTEX_POSE A559 -0.751220 0.547107 0.000000 0.364875 0.845725 -0.675018 0.528332 -0.641262 -0.074930
VERTEX_POSE A560 -0.655311 0.567699 0.000000 -0.229515 -0.921714 -0.693113 0.380316 -0.683313 -0.076179
VERTEX_POSE A561 -0.318453 0.390536 0.000000 -0.833215 -0.539399 0.462171 -0.558577 0.303562 -0.630111
VERTEX_POSE A562 0.033201 -0.871527 0.000000 -0.863823 0.501227 -0.503600 -0.856282 -0.014016 -0.124710
VERTEX_POSE A563 0.990577 -0.036381 0.000000 -0.180671 -0.930494 0.150511 0.294012 -0.971959 0.218492
VERTEX_POSE A564 0.865105 0.476567 1.000000 -0.659577 -0.734785 0.275673 -0.432378 -0.699258 0.522629
VERTEX_POSE A565 -0.399400 0.843177 0.000000 -0.419559 -0.846135 0.612849 -0.531146 -0.669616 0.044041
VERTEX_POSE A566 -0.421058 0.867743 0.000000 0.325473 -0.707938 0.567099 0.676596 0.756615 -0.202589
VERTEX_POSE A567 0.868899 0.469413 0.000000 0.243855 0.654722 -0.582087 -0.491255 0.775700 -0.574462
VERTEX_POSE A568 0.388933 -0.848147 1.000000 0.421449 -0.644150 -0.541758 -0.743313 -0.727241 0.180435
VERTEX_POSE A569 -0.703869 -0.021667 0.000000 0.351956 0.058996 -0.703183 0.675371 0.617787 0.735115
VERTEX_POSE A570 0.671849 0.366771 0.000000 0.088932 0.702756 -0.581262 0.612090 -0.808842 -0.362601
VERTEX_POSE A571 -0.692376 0.002351 0.000000 0.728191 0.580396 -0.188153 0.680716 0.659042 -0.446952
VERTEX_POSE A572 -0.760566 0.449902 1.000000 -0.787526 0.440017 -0.005340 0.695260 0.616258 0.568330
VERTEX_POSE A573 -0.108835 0.622443 0.000000 0.741973 -0.669065 0.222872 0.306295 -0.632300 -0.677152
VERTEX_POSE A574 -0.972302 -0.002639 0.000000 -0.496338 0.174608 -0.616843 0.618341 -0.610862 -0.766268
VERTEX_POSE A575 0.130749 0.822703 0.000000 -0.547689 0.284336 -0.529348 -0.846084 0.647941 -0.450883
VERTEX_POSE A576 0.329348 -0.940303 0.802621 0.633985 -0.208421 -0.234521 -0.969466 0.736928 -0.129217
VERTEX_POSE A577 -0.690081 -0.301723 0.304407 0.917649 0.397271 -0.347813 0.814800 0.192213 -0.422228
VERTEX_POSE A578 0.066963 -0.838806 8.620085 -0.372332 -0.379838 -0.586826 0.803229 0.719030 0.458854
VERTEX_POSE A579 0.928840 -0.145352 0.000000 -0.877731 -0.383035 0.135555 0.377754 0.459579 -0.842963
VERTEX_POSE A580 0.581502 0.813545 0.000000 -0.185965 -0.391281 -0.979675 0.003647 0.075187 -0.920264
VERTEX_POSE A581 0.196239 -0.139912 0.000000 0.511041 -0.747179 0.847850 0.519486 0.141375 -0.414557
VERTEX_POSE A582 -0.028386 0.901513 0.000000 0.175840 -0.842161 -0.698372 -0.471667 -0.693799 0.261334
VERTEX_POSE A583 -0.687508 0.295983 0.000000 -0.440682 -0.882529 -0.897029 0.426074 0.033739 -0.199008
VERTEX_POSE A584 -0.321383 -0.925592 1.000000 -0.422182 0.644982 0.163903 -0.636795 -0.891571 -0.422481
VERTEX_POSE A585 -0.007320 -0.208750 0.000000 0.312063 0.755771 -0.361315 0.654835 -0.878674 -0.000857
VERTEX_POSE A586 -0.894942 -0.263977 0.000000 0.352298 -0.458249 0.924384 0.306667 -0.146285 0.834244
VERTEX_POSE A587 0.116585 -0.916548 0.000000 0.686608 0.706137 0.229569 -0.436398 0.689832 -0.557608
VERTEX_POSE A588 -0.191176 0.032917 1.000000 -0.993688 -0.100844 -0.004705 -0.400207 -0.112081 0.910859
VERTEX_POSE A589 -0.805594 0.565731 0.000000 -0.845980 0.398040 0.531200 0.686919 -0.046310 0.608035
VERTEX_POSE A590 0.258926 0.829187 0.000000 -0.897588 0.342371 -0.437190 -0.610491 -0.056578 -0.714201
VERTEX_POSE A591 -0.927745 0.070778 0.000000 -0.606636 0.673004 0.561546 -0.014012 0.562724 0.739506
VERTEX_POSE A592 -0.907531 0.414964 1.000000 0.291472 -0.920744 -0.772667 -0.386465 0.563941 -0.053618
VERTEX_POSE A593 -0.335609 -0.623846 0.000000 0.328838 0.857462 0.039827 -0.431283 -0.943546 0.280632
VERTEX_POSE A594 -0.613901 0.340128 0.000000 -0.280673 0.374708 -0.423561 0.777794 -0.861289 -0.504609
VERTEX_POSE A595 -0.757249 -0.508604 0.000000 -0.172519 0.957969 0.977431 0.195296 0.121929 -0.210131
VERTEX_POSE A596 -0.044770 0.970899 0.000000 0.734428 -0.483168 -0.186751 0.531283 -0.652487 -0.695907
VERTEX_POSE A597 0.642323 0.208347 0.000000 0.817857 -0.358128 -0.233866 -0.922034 0.525753 0.146961
VERTEX_POSE A598 -0.626955 0.777518 0.000000 -0.311583 -0.786410 -0.947389 0.300390 -0.073283 -0.539746
VERTEX_POSE A599 -0.706478 -0.593892 0.000000 -0.119921 0.992780 0.702178 0.086706 0.701830 0.082885
VERTEX_POSE A600 0.495270 0.862750 0.926106 0.823306 -0.270343 0.411978 -0.320219 0.390437 0.907951
VERTEX_POSE A601 -0.681279 0.312990 0.000000 0.642332 0.382972 0.293688 0.677098 -0.707925 0.628387
VERTEX_POSE A602 -0.030455 -0.034598 0.000000 -0.043175 -0.327642 0.813316 -0.560168 0.580218 0.760830
VERTEX_POSE A603 -0.966343 0.256431 0.000000 -0.586804 0.597925 -0.677070 0.007531 -0.444113 -0.801517
VERTEX_POSE A604 0.587409 -0.677177 4929769663206434556756106719243555299427331264920697598914398212614809753906777867120299571615017338617576122701945747643448804104216760760224974570994337550469578604739210972496564047081459696452671373312.000000 0.559505 -0.498853 -0.114639 0.744334 0.820861 0.443973
VERTEX_POSE A605 -0.673654 -0.712593 254736390291291889030922121258850660424501441023379822259963935954914725725432940630493166131664627692932379993406330093364458701043890969258665463427181890508822414413552810983424.000000 -0.225856 0.789123 -0.911016 -0.378767 0.345021 -0.483550
VERTEX_POSE A606 0.856394 -0.330075 0.000000 -0.091460 -0.220492 -0.460682 -0.855182 -0.882841 0.469091
VERTEX_POSE A607 -0.516033 -0.521390 20501866451337168053189560792064226319547775958351486434605468436284037989645490279678039395484825527040722291151541508450190370438103211413438508882310610343659748866787619270098045783142774385055450559223531831296.000000 0.186376 -0.887391 0.888083 0.335726 -0.420206 0.315950
VERTEX_POSE A608 -0.288166 -0.954249 54516411287282881103620573661049282232049455624225566907766293486944114775489419510216473978623760465169262049097688632643007058210239961430227364061010573877892109631258095084661486834624878580594535132737235168202608021438567414343105260856279040.000000 -0.422636 0.869205 -0.226595 -0.375518 -0.877516 -0.321665
VERTEX_POSE A609 0.062778 -0.101996 142717957228170451229169223632419449712023085313770128632411546919873682261239807686955431172197865275394498470016097032557935271454908504114485378486968050179891252175986467684330858598783887032262100137109926466652443578630334962549204381954211840.000000 -0.831958 0.552025 0.346174 0.437854 -0.433600 -0.709614
VERTEX_POSE A610 -0.805656 -0.259529 37316738923474115733261719628800385799184125072574718531182175390581577988623128776844964764147918527234058057349660137317923228681926050302090253616151384153984071959032999133593159702126970020036608.000000 -0.919258 0.076979 -0.346407 0.307658 0.186991 0.948378
VERTEX_POSE A611 -0.228068 -0.693738 11205294219072322049568244776645769362493385600298016939841652046102068468760269855466933301681613695326029112990759323677081957231912197895818912034902085698352900439291634758035513664142899319535452409177581814561284667489287273129426147588421760057344.000000 0.023752 -0.514366 -0.784829 0.521558 0.619257 0.680738
VERTEX_POSE A612 -0.697619 -0.440938 1.000000 0.143587 0.070061 0.211063 0.972373 0.966869 -0.222669
VERTEX_POSE A613 0.682946 -0.647524 0.000000 0.148362 0.845773 -0.811725 0.400166 -0.564881 -0.352896
VERTEX_POSE A614 -0.921380 0.370993 0.000000 0.466315 -0.510540 -0.731930 -0.681320 0.496818 -0.524550
VERTEX_POSE A615 -0.369923 -0.745649 0.000000 0.176493 0.099356 -0.676942 -0.709998 0.714562 -0.697159
VERTEX_POSE A616 -0.930109 0.335567 4929769663206434556756106719243555299427331264920697598914398212614809753906777867120299571615017338617576122701945747643448804104216760760224974570994337550469578604739210972496564047081459696452671373312.000000 -0.654563 -0.695249 -0.472500 0.069603 -0.590162 0.715391
VERTEX_POSE A617 -0.285412 -0.404512 254736390291291889030922121258850660424501441023379822259963935954914725725432940630493166131664627692932379993406330093364458701043890969258665463427181890508822414413552810983424.000000 -0.801256 -0.177583 -0.007540 -0.951866 -0.598274 0.249830
VERTEX_POSE A618 -0.545194 -0.455165 0.000000 -0.033951 -0.507872 0.472142 0.750944 0.880868 -0.422078
VERTEX_POSE A619 -0.015213 -0.834251 20501866451337168053189560792064226319547775958351486434605468436284037989645490279678039395484825527040722291151541508450190370438103211413438508882310610343659748866787619270098045783142774385055450559223531831296.000000 0.008688 -0.269037 0.503625 -0.830879 0.863878 0.487093
VERTEX_POSE A620 0.487464 -0.842107 54516411287282881103620573661049282232049455624225566907766293486944114775489419510216473978623760465169262049097688632643007058210239961430227364061010573877892109631258095084661486834624878580594535132737235168202608021438567414343105260856279040.000000 -0.451772 0.785612 0.468428 0.612172 0.759261 0.089770
VERTEX_POSE A621 0.676083 0.531250 142717957228170451229169223632419449712023085313770128632411546919873682261239807686955431172197865275394498470016097032557935271454908504114485378486968050179891252175986467684330858598783887032262100137109926466652443578630334962549204381954211840.000000 -0.108790 0.405122 -0.434266 -0.840808 -0.894191 0.359052
VERTEX_POSE A622 0.652644 0.390849 37316738923474115733261719628800385799184125072574718531182175390581577988623128776844964764147918527234058057349660137317923228681926050302090253616151384153984071959032999133593159702126970020036608.000000 -0.565653 -0.440348 0.823261 -0.350479 -0.047728 -0.826594
VERTEX_POSE A623 0.686958 0.056112 11205294246384509166644127883276842297287657537402947028047611871085140465745766381567954266633399990095915487873800237467784510098272729471091831404070392088699980308097400203724917295607667978630242654467422520653876189206292577090929733037029001789440.000000 0.844268 0.020897 -0.126189 -0.963393 0.520854 -0.267277
VERTEX_POSE A624 -0.715644 -0.516558 0.000000 0.599099 0.638642 0.800371 -0.461050 0.022074 -0.616092
VERTEX_POSE A625 -0.580934 0.066516 0.000000 -0.443203 -0.732554 0.863862 -0.195106 0.239401 -0.652149
VERTEX_POSE A626 -0.391190 0.384420 0.000000 0.318491 0.824867 0.251216 -0.548562 0.914032 -0.136653
VERTEX_POSE A627 0.232479 -0.837838 0.000000 0.217224 -0.975832 -0.707190 -0.140542 0.672827 0.167330
VERTEX_POSE A628 0.640526 -0.711043 4929769663206434556756106719243555299427331264920697598914398212614809753906777867120299571615017338617576122701945747643448804104216760760224974570994337550469578604739210972496564047081459696452671373312.000000 -0.004231 0.738971 0.999959 -0.002292 -0.008042 -0.673733
VERTEX_POSE A629 0.480006 0.665557 254736390291291889030922121258850660424501441023379822259963935954914725725432940630493166131664627692932379993406330093364458701043890969258665463427181890508822414413552810983424.000000 0.389879 0.770941 0.700535 -0.603286 -0.597701 -0.204198
VERTEX_POSE A630 0.278179 -0.667542 0.000000 -0.731045 -0.099149 -0.405529 -0.732551 -0.548743 0.673453
VERTEX_POSE A631 0.430139 -0.556334 20501866451337168053189560792064226319547775958351486434605468436284037989645490279678039395484825527040722291151541508450190370438103211413438508882310610343659748866787619270098045783142774385055450559223531831296.000000 0.361583 -0.646923 -0.765676 0.204833 -0.531976 -0.734530
VERTEX_POSE A632 0.128337 0.567729 54516411287282881103620573661049282232049455624225566907766293486944114775489419510216473978623760465169262049097688632643007058210239961430227364061010573877892109631258095084661486834624878580594535132737235168202608021438567414343105260856279040.000000 0.425018 0.423400 0.133513 -0.903517 0.895284 -0.066259
VERTEX_POSE A633 0.857224 0.348800 142717957228170451229169223632419449712023085313770128632411546919873682261239807686955431172197865275394498470016097032557935271454908504114485378486968050179891252175986467684330858598783887032262100137109926466652443578630334962549204381954211840.000000 -0.723805 -0.688577 0.243005 -0.314558 -0.645798 0.653388
VERTEX_POSE A634 0.968724 0.231111 37316738923474115733261719628800385799184125072574718531182175390581577988623128776844964764147918527234058057349660137317923228681926050302090253616151384153984071959032999133593159702126970020036608.000000 0.691425 -0.172332 -0.722447 -0.166988 -0.001530 0.970781
VERTEX_POSE A635 0.241452 -0.961883 11205294273696696283720010989907915232081929474507877116253571696068212462731262907668975231585186284865801862756841151258487062964633261046364750773238698479047060176903165649414320927072436637725032899757263226746467710923297881052433318485636243521536.000000 0.004805 -0.537150 -0.251465 0.815729 0.967854 0.214607
VERTEX_POSE A636 -0.862034 0.296643 1.000000 -0.329910 0.509407 -0.628088 0.510073 0.704744 0.693059
VERTEX_POSE A637 -0.502870 -0.601970 0.000000 0.826635 -0.382304 -0.560423 -0.625765 -0.050989 0.679898
VERTEX_POSE A638 0.580925 -0.474184 0.000000 -0.321374 0.897415 -0.339975 -0.407261 0.883819 0.169659
VERTEX_POSE A639 0.122855 0.854552 0.000000 0.388536 0.920390 -0.842250 0.374040 -0.373703 0.113913
VERTEX_POSE A640 -0.699765 0.582047 4929769663206434556756106719243555299427331264920697598914398212614809753906777867120299571615017338617576122701945747643448804104216760760224974570994337550469578604739210972496564047081459696452671373312.000000 0.814090 -0.447584 0.150338 -0.453036 -0.560943 -0.770991
VERTEX_POSE A641 0.156605 0.690674 254736390291291889030922121258850660424501441023379822259963935954914725725432940630493166131664627692932379993406330093364458701043890969258665463427181890508822414413552810983424.000000 0.849020 -0.142111 0.437359 -0.351375 -0.296451 -0.925387
VERTEX_POSE A642 0.086659 -0.979805 0.000000 0.843661 -0.240621 0.015561 0.904524 -0.536651 -0.352049
VERTEX_POSE A643 -0.460364 -0.199795 20501866451337168053189560792064226319547775958351486434605468436284037989645490279678039395484825527040722291151541508450190370438103211413438508882310610343659748866787619270098045783142774385055450559223531831296.000000 -0.321269 -0.267271 0.581419 -0.812913 0.747488 0.517435
VERTEX_POSE A644 -0.703950 0.663117 54516411287282881103620573661049282232049455624225566907766293486944114775489419510216473978623760465169262049097688632643007058210239961430227364061010573877892109631258095084661486834624878580594535132737235168202608021438567414343105260856279040.000000 -0.443669 -0.500030 -0.856361 -0.008109 0.264203 -0.865970
VERTEX_POSE A645 0.679925 0.525621 142717957228170451229169223632419449712023085313770128632411546919873682261239807686955431172197865275394498470016097032557935271454908504114485378486968050179891252175986467684330858598783887032262100137109926466652443578630334962549204381954211840.000000 -0.626500 -0.765756 0.362598 -0.121313 -0.689943 0.631586
VERTEX_POSE A646 0.606689 0.544018 37316738923474115733261719628800385799184125072574718531182175390581577988623128776844964764147918527234058057349660137317923228681926050302090253616151384153984071959032999133593159702126970020036608.000000 0.192741 0.504984 -0.130560 -0.836589 -0.972525 0.212391
VERTEX_POSE A647 -0.392370 -0.429211 11205294301008883400795894096538988166876201411612807204459531521051284459716759433769996196536972579635688237639882065049189615830993792621637670142407004869394140045708931095103724558537205296819823145047103932839059232640303185013936903934243485253632.000000 0.233226 -0.292605 0.698802 -0.612743 0.676226 0.734117
VERTEX_POSE A648 0.442621 -0.742692 0.000000 -0.368067 0.547933 -0.568361 0.506811 0.735862 0.665516
VERTEX_POSE A649 0.893406 0.317191 0.000000 0.183100 -0.969472 -0.339160 -0.218000 0.922738 0.112246
VERTEX_POSE A650 0.836298 -0.412461 0.000000 -0.421941 0.876839 0.710480 0.477711 0.563190 0.054280
VERTEX_POSE A651 -0.405313 -0.908769 0.000000 -0.433350 0.021941 -0.139638 -0.989265 -0.890342 0.144473
VERTEX_POSE A652 0.467492 0.857882 4929769663206434556756106719243555299427331264920697598914398212614809753906777867120299571615017338617576122701945747643448804104216760760224974570994337550469578604739210972496564047081459696452671373312.000000 0.832489 0.020398 0.547426 0.123685 -0.085363 0.992112
VERTEX_POSE A653 0.883784 -0.458875 254736390291291889030922121258850660424501441023379822259963935954914725725432940630493166131664627692932379993406330093364458701043890969258665463427181890508822414413552810983424.000000 0.441254 0.527451 -0.777750 -0.178808 0.447661 -0.830556
VERTEX_POSE A654 0.868667 0.378800 0.000000 -0.221632 0.575259 0.904812 0.422385 -0.363585 0.700477
VERTEX_POSE A655 0.435708 -0.890868 20501866451337168053189560792064226319547775958351486434605468436284037989645490279678039395484825527040722291151541508450190370438103211413438508882310610343659748866787619270098045783142774385055450559223531831296.000000 0.342362 -0.936854 0.590985 0.273765 0.730428 0.217615
VERTEX_POSE A656 -0.689067 0.719228 54516411287282881103620573661049282232049455624225566907766293486944114775489419510216473978623760465169262049097688632643007058210239961430227364061010573877892109631258095084661486834624878580594535132737235168202608021438567414343105260856279040.000000 0.815765 0.559693 0.084336 -0.364573 0.572202 -0.744198
VERTEX_POSE A657 -0.540262 -0.591557 142717957228170451229169223632419449712023085313770128632411546919873682261239807686955431172197865275394498470016097032557935271454908504114485378486968050179891252175986467684330858598783887032262100137109926466652443578630334962549204381954211840.000000 -0.577454 0.510657 0.752411 0.635720 0.316897 -0.578870
VERTEX_POSE A658 -0.236089 -0.681565 37316738923474115733261719628800385799184125072574718531182175390581577988623128776844964764147918527234058057349660137317923228681926050302090253616151384153984071959032999133593159702126970020036608.000000 -0.908650 0.412709 -0.407947 -0.845000 0.089080 0.340068
VERTEX_POSE A659 0.729999 -0.594854 11205294328321070517871777203170061101670473348717737292665491346034356456702255959871017161488758874405574612522922978839892168697354324196910589511575311259741219914514696540793128190001973955914613390336944638931650754357308488975440489382850726985728.000000 -0.641555 -0.610589 -0.390068 -0.261516 0.660495 -0.747523
VERTEX_POSE A660 0.537498 0.597999 1.000000 0.758308 -0.105951 0.432128 0.820469 0.488093 -0.561787
VERTEX_POSE A661 -0.772890 0.067379 0.000000 0.173676 -0.256197 0.618316 -0.723161 0.766500 0.641405
VERTEX_POSE A662 0.678128 -0.729444 0.000000 -0.239901 -0.460969 0.504912 0.692430 0.829163 -0.555021
VERTEX_POSE A663 0.577505 0.453347 0.000000 0.242155 0.176589 -0.941372 -0.195304 -0.234905 0.964714
VERTEX_POSE A664 0.862298 -0.233549 4929769663206434556756106719243555299427331264920697598914398212614809753906777867120299571615017338617576122701945747643448804104216760760224974570994337550469578604739210972496564047081459696452671373312.000000 0.812210 -0.579991 -0.121450 -0.273167 -0.570583 -0.767457
VERTEX_POSE A665 0.494721 0.577989 254736390291291889030922121258850660424501441023379822259963935954914725725432940630493166131664627692932379993406330093364458701043890969258665463427181890508822414413552810983424.000000 0.693944 -0.683412 0.479387 0.203610 -0.537242 -0.701065
VERTEX_POSE A666 -0.470885 0.526829 0.000000 -0.511162 -0.360092 -0.011079 -0.905167 0.859413 -0.225844
VERTEX_POSE A667 0.536482 -0.465742 20501866451337168053189560792064226319547775958351486434605468436284037989645490279678039395484825527040722291151541508450190370438103211413438508882310610343659748866787619270098045783142774385055450559223531831296.000000 0.419898 0.623671 0.216762 0.636540 0.881306 -0.453709
VERTEX_POSE A668 -0.571624 -0.605858 54516411287282881103620573661049282232049455624225566907766293486944114775489419510216473978623760465169262049097688632643007058210239961430227364061010573877892109631258095084661486834624878580594535132737235168202608021438567414343105260856279040.000000 -0.023400 0.155252 -0.665676 0.734607 -0.745874 -0.660491
VERTEX_POSE A669 0.610095 -0.764780 142717957228170451229169223632419449712023085313770128632411546919873682261239807686955431172197865275394498470016097032557935271454908504114485378486968050179891252175986467684330858598783887032262100137109926466652443578630334962549204381954211840.000000 0.421739 0.739400 -0.775335 -0.006003 -0.470098 0.673239
VERTEX_POSE A670 -0.119768 -0.951734 37316738923474115733261719628800385799184125072574718531182175390581577988623128776844964764147918527234058057349660137317923228681926050302090253616151384153984071959032999133593159702126970020036608.000000 -0.313081 0.167926 -0.924026 -0.281280 -0.219444 0.944819
VERTEX_POSE A671 -0.684719 0.285297 11205294355633257634947660309801134036464745285822667380871451171017428453687752485972038126440545169175460987405963892630594721563714855772183508880743617650088299783320461986482531821466742615009403635626785345024242276074313792936944074831457968717824.000000 0.592976 -0.766000 0.528891 0.138053 0.607168 0.627841
VERTEX_POSE A672 0.603682 -0.479183 1.000000 -0.077489 -0.983674 0.792925 0.037949 -0.604371 0.175910
VERTEX_POSE A673 -0.632315 -0.774534 0.000000 -0.657536 -0.058729 0.311446 -0.928978 0.686038 0.365446
VERTEX_POSE A674 -0.159690 -0.651854 0.000000 0.131771 -0.367604 0.749016 0.645246 -0.649316 0.669720
VERTEX_POSE A675 0.565453 -0.675971 0.000000 0.625235 -0.642030 0.461411 -0.154437 0.629429 0.750964
VERTEX_POSE A676 -0.673583 0.702039 4929769663206434556756106719243555299427331264920697598914398212614809753906777867120299571615017338617576122701945747643448804104216760760224974570994337550469578604739210972496564047081459696452671373312.000000 0.368330 -0.918225 0.668785 0.152917 -0.645802 -0.365347
VERTEX_POSE A677 -0.639999 -0.710434 254736390291291889030922121258850660424501441023379822259963935954914725725432940630493166131664627692932379993406330093364458701043890969258665463427181890508822414413552810983424.000000 0.808449 0.546849 -0.046831 0.428372 -0.586700 0.719343
VERTEX_POSE A678 -0.591926 -0.252682 0.000000 -0.479462 -0.877546 -0.197807 0.102100 0.854979 -0.468496
VERTEX_POSE A679 0.159441 0.894112 20501866451337168053189560792064226319547775958351486434605468436284037989645490279678039395484825527040722291151541508450190370438103211413438508882310610343659748866787619270098045783142774385055450559223531831296.000000 0.284374 0.374805 -0.570904 0.805630 0.770195 0.458784
VERTEX_POSE A680 -0.692387 0.721432 54516411287282881103620573661049282232049455624225566907766293486944114775489419510216473978623760465169262049097688632643007058210239961430227364061010573877892109631258095084661486834624878580594535132737235168202608021438567414343105260856279040.000000 -0.288427 -0.447052 -0.945190 0.274290 -0.153056 -0.851416
VERTEX_POSE A681 -0.620051 -0.586629 142717957228170451229169223632419449712023085313770128632411546919873682261239807686955431172197865275394498470016097032557935271454908504114485378486968050179891252175986467684330858598783887032262100137109926466652443578630334962549204381954211840.000000 0.633558 -0.076432 -0.217129 -0.972683 0.742603 -0.219194
VERTEX_POSE A682 0.323112 -0.888071 37316738923474115733261719628800385799184125072574718531182175390581577988623128776844964764147918527234058057349660137317923228681926050302090253616151384153984071959032999133593159702126970020036608.000000 -0.018335 -0.037055 0.419950 -0.907177 0.907362 0.419115
VERTEX_POSE A683 0.547823 0.457274 170579312608294397288425562476781478657348116557409361067516113173529313554748649852649210474915032992695019659618577779349752939921984615483773778965161769930218126055639616659548900788495293435291430151545253289952454459654116247582160622041547392834294584737033988603904.000000 -0.317343 0.734722 -0.804959 -0.542942 0.501332 -0.406691
VERTEX_POSE A684 0.966747 0.057122 0.000000 -0.779765 -0.623123 0.315768 -0.307712 0.540608 -0.719049
VERTEX_POSE A685 0.217163 0.331411 0.000000 0.723912 -0.078097 0.450759 0.805710 0.522271 -0.587139
VERTEX_POSE A686 0.116401 -0.966462 0.000000 0.777658 0.556389 0.360028 -0.775810 -0.515391 0.297574
VERTEX_POSE A687 0.842053 -0.026193 0.000000 -0.107867 -0.327006 0.294087 0.891597 0.949672 -0.313245
VERTEX_POSE A688 0.009404 0.709513 0.000000 -0.309273 -0.069242 0.938130 -0.185571 0.155761 0.980188
VERTEX_POSE A689 -0.979161 -0.136426 0.756836 0.037870 -0.993093 -0.613246 0.064649 0.788983 0.097916
VERTEX_POSE A690 0.952388 0.060109 0.000000 0.606415 -0.677784 0.490927 0.730472 0.625501 0.083789
VERTEX_POSE A691 0.236978 0.470892 0.000000 -0.316291 0.026323 -0.695644 0.673219 -0.645011 -0.738974
VERTEX_POSE A692 -0.862178 0.434961 48282.085574 0.340685 0.921150 -0.360795 0.312936 -0.868194 0.231419
VERTEX_POSE A693 0.080734 0.624094 16668.777887 0.487183 -0.762755 -0.037611 0.468196 -0.872490 -0.446092
VERTEX_POSE A694 -0.105211 0.109899 11681.952872 -0.430427 0.719792 -0.668942 0.150733 0.606011 0.677627
VERTEX_POSE A695 0.778846 0.627076 11681.952872 0.899408 0.359415 0.400175 -0.448085 0.175856 -0.818560
VERTEX_POSE A696 -0.674786 0.374792 4064.803809 -0.435969 0.355974 -0.139861 -0.934088 -0.889027 -0.027616
VERTEX_POSE A697 0.342746 -0.603767 2741.249358 -0.908202 0.418191 0.320861 0.721582 0.268732 0.551756
VERTEX_POSE A698 0.682289 0.727981 2231.446153 -0.550993 0.128875 -0.545601 0.691960 -0.631448 -0.710340
VERTEX_POSE A699 -0.371651 0.424615 2231.446153 0.450497 -0.512327 -0.586510 0.447604 -0.673096 -0.732920
VERTEX_POSE A700 0.141246 -0.740581 1301.860409 0.645201 0.233167 -0.737423 -0.058992 -0.199806 0.970646
VERTEX_POSE A701 -0.202513 -0.671189 1205.958222 -0.091817 0.502567 0.359628 -0.788292 -0.928567 -0.354995
VERTEX_POSE A702 -0.576679 -0.233612 1121.059917 0.737981 0.577126 0.662317 -0.520143 0.129306 -0.629585
VERTEX_POSE A703 -0.802513 0.341463 1121.059917 -0.600419 -0.140294 0.774933 0.140975 -0.197425 0.980022
VERTEX_POSE A704 0.056102 -0.893648 713.245026 -0.181974 0.759883 -0.289897 -0.647917 -0.939599 0.052735
VERTEX_POSE A705 0.458532 0.419201 650.586875 0.553781 -0.829231 -0.297003 -0.281438 -0.777892 -0.482875
VERTEX_POSE A706 -0.663770 0.368549 650.586875 -0.372223 0.750153 0.678213 -0.182176 -0.633623 -0.635674
VERTEX_POSE A707 0.062783 -0.839642 486.551768 0.040082 0.849075 -0.956450 0.185148 -0.289131 -0.494765
VERTEX_POSE A708 0.774714 0.579987 436.995702 -0.069787 -0.996119 -0.680573 0.086854 0.729349 -0.014267
VERTEX_POSE A709 -0.173947 -0.187459 372.674883 -0.340957 -0.938329 0.791766 -0.319509 -0.506808 0.132109
VERTEX_POSE A710 -0.465665 -0.657802 372.674883 -0.537363 -0.843183 -0.381105 0.224960 -0.752329 0.488299
VERTEX_POSE A711 0.537867 0.320834 334.376946 0.618931 0.273954 0.567092 0.492580 0.543444 -0.826023
VERTEX_POSE A712 0.035299 -0.151905 323.810960 0.162684 0.716847 0.549786 -0.636440 -0.819310 -0.284735
VERTEX_POSE A713 0.438373 -0.885864 295.400159 -0.568862 0.776665 0.169995 0.432877 -0.804672 -0.457613
VERTEX_POSE A714 0.359692 0.494868 295.400159 -0.288722 -0.665601 -0.940315 0.332378 -0.180133 -0.668207
VERTEX_POSE A715 -0.175876 0.868532 261.923434 0.801865 -0.103651 -0.293910 -0.925877 -0.520221 0.363329
VERTEX_POSE A716 -0.520388 0.853330 253.079038 0.625417 -0.714443 -0.287354 -0.584690 -0.725452 -0.384328
VERTEX_POSE A717 -0.387241 -0.202418 226.150203 -0.663859 0.424810 -0.468963 -0.877553 -0.582550 0.222343
VERTEX_POSE A718 -0.296647 -0.162761 208.039147 -0.757754 -0.502186 0.130707 -0.742411 -0.639315 0.443436
VERTEX_POSE A719 -0.923017 0.301692 190.052881 -0.783188 0.608899 0.548987 0.772254 -0.291942 -0.181288
VERTEX_POSE A720 -0.247265 0.422793 169.331815 -0.701643 0.061249 -0.141579 -0.988417 -0.698322 0.138853
VERTEX_POSE A721 -0.473136 0.732534 169.331815 -0.702934 -0.049910 -0.662831 -0.315808 0.257951 -0.947510
VERTEX_POSE A722 0.695089 -0.461850 148.456003 -0.661051 0.565915 -0.064479 -0.697048 0.747566 0.440300
VERTEX_POSE A723 -0.526819 0.194251 148.456003 -0.205203 0.845367 0.330713 0.534175 -0.921152 0.003459
VERTEX_POSE A724 0.546276 0.777604 138.704178 -0.442809 0.874895 0.528579 0.431443 0.724241 0.220037
VERTEX_POSE A725 -0.516142 0.605227 138.704178 0.796690 -0.577883 -0.525117 -0.516832 -0.299227 -0.631614
VERTEX_POSE A726 -0.350694 -0.922658 136.576266 0.561560 0.629029 -0.776843 0.177114 -0.284896 0.756937
VERTEX_POSE A727 0.745038 -0.378626 134.562401 0.823656 -0.522862 0.547110 0.630799 -0.149202 -0.573331
VERTEX_POSE A728 0.523389 -0.802804 130.572085 -0.018459 -0.867962 -0.761139 -0.309667 -0.648326 0.388264
VERTEX_POSE A729 -0.489024 -0.008517 121.862635 -0.876661 0.460310 -0.471051 -0.880388 -0.097858 0.114161
VERTEX_POSE A730 0.019269 -0.739402 121.862635 -0.193041 0.816757 -0.496951 -0.559206 0.846035 -0.142111
VERTEX_POSE A731 -0.999533 0.001728 114.444297 -0.719170 -0.329818 -0.618680 -0.096680 -0.316276 0.939081
VERTEX_POSE A732 0.770351 -0.363400 105.088141 -0.297866 -0.900389 -0.371557 -0.196667 0.879330 -0.388101
VERTEX_POSE A733 0.424337 -0.321119 105.088141 -0.983731 0.178078 0.123069 0.764161 -0.130873 -0.619957
VERTEX_POSE A734 -0.174601 -0.937667 99.927079 -0.420067 -0.874052 0.125261 -0.322234 -0.898807 0.363590
VERTEX_POSE A735 -0.421739 0.346986 99.927079 -0.712720 -0.087330 0.308418 0.852148 0.630007 -0.515962
VERTEX_POSE A736 -0.475120 -0.764837 98.153580 0.555090 -0.616901 -0.455650 0.335666 -0.695886 -0.711872
VERTEX_POSE A737 -0.240500 0.588490 97.497854 0.665213 0.352468 -0.683010 0.643403 -0.301645 -0.679558
VERTEX_POSE A738 0.789515 0.259603 89.724510 -0.164679 -0.952748 0.340114 0.188060 0.925853 -0.238547
VERTEX_POSE A739 -0.590711 0.567276 89.724510 0.677650 -0.454189 0.613781 -0.083864 0.405047 0.886949
VERTEX_POSE A740 0.120087 -0.491595 85.703930 0.670097 0.636129 -0.606442 0.172039 -0.428017 0.752159
VERTEX_POSE A741 -0.978637 0.087420 85.703930 0.515507 -0.025426 -0.111714 -0.993023 0.849572 -0.115149
VERTEX_POSE A742 0.867474 0.117270 82.795713 -0.512175 0.837285 -0.423376 -0.440004 0.747281 0.324576
VERTEX_POSE A743 -0.488349 0.386097 82.795713 0.349278 0.366571 0.936068 -0.177960 0.042211 0.913212
VERTEX_POSE A744 0.448844 0.416516 80.551084 -0.496282 0.492176 0.673455 -0.301608 0.547871 0.816575
VERTEX_POSE A745 0.330072 -0.899439 80.551084 0.518135 0.666674 0.120947 -0.677263 -0.846704 0.311223
VERTEX_POSE A746 0.299462 0.543174 78.940732 0.716145 0.425765 -0.613998 0.761096 0.331878 0.489343
VERTEX_POSE A747 -0.875944 -0.169378 75.952010 -0.653371 0.755859 0.741243 0.650079 0.153837 0.077938
VERTEX_POSE A748 0.674460 0.556782 69.509375 0.730592 -0.215665 -0.597556 -0.661050 -0.330398 0.718681
VERTEX_POSE A749 0.735763 -0.452359 69.509375 -0.066604 -0.216720 0.222937 0.948217 0.972555 -0.232200
VERTEX_POSE A750 -0.640109 -0.744597 62.100934 -0.292854 0.502238 0.094992 0.862010 0.951427 0.068527
VERTEX_POSE A751 -0.625231 0.648054 62.100934 0.845644 -0.500659 0.490243 0.591500 0.211065 0.632035
VERTEX_POSE A752 -0.711500 -0.686628 60.267065 -0.814526 0.547513 0.146029 0.513432 0.561447 0.660770
VERTEX_POSE A753 0.430818 -0.258327 60.267065 0.320964 -0.202604 0.330148 -0.891642 -0.887685 -0.404877
VERTEX_POSE A754 -0.122145 -0.451934 59.081139 0.977915 -0.131091 -0.139054 0.173343 0.156030 0.976098
VERTEX_POSE A755 0.611253 0.667184 59.081139 0.493102 0.838383 0.820734 -0.359746 -0.288523 0.409508
VERTEX_POSE A756 0.548035 -0.585946 57.842189 0.861876 0.019556 -0.482137 -0.278169 0.157206 -0.960333
VERTEX_POSE A757 0.726168 0.687469 57.131885 -0.614340 -0.663014 0.326079 0.280363 0.718512 -0.694124
VERTEX_POSE A758 0.559279 -0.280534 53.678035 -0.207845 0.789742 0.796540 0.479118 0.567737 -0.383086
VERTEX_POSE A759 0.260453 -0.833884 50.144786 0.307086 0.055555 -0.562062 0.816176 0.767974 0.575126
VERTEX_POSE A760 -0.502638 -0.796338 46.579390 -0.132508 -0.786845 -0.900472 0.349711 -0.414237 -0.508505
VERTEX_POSE A761 -0.603308 0.044374 46.579390 -0.225490 -0.545792 -0.961549 -0.008618 -0.156774 0.837876
VERTEX_POSE A762 0.515732 0.034933 46.579390 0.899978 -0.297731 -0.177386 0.417125 -0.398212 -0.858698
VERTEX_POSE A763 0.854560 0.050424 42.550086 -0.382998 0.749026 -0.811379 0.006977 -0.441562 -0.662504
VERTEX_POSE A764 0.461041 0.755531 42.550086 0.528902 0.552287 0.512041 0.397859 0.676813 -0.732589
VERTEX_POSE A765 -0.743854 0.043062 40.834954 -0.467755 -0.522796 0.683416 -0.725242 0.560489 0.448005
VERTEX_POSE A766 0.101200 -0.912766 40.339259 -0.544056 -0.539702 -0.065555 -0.735990 0.836484 -0.408706
VERTEX_POSE A767 0.987833 0.139408 36.117495 -0.706859 0.450806 -0.385682 -0.891608 0.592959 -0.042533
VERTEX_POSE A768 0.452915 -0.362445 33.900553 -0.548624 -0.830893 0.571568 -0.453823 -0.610182 0.321965
VERTEX_POSE A769 -0.776175 0.289226 31.956213 0.600630 -0.733780 -0.323868 -0.586372 -0.730995 -0.343125
VERTEX_POSE A770 -0.938124 0.240718 29.450726 0.337488 0.875752 0.731860 -0.474739 -0.592016 -0.087646
VERTEX_POSE A771 -0.094147 0.514536 27.025761 0.530008 -0.235759 0.602441 0.780704 -0.596788 0.578722
VERTEX_POSE A772 -0.573406 -0.486077 27.025761 0.121936 0.892640 0.444843 0.341705 -0.887269 0.293992
VERTEX_POSE A773 -0.667646 -0.189295 27.025761 0.000400 0.523686 0.715961 0.594603 -0.698140 0.610082
VERTEX_POSE A774 0.221891 -0.149252 25.979791 0.429034 -0.567673 -0.577932 0.425294 -0.694208 -0.704892
VERTEX_POSE A775 0.676375 0.735367 25.634614 -0.793254 -0.396008 0.327294 -0.917858 0.513446 -0.026734
VERTEX_POSE A776 0.204291 -0.053732 24.258980 -0.956054 0.237502 0.173164 -0.015733 -0.236589 -0.971260
VERTEX_POSE A777 -0.719810 -0.684946 24.258980 -0.835233 -0.547360 0.548040 -0.836450 0.045139 0.027365
VERTEX_POSE A778 0.854613 -0.189795 23.388667 -0.855177 -0.341816 -0.488934 0.282368 -0.172092 0.896343
VERTEX_POSE A779 -0.518925 -0.278523 23.388667 -0.495360 0.540368 0.659347 0.743657 0.565579 -0.393670
VERTEX_POSE A780 -0.632248 -0.721424 22.903657 -0.698051 0.387604 -0.199721 -0.912848 -0.687631 -0.128343
VERTEX_POSE A781 0.769104 -0.628418 21.839216 -0.779906 -0.070165 0.268048 0.860515 0.565594 -0.504569
VERTEX_POSE A782 0.382673 -0.887057 20.059568 0.930491 0.160338 -0.303832 0.840071 0.204630 0.518239
VERTEX_POSE A783 -0.735809 -0.123586 20.059568 -0.030483 -0.954465 -0.995817 0.003416 -0.086131 0.298304
VERTEX_POSE A784 0.363285 0.887068 17.408512 0.021869 -0.771736 0.875826 0.321361 -0.482131 0.548772
VERTEX_POSE A785 -0.897616 0.251331 17.408512 -0.239518 0.891963 0.559154 0.449599 -0.793712 0.047567
VERTEX_POSE A786 -0.694235 -0.293061 16.777803 -0.521652 -0.653338 0.834422 -0.524737 -0.177817 -0.545711
VERTEX_POSE A787 0.019779 -0.920775 15.961327 -0.914440 -0.404721 0.179301 -0.407222 0.362838 -0.818762
VERTEX_POSE A788 0.633530 -0.690084 15.213488 -0.623148 0.357906 -0.573992 -0.813238 -0.531244 0.458854
VERTEX_POSE A789 0.316784 0.643928 15.213488 -0.501463 0.586423 0.557765 -0.342933 -0.661387 -0.733829
VERTEX_POSE A790 -0.422483 -0.418512 14.050514 0.499775 -0.725160 -0.777301 -0.134224 0.382136 0.675372
VERTEX_POSE A791 -0.886394 0.005575 13.404269 -0.692513 -0.711543 0.015835 0.149758 0.721232 -0.686498
VERTEX_POSE A792 0.650576 -0.579555 12.748504 0.646410 0.262127 0.309425 -0.948501 0.697431 0.177865
VERTEX_POSE A793 0.751858 0.400419 12.748504 -0.340987 0.510186 -0.568487 -0.780847 0.748699 -0.360538
VERTEX_POSE A794 -0.740943 0.571212 11.814831 -0.832442 -0.437446 0.486532 -0.870788 -0.265192 -0.224432
VERTEX_POSE A795 0.462534 0.815318 11.325414 0.579529 -0.697304 -0.685921 -0.696842 -0.440067 0.167862
VERTEX_POSE A796 -0.657163 0.290777 11.325414 -0.735951 -0.662824 -0.004410 -0.199113 0.677020 -0.721816
VERTEX_POSE A797 -0.113014 -0.950175 11.182210 0.838175 -0.375529 0.135610 0.845922 0.528273 0.378675
VERTEX_POSE A798 -0.188862 0.106086 10.354360 0.266957 -0.546607 -0.954153 -0.265605 0.135374 -0.794150
VERTEX_POSE A799 0.600004 0.799464 9.743591 -0.749403 -0.660029 -0.465597 0.468940 -0.470760 0.586904
VERTEX_POSE A800 -0.503650 0.349231 9.743591 0.060555 -0.481869 0.805510 0.540780 0.589480 -0.689462
VERTEX_POSE A801 0.831394 -0.052630 8.890682 -0.991743 -0.114210 -0.105098 0.463266 0.073483 -0.878829
VERTEX_POSE A802 0.968443 -0.058708 8.525841 -0.740275 -0.315513 -0.574966 0.754765 -0.348436 -0.575136
VERTEX_POSE A803 -0.097515 0.805133 8.222006 0.672917 -0.549752 -0.659566 -0.748833 -0.334897 0.370164
VERTEX_POSE A804 0.668877 0.743083 7.911976 -0.577486 0.671032 -0.575671 -0.738569 0.578889 -0.065057
VERTEX_POSE A805 -0.467692 0.442358 7.466884 -0.507338 0.561226 0.311070 -0.588415 0.803644 0.582060
VERTEX_POSE A806 -0.456080 0.852642 7.248039 -0.595048 -0.681722 -0.056873 -0.492566 -0.801675 0.540956
VERTEX_POSE A807 -0.849247 -0.502618 7.248039 0.308463 -0.571132 0.921991 0.376280 0.234059 -0.729535
