VERTEX_POSE A0 0.991981 0.082452 0.000000 0.095787 -0.726470 0.991981 0.013040 0.082452 0.687074
VERTEX_POSE A1 0.013040 0.687074 0.000000 -0.575173 0.805229 -0.679162 -0.371827 0.455977 0.461899
VERTEX_POSE A2 -0.679162 0.455977 0.000000 0.303610 0.899190 -0.668785 0.436658 0.678637 0.028038
VERTEX_POSE A3 -0.371827 0.461899 0.000000 -0.803927 -0.055069 0.162124 0.937701 -0.572204 0.343051
VERTEX_POSE A4 -0.668785 0.678637 0.000000 -0.604601 0.268143 -0.607228 -0.764561 0.515492 -0.586128
VERTEX_POSE A5 0.436658 0.028038 0.000000 0.648368 -0.692521 -0.142336 -0.518370 -0.747904 -0.501704
VERTEX_POSE A6 0.162124 -0.572204 0.000000 0.530792 0.756648 -0.186456 0.543679 0.826737 -0.363176
VERTEX_POSE A7 0.937701 0.343051 0.000000 -0.914229 -0.361587 -0.405005 0.801538 -0.012486 0.476227
VERTEX_POSE A8 -0.607228 0.515492 0.000000 -0.818765 0.574114 -0.201327 -0.293812 0.537672 0.764243
VERTEX_POSE A9 -0.764561 -0.586128 0.000000 -0.258088 -0.834837 -0.707790 -0.179186 -0.657589 0.520519
VERTEX_POSE A10 -0.142336 -0.747904 0.000000 -0.554222 -0.529585 0.692525 0.134639 0.461788 -0.837503
VERTEX_POSE A11 -0.518370 -0.501704 0.000000 0.345747 0.881536 0.778129 -0.077895 0.524380 -0.465647
VERTEX_POSE A12 -0.186456 0.826737 0.000000 -0.975508 -0.179414 -0.217784 0.869062 0.030905 0.461022
VERTEX_POSE A13 0.543679 -0.363176 0.000000 -0.572272 -0.047819 -0.293116 -0.920423 -0.765890 0.387988
VERTEX_POSE A14 -0.405005 -0.012486 0.000000 0.953872 0.284489 0.279709 -0.726146 -0.109049 0.625922
VERTEX_POSE A15 0.801538 0.476227 0.000000 -0.889753 -0.384828 -0.036977 0.596757 -0.454943 0.704122
VERTEX_POSE A16 -0.201327 0.537672 0.000000 -0.496135 -0.316198 -0.693954 -0.415301 0.521802 -0.852962
VERTEX_POSE A17 -0.293812 0.764243 0.000000 0.132110 -0.824923 0.849176 0.380195 0.511319 -0.418274
VERTEX_POSE A18 -0.707790 -0.657589 0.000000 -0.242626 -0.187465 -0.861689 0.492386 0.445674 0.849949
VERTEX_POSE A19 -0.179186 0.520519 0.000000 -0.109897 0.901730 0.281599 -0.375164 0.953218 0.214791
VERTEX_POSE A20 0.692525 0.461788 0.000000 -0.788890 -0.589173 0.342197 -0.657312 0.510444 -0.469911
VERTEX_POSE A21 0.134639 -0.837503 0.000000 0.355440 -0.766752 0.469539 -0.348039 0.808205 0.539408
VERTEX_POSE A22 0.778129 0.524380 0.000000 -0.797211 0.322534 0.071046 -0.789321 -0.599506 -0.522440
VERTEX_POSE A23 -0.077895 -0.465647 0.000000 -0.335207 0.249015 -0.769822 -0.628393 0.543148 -0.736962
VERTEX_POSE A24 -0.217784 0.030905 0.000000 0.220732 0.337564 -0.625646 -0.670733 -0.748228 0.660430
VERTEX_POSE A25 0.869062 0.461022 0.000000 0.101833 0.397713 0.380554 -0.862461 0.919135 0.313025
VERTEX_POSE A26 -0.293116 -0.765890 0.000000 0.378721 -0.793937 -0.811543 -0.037808 0.444936 0.606824
VERTEX_POSE A27 -0.920423 0.387988 0.000000 -0.425535 0.654904 0.508440 -0.397867 -0.748604 -0.642497
VERTEX_POSE A28 0.279709 -0.109049 0.000000 0.927984 0.188535 -0.207996 -0.453570 0.309165 -0.871050
VERTEX_POSE A29 -0.726146 0.625922 0.000000 -0.560230 -0.006167 -0.443352 -0.842450 -0.699701 0.538740
VERTEX_POSE A30 -0.036977 -0.454943 0.000000 -0.768585 0.112444 0.188274 0.980593 -0.611417 0.160606
VERTEX_POSE A31 0.596757 0.704122 0.000000 0.911548 -0.155461 0.366509 0.726882 -0.186414 0.668935
VERTEX_POSE A32 -0.693954 0.521802 0.000000 -0.864548 -0.502422 -0.252075 0.413966 0.434759 -0.759081
VERTEX_POSE A33 -0.415301 -0.852962 0.000000 0.774469 0.472805 0.384357 -0.879381 -0.502461 0.056076
VERTEX_POSE A34 0.849176 0.511319 0.000000 0.391598 -0.306367 -0.594270 -0.804112 0.702491 -0.509454
VERTEX_POSE A35 0.380195 -0.418274 0.000000 -0.367280 0.623258 0.930062 0.238554 0.009453 0.744743
VERTEX_POSE A36 -0.861689 0.445674 0.000000 0.507280 0.425746 -0.755050 0.638679 -0.415411 -0.640960
VERTEX_POSE A37 0.492386 0.849949 0.000000 0.952012 0.234051 0.306020 -0.738559 0.005053 0.632258
VERTEX_POSE A38 0.281599 0.953218 0.000000 0.732683 -0.240618 0.653848 0.508416 0.188834 -0.826811
VERTEX_POSE A39 -0.375164 0.214791 0.000000 -0.251903 -0.461875 -0.395243 -0.753028 -0.883362 0.468637
VERTEX_POSE A40 0.342197 0.510444 0.000000 -0.137281 -0.728772 0.949878 -0.288897 0.280866 0.620830
VERTEX_POSE A41 -0.657312 -0.469911 0.000000 0.868284 0.270004 -0.429051 0.829825 0.248995 0.488352
VERTEX_POSE A42 0.469539 0.808205 0.000000 -0.857414 0.057277 -0.433107 -0.617068 -0.277957 0.784823
VERTEX_POSE A43 -0.348039 0.539408 0.000000 0.140185 -0.787696 -0.575682 0.428107 -0.805567 -0.443013
VERTEX_POSE A44 0.071046 -0.599506 0.000000 0.795990 0.429835 -0.414560 0.900163 -0.441066 -0.070347
VERTEX_POSE A45 -0.789321 -0.522440 0.000000 0.293168 -0.744147 0.495570 0.655185 0.817596 -0.130296
VERTEX_POSE A46 -0.769822 0.543148 0.000000 -0.377384 0.824480 0.230652 0.524684 -0.896873 -0.211988
VERTEX_POSE A47 -0.628393 -0.736962 0.000000 0.342264 -0.156762 0.691647 0.709415 -0.635987 0.687136
VERTEX_POSE A48 -0.625646 -0.748228 0.000000 0.922441 0.121759 -0.297299 0.829521 0.246405 0.545040
VERTEX_POSE A49 -0.670733 0.660430 0.000000 0.813849 0.574532 -0.472728 0.741670 -0.337902 0.346178
VERTEX_POSE A50 0.380554 0.919135 0.000000 0.002945 0.978486 -0.854675 -0.104636 0.519156 -0.177810
VERTEX_POSE A51 -0.862461 0.313025 0.000000 0.504646 -0.183467 0.835967 -0.140203 -0.215618 -0.972976
VERTEX_POSE A52 -0.811543 0.444936 0.000000 0.547155 0.532873 0.827720 -0.229752 0.124501 -0.814408
VERTEX_POSE A53 -0.037808 0.606824 0.000000 -0.568942 -0.426083 0.415757 0.588934 0.709543 -0.686738
VERTEX_POSE A54 0.508440 -0.748604 0.000000 -0.811685 -0.125676 0.554562 -0.472414 0.183378 0.872371
VERTEX_POSE A55 -0.397867 -0.642497 0.000000 0.486497 -0.702790 0.304535 0.693236 -0.818889 -0.159717
VERTEX_POSE A56 -0.207996 0.309165 0.000000 0.414125 0.262583 0.511681 -0.859032 0.752783 0.439448
VERTEX_POSE A57 -0.453570 -0.871050 0.000000 0.203315 -0.686940 0.388512 -0.597476 -0.898733 -0.413685
VERTEX_POSE A58 -0.443352 -0.699701 0.000000 0.659494 -0.531109 -0.747909 -0.534673 0.075495 -0.657303
VERTEX_POSE A59 -0.842450 0.538740 0.000000 -0.633797 0.695279 0.467106 -0.005245 0.616533 0.718721
VERTEX_POSE A60 0.188274 -0.611417 0.000000 -0.608363 0.763877 -0.708453 -0.400347 0.357755 0.506177
VERTEX_POSE A61 0.980593 0.160606 0.000000 0.941279 0.124932 0.053405 0.862232 -0.333378 0.490865
VERTEX_POSE A62 0.366509 -0.186414 0.000000 -0.180951 0.315914 -0.618400 -0.772923 -0.764747 0.550261
VERTEX_POSE A63 0.726882 0.668935 0.000000 0.842143 -0.109279 0.349150 -0.635785 0.410962 0.764091
VERTEX_POSE A64 -0.252075 0.434759 0.000000 0.793717 0.604431 0.464683 -0.529943 -0.392534 0.594831
VERTEX_POSE A65 0.413966 -0.759081 0.000000 -0.634126 0.330006 0.617329 0.760633 -0.465605 0.559047
VERTEX_POSE A66 0.384357 -0.502461 0.000000 0.701828 0.709306 -0.700564 0.670557 -0.129023 0.217344
VERTEX_POSE A67 -0.879381 0.056076 0.000000 -0.708908 -0.490121 -0.252620 -0.494942 0.658508 -0.717505
VERTEX_POSE A68 -0.594270 0.702491 0.000000 -0.288735 -0.273772 0.760036 -0.648268 0.582217 0.710491
VERTEX_POSE A69 -0.804112 -0.509454 0.000000 0.466024 -0.067483 0.752258 0.555102 -0.465757 0.829041
VERTEX_POSE A70 0.930062 0.009453 0.000000 -0.697567 -0.711253 -0.629617 0.666226 0.342028 -0.224193
VERTEX_POSE A71 0.238554 0.744743 0.000000 0.160054 0.627821 0.651005 0.512929 -0.742008 0.585445
VERTEX_POSE A72 -0.755050 -0.415411 0.000000 0.815465 -0.311243 0.184773 0.938984 -0.548521 -0.146411
VERTEX_POSE A73 0.638679 -0.640960 0.000000 0.515409 0.490918 0.524612 0.467346 -0.677595 0.735246
VERTEX_POSE A74 0.306020 0.005053 0.000000 0.539578 -0.405947 -0.813880 -0.027217 -0.215534 -0.913491
VERTEX_POSE A75 -0.738559 0.632258 0.000000 0.769252 0.454660 -0.239198 -0.446593 0.592482 -0.770610
VERTEX_POSE A76 0.653848 0.188834 0.000000 -0.731206 0.179656 -0.515089 0.487065 0.447237 0.854688
VERTEX_POSE A77 0.508416 -0.826811 0.000000 -0.610207 0.372828 -0.291138 -0.926137 0.736808 -0.057181
VERTEX_POSE A78 -0.395243 -0.883362 0.000000 -0.467334 -0.868202 -0.825080 0.496083 -0.317555 -0.011234
VERTEX_POSE A79 -0.753028 0.468637 0.000000 0.708287 -0.403010 0.094286 0.867673 -0.699600 -0.291076
VERTEX_POSE A80 0.949878 0.280866 0.000000 0.549931 0.827389 0.812669 -0.561584 -0.192731 -0.007131
VERTEX_POSE A81 -0.288897 0.620830 0.000000 0.837647 0.267694 0.545935 -0.382588 -0.017375 0.884288
VERTEX_POSE A82 -0.429051 0.248995 0.000000 0.355355 -0.920836 -0.688542 -0.141692 -0.632165 -0.363296
VERTEX_POSE A83 0.829825 0.488352 0.000000 0.445913 0.667508 -0.006534 -0.663775 -0.895052 0.337397
VERTEX_POSE A84 -0.433107 -0.277957 0.000000 -0.148688 -0.555312 -0.459061 -0.694119 0.875874 -0.458069
VERTEX_POSE A85 -0.617068 0.784823 0.000000 -0.244723 0.520877 -0.965306 -0.051657 0.091080 0.852067
VERTEX_POSE A86 -0.575682 -0.805567 0.000000 0.509818 -0.461125 -0.496363 0.531845 0.702644 0.710285
VERTEX_POSE A87 0.428107 -0.443013 0.000000 0.334038 0.622142 -0.931028 0.334934 0.146987 0.707643
VERTEX_POSE A88 -0.414560 -0.441066 0.000000 0.628228 0.048473 0.069261 -0.997579 -0.774940 -0.049863
VERTEX_POSE A89 0.900163 -0.070347 0.000000 0.782667 -0.312224 0.610536 0.553468 -0.121151 0.772133
VERTEX_POSE A90 0.495570 0.817596 0.000000 0.173093 0.060037 0.977996 -0.128502 -0.116460 -0.989890
VERTEX_POSE A91 0.655185 -0.130296 0.000000 -0.313198 0.015701 -0.465324 0.869080 -0.827877 -0.494423
VERTEX_POSE A92 0.230652 -0.896873 0.000000 -0.794234 -0.438740 0.580527 -0.343683 0.179389 -0.830295
VERTEX_POSE A93 0.524684 -0.211988 0.000000 0.598242 -0.105478 -0.481963 0.744584 -0.640170 -0.659143
VERTEX_POSE A94 0.691647 -0.635987 0.000000 0.230841 0.932623 0.953377 -0.159856 0.194380 -0.323514
VERTEX_POSE A95 0.709415 0.687136 0.000000 0.260134 -0.273540 0.959477 0.180820 -0.108324 0.944712
VERTEX_POSE A96 -0.297299 0.246405 0.000000 0.344694 -0.375336 -0.000493 0.916512 0.938715 0.138304
VERTEX_POSE A97 0.829521 0.545040 0.000000 0.651243 -0.742658 0.613016 0.393649 0.447319 0.541756
VERTEX_POSE A98 -0.472728 -0.337902 0.000000 0.075156 0.126315 -0.843882 -0.520398 -0.531240 0.844530
VERTEX_POSE A99 0.741670 0.346178 0.000000 0.525163 0.543174 0.848918 -0.388212 0.059512 0.744482
VERTEX_POSE A100 -0.854675 0.519156 0.000000 0.883697 -0.458003 0.423071 0.869795 -0.200225 -0.183549
VERTEX_POSE A101 -0.104636 -0.177810 0.000000 0.635300 0.753295 0.716283 -0.492431 0.288673 -0.435956
VERTEX_POSE A102 0.835967 -0.215618 0.000000 0.205925 0.558952 0.821740 -0.544469 -0.531355 -0.625401
VERTEX_POSE A103 -0.140203 -0.972976 0.000000 0.014576 -0.990390 -0.764361 0.077641 -0.644624 -0.114457
VERTEX_POSE A104 0.827720 0.124501 0.000000 -0.509140 -0.305918 -0.665540 0.732609 0.545741 0.608028
VERTEX_POSE A105 -0.229752 -0.814408 0.000000 0.846841 0.468623 0.494932 -0.867485 -0.194685 -0.166920
VERTEX_POSE A106 0.415757 0.709543 0.000000 0.319549 -0.836593 -0.617221 0.172541 0.718976 0.519945
VERTEX_POSE A107 0.588934 -0.686738 0.000000 -0.316769 -0.724722 0.767335 -0.575023 0.557543 0.379641
VERTEX_POSE A108 0.554562 0.183378 0.000000 0.280597 -0.175062 0.699456 -0.636017 0.657287 0.751556
VERTEX_POSE A109 -0.472414 0.872371 0.000000 -0.494897 -0.867144 -0.676791 0.344226 0.545006 -0.359957
VERTEX_POSE A110 0.304535 -0.818889 0.000000 -0.768135 0.498408 0.357531 0.854647 -0.531169 -0.145493
VERTEX_POSE A111 0.693236 -0.159717 0.000000 0.532264 -0.013469 0.520571 -0.783289 -0.667608 -0.621512
VERTEX_POSE A112 0.511681 0.752783 0.000000 -0.141909 -0.081560 0.982464 -0.133365 -0.120940 -0.987705
VERTEX_POSE A113 -0.859032 0.439448 0.000000 0.353245 0.740825 -0.570912 0.654489 -0.741132 -0.151070
VERTEX_POSE A114 0.388512 -0.898733 0.000000 0.804770 0.577345 0.450616 -0.442984 -0.386383 0.685885
VERTEX_POSE A115 -0.597476 -0.413685 0.000000 0.815432 0.555491 -0.576370 0.805183 -0.053551 -0.207631
VERTEX_POSE A116 -0.747909 0.075495 0.000000 0.891201 -0.369745 -0.427488 -0.490871 -0.151703 -0.788881
VERTEX_POSE A117 -0.534673 -0.657303 0.000000 0.789900 0.489736 0.569567 -0.808950 0.227268 0.325205
VERTEX_POSE A118 0.467106 0.616533 0.000000 -0.367288 -0.257377 -0.155659 0.964408 -0.916990 -0.060619
VERTEX_POSE A119 -0.005245 0.718721 0.000000 0.697300 0.698889 0.383832 -0.176569 -0.605347 0.693093
VERTEX_POSE A120 -0.708453 0.357755 0.000000 0.858765 0.502766 0.503398 -0.792010 -0.095463 0.346332
VERTEX_POSE A121 -0.400347 0.506177 0.000000 0.121078 0.441107 -0.419435 0.834673 -0.899675 -0.329766
VERTEX_POSE A122 0.053405 -0.333378 0.000000 0.380431 0.800350 0.796990 -0.029566 -0.469126 0.598803
VERTEX_POSE A123 0.862232 0.490865 0.000000 0.628993 -0.777031 0.530429 0.451801 0.568342 0.438290
VERTEX_POSE A124 -0.618400 -0.764747 0.000000 -0.367723 -0.422361 -0.573129 0.804525 0.732327 0.417552
VERTEX_POSE A125 -0.772923 0.550261 0.000000 0.226628 -0.331702 -0.275622 0.879949 -0.934169 -0.340094
VERTEX_POSE A126 0.349150 0.410962 0.000000 -0.613256 -0.648568 0.760689 -0.638681 -0.212769 -0.414062
VERTEX_POSE A127 -0.635785 0.764091 0.000000 0.883308 0.451879 -0.411890 0.620978 -0.223860 0.640463
VERTEX_POSE A128 0.464683 -0.392534 0.000000 0.588471 0.725324 0.633836 -0.688156 -0.501950 -0.018618
VERTEX_POSE A129 -0.529943 0.594831 0.000000 -0.190414 0.910104 0.563363 0.408326 -0.803968 0.070575
VERTEX_POSE A130 0.617329 -0.465605 0.000000 -0.979067 -0.196215 0.152478 -0.883163 -0.134830 0.426054
VERTEX_POSE A131 0.760633 0.559047 0.000000 0.392286 -0.780287 -0.025468 0.520126 0.919490 0.347304
VERTEX_POSE A132 -0.700564 -0.129023 0.000000 0.856983 0.018052 -0.402993 -0.599439 0.321213 -0.800217
VERTEX_POSE A133 0.670557 0.217344 0.000000 0.283655 -0.324627 0.908783 0.391297 -0.306027 0.861106
VERTEX_POSE A134 -0.252620 0.658508 0.000000 0.569977 -0.723699 -0.123240 0.392880 -0.812366 -0.567367
VERTEX_POSE A135 -0.494942 -0.717505 0.000000 -0.476939 0.486516 0.571466 -0.461123 0.667799 0.742070
VERTEX_POSE A136 0.760036 0.582217 0.000000 0.777211 0.565315 0.384775 -0.079486 -0.497888 0.821037
VERTEX_POSE A137 -0.648268 0.710491 0.000000 0.094732 0.333427 -0.994802 0.067045 -0.037336 -0.940389
VERTEX_POSE A138 0.752258 -0.465757 0.000000 0.095587 -0.524858 0.522668 -0.696677 0.847161 0.489045
VERTEX_POSE A139 0.555102 0.829041 0.000000 0.507726 0.735653 0.138831 -0.583496 -0.850259 0.344016
VERTEX_POSE A140 -0.629617 0.342028 0.000000 -0.112806 -0.272203 -0.902258 -0.374768 0.416181 -0.886258
VERTEX_POSE A141 0.666226 -0.224193 0.000000 -0.785238 0.495312 -0.614044 -0.545668 0.079700 0.675953
VERTEX_POSE A142 0.651005 -0.742008 0.000000 0.334455 -0.521340 -0.941678 -0.152007 -0.037183 -0.839701
VERTEX_POSE A143 0.512929 0.585445 0.000000 -0.983941 -0.045687 0.066562 0.803049 -0.165621 0.594160
VERTEX_POSE A144 0.184773 -0.548521 0.000000 0.764686 0.238878 0.615750 0.003005 -0.190019 0.971045
VERTEX_POSE A145 0.938984 -0.146411 0.000000 0.691966 0.721415 0.215125 -0.242091 -0.689133 0.648808
VERTEX_POSE A146 0.524612 -0.677595 0.000000 -0.814819 -0.311939 0.565048 -0.615758 0.129581 0.723558
VERTEX_POSE A147 0.467346 0.735246 0.000000 -0.636157 -0.416284 -0.403471 -0.538184 0.657659 -0.732848
VERTEX_POSE A148 -0.813880 -0.215534 0.000000 0.713498 0.275611 0.321555 0.688041 -0.622513 0.671296
VERTEX_POSE A149 -0.027217 -0.913491 0.000000 -0.372643 0.277003 0.028723 0.957395 -0.927530 -0.081640
VERTEX_POSE A150 -0.239198 0.592482 0.000000 -0.997085 -0.075878 -0.025688 0.431904 -0.071838 0.898722
VERTEX_POSE A151 -0.446593 -0.770610 0.000000 -0.090986 -0.909323 -0.625081 -0.265242 0.775239 -0.320590
VERTEX_POSE A152 -0.515089 0.447237 0.000000 -0.505002 0.709533 -0.758630 -0.636451 0.411648 -0.302480
VERTEX_POSE A153 0.487065 0.854688 0.000000 -0.211844 0.751533 0.656815 0.582852 0.723682 -0.309000
VERTEX_POSE A154 -0.291138 0.736808 0.000000 0.865292 0.499510 0.020728 0.047932 -0.500839 0.864981
VERTEX_POSE A155 -0.926137 -0.057181 0.000000 0.121837 -0.925905 -0.754850 0.147482 -0.644482 -0.347776
VERTEX_POSE A156 -0.825080 -0.317555 0.000000 0.368145 0.558520 0.701752 -0.691365 0.609929 0.458333
VERTEX_POSE A157 0.496083 -0.011234 0.000000 0.938001 -0.344207 0.287791 0.839146 -0.193211 -0.421136
VERTEX_POSE A158 0.094286 -0.699600 0.000000 -0.626173 -0.775746 0.000151 -0.100496 0.779684 -0.622992
VERTEX_POSE A159 0.867673 -0.291076 0.000000 -0.242868 -0.909757 0.635424 -0.411448 -0.732974 -0.055245
VERTEX_POSE A160 0.812669 -0.192731 0.000000 0.120068 -0.835532 -0.834942 -0.377161 0.537080 -0.399544
VERTEX_POSE A161 -0.561584 -0.007131 0.000000 0.865014 0.498602 -0.489525 0.863178 -0.110070 0.079497
VERTEX_POSE A162 0.545935 -0.017375 0.000000 -0.481046 0.876213 0.341578 0.217882 -0.807415 -0.429859
VERTEX_POSE A163 -0.382588 0.884288 0.000000 -0.654673 -0.718662 0.573488 -0.674192 0.492458 -0.170263
VERTEX_POSE A164 -0.688542 -0.632165 0.000000 0.644958 -0.449111 0.582796 -0.234330 -0.494345 -0.862200
VERTEX_POSE A165 -0.141692 -0.363296 0.000000 0.577817 0.030337 -0.212076 -0.959402 0.788131 -0.280404
VERTEX_POSE A166 -0.006534 -0.895052 0.000000 0.423639 -0.879645 -0.551200 -0.439760 0.718825 0.181207
VERTEX_POSE A167 -0.663775 0.337397 0.000000 0.152551 -0.845409 -0.528666 -0.507406 -0.835009 0.166801
VERTEX_POSE A168 -0.459061 0.875874 0.000000 0.488961 -0.386843 0.632891 -0.459483 0.600305 0.799517
VERTEX_POSE A169 -0.694119 -0.458069 0.000000 0.686157 0.475696 -0.442727 -0.327245 -0.577219 0.816470
VERTEX_POSE A170 -0.965306 0.091080 0.000000 0.741601 0.402837 0.601518 -0.753317 0.296992 0.519843
VERTEX_POSE A171 -0.051657 0.852067 0.000000 -0.534603 0.729383 0.756849 0.188493 -0.376003 -0.657625
VERTEX_POSE A172 -0.496363 0.702644 0.000000 -0.242150 -0.838645 0.878122 0.024425 -0.412633 0.544130
VERTEX_POSE A173 0.531845 0.710285 0.000000 0.805025 0.195718 -0.003382 -0.942482 0.593231 -0.270965
VERTEX_POSE A174 -0.931028 0.146987 0.000000 -0.436399 -0.452563 0.806106 -0.580591 0.399686 0.676832
VERTEX_POSE A175 0.334934 0.707643 0.000000 0.187484 0.593918 -0.455538 0.758239 0.870250 0.268953
VERTEX_POSE A176 0.069261 -0.774940 0.000000 -0.213975 0.292031 0.359779 0.910746 -0.908171 0.291993
VERTEX_POSE A177 -0.997579 -0.049863 0.000000 0.578451 0.517631 0.814129 -0.414558 -0.050876 -0.748465
VERTEX_POSE A178 0.610536 -0.121151 0.000000 0.271947 0.750352 0.731082 0.246034 0.625751 -0.613546
VERTEX_POSE A179 0.553468 0.772133 0.000000 -0.754142 -0.570720 0.650135 -0.718663 0.092699 0.397242
VERTEX_POSE A180 0.977996 -0.116460 0.000000 -0.095983 0.432908 -0.530957 0.739396 -0.841945 -0.515639
VERTEX_POSE A181 -0.128502 -0.989890 0.000000 0.699268 -0.390761 -0.670873 -0.069515 -0.246889 -0.917864
VERTEX_POSE A182 -0.465324 -0.827877 0.000000 0.709864 0.018156 -0.013614 0.999835 0.704207 0.001027
VERTEX_POSE A183 0.869080 -0.494423 0.000000 -0.017388 -0.042286 0.451715 -0.891662 0.891993 0.450723
VERTEX_POSE A184 0.580527 0.179389 0.000000 0.427778 -0.202581 0.639839 -0.620499 -0.638445 -0.757589
VERTEX_POSE A185 -0.343683 -0.830295 0.000000 -0.900253 -0.130202 0.265929 0.591086 -0.344713 0.796030
VERTEX_POSE A186 -0.481963 -0.640170 0.000000 0.910409 -0.409422 -0.192393 -0.291859 0.366253 0.864403
VERTEX_POSE A187 0.744584 -0.659143 0.000000 -0.892608 0.075133 -0.418939 -0.502508 0.166557 -0.861302
VERTEX_POSE A188 0.953377 0.194380 0.000000 0.050827 -0.742605 0.994795 -0.021487 -0.088320 -0.669385
VERTEX_POSE A189 -0.159856 -0.323514 0.000000 0.865454 0.369298 -0.487490 0.776575 -0.115513 -0.510441
VERTEX_POSE A190 0.959477 -0.108324 0.000000 -0.328920 0.573629 0.753922 0.637880 0.568695 -0.513866
VERTEX_POSE A191 0.180820 0.944712 0.000000 0.118185 0.445485 0.690919 0.605012 -0.713206 0.659927
VERTEX_POSE A192 -0.000493 0.938715 0.000000 -0.769203 -0.381092 0.041712 0.771043 0.637642 -0.510158
VERTEX_POSE A193 0.916512 0.138304 0.000000 0.140732 0.214525 -0.145979 -0.961076 -0.979227 0.174104
VERTEX_POSE A194 0.613016 0.447319 0.000000 -0.644125 0.354358 -0.497088 -0.867495 -0.581384 0.349116
VERTEX_POSE A195 0.393649 0.541756 0.000000 0.263058 0.957823 -0.718133 0.114341 -0.644272 0.263632
VERTEX_POSE A196 -0.843882 -0.531240 0.000000 -0.104663 -0.982061 -0.756527 0.180995 0.645533 0.052890
VERTEX_POSE A197 -0.520398 0.844530 0.000000 -0.463250 -0.810609 0.879028 -0.471696 0.112734 0.347010
VERTEX_POSE A198 0.848918 0.059512 0.000000 0.518388 0.854628 -0.594762 0.385318 0.614436 -0.348052
VERTEX_POSE A199 -0.388212 0.744482 0.000000 0.251172 -0.009273 -0.298154 0.950592 -0.920878 -0.310304
VERTEX_POSE A200 0.423071 -0.200225 0.000000 -0.961735 0.135070 -0.102406 -0.984190 -0.254123 -0.114570
VERTEX_POSE A201 0.869795 -0.183549 0.000000 -0.721730 0.107059 -0.399694 -0.871064 -0.565110 0.479360
VERTEX_POSE A202 0.716283 0.288673 0.000000 -0.522163 -0.493693 -0.336568 0.868519 -0.783625 -0.044062
VERTEX_POSE A203 -0.492431 -0.435956 0.000000 -0.430770 0.897768 -0.443495 -0.121880 -0.785970 -0.423271
VERTEX_POSE A204 0.821740 -0.531355 0.000000 -0.454772 0.882144 -0.731660 -0.448477 -0.507794 -0.143842
VERTEX_POSE A205 -0.544469 -0.625401 0.000000 -0.767966 -0.272797 -0.213509 -0.743975 0.603857 -0.609986
VERTEX_POSE A206 -0.764361 -0.644624 0.000000 -0.118200 0.852779 0.770741 -0.244226 0.626089 0.461650
VERTEX_POSE A207 0.077641 -0.114457 0.000000 -0.319297 0.331808 -0.791883 -0.607951 -0.520548 0.721317
VERTEX_POSE A208 -0.665540 0.545741 0.000000 -0.588360 0.745566 -0.520314 -0.052787 -0.618956 -0.664337
VERTEX_POSE A209 0.732609 0.608028 0.000000 -0.503435 0.821637 -0.253898 0.155064 -0.825887 -0.548515
VERTEX_POSE A210 0.494932 -0.194685 0.000000 -0.204772 0.944529 -0.163920 0.225535 0.964986 0.238742
VERTEX_POSE A211 -0.867485 -0.166920 0.000000 0.037985 0.963973 -0.696063 -0.163509 -0.716976 0.209810
VERTEX_POSE A212 -0.617221 0.718976 0.000000 -0.062441 0.408494 -0.396696 0.827076 -0.915824 -0.386106
VERTEX_POSE A213 0.172541 0.519945 0.000000 0.544362 -0.427678 0.522577 -0.500047 -0.656188 -0.753023
VERTEX_POSE A214 0.767335 0.557543 0.000000 -0.346182 -0.765521 0.133987 -0.612504 0.928550 -0.197019
VERTEX_POSE A215 -0.575023 0.379641 0.000000 0.558206 -0.809069 -0.786193 -0.444952 -0.265154 -0.383960
VERTEX_POSE A216 0.699456 0.657287 0.000000 -0.283281 0.707405 0.313553 0.706425 0.906331 -0.023289
VERTEX_POSE A217 -0.636017 0.751556 0.000000 -0.970041 0.039246 0.118743 -0.784356 -0.211944 -0.619068
VERTEX_POSE A218 -0.676791 0.545006 0.000000 0.975265 -0.106949 0.174698 0.909122 0.135425 -0.402566
VERTEX_POSE A219 0.344226 -0.359957 0.000000 -0.989013 -0.115647 0.039499 0.393542 -0.142456 0.912004
VERTEX_POSE A220 0.357531 -0.531169 0.000000 -0.217186 -0.420816 -0.479013 -0.740241 0.850516 -0.524364
VERTEX_POSE A221 0.854647 -0.145493 0.000000 0.630152 0.770022 0.673744 -0.478304 -0.385977 0.422245
VERTEX_POSE A222 0.520571 -0.667608 0.000000 -0.661330 0.459672 0.190762 -0.661174 -0.725433 -0.592917
VERTEX_POSE A223 -0.783289 -0.621512 0.000000 0.043127 -0.020413 0.101753 0.994682 0.993874 -0.100950
VERTEX_POSE A224 0.982464 -0.120940 0.000000 0.500111 0.358145 -0.659677 0.747392 -0.560995 -0.559586
VERTEX_POSE A225 -0.133365 -0.987705 0.000000 -0.553682 -0.386221 -0.565295 0.824854 0.611456 0.412855
VERTEX_POSE A226 -0.570912 -0.741132 0.000000 0.983617 0.064015 -0.170560 0.027756 -0.058374 0.997563
VERTEX_POSE A227 0.654489 -0.151070 0.000000 0.829836 -0.479391 -0.383255 -0.117676 0.405572 0.869676
VERTEX_POSE A228 0.450616 -0.386383 0.000000 -0.726195 0.539464 -0.677561 -0.666576 -0.116416 0.514446
VERTEX_POSE A229 -0.442984 0.685885 0.000000 -0.454455 0.379096 0.303273 0.916706 0.837554 -0.126237
VERTEX_POSE A230 -0.576370 -0.053551 0.000000 -0.613914 0.788648 0.348803 0.309473 -0.708129 -0.531283
VERTEX_POSE A231 0.805183 -0.207631 0.000000 -0.754857 -0.176145 -0.391426 -0.651939 0.526285 -0.737528
VERTEX_POSE A232 -0.427488 -0.151703 0.000000 0.731594 -0.229834 -0.568251 0.314549 -0.376644 -0.920997
VERTEX_POSE A233 -0.490871 -0.788881 0.000000 0.656199 0.264936 -0.656348 0.662374 -0.372304 -0.700764
VERTEX_POSE A234 0.569567 0.227268 0.000000 0.562165 0.500515 -0.791412 0.556666 0.240080 0.663029
VERTEX_POSE A235 -0.808950 0.325205 0.000000 0.345710 0.930457 -0.049817 -0.110983 -0.937018 0.349190
VERTEX_POSE A236 -0.155659 -0.916990 0.000000 -0.591002 0.015150 -0.806317 -0.040645 0.023841 -0.999059
VERTEX_POSE A237 0.964408 -0.060619 0.000000 0.798246 -0.120767 0.402673 0.835586 -0.447949 0.535922
VERTEX_POSE A238 0.383832 -0.605347 0.000000 -0.896287 -0.390815 -0.071809 0.594294 0.437622 -0.702907
VERTEX_POSE A239 -0.176569 0.693093 0.000000 0.465687 -0.532664 0.524715 0.809244 -0.712608 0.247777
VERTEX_POSE A240 0.503398 -0.095463 0.000000 -0.752430 -0.642946 0.329467 -0.555467 -0.570351 0.527331
VERTEX_POSE A241 -0.792010 0.346332 0.000000 -0.493538 0.476257 0.568317 -0.456793 0.658358 0.751345
VERTEX_POSE A242 -0.419435 -0.899675 0.000000 0.209885 -0.640631 -0.482952 -0.724770 0.850121 -0.253576
VERTEX_POSE A243 0.834673 -0.329766 0.000000 0.792139 -0.564830 0.610256 0.739269 0.010142 -0.366671
VERTEX_POSE A244 0.796990 -0.469126 0.000000 0.478449 -0.763963 -0.275066 -0.598621 0.833922 0.240859
VERTEX_POSE A245 -0.029566 0.598803 0.000000 0.147357 -0.610246 0.961837 -0.095033 -0.230556 -0.786491
VERTEX_POSE A246 0.530429 0.568342 0.000000 -0.570029 0.791941 -0.777992 -0.605906 0.264187 -0.075555
VERTEX_POSE A247 0.451801 0.438290 0.000000 -0.437291 0.888932 -0.586581 -0.167048 -0.681689 -0.426492
VERTEX_POSE A248 -0.573129 0.732327 0.000000 -0.412955 -0.905825 0.875361 -0.366085 0.251420 -0.213222
VERTEX_POSE A249 0.804525 0.417552 0.000000 -0.096605 0.578907 -0.995315 -0.052869 -0.004060 -0.813677
VERTEX_POSE A250 -0.275622 -0.934169 0.000000 -0.894809 -0.439673 -0.303491 0.471764 -0.327429 0.764282
VERTEX_POSE A251 0.879949 -0.340094 0.000000 0.372293 -0.403143 0.900890 -0.059596 0.223147 0.913194
VERTEX_POSE A252 0.760689 -0.212769 0.000000 0.471960 -0.349547 0.667107 -0.458606 0.576388 0.817005
VERTEX_POSE A253 -0.638681 -0.414062 0.000000 0.261731 -0.947314 -0.853742 -0.316471 0.450135 -0.049413
VERTEX_POSE A254 -0.411890 -0.223860 0.000000 0.070930 -0.000647 -0.625052 0.779287 0.777354 0.626666
VERTEX_POSE A255 0.620978 0.640463 0.000000 -0.733460 0.177175 -0.378111 0.695933 -0.564862 -0.695906
VERTEX_POSE A256 0.633836 -0.501950 0.000000 0.051651 -0.124620 0.861160 -0.496863 0.505704 0.858834
VERTEX_POSE A257 -0.688156 -0.018618 0.000000 -0.069042 -0.969979 -0.777353 -0.094192 0.625264 -0.224208
VERTEX_POSE A258 0.563363 -0.803968 0.000000 0.185023 -0.529027 -0.224903 0.797579 -0.956653 -0.289823
VERTEX_POSE A259 0.408326 0.070575 0.000000 -0.894284 -0.419879 -0.158744 0.621046 0.418398 -0.661819
VERTEX_POSE A260 0.152478 -0.134830 0.000000 0.106982 -0.903125 -0.701619 -0.364913 0.704475 -0.226284
VERTEX_POSE A261 -0.883163 0.426054 0.000000 -0.274301 0.747248 -0.615580 -0.620015 -0.738797 0.239170
VERTEX_POSE A262 -0.025468 0.919490 0.000000 0.585633 0.756756 0.064680 -0.400794 0.807991 -0.516414
VERTEX_POSE A263 0.520126 0.347304 0.000000 0.001024 -0.989831 0.477363 -0.124507 0.878706 0.068793
VERTEX_POSE A264 -0.402993 0.321213 0.000000 -0.117273 -0.669030 0.960681 -0.263710 0.251673 0.694878
VERTEX_POSE A265 -0.599439 -0.800217 0.000000 0.886623 0.267229 0.461671 -0.462728 0.027569 -0.845264
VERTEX_POSE A266 0.908783 -0.306027 0.000000 -0.266675 -0.404459 -0.963151 0.078876 0.034999 -0.911148
VERTEX_POSE A267 0.391297 0.861106 0.000000 0.326323 -0.449293 0.387508 -0.738903 -0.862178 -0.502153
VERTEX_POSE A268 -0.123240 -0.812366 0.000000 0.871949 0.325587 0.094909 -0.845073 -0.480309 0.424080
VERTEX_POSE A269 0.392880 -0.567367 0.000000 -0.264385 -0.402547 0.384507 0.789378 0.884451 -0.463507
VERTEX_POSE A270 0.571466 0.667799 0.000000 0.733262 0.105732 0.435817 0.685155 0.521910 -0.720682
VERTEX_POSE A271 -0.461123 0.742070 0.000000 0.681197 -0.723728 0.530073 0.591594 -0.504969 -0.355296
VERTEX_POSE A272 0.384775 -0.497888 0.000000 -0.779688 -0.599933 -0.301786 0.610998 -0.548645 0.516490
VERTEX_POSE A273 -0.079486 0.821037 0.000000 0.511963 0.757558 -0.726197 0.129876 0.458837 -0.639717
VERTEX_POSE A274 -0.994802 -0.037336 0.000000 0.151869 0.979474 0.814156 -0.047934 -0.560434 0.195788
VERTEX_POSE A275 0.067045 -0.940389 0.000000 -0.764758 0.477191 0.078194 -0.598226 -0.639555 -0.643750
VERTEX_POSE A276 0.522668 0.847161 0.000000 0.850971 -0.504405 0.158280 0.512026 -0.500796 -0.695274
VERTEX_POSE A277 -0.696677 0.489045 0.000000 0.103710 0.558815 -0.871932 -0.346915 -0.478518 0.753244
VERTEX_POSE A278 0.138831 -0.850259 0.000000 0.071786 -0.618246 0.895678 0.385242 0.438872 -0.685099
VERTEX_POSE A279 -0.583496 0.344016 0.000000 0.982747 0.182059 -0.175316 0.973104 0.058920 -0.141151
VERTEX_POSE A280 -0.902258 0.416181 0.000000 -0.701084 0.701713 -0.094489 -0.267678 -0.706790 -0.660263
VERTEX_POSE A281 -0.374768 -0.886258 0.000000 -0.560211 0.319095 -0.684486 0.341406 0.466521 0.884093
VERTEX_POSE A282 -0.614044 0.079700 0.000000 -0.602499 0.519551 0.788429 0.505378 -0.123993 0.688956
VERTEX_POSE A283 -0.545668 0.675953 0.000000 0.403885 0.751639 0.238754 0.463652 -0.883105 0.469111
VERTEX_POSE A284 -0.941678 -0.037183 0.000000 -0.363290 -0.371776 0.790595 -0.608145 0.492930 0.701386
VERTEX_POSE A285 -0.152007 -0.839701 0.000000 -0.370924 -0.811003 0.363351 0.321601 0.854630 -0.488720
VERTEX_POSE A286 0.066562 -0.165621 0.000000 0.642046 0.753195 -0.390275 0.160450 -0.659895 0.637929
VERTEX_POSE A287 0.803049 0.594160 0.000000 -0.260935 -0.927054 -0.381249 -0.157258 0.886883 -0.340355
VERTEX_POSE A288 0.615750 -0.190019 0.000000 -0.327984 -0.706208 0.630751 -0.658163 0.703264 0.260944
VERTEX_POSE A289 0.003005 0.971045 0.000000 0.392361 0.239140 -0.918963 0.060447 0.039501 -0.969102
VERTEX_POSE A290 0.215125 -0.689133 0.000000 -0.701585 0.650973 0.693950 0.716578 -0.161903 0.250498
VERTEX_POSE A291 -0.242091 0.648808 0.000000 0.138175 -0.986006 -0.260223 0.054724 -0.955610 -0.157472
VERTEX_POSE A292 0.565048 0.129581 0.000000 -0.248534 -0.842749 -0.438680 0.537444 0.863592 0.030471
VERTEX_POSE A293 -0.615758 0.723558 0.000000 0.836816 0.547123 0.537202 -0.813546 -0.105610 0.196973
VERTEX_POSE A294 -0.403471 0.657659 0.000000 -0.741152 0.670258 -0.206386 -0.281413 0.638825 0.686703
VERTEX_POSE A295 -0.538184 -0.732848 0.000000 -0.226807 -0.470695 -0.337596 0.859179 -0.913558 -0.200642
VERTEX_POSE A296 0.321555 -0.622513 0.000000 0.700712 0.518097 0.150479 -0.779352 -0.697394 0.352399
VERTEX_POSE A297 0.688041 0.671296 0.000000 -0.772326 0.576262 0.449504 0.793086 -0.448842 -0.197323
VERTEX_POSE A298 0.028723 -0.927530 0.000000 0.369780 0.857139 0.708841 -0.509758 0.600672 0.073891
VERTEX_POSE A299 0.957395 -0.081640 0.000000 0.672786 0.637930 -0.294308 0.695443 -0.678780 0.330763
VERTEX_POSE A300 -0.025688 -0.071838 0.000000 -0.838534 0.428815 -0.543034 -0.708071 -0.044438 0.561029
VERTEX_POSE A301 0.431904 0.898722 0.000000 0.464580 0.826412 -0.247020 0.465939 -0.850380 0.316139
VERTEX_POSE A302 -0.625081 0.775239 0.000000 0.801370 0.038265 0.403184 0.702636 0.441869 -0.710520
VERTEX_POSE A303 -0.265242 -0.320590 0.000000 -0.661259 -0.405155 -0.668158 -0.064500 -0.341030 0.911970
VERTEX_POSE A304 -0.758630 0.411648 0.000000 0.484026 0.466163 -0.582693 -0.459669 0.652831 -0.755908
VERTEX_POSE A305 -0.636451 -0.302480 0.000000 0.760705 0.597701 0.261721 -0.639318 0.593995 -0.483762
VERTEX_POSE A306 0.656815 0.723682 0.000000 0.027395 -0.169862 -0.931751 -0.361271 -0.362063 0.916859
VERTEX_POSE A307 0.582852 -0.309000 0.000000 0.597736 0.762863 0.610225 -0.632339 0.519940 -0.134865
VERTEX_POSE A308 0.020728 -0.500839 0.000000 0.423135 0.715143 0.882211 -0.185208 0.206545 -0.673995
VERTEX_POSE A309 0.047932 0.864981 0.000000 -0.016496 0.633461 0.447784 -0.687097 -0.893990 -0.355844
VERTEX_POSE A310 -0.754850 -0.644482 0.000000 0.643142 -0.756663 0.424884 0.224855 -0.637057 -0.613923
VERTEX_POSE A311 0.147482 -0.347776 0.000000 -0.264650 0.082801 -0.766863 -0.622156 0.584706 -0.778502
VERTEX_POSE A312 0.701752 0.609929 0.000000 0.147903 -0.913259 0.601547 0.387717 0.785026 -0.125036
VERTEX_POSE A313 -0.691365 0.458333 0.000000 -0.079643 -0.731414 -0.799864 0.452351 0.594873 0.510306
VERTEX_POSE A314 0.287791 -0.193211 0.000000 -0.847764 -0.523292 0.208405 -0.178904 0.487713 -0.833162
VERTEX_POSE A315 0.839146 -0.421136 0.000000 -0.949938 -0.141358 0.262140 -0.845830 -0.169999 -0.514382
VERTEX_POSE A316 0.000151 0.779684 0.000000 -0.351782 0.659869 0.133830 0.737447 0.926466 0.144029
VERTEX_POSE A317 -0.100496 -0.622992 0.000000 -0.758274 -0.468637 0.626187 -0.716993 0.181413 0.516043
VERTEX_POSE A318 0.635424 -0.732974 0.000000 -0.101991 -0.526640 0.836318 0.413999 0.538675 -0.742466
VERTEX_POSE A319 -0.411448 -0.055245 0.000000 -0.584674 -0.628023 0.529219 -0.775049 -0.614885 -0.069901
VERTEX_POSE A320 -0.834942 0.537080 0.000000 0.769659 -0.636800 -0.514570 -0.661304 -0.377945 -0.396437
VERTEX_POSE A321 -0.377161 -0.399544 0.000000 0.902860 -0.372612 -0.416197 -0.632383 0.107811 0.679156
VERTEX_POSE A322 -0.489525 -0.110070 0.000000 0.004520 0.275606 -0.260844 -0.927666 -0.965370 0.251947
VERTEX_POSE A323 0.863178 0.079497 0.000000 -0.776212 -0.502123 -0.032345 0.635658 -0.629642 0.586355
VERTEX_POSE A324 0.341578 -0.807415 0.000000 -0.705444 0.627127 -0.670302 -0.741721 0.230313 -0.237828
VERTEX_POSE A325 0.217882 -0.429859 0.000000 -0.580576 -0.497125 0.590475 -0.802360 0.560599 0.330281
VERTEX_POSE A326 0.573488 0.492458 0.000000 0.762403 -0.387418 0.633983 0.607664 -0.129643 0.693291
VERTEX_POSE A327 -0.674192 -0.170263 0.000000 0.590451 0.449360 0.168123 0.743956 0.789368 -0.494575
VERTEX_POSE A328 0.582796 -0.494345 0.000000 -0.222122 -0.943362 -0.536110 -0.092945 -0.814401 0.318479
VERTEX_POSE A329 -0.234330 -0.862200 0.000000 0.481463 0.382394 -0.479141 -0.638616 -0.733905 0.667791
VERTEX_POSE A330 -0.212076 0.788131 0.000000 -0.050643 0.884627 0.806322 0.310085 0.589305 -0.348255
VERTEX_POSE A331 -0.959402 -0.280404 0.000000 -0.533142 0.443539 -0.790472 -0.564642 -0.301519 0.696026
VERTEX_POSE A332 -0.551200 0.718825 0.000000 0.595602 -0.740678 0.131799 0.471892 0.792393 0.478241
VERTEX_POSE A333 -0.439760 0.181207 0.000000 0.940185 -0.324235 -0.155018 -0.680399 -0.303351 -0.657213
VERTEX_POSE A334 -0.528666 -0.835009 0.000000 -0.334607 -0.367266 -0.351542 -0.805802 0.874332 -0.464541
VERTEX_POSE A335 -0.507406 0.166801 0.000000 -0.846468 -0.477335 0.020739 0.413141 0.532036 -0.775542
VERTEX_POSE A336 0.632891 0.600305 0.000000 0.159325 0.872321 -0.785052 0.395853 -0.598590 -0.286978
VERTEX_POSE A337 -0.459483 0.799517 0.000000 0.286976 -0.782422 0.384357 -0.434427 -0.877448 -0.446194
VERTEX_POSE A338 -0.442727 -0.577219 0.000000 0.323442 0.942980 0.752606 -0.206033 0.573559 -0.261417
VERTEX_POSE A339 -0.327245 0.816470 0.000000 0.164260 -0.980193 -0.814697 -0.071572 -0.556136 -0.184661
VERTEX_POSE A340 0.601518 0.296992 0.000000 0.556456 -0.172593 0.534043 0.823664 0.636518 -0.540175
VERTEX_POSE A341 -0.753317 0.519843 0.000000 -0.502209 -0.335298 -0.489026 -0.650097 0.713190 -0.681872
VERTEX_POSE A342 0.756849 -0.376003 0.000000 0.562211 -0.806136 0.493783 0.506245 0.663398 0.306368
VERTEX_POSE A343 0.188493 -0.657625 0.000000 -0.745294 -0.546019 0.631018 -0.392345 0.215298 -0.740222
VERTEX_POSE A344 0.878122 -0.412633 0.000000 -0.718721 0.546344 0.042410 -0.582922 0.694004 0.601424
VERTEX_POSE A345 0.024425 0.544130 0.000000 -0.460804 0.884394 -0.462077 -0.167685 -0.757724 -0.435579
VERTEX_POSE A346 -0.003382 0.593231 0.000000 0.128343 -0.797286 0.715699 -0.337226 -0.686515 -0.500613
VERTEX_POSE A347 -0.942482 -0.270965 0.000000 0.273636 -0.367007 0.881796 -0.273436 -0.384133 -0.889122
VERTEX_POSE A348 0.806106 0.399686 0.000000 -0.085968 0.317353 -0.918020 -0.393536 -0.387104 0.862796
VERTEX_POSE A349 -0.580591 0.676832 0.000000 -0.031848 0.535993 0.997707 0.067486 0.059726 -0.841521
VERTEX_POSE A350 -0.455538 0.870250 0.000000 0.797096 0.568433 0.259143 -0.626803 0.545420 -0.532918
VERTEX_POSE A351 0.758239 0.268953 0.000000 -0.561947 -0.047620 -0.646066 0.648696 -0.516540 -0.759556
VERTEX_POSE A352 0.359779 -0.908171 0.000000 0.378356 -0.695277 -0.820275 -0.557755 0.428947 -0.453320
VERTEX_POSE A353 0.910746 0.291993 0.000000 -0.311515 -0.879571 -0.942432 0.334394 -0.121572 -0.338432
VERTEX_POSE A354 0.814129 -0.050876 0.000000 0.981770 0.189905 0.175170 -0.920268 -0.073775 0.342117
VERTEX_POSE A355 -0.414558 -0.748465 0.000000 -0.573001 -0.044140 -0.713063 0.519078 -0.403994 -0.853586
VERTEX_POSE A356 0.731082 0.625751 0.000000 -0.637860 0.693645 -0.674442 -0.712893 0.371836 -0.103154
VERTEX_POSE A357 0.246034 -0.613546 0.000000 -0.854125 0.301589 -0.009326 0.805672 0.519984 0.509840
VERTEX_POSE A358 0.650135 0.092699 0.000000 0.575622 -0.808627 -0.646238 -0.358754 -0.501034 -0.466281
VERTEX_POSE A359 -0.718663 0.397242 0.000000 -0.415170 -0.535328 -0.727963 0.680413 0.545623 0.500462
VERTEX_POSE A360 -0.530957 -0.841945 0.000000 0.830995 -0.556007 0.059793 0.120436 -0.553057 -0.822406
VERTEX_POSE A361 0.739396 -0.515639 0.000000 0.938988 -0.167967 -0.342915 -0.389522 -0.026664 -0.905572
VERTEX_POSE A362 -0.670873 -0.246889 0.000000 0.185987 0.496551 0.958922 -0.279841 0.214192 0.821661
VERTEX_POSE A363 -0.069515 -0.917864 0.000000 0.885685 0.145830 0.026533 0.931943 -0.463528 0.331989
VERTEX_POSE A364 -0.013614 0.704207 0.000000 -0.626661 -0.129488 0.754170 0.147592 -0.196275 0.980535
VERTEX_POSE A365 0.999835 0.001027 0.000000 0.628354 -0.725553 -0.372609 0.035948 -0.682887 -0.687227
VERTEX_POSE A366 0.451715 0.891993 0.000000 -0.513477 0.709378 0.765803 0.632684 -0.387152 0.310633
VERTEX_POSE A367 -0.891662 0.450723 0.000000 0.835895 0.546249 -0.432309 0.594827 -0.338214 0.589739
VERTEX_POSE A368 0.639839 -0.638445 0.000000 0.648198 -0.687931 0.276119 -0.187226 0.709646 0.701212
VERTEX_POSE A369 -0.620499 -0.757589 0.000000 0.758253 0.531512 0.523573 -0.841511 -0.388489 -0.096712
VERTEX_POSE A370 0.265929 -0.344713 0.000000 0.930797 -0.343237 0.043942 0.446510 0.362887 0.826327
VERTEX_POSE A371 0.591086 0.796030 0.000000 -0.036055 -0.906819 0.927029 0.126612 0.373253 -0.402056
VERTEX_POSE A372 -0.192393 0.366253 0.000000 0.397858 0.499818 -0.905196 0.077272 0.149430 -0.862677
VERTEX_POSE A373 -0.291859 0.864403 0.000000 0.727823 -0.539742 0.057336 -0.566816 0.683364 0.622413
VERTEX_POSE A374 -0.418939 0.166557 0.000000 0.725631 -0.665079 0.549122 0.405206 0.414639 0.627278
VERTEX_POSE A375 -0.502508 -0.861302 0.000000 -0.380479 0.886724 -0.866628 -0.242765 0.322787 0.393427
VERTEX_POSE A376 0.994795 -0.088320 0.000000 -0.501787 -0.365720 -0.634531 -0.460250 0.587860 -0.808962
VERTEX_POSE A377 -0.021487 -0.669385 0.000000 -0.191753 0.617476 0.215390 -0.731858 -0.957517 -0.288285
VERTEX_POSE A378 -0.487490 -0.115513 0.000000 -0.703985 -0.708365 0.534293 -0.575740 0.467906 -0.408341
VERTEX_POSE A379 0.776575 -0.510441 0.000000 -0.065509 -0.771401 -0.895342 -0.234606 0.440535 -0.591524
VERTEX_POSE A380 0.753922 0.568695 0.000000 0.351317 -0.811538 -0.903180 -0.162381 -0.246662 -0.561283
VERTEX_POSE A381 0.637880 -0.513866 0.000000 0.201423 0.770139 -0.896317 0.394114 0.395025 0.501557
VERTEX_POSE A382 0.690919 -0.713206 0.000000 -0.176020 0.802722 -0.818471 -0.440935 -0.546921 0.401515
VERTEX_POSE A383 0.605012 0.659927 0.000000 0.231285 -0.678782 0.955930 0.291720 -0.180844 0.673909
VERTEX_POSE A384 0.041712 0.637642 0.000000 0.750185 -0.347746 0.623304 0.087996 0.220714 0.933450
VERTEX_POSE A385 0.771043 -0.510158 0.000000 0.584291 0.654970 0.806985 -0.531415 -0.085905 -0.537227
VERTEX_POSE A386 -0.145979 -0.979227 0.000000 0.915200 0.318372 -0.384179 0.504066 0.121720 -0.802843
VERTEX_POSE A387 -0.961076 0.174104 0.000000 0.727880 -0.066392 0.674785 -0.107558 -0.121882 -0.991979
VERTEX_POSE A388 -0.497088 -0.581384 0.000000 -0.636350 0.769942 -0.745077 -0.629391 -0.199798 -0.105145
VERTEX_POSE A389 -0.867495 0.349116 0.000000 0.514251 -0.521051 0.734982 0.677078 0.441981 -0.519683
VERTEX_POSE A390 -0.718133 -0.644272 0.000000 0.756215 0.301476 -0.420721 0.903772 -0.501132 -0.303823
VERTEX_POSE A391 0.114341 0.263632 0.000000 0.431682 -0.780460 -0.810457 -0.555694 0.395993 -0.286508
VERTEX_POSE A392 -0.756527 0.645533 0.000000 0.869361 -0.381575 -0.100394 0.485829 0.483873 0.786365
VERTEX_POSE A393 0.180995 0.052890 0.000000 0.731320 0.578395 0.164558 -0.663907 0.661885 -0.474011
VERTEX_POSE A394 0.879028 0.112734 0.000000 0.133352 0.423660 -0.902250 -0.322164 -0.410076 0.846595
VERTEX_POSE A395 -0.471696 0.347010 0.000000 -0.765611 -0.601978 0.638918 -0.670434 -0.074993 0.433752
VERTEX_POSE A396 -0.594762 0.614436 0.000000 0.821444 0.558586 -0.341245 0.642925 -0.456925 0.524051
VERTEX_POSE A397 0.385318 -0.348052 0.000000 -0.753995 -0.303796 -0.560567 -0.164612 0.342427 -0.938409
VERTEX_POSE A398 -0.298154 -0.920878 0.000000 -0.547616 0.124404 0.271302 -0.909061 0.791525 0.397658
VERTEX_POSE A399 0.950592 -0.310304 0.000000 -0.495893 -0.734118 0.637779 -0.670411 -0.589345 -0.107797
VERTEX_POSE A400 -0.102406 -0.254123 0.000000 0.805084 0.532373 -0.272487 0.723631 0.526869 -0.439246
VERTEX_POSE A401 -0.984190 -0.114570 0.000000 -0.633419 0.304125 0.575237 0.800104 0.517574 -0.517050
VERTEX_POSE A402 -0.399694 -0.565110 0.000000 -0.049898 -0.702928 0.931112 0.224247 0.361303 -0.674986
VERTEX_POSE A403 -0.871064 0.479360 0.000000 -0.954878 -0.113097 -0.289472 0.561266 0.066446 0.819872
VERTEX_POSE A404 -0.336568 -0.783625 0.000000 0.524577 0.417996 -0.517603 -0.535093 0.675948 -0.734135
VERTEX_POSE A405 0.868519 -0.044062 0.000000 0.622805 0.611890 0.044451 -0.649832 0.781113 -0.450898
VERTEX_POSE A406 -0.443495 -0.785970 0.000000 -0.731036 0.655066 0.631935 0.544400 0.257378 0.523943
VERTEX_POSE A407 -0.121880 -0.423271 0.000000 0.680572 -0.725796 -0.303403 -0.403674 -0.666910 -0.557017
VERTEX_POSE A408 -0.731660 -0.507794 0.000000 0.977654 0.180847 -0.053696 0.707743 0.203245 -0.682931
VERTEX_POSE A409 -0.448477 -0.143842 0.000000 -0.896500 -0.274137 -0.422038 0.767438 0.134800 0.579559
VERTEX_POSE A410 -0.213509 0.603857 0.000000 -0.808119 -0.514411 -0.042470 -0.434965 0.587486 -0.739044
VERTEX_POSE A411 -0.743975 -0.609986 0.000000 -0.143603 -0.908961 0.979724 -0.074748 -0.139708 0.410124
VERTEX_POSE A412 0.770741 0.626089 0.000000 0.417810 -0.184916 -0.525385 -0.847939 -0.741219 0.496796
VERTEX_POSE A413 -0.244226 0.461650 0.000000 -0.991105 -0.099693 0.030142 0.477043 -0.129620 0.873207
VERTEX_POSE A414 -0.791883 -0.520548 0.000000 0.579451 -0.546558 -0.693157 0.059687 0.428684 0.835291
VERTEX_POSE A415 -0.607951 0.721317 0.000000 -0.109751 0.697015 -0.855159 0.297152 -0.506614 -0.652587
VERTEX_POSE A416 -0.520314 -0.618956 0.000000 -0.836468 0.343857 -0.109064 0.658622 -0.537054 -0.669313
VERTEX_POSE A417 -0.052787 -0.664337 0.000000 -0.997350 -0.040636 0.011131 -0.904943 -0.071898 0.423587
VERTEX_POSE A418 -0.253898 -0.825887 0.000000 0.760194 0.076017 0.419131 0.701455 -0.496422 0.708649
VERTEX_POSE A419 0.155064 -0.548515 0.000000 -0.650086 0.510788 0.752701 0.331486 0.104063 0.793229
VERTEX_POSE A420 -0.163920 0.964986 0.000000 -0.321174 0.881601 0.679018 0.468959 -0.660138 0.053449
VERTEX_POSE A421 0.225535 0.238742 0.000000 -0.638178 0.728701 0.286822 0.524502 0.714467 0.440332
VERTEX_POSE A422 -0.696063 -0.716976 0.000000 -0.657930 -0.341407 0.309086 -0.935220 -0.686726 -0.093839
VERTEX_POSE A423 -0.163509 0.209810 0.000000 0.813908 0.561689 -0.466758 0.784373 -0.345963 0.263181
VERTEX_POSE A424 -0.396696 -0.915824 0.000000 0.667985 0.527285 -0.742147 0.524062 -0.054891 -0.668827
VERTEX_POSE A425 0.827076 -0.386106 0.000000 0.814903 -0.528383 0.473514 0.369913 -0.334242 -0.764183
VERTEX_POSE A426 0.522577 -0.656188 0.000000 -0.633951 -0.573298 -0.685830 0.106567 -0.357411 0.812387
VERTEX_POSE A427 -0.500047 -0.753023 0.000000 -0.460692 0.737445 -0.765683 -0.611644 0.448878 -0.286471
VERTEX_POSE A428 0.133987 0.928550 0.000000 0.693086 -0.690390 0.610986 0.715263 0.382528 0.108445
VERTEX_POSE A429 -0.612504 -0.197019 0.000000 -0.646541 0.176206 -0.501307 0.635268 -0.575045 -0.751921
VERTEX_POSE A430 -0.786193 -0.265154 0.000000 -0.766828 -0.167838 0.190343 -0.981252 -0.612979 -0.094737
VERTEX_POSE A431 -0.444952 -0.383960 0.000000 0.180211 -0.126144 -0.020370 -0.992009 -0.983417 -0.002568
VERTEX_POSE A432 0.313553 0.906331 0.000000 -0.538795 -0.509376 -0.581804 -0.351048 -0.609265 0.785685
VERTEX_POSE A433 0.706425 -0.023289 0.000000 0.669622 0.742007 -0.574821 0.545158 -0.470305 0.390165
VERTEX_POSE A434 0.118743 -0.211944 0.000000 -0.157620 -0.676998 0.798406 -0.515786 0.581123 0.525013
VERTEX_POSE A435 -0.784356 -0.619068 0.000000 0.760253 0.431664 -0.641311 0.617897 0.103611 0.657167
VERTEX_POSE A436 0.174698 0.135425 0.000000 0.285784 -0.758986 0.361990 -0.479765 -0.887294 -0.440188
VERTEX_POSE A437 0.909122 -0.402566 0.000000 0.169144 0.812166 0.263748 -0.583169 0.949646 0.017308
VERTEX_POSE A438 0.039499 -0.142456 0.000000 -0.443241 -0.398784 0.241055 0.809579 0.863383 -0.430760
VERTEX_POSE A439 0.393542 0.912004 0.000000 0.323160 -0.579439 -0.637224 0.451295 -0.699652 -0.678663
VERTEX_POSE A440 -0.479013 0.850516 0.000000 -0.513244 0.398936 0.380746 0.899341 -0.769164 0.178985
VERTEX_POSE A441 -0.740241 -0.524364 0.000000 -0.497439 -0.117531 -0.522986 0.831115 -0.692127 -0.543538
VERTEX_POSE A442 0.673744 -0.385977 0.000000 0.988107 -0.053739 -0.143888 0.007356 -0.054239 -0.998528
VERTEX_POSE A443 -0.478304 0.422245 0.000000 -0.225862 0.343763 -0.854873 -0.518582 0.467095 -0.782879
VERTEX_POSE A444 0.190762 -0.725433 0.000000 0.878768 -0.428414 -0.171236 -0.694354 0.445471 0.578216
VERTEX_POSE A445 -0.661174 -0.592917 0.000000 -0.309438 -0.633859 -0.855593 0.510895 -0.414981 -0.580697
VERTEX_POSE A446 0.101753 0.993874 0.000000 0.631656 0.774294 -0.462611 0.336638 -0.622095 0.535858
VERTEX_POSE A447 0.994682 -0.100950 0.000000 -0.109199 0.861994 0.960133 -0.037456 0.257334 0.505533
VERTEX_POSE A448 -0.659677 -0.560995 0.000000 0.970210 0.082200 0.208728 -0.761143 0.122981 0.643354
VERTEX_POSE A449 0.747392 -0.559586 0.000000 0.825914 -0.233092 -0.498376 0.123883 -0.263604 -0.964532
VERTEX_POSE A450 -0.565295 0.611456 0.000000 0.182470 0.292416 -0.980254 0.128099 -0.076200 -0.947673
VERTEX_POSE A451 0.824854 0.412855 0.000000 -0.748462 -0.511019 -0.074382 0.698032 -0.658993 0.501609
VERTEX_POSE A452 -0.170560 -0.058374 0.000000 0.604053 0.021884 0.706344 0.448206 -0.369051 0.893662
VERTEX_POSE A453 0.027756 0.997563 0.000000 -0.268329 -0.962500 -0.888175 0.231143 -0.373022 0.142008
VERTEX_POSE A454 -0.383255 0.405572 0.000000 -0.408174 0.730451 0.437090 -0.370222 -0.801465 -0.573913
VERTEX_POSE A455 -0.117676 0.869676 0.000000 -0.242134 -0.703774 -0.883487 -0.124592 0.401027 -0.699413
VERTEX_POSE A456 -0.677561 -0.116416 0.000000 0.187644 0.704059 -0.753304 -0.344320 0.630335 -0.621083
VERTEX_POSE A457 -0.666576 0.514446 0.000000 0.788323 0.071417 -0.489744 -0.528377 0.372421 -0.846001
VERTEX_POSE A458 0.303273 0.837554 0.000000 -0.266339 -0.795526 0.842962 -0.466056 -0.467416 -0.387209
VERTEX_POSE A459 0.916706 -0.126237 0.000000 -0.771613 -0.527945 0.605759 -0.439689 -0.194087 0.726600
VERTEX_POSE A460 0.348803 -0.708129 0.000000 0.646102 0.252717 0.368827 0.722733 -0.668221 0.643266
VERTEX_POSE A461 0.309473 -0.531283 0.000000 -0.633581 -0.194954 -0.301457 0.953455 -0.712530 -0.230035
VERTEX_POSE A462 -0.391426 0.526285 0.000000 -0.692477 0.286630 -0.519457 -0.834921 -0.500640 0.469840
VERTEX_POSE A463 -0.651939 -0.737528 0.000000 -0.693703 -0.607182 -0.163072 0.656343 -0.701558 0.447821
VERTEX_POSE A464 -0.568251 -0.376644 0.000000 0.789557 -0.095000 -0.593201 0.134927 0.157202 0.986291
VERTEX_POSE A465 0.314549 -0.920997 0.000000 0.417429 -0.265289 0.518137 -0.716239 -0.746517 -0.645463
VERTEX_POSE A466 -0.656348 -0.372304 0.000000 0.824541 0.531093 -0.281235 0.683942 0.490958 -0.500163
VERTEX_POSE A467 0.662374 -0.700764 0.000000 0.354320 0.641586 -0.312043 -0.604691 0.881525 -0.471928
VERTEX_POSE A468 -0.791412 0.240080 -0.453631 -0.028487 0.907810 0.734351 -0.264981 -0.678172 -0.325064
VERTEX_POSE A469 0.556666 0.663029 0.525941 0.689158 0.173974 0.354076 0.766112 0.632212 -0.618713
VERTEX_POSE A470 -0.049817 -0.937018 0.000000 0.827558 -0.426553 0.156899 0.799958 0.539008 0.422042
VERTEX_POSE A471 -0.110983 0.349190 0.000000 0.896630 -0.065558 -0.381528 0.387498 0.224702 0.919537
VERTEX_POSE A472 -0.806317 0.023841 0.000000 -0.449111 0.457434 -0.880505 -0.372433 0.151692 -0.807495
VERTEX_POSE A473 -0.040645 -0.999059 0.000000 0.881190 -0.345060 -0.456515 -0.443396 -0.122874 -0.827245
VERTEX_POSE A474 0.402673 -0.447949 0.000000 0.667045 -0.713118 0.723466 0.550888 0.177900 0.433572
VERTEX_POSE A475 0.835586 0.535922 0.000000 -0.232045 0.805798 -0.424923 0.419877 0.874983 0.417604
VERTEX_POSE A476 -0.071809 0.437622 1.000000 0.918780 0.341943 -0.262233 0.155098 0.295089 -0.926833
VERTEX_POSE A477 0.594294 -0.702907 0.000000 -0.934766 0.289919 -0.098589 0.343567 0.341311 0.893257
VERTEX_POSE A478 0.524715 -0.712608 0.000000 -0.824176 0.549104 0.408495 0.745938 0.392258 0.376911
VERTEX_POSE A479 0.809244 0.247777 0.000000 -0.576688 -0.540701 0.353695 0.510505 0.736431 -0.668601
VERTEX_POSE A480 0.329467 -0.570351 1.000000 -0.873756 0.258245 -0.483125 -0.558497 -0.056047 0.788284
VERTEX_POSE A481 -0.555467 0.527331 0.000000 0.263196 -0.788703 -0.738796 0.205568 -0.620409 -0.579387
VERTEX_POSE A482 0.568317 0.658358 0.000000 0.305561 -0.414237 -0.907148 0.146960 -0.289336 -0.898227
VERTEX_POSE A483 -0.456793 0.751345 0.000000 -0.225242 -0.934277 0.974266 -0.218435 -0.008429 -0.281802
VERTEX_POSE A484 -0.482952 0.850121 1.000000 -0.354944 0.933536 0.933458 0.350919 0.051671 0.073258
VERTEX_POSE A485 -0.724770 -0.253576 0.000000 -0.024077 -0.578957 0.991282 -0.119462 -0.129539 -0.806559
VERTEX_POSE A486 0.610256 0.010142 0.000000 -0.902250 0.237468 0.031444 -0.796251 -0.430065 -0.556411
VERTEX_POSE A487 0.739269 -0.366671 0.000000 0.293986 -0.396521 0.844404 0.534062 -0.447832 0.746692
VERTEX_POSE A488 -0.275066 0.833922 0.000000 -0.759020 0.175601 0.284764 -0.776412 -0.585490 -0.605268
VERTEX_POSE A489 -0.598621 0.240859 0.000000 0.707952 -0.701020 0.345103 0.237277 0.616204 0.672510
VERTEX_POSE A490 0.961837 -0.230556 8.253952 0.843527 0.507387 0.224396 -0.630874 -0.487963 0.586989
VERTEX_POSE A491 -0.095033 -0.786491 0.000000 0.661572 -0.697400 -0.522853 -0.692450 0.537538 0.184789
VERTEX_POSE A492 -0.777992 0.264187 0.000000 -0.608904 -0.729993 0.350558 0.103378 0.711579 -0.675591
VERTEX_POSE A493 -0.605906 -0.075555 0.000000 -0.186213 -0.892963 -0.978370 0.130280 -0.090098 0.430864
VERTEX_POSE A494 -0.586581 -0.681689 0.000000 0.655801 0.279699 -0.187974 0.960079 0.731157 -0.004044
VERTEX_POSE A495 -0.167048 -0.426492 0.000000 0.172758 0.585270 -0.965462 -0.058641 0.195033 -0.808715
VERTEX_POSE A496 0.875361 0.251420 1.000000 -0.468455 -0.682095 0.871851 -0.254093 -0.142920 0.685699
VERTEX_POSE A497 -0.366085 -0.213222 0.000000 0.450071 0.512016 -0.267635 -0.704293 -0.851943 0.491743
VERTEX_POSE A498 -0.995315 -0.004060 0.000000 0.473690 0.370550 -0.167607 -0.852667 -0.864596 0.368310
VERTEX_POSE A499 -0.052869 -0.813677 0.000000 0.204076 0.978775 -0.652646 0.150319 0.729662 -0.139296
VERTEX_POSE A500 -0.303491 -0.327429 1.000000 -0.885598 0.284265 0.339540 0.935844 -0.316906 0.208302
VERTEX_POSE A501 0.471764 0.764282 0.000000 -0.342956 -0.553102 0.464465 -0.802400 0.816488 0.224127
VERTEX_POSE A502 0.900890 0.223147 0.000000 0.633757 -0.619485 0.734761 0.294889 0.241823 0.727515
VERTEX_POSE A503 -0.059596 0.913194 0.000000 0.160297 -0.595696 0.968045 0.250666 0.192857 -0.763094
VERTEX_POSE A504 0.667107 0.576388 1.000000 0.472573 -0.880568 0.627721 0.307887 -0.618580 -0.360285
VERTEX_POSE A505 -0.458606 0.817005 0.000000 -0.408973 0.387110 -0.424241 0.721099 -0.807936 -0.574597
VERTEX_POSE A506 -0.853742 0.450135 0.000000 0.607475 -0.538098 0.793937 0.387924 0.025249 0.748308
VERTEX_POSE A507 -0.316471 -0.049413 0.000000 0.559942 0.814489 0.694352 -0.361281 0.452040 -0.453965
VERTEX_POSE A508 -0.625052 0.777354 0.000000 -0.310543 -0.484397 -0.422252 -0.700568 0.851626 -0.523989
VERTEX_POSE A509 0.779287 0.626666 0.000000 -0.534992 0.806174 0.417779 -0.007554 0.734332 0.591630
VERTEX_POSE A510 -0.378111 -0.564862 0.000000 0.722132 -0.365595 0.294133 0.930645 0.626108 -0.015534
VERTEX_POSE A511 0.695933 -0.695906 0.000000 0.558482 0.813152 -0.676488 0.332081 0.480065 -0.478023
VERTEX_POSE A512 0.861160 0.505704 0.432647 0.500913 -0.233406 -0.850262 -0.312594 0.161682 -0.920764
VERTEX_POSE A513 -0.496863 0.858834 0.559278 0.684736 -0.719915 0.645007 0.671071 0.339267 0.177164
VERTEX_POSE A514 -0.777353 0.625264 0.000000 0.674111 0.325431 0.062416 -0.919596 -0.735988 0.220085
VERTEX_POSE A515 -0.094192 -0.224208 0.000000 -0.395228 -0.856362 -0.106700 -0.316530 -0.912365 0.407986
VERTEX_POSE A516 -0.224903 -0.956653 0.000000 -0.605403 -0.052251 0.590233 -0.698897 -0.533960 -0.713311
VERTEX_POSE A517 0.797579 -0.289823 0.000000 0.014516 0.696648 0.318930 0.676647 -0.947667 0.238391
VERTEX_POSE A518 -0.158744 0.418398 0.000000 0.283004 0.934983 0.600167 -0.346522 -0.748137 0.075698
VERTEX_POSE A519 0.621046 -0.661819 0.000000 -0.711414 -0.574041 0.211878 0.374852 0.670073 -0.727986
VERTEX_POSE A520 -0.701619 0.704475 1.000000 -0.405603 -0.061816 0.518313 0.806242 -0.752887 0.588347
VERTEX_POSE A521 -0.364913 -0.226284 0.000000 0.465779 0.880985 -0.788639 0.370651 0.401371 -0.294080
VERTEX_POSE A522 -0.615580 -0.738797 0.000000 0.614639 0.645416 0.343693 -0.736591 0.709995 -0.202166
VERTEX_POSE A523 -0.620015 0.239170 0.000000 0.039989 0.980836 0.674214 0.114361 0.737452 -0.157741
VERTEX_POSE A524 0.064680 0.807991 1.000000 -0.702485 0.529125 -0.423908 0.226114 0.571678 0.817863
VERTEX_POSE A525 -0.400794 -0.516414 0.000000 0.802004 -0.063417 -0.206931 -0.962271 -0.560329 0.264600
VERTEX_POSE A526 0.477363 0.878706 0.000000 -0.769460 0.014342 0.518626 -0.569469 -0.372771 -0.821888
VERTEX_POSE A527 -0.124507 0.068793 0.000000 -0.103785 0.636507 0.956061 0.275672 -0.274183 0.720322
VERTEX_POSE A528 0.960681 0.251673 1.000000 0.873476 -0.430429 0.209226 0.753839 -0.439618 -0.496445
VERTEX_POSE A529 -0.263710 0.694878 0.000000 -0.517033 0.435614 0.781413 -0.111158 -0.349386 -0.893244
VERTEX_POSE A530 0.461671 0.027569 0.000000 0.659602 -0.416780 0.477305 -0.410568 0.580607 0.811005
VERTEX_POSE A531 -0.462728 -0.845264 0.000000 0.800026 -0.374828 0.572537 0.710357 0.179332 -0.595732
VERTEX_POSE A532 -0.963151 0.034999 0.000000 0.510446 -0.185059 -0.380753 -0.924260 -0.771020 0.333911
VERTEX_POSE A533 0.078876 -0.911148 0.000000 -0.831049 -0.542687 0.265098 -0.579068 0.488958 -0.608417
VERTEX_POSE A534 0.387508 -0.862178 8.793306 -0.648941 -0.686845 -0.132387 -0.321676 -0.749233 0.651743
VERTEX_POSE A535 -0.738903 -0.502153 0.000000 0.830873 0.476595 0.556458 -0.709784 0.001975 -0.518714
VERTEX_POSE A536 0.094909 -0.480309 0.000000 0.882562 0.461900 -0.437896 0.739307 0.171265 -0.489973
VERTEX_POSE A537 -0.845073 0.424080 0.000000 0.021921 -0.358686 0.561534 0.776698 0.827163 -0.517769
VERTEX_POSE A538 0.384507 0.884451 0.000000 0.035372 -0.786639 -0.931009 0.198267 0.363278 0.584713
VERTEX_POSE A539 0.789378 -0.463507 0.000000 -0.737141 -0.328096 -0.013010 -0.867164 0.675614 -0.374673
VERTEX_POSE A540 0.435817 0.521910 1.000000 -0.734311 -0.560517 -0.678602 0.592076 0.016943 -0.579023
VERTEX_POSE A541 0.685155 -0.720682 0.000000 -0.629486 -0.094071 -0.461262 0.844056 0.625288 0.527940
VERTEX_POSE A542 0.530073 -0.504969 0.000000 -0.185646 0.982567 -0.907158 -0.167494 -0.377625 -0.080676
VERTEX_POSE A543 0.591594 -0.355296 0.000000 -0.521038 0.343398 0.399898 0.907012 0.754056 -0.243734
VERTEX_POSE A544 -0.301786 -0.548645 1.000000 -0.683382 -0.730055 -0.663245 0.622636 0.305115 -0.281681
VERTEX_POSE A545 0.610998 0.516490 0.000000 -0.097510 -0.555719 0.333184 0.763487 0.937806 -0.329034
VERTEX_POSE A546 -0.726197 0.458837 0.000000 0.206932 -0.957768 0.915399 0.261563 -0.345288 0.119440
VERTEX_POSE A547 0.129876 -0.639717 0.000000 -0.700013 -0.407524 0.674074 -0.105903 0.235808 -0.907033
VERTEX_POSE A548 0.814156 -0.560434 1.000000 0.109171 -0.916515 0.581943 0.372780 -0.805869 0.145035
VERTEX_POSE A549 -0.047934 0.195788 0.000000 0.869755 0.483352 0.493266 -0.845542 -0.014644 0.226778
VERTEX_POSE A550 0.078194 -0.639555 0.000000 0.037638 0.422109 0.950498 -0.294896 -0.308444 -0.857240
VERTEX_POSE A551 -0.598226 -0.643750 0.000000 -0.280287 -0.597937 -0.483430 -0.587920 -0.829298 0.544813
VERTEX_POSE A552 0.158280 -0.500796 0.000000 -0.117305 0.579523 -0.540678 -0.718439 -0.833011 0.384705
VERTEX_POSE A553 0.512026 -0.695274 0.000000 0.275017 0.878463 -0.751027 -0.057445 -0.600269 0.474345
VERTEX_POSE A554 -0.871932 -0.478518 0.000000 -0.891876 0.339836 0.431937 0.444318 0.134121 0.828911
VERTEX_POSE A555 -0.346915 0.753244 0.000000 0.043738 -0.417321 0.817185 0.537616 -0.574714 0.732675
VERTEX_POSE A556 0.895678 0.438872 0.317042 0.789313 0.004558 0.483155 -0.621661 -0.378874 -0.783273
VERTEX_POSE A557 0.385242 -0.685099 0.204168 0.154183 -0.842744 0.687567 0.466393 0.709563 -0.268812
VERTEX_POSE A558 -0.175316 0.058920 0.000000 0.175609 0.965360 0.905209 -0.081283 -0.386985 0.247937
VERTEX_POSE A559 0.973104 -0.141151 0.000000 0.668372 0.743665 -0.421315 0.361291 0.613003 -0.562522
VERTEX_POSE A560 -0.094489 -0.706790 0.000000 -0.224241 -0.520599 -0.477298 -0.678355 -0.849649 0.518470
VERTEX_POSE A561 -0.267678 -0.660263 0.000000 -0.757819 -0.639981 0.413317 -0.621512 0.504857 -0.451827
VERTEX_POSE A562 -0.684486 0.466521 0.000000 -0.230385 -0.911116 0.312598 -0.401874 -0.921523 0.091459
VERTEX_POSE A563 0.341406 0.884093 0.000000 0.375003 0.710488 0.680438 -0.647203 0.629584 0.276287
VERTEX_POSE A564 0.788429 -0.123993 1.000000 0.229377 0.027603 0.718429 -0.679212 -0.656693 -0.733423
VERTEX_POSE A565 0.505378 0.688956 0.000000 0.561303 -0.414016 -0.497455 0.523226 -0.661421 -0.744866
VERTEX_POSE A566 0.238754 -0.883105 0.000000 -0.428103 -0.688615 0.641635 -0.687658 -0.636421 -0.230079
VERTEX_POSE A567 0.463652 0.469111 0.000000 -0.470607 0.602275 -0.589588 -0.758349 -0.656441 0.249343
VERTEX_POSE A568 0.790595 0.492930 1.000000 -0.592505 0.678532 -0.158782 -0.626798 -0.789764 -0.383038
VERTEX_POSE A569 -0.608145 0.701386 0.000000 0.523016 -0.073238 -0.148441 -0.988902 -0.839297 0.129262
VERTEX_POSE A570 0.363351 0.854630 0.000000 0.249331 -0.949137 0.888803 0.303118 -0.384529 0.085201
VERTEX_POSE A571 0.321601 -0.488720 0.000000 0.078856 -0.737050 0.984941 0.161522 0.153857 -0.656253
VERTEX_POSE A572 -0.390275 -0.659895 1.000000 0.585642 -0.772787 0.798706 0.601609 0.138174 -0.202156
VERTEX_POSE A573 0.160450 0.637929 0.000000 0.506435 -0.002270 0.766710 0.458766 0.394563 -0.888554
VERTEX_POSE A574 -0.381249 0.886883 0.000000 -0.497023 0.238663 -0.552173 -0.828648 -0.669382 0.506342
VERTEX_POSE A575 -0.157258 -0.340355 0.000000 -0.866286 0.407474 -0.331414 -0.035937 -0.373782 -0.912509
VERTEX_POSE A576 0.630751 0.703264 0.802621 0.806036 -0.541556 -0.565434 -0.585354 0.174902 0.603389
VERTEX_POSE A577 -0.658163 0.260944 0.304407 0.734057 -0.656163 0.398153 0.207138 -0.550123 -0.725634
VERTEX_POSE A578 -0.918963 0.039501 8.620085 -0.027899 -0.515754 -0.687404 -0.612023 -0.725739 0.599521
VERTEX_POSE A579 0.060447 -0.969102 0.000000 -0.515775 -0.851579 0.570698 -0.259896 0.638968 -0.455267
VERTEX_POSE A580 0.693950 -0.161903 0.000000 0.499159 -0.633198 -0.197973 0.581259 -0.843592 -0.511076
VERTEX_POSE A581 0.716578 0.250498 0.000000 -0.293464 0.684879 -0.655960 -0.651774 0.695411 -0.325779
VERTEX_POSE A582 -0.260223 -0.955610 0.000000 -0.553510 0.493419 -0.832711 -0.342192 -0.014799 0.799652
VERTEX_POSE A583 0.054724 -0.157472 0.000000 0.240841 0.240691 -0.675384 0.737298 0.697031 0.631237
VERTEX_POSE A584 -0.438680 0.863592 1.000000 0.781569 -0.540678 -0.008675 0.489322 -0.623759 -0.684274
VERTEX_POSE A585 0.537444 0.030471 0.000000 0.640942 -0.352170 0.767393 0.273903 0.017352 0.894960
VERTEX_POSE A586 0.537202 -0.105610 0.000000 -0.990237 -0.132210 -0.116451 0.610383 0.076620 -0.780995
VERTEX_POSE A587 -0.813546 0.196973 0.000000 0.451083 -0.705109 0.528758 -0.282723 -0.718985 -0.650299
VERTEX_POSE A588 -0.206386 0.638825 1.000000 0.922645 0.144051 0.249869 0.483286 -0.293754 0.863530
VERTEX_POSE A589 -0.281413 0.686703 0.000000 -0.167696 0.949425 0.818381 0.284207 -0.549664 0.133489
VERTEX_POSE A590 -0.337596 -0.913558 0.000000 -0.053912 0.995948 0.778898 -0.003165 0.624829 0.089879
VERTEX_POSE A591 0.859179 -0.200642 0.000000 -0.607105 -0.754407 -0.768364 0.637411 -0.202585 -0.156770
VERTEX_POSE A592 0.150479 -0.697394 1.000000 -0.780048 -0.617354 -0.372551 0.589168 -0.502724 0.521302
VERTEX_POSE A593 -0.779352 0.352399 0.000000 -0.845097 0.404706 0.511060 0.803367 -0.156936 0.436823
VERTEX_POSE A594 0.449504 -0.448842 0.000000 -0.459781 0.170524 -0.823431 -0.449334 0.332511 -0.876938
VERTEX_POSE A595 0.793086 -0.197323 0.000000 0.556111 0.801405 -0.299088 -0.054227 -0.775427 0.595658
VERTEX_POSE A596 0.708841 0.600672 0.000000 0.232620 -0.566501 -0.972386 -0.119753 0.018807 0.815313
VERTEX_POSE A597 -0.509758 0.073891 0.000000 0.249214 -0.794906 0.530879 0.589872 -0.809975 0.142040
VERTEX_POSE A598 -0.294308 -0.678780 0.000000 -0.779143 0.332233 0.609039 0.200532 0.148351 0.921634
VERTEX_POSE A599 0.695443 0.330763 0.000000 0.599798 0.486320 -0.693748 -0.079609 0.398694 -0.870147
VERTEX_POSE A600 -0.543034 -0.044438 0.926106 0.650298 -0.398530 0.297802 -0.649472 0.698875 0.647580
VERTEX_POSE A601 -0.708071 0.561029 0.000000 -0.636467 0.753292 0.674276 0.647730 0.374515 0.114006
VERTEX_POSE A602 -0.247020 -0.850380 0.000000 -0.583016 0.661181 -0.372338 0.299087 0.722120 0.688031
VERTEX_POSE A603 0.465939 0.316139 0.000000 -0.435818 0.539575 -0.057437 0.782066 0.898200 0.311819
VERTEX_POSE A604 0.403184 0.441869 4929769663206434556756106719243555299427331264920697598914398212614809753906777867120299571615017338617576122701945747643448804104216760760224974570994337550469578604739210972496564047081459696452671373312.000000 0.208833 0.443324 -0.668169 -0.586183 0.714101 -0.678125
VERTEX_POSE A605 0.702636 -0.710520 254736390291291889030922121258850660424501441023379822259963935954914725725432940630493166131664627692932379993406330093364458701043890969258665463427181890508822414413552810983424.000000 0.594005 0.701568 0.408916 -0.684722 0.692781 -0.197379
VERTEX_POSE A606 -0.668158 -0.341030 0.000000 0.780559 -0.552883 0.246935 0.701339 -0.574240 -0.449938
VERTEX_POSE A607 -0.064500 0.911970 20501866451337168053189560792064226319547775958351486434605468436284037989645490279678039395484825527040722291151541508450190370438103211413438508882310610343659748866787619270098045783142774385055450559223531831296.000000 0.618129 0.270968 -0.451476 0.890820 0.643495 0.364713
VERTEX_POSE A608 -0.582693 0.652831 54516411287282881103620573661049282232049455624225566907766293486944114775489419510216473978623760465169262049097688632643007058210239961430227364061010573877892109631258095084661486834624878580594535132737235168202608021438567414343105260856279040.000000 -0.246507 -0.472940 0.043750 0.866524 -0.968153 0.159576
VERTEX_POSE A609 -0.459669 -0.755908 142717957228170451229169223632419449712023085313770128632411546919873682261239807686955431172197865275394498470016097032557935271454908504114485378486968050179891252175986467684330858598783887032262100137109926466652443578630334962549204381954211840.000000 -0.513797 0.147797 0.765425 0.523868 -0.387474 0.838879
VERTEX_POSE A610 0.261721 0.593995 37316738923474115733261719628800385799184125072574718531182175390581577988623128776844964764147918527234058057349660137317923228681926050302090253616151384153984071959032999133593159702126970020036608.000000 0.707374 -0.631992 -0.564499 -0.774634 0.425398 0.022978
VERTEX_POSE A611 -0.639318 -0.483762 11205294219072322049568244776645769362493385600298016939841652046102068468760269855466933301681613695326029112990759323677081957231912197895818912034902085698352900439291634758035513664142899319535452409177581814561284667489287273129426147588421760057344.000000 -0.188884 -0.197739 -0.978197 0.124007 -0.086338 -0.972379
VERTEX_POSE A612 -0.931751 -0.362063 1.000000 -0.143709 -0.508079 0.638516 0.608020 -0.756072 0.610055
VERTEX_POSE A613 -0.361271 0.916859 0.000000 -0.600940 -0.514010 -0.705443 -0.018971 0.375795 -0.857574
VERTEX_POSE A614 0.610225 0.519940 0.000000 0.647789 0.746452 -0.761005 0.624808 0.035208 -0.228962
VERTEX_POSE A615 -0.632339 -0.134865 0.000000 -0.510133 -0.190446 -0.492046 0.864456 -0.705446 -0.465237
VERTEX_POSE A616 0.882211 0.206545 4929769663206434556756106719243555299427331264920697598914398212614809753906777867120299571615017338617576122701945747643448804104216760760224974570994337550469578604739210972496564047081459696452671373312.000000 -0.523141 -0.658516 -0.851826 0.384086 -0.026767 0.647175
VERTEX_POSE A617 -0.185208 -0.673995 254736390291291889030922121258850660424501441023379822259963935954914725725432940630493166131664627692932379993406330093364458701043890969258665463427181890508822414413552810983424.000000 0.309872 0.570308 -0.000099 -0.800106 0.950778 -0.185954
VERTEX_POSE A618 0.447784 -0.893990 0.000000 -0.917014 0.373409 0.280977 0.854233 0.283086 0.361735
VERTEX_POSE A619 -0.687097 -0.355844 20501866451337168053189560792064226319547775958351486434605468436284037989645490279678039395484825527040722291151541508450190370438103211413438508882310610343659748866787619270098045783142774385055450559223531831296.000000 -0.512976 0.693509 -0.830975 -0.548973 0.215258 -0.466556
VERTEX_POSE A620 0.424884 -0.637057 54516411287282881103620573661049282232049455624225566907766293486944114775489419510216473978623760465169262049097688632643007058210239961430227364061010573877892109631258095084661486834624878580594535132737235168202608021438567414343105260856279040.000000 -0.554450 -0.815717 -0.726974 0.378284 0.405085 -0.437614
VERTEX_POSE A621 0.224855 -0.613923 142717957228170451229169223632419449712023085313770128632411546919873682261239807686955431172197865275394498470016097032557935271454908504114485378486968050179891252175986467684330858598783887032262100137109926466652443578630334962549204381954211840.000000 0.445498 0.867649 -0.155102 0.317607 0.881746 -0.382507
VERTEX_POSE A622 -0.766863 0.584706 37316738923474115733261719628800385799184125072574718531182175390581577988623128776844964764147918527234058057349660137317923228681926050302090253616151384153984071959032999133593159702126970020036608.000000 0.176355 -0.506142 0.920796 0.387962 -0.347898 0.770263
VERTEX_POSE A623 -0.622156 -0.778502 11205294246384509166644127883276842297287657537402947028047611871085140465745766381567954266633399990095915487873800237467784510098272729471091831404070392088699980308097400203724917295607667978630242654467422520653876189206292577090929733037029001789440.000000 0.275552 0.718396 0.453181 -0.683066 0.847761 0.131637
VERTEX_POSE A624 0.601547 0.785026 0.000000 -0.150333 0.968739 0.366928 -0.130684 -0.918022 -0.210872
VERTEX_POSE A625 0.387717 -0.125036 0.000000 -0.741371 -0.650808 -0.650046 0.635769 -0.166762 0.415028
VERTEX_POSE A626 -0.799864 0.594873 0.000000 -0.767555 0.376683 0.248660 -0.570757 0.590786 0.729621
VERTEX_POSE A627 0.452351 0.510306 0.000000 0.909107 0.406332 0.181056 -0.187060 0.375158 -0.894373
VERTEX_POSE A628 0.208405 0.487713 4929769663206434556756106719243555299427331264920697598914398212614809753906777867120299571615017338617576122701945747643448804104216760760224974570994337550469578604739210972496564047081459696452671373312.000000 -0.662542 -0.293158 0.530171 0.466504 -0.529110 0.834525
VERTEX_POSE A629 -0.178904 -0.833162 254736390291291889030922121258850660424501441023379822259963935954914725725432940630493166131664627692932379993406330093364458701043890969258665463427181890508822414413552810983424.000000 -0.557379 0.437298 -0.765825 -0.599122 -0.320688 0.670689
VERTEX_POSE A630 0.262140 -0.169999 0.000000 -0.443284 -0.436738 0.377207 -0.883078 -0.813150 -0.171561
VERTEX_POSE A631 -0.845830 -0.514382 20501866451337168053189560792064226319547775958351486434605468436284037989645490279678039395484825527040722291151541508450190370438103211413438508882310610343659748866787619270098045783142774385055450559223531831296.000000 -0.392720 0.671005 -0.790722 0.102829 -0.469606 -0.734288
VERTEX_POSE A632 0.133830 0.926466 54516411287282881103620573661049282232049455624225566907766293486944114775489419510216473978623760465169262049097688632643007058210239961430227364061010573877892109631258095084661486834624878580594535132737235168202608021438567414343105260856279040.000000 0.147742 0.535491 -0.561362 0.737597 -0.814276 -0.411340
VERTEX_POSE A633 0.737447 0.144029 142717957228170451229169223632419449712023085313770128632411546919873682261239807686955431172197865275394498470016097032557935271454908504114485378486968050179891252175986467684330858598783887032262100137109926466652443578630334962549204381954211840.000000 -0.692216 0.584256 0.710544 0.654510 -0.126345 0.479856
VERTEX_POSE A634 0.626187 0.181413 37316738923474115733261719628800385799184125072574718531182175390581577988623128776844964764147918527234058057349660137317923228681926050302090253616151384153984071959032999133593159702126970020036608.000000 -0.638667 0.769125 0.476773 0.419480 0.603980 0.482166
VERTEX_POSE A635 -0.716993 0.516043 11205294273696696283720010989907915232081929474507877116253571696068212462731262907668975231585186284865801862756841151258487062964633261046364750773238698479047060176903165649414320927072436637725032899757263226746467710923297881052433318485636243521536.000000 0.372781 0.819629 0.557082 -0.572608 -0.742088 -0.018121
VERTEX_POSE A636 0.836318 0.538675 1.000000 0.751998 0.656097 0.271077 -0.219962 -0.600846 0.721910
VERTEX_POSE A637 0.413999 -0.742466 0.000000 0.457719 -0.219189 0.572919 -0.668388 0.679895 0.710784
VERTEX_POSE A638 0.529219 -0.614885 0.000000 -0.303041 -0.527534 -0.951520 0.213540 0.052687 0.822259
VERTEX_POSE A639 -0.775049 -0.069901 0.000000 -0.798369 0.482086 0.572180 0.794074 -0.187663 0.370188
VERTEX_POSE A640 -0.514570 -0.377945 4929769663206434556756106719243555299427331264920697598914398212614809753906777867120299571615017338617576122701945747643448804104216760760224974570994337550469578604739210972496564047081459696452671373312.000000 -0.210265 -0.391316 0.802609 -0.592342 0.558218 0.704274
VERTEX_POSE A641 -0.661304 -0.396437 254736390291291889030922121258850660424501441023379822259963935954914725725432940630493166131664627692932379993406330093364458701043890969258665463427181890508822414413552810983424.000000 -0.810051 -0.148149 0.518734 0.270032 -0.273373 0.951386
VERTEX_POSE A642 -0.416197 0.107811 0.000000 -0.656995 0.572937 0.486146 -0.174803 -0.576212 -0.800741
VERTEX_POSE A643 -0.632383 0.679156 20501866451337168053189560792064226319547775958351486434605468436284037989645490279678039395484825527040722291151541508450190370438103211413438508882310610343659748866787619270098045783142774385055450559223531831296.000000 0.587164 -0.375049 0.788793 0.464107 0.181778 -0.802460
VERTEX_POSE A644 -0.260844 -0.965370 54516411287282881103620573661049282232049455624225566907766293486944114775489419510216473978623760465169262049097688632643007058210239961430227364061010573877892109631258095084661486834624878580594535132737235168202608021438567414343105260856279040.000000 -0.670407 0.741244 -0.536065 -0.514932 0.513020 0.430584
VERTEX_POSE A645 -0.927666 0.251947 142717957228170451229169223632419449712023085313770128632411546919873682261239807686955431172197865275394498470016097032557935271454908504114485378486968050179891252175986467684330858598783887032262100137109926466652443578630334962549204381954211840.000000 -0.650499 0.117022 0.719376 -0.221999 0.243619 0.967999
VERTEX_POSE A646 -0.032345 -0.629642 37316738923474115733261719628800385799184125072574718531182175390581577988623128776844964764147918527234058057349660137317923228681926050302090253616151384153984071959032999133593159702126970020036608.000000 -0.732750 0.203072 -0.041274 -0.965941 -0.679245 -0.160373
VERTEX_POSE A647 0.635658 0.586355 11205294301008883400795894096538988166876201411612807204459531521051284459716759433769996196536972579635688237639882065049189615830993792621637670142407004869394140045708931095103724558537205296819823145047103932839059232640303185013936903934243485253632.000000 -0.686757 0.655475 -0.535325 -0.163675 -0.491724 -0.737268
VERTEX_POSE A648 -0.670302 0.230313 0.000000 -0.732437 -0.506066 -0.628089 0.760415 0.262754 0.407022
VERTEX_POSE A649 -0.741721 -0.237828 0.000000 -0.009046 0.254769 -0.095107 -0.962835 0.995426 -0.089678
VERTEX_POSE A650 0.590475 0.560599 0.000000 -0.698998 -0.650425 0.624512 -0.352702 0.348407 -0.672717
VERTEX_POSE A651 -0.802360 0.330281 0.000000 -0.035453 0.735056 -0.951352 -0.232311 -0.306059 0.636965
VERTEX_POSE A652 0.633983 -0.129643 4929769663206434556756106719243555299427331264920697598914398212614809753906777867120299571615017338617576122701945747643448804104216760760224974570994337550469578604739210972496564047081459696452671373312.000000 0.567272 -0.403027 0.581174 0.813776 0.583473 -0.418734
VERTEX_POSE A653 0.607664 0.693291 254736390291291889030922121258850660424501441023379822259963935954914725725432940630493166131664627692932379993406330093364458701043890969258665463427181890508822414413552810983424.000000 -0.222067 -0.586055 0.207597 0.752458 0.952675 -0.300577
VERTEX_POSE A654 0.168123 0.789368 0.000000 -0.054876 -0.031318 -0.699538 -0.712003 0.712485 -0.701477
VERTEX_POSE A655 0.743956 -0.494575 20501866451337168053189560792064226319547775958351486434605468436284037989645490279678039395484825527040722291151541508450190370438103211413438508882310610343659748866787619270098045783142774385055450559223531831296.000000 -0.742560 0.386918 -0.517297 -0.849803 -0.425451 0.357952
VERTEX_POSE A656 -0.536110 -0.814401 54516411287282881103620573661049282232049455624225566907766293486944114775489419510216473978623760465169262049097688632643007058210239961430227364061010573877892109631258095084661486834624878580594535132737235168202608021438567414343105260856279040.000000 0.783616 -0.167231 0.280850 -0.763694 0.554138 0.623542
VERTEX_POSE A657 -0.092945 0.318479 142717957228170451229169223632419449712023085313770128632411546919873682261239807686955431172197865275394498470016097032557935271454908504114485378486968050179891252175986467684330858598783887032262100137109926466652443578630334962549204381954211840.000000 -0.393325 -0.818666 0.917327 -0.379981 -0.061697 -0.430581
VERTEX_POSE A658 -0.479141 -0.733905 37316738923474115733261719628800385799184125072574718531182175390581577988623128776844964764147918527234058057349660137317923228681926050302090253616151384153984071959032999133593159702126970020036608.000000 -0.460673 -0.647602 0.059362 0.659826 0.885582 -0.381107
VERTEX_POSE A659 -0.638616 0.667791 11205294328321070517871777203170061101670473348717737292665491346034356456702255959871017161488758874405574612522922978839892168697354324196910589511575311259741219914514696540793128190001973955914613390336944638931650754357308488975440489382850726985728.000000 -0.492144 -0.023846 -0.853709 -0.182247 -0.170221 0.982964
VERTEX_POSE A660 0.806322 0.589305 1.000000 -0.525086 -0.071368 0.044821 0.992776 -0.849868 0.096452
VERTEX_POSE A661 0.310085 -0.348255 0.000000 0.741401 -0.251517 -0.559643 -0.743334 0.370304 -0.619833
VERTEX_POSE A662 -0.790472 -0.301519 0.000000 0.214069 0.684545 -0.949025 -0.023209 -0.231355 0.728601
VERTEX_POSE A663 -0.564642 0.696026 0.000000 -0.846256 0.427542 0.198661 -0.300427 -0.494353 -0.852615
VERTEX_POSE A664 0.131799 0.792393 4929769663206434556756106719243555299427331264920697598914398212614809753906777867120299571615017338617576122701945747643448804104216760760224974570994337550469578604739210972496564047081459696452671373312.000000 -0.874110 0.040022 -0.028235 0.990728 0.484906 0.129834
VERTEX_POSE A665 0.471892 0.478241 254736390291291889030922121258850660424501441023379822259963935954914725725432940630493166131664627692932379993406330093364458701043890969258665463427181890508822414413552810983424.000000 0.016455 -0.508080 -0.627420 -0.675842 0.778507 -0.533940
VERTEX_POSE A666 -0.155018 -0.303351 0.000000 0.389413 0.566886 -0.902445 0.077157 -0.184257 0.820175
VERTEX_POSE A667 -0.680399 -0.657213 20501866451337168053189560792064226319547775958351486434605468436284037989645490279678039395484825527040722291151541508450190370438103211413438508882310610343659748866787619270098045783142774385055450559223531831296.000000 -0.659965 0.305648 0.277190 0.948117 -0.698292 0.087487
VERTEX_POSE A668 -0.351542 0.874332 54516411287282881103620573661049282232049455624225566907766293486944114775489419510216473978623760465169262049097688632643007058210239961430227364061010573877892109631258095084661486834624878580594535132737235168202608021438567414343105260856279040.000000 -0.797241 -0.207506 -0.386072 -0.546634 -0.464063 0.811253
VERTEX_POSE A669 -0.805802 -0.464541 142717957228170451229169223632419449712023085313770128632411546919873682261239807686955431172197865275394498470016097032557935271454908504114485378486968050179891252175986467684330858598783887032262100137109926466652443578630334962549204381954211840.000000 0.671930 0.171377 0.517873 0.586757 -0.529451 0.791420
VERTEX_POSE A670 0.020739 0.532036 37316738923474115733261719628800385799184125072574718531182175390581577988623128776844964764147918527234058057349660137317923228681926050302090253616151384153984071959032999133593159702126970020036608.000000 -0.602741 -0.726326 0.153136 -0.511646 0.783105 -0.458987
VERTEX_POSE A671 0.413141 -0.775542 11205294355633257634947660309801134036464745285822667380871451171017428453687752485972038126440545169175460987405963892630594721563714855772183508880743617650088299783320461986482531821466742615009403635626785345024242276074313792936944074831457968717824.000000 -0.054289 0.832585 0.907843 -0.188712 0.415780 0.520759
VERTEX_POSE A672 -0.785052 -0.598590 1.000000 -0.253244 0.163360 -0.550751 0.785971 -0.795324 -0.596291
VERTEX_POSE A673 0.395853 -0.286978 0.000000 0.725227 0.473988 0.195126 0.554076 0.660281 -0.684350
VERTEX_POSE A674 0.384357 -0.877448 0.000000 0.651045 -0.757367 0.405298 0.290777 -0.641774 -0.584674
VERTEX_POSE A675 -0.434427 -0.446194 0.000000 0.116508 0.990214 -0.168155 0.095905 0.978851 -0.101385
VERTEX_POSE A676 0.752606 0.573559 4929769663206434556756106719243555299427331264920697598914398212614809753906777867120299571615017338617576122701945747643448804104216760760224974570994337550469578604739210972496564047081459696452671373312.000000 0.105943 -0.954322 0.882029 0.219910 -0.459130 0.202260
VERTEX_POSE A677 -0.206033 -0.261417 254736390291291889030922121258850660424501441023379822259963935954914725725432940630493166131664627692932379993406330093364458701043890969258665463427181890508822414413552810983424.000000 -0.383989 -0.486500 0.773528 0.294611 -0.504189 0.822510
VERTEX_POSE A678 -0.814697 -0.556136 0.000000 -0.531321 -0.142643 0.845588 -0.149523 0.051762 0.978415
VERTEX_POSE A679 -0.071572 -0.184661 20501866451337168053189560792064226319547775958351486434605468436284037989645490279678039395484825527040722291151541508450190370438103211413438508882310610343659748866787619270098045783142774385055450559223531831296.000000 0.832779 -0.447183 -0.463383 -0.240506 -0.302911 -0.861501
VERTEX_POSE A680 0.534043 0.636518 54516411287282881103620573661049282232049455624225566907766293486944114775489419510216473978623760465169262049097688632643007058210239961430227364061010573877892109631258095084661486834624878580594535132737235168202608021438567414343105260856279040.000000 -0.853873 -0.034435 -0.503542 -0.197843 -0.131708 0.979629
VERTEX_POSE A681 0.823664 -0.540175 142717957228170451229169223632419449712023085313770128632411546919873682261239807686955431172197865275394498470016097032557935271454908504114485378486968050179891252175986467684330858598783887032262100137109926466652443578630334962549204381954211840.000000 0.821670 0.568918 -0.111977 0.101779 -0.558855 0.816072
VERTEX_POSE A682 -0.489026 0.713190 37316738923474115733261719628800385799184125072574718531182175390581577988623128776844964764147918527234058057349660137317923228681926050302090253616151384153984071959032999133593159702126970020036608.000000 0.151642 0.876983 0.697918 -0.421660 0.699939 0.230443
VERTEX_POSE A683 -0.650097 -0.681872 170579312608294397288425562476781478657348116557409361067516113173529313554748649852649210474915032992695019659618577779349752939921984615483773778965161769930218126055639616659548900788495293435291430151545253289952454459654116247582160622041547392834294584737033988603904.000000 -0.690750 -0.234306 0.634084 -0.651005 0.347566 0.722007
VERTEX_POSE A684 0.493783 0.663398 0.000000 -0.132516 -0.538718 -0.333750 -0.766133 -0.933301 0.350461
VERTEX_POSE A685 0.506245 0.306368 0.000000 0.743754 -0.179903 0.468001 0.827818 0.477289 -0.531368
VERTEX_POSE A686 0.631018 0.215298 0.000000 -0.270063 -0.621865 0.191260 0.713591 0.943656 -0.322601
VERTEX_POSE A687 -0.392345 -0.740222 0.000000 0.405096 0.714004 -0.141402 0.666004 0.903273 -0.215954
VERTEX_POSE A688 0.042410 0.694004 0.000000 0.641916 -0.127424 0.617072 0.671190 -0.455155 0.730251
VERTEX_POSE A689 -0.582922 0.601424 0.756836 0.277743 0.199585 0.522572 -0.852182 -0.806088 -0.483686
VERTEX_POSE A690 -0.462077 -0.757724 0.000000 -0.227333 -0.839482 -0.312267 -0.417213 -0.922393 0.348142
VERTEX_POSE A691 -0.167685 -0.435579 0.000000 -0.273479 -0.828081 0.747298 -0.503242 0.605603 0.247040
VERTEX_POSE A692 0.715699 -0.686515 48282.085574 -0.520255 0.770596 0.838917 0.380456 -0.159855 -0.511307
VERTEX_POSE A693 -0.337226 -0.500613 16668.777887 -0.777538 0.312534 0.614075 0.564276 -0.135447 0.764143
VERTEX_POSE A694 0.881796 -0.384133 11681.952872 -0.169719 -0.581920 -0.647362 -0.542670 -0.743046 0.605705
VERTEX_POSE A695 -0.273436 -0.889122 11681.952872 -0.875517 0.479577 -0.340512 -0.525829 0.342814 0.702502
VERTEX_POSE A696 -0.918020 -0.387104 4064.803809 0.735009 0.434877 -0.678054 0.474092 -0.002380 -0.765584
VERTEX_POSE A697 -0.393536 0.862796 2741.249358 -0.503512 -0.803208 0.753013 -0.227323 0.423611 -0.550619
VERTEX_POSE A698 0.997707 0.059726 2231.446153 0.641792 0.649415 0.651033 -0.180302 0.405289 -0.738750
VERTEX_POSE A699 0.067486 -0.841521 2231.446153 -0.541046 -0.686445 -0.094236 -0.524602 0.835697 -0.503573
VERTEX_POSE A700 0.259143 0.545420 1301.860409 -0.619554 -0.458092 0.624504 -0.779623 0.475549 0.427012
VERTEX_POSE A701 -0.626803 -0.532918 1205.958222 0.543887 -0.094663 -0.717637 -0.567482 -0.434953 0.817926
VERTEX_POSE A702 -0.646066 -0.516540 1121.059917 -0.188680 -0.894579 -0.443672 -0.290383 0.876102 -0.339714
VERTEX_POSE A703 0.648696 -0.759556 1121.059917 -0.348426 -0.403629 -0.378147 -0.765303 0.857674 -0.501393
VERTEX_POSE A704 -0.820275 0.428947 713.245026 0.197433 0.588651 -0.641416 -0.527157 -0.741354 0.612859
VERTEX_POSE A705 -0.557755 -0.453320 650.586875 0.189832 -0.785178 0.045410 0.606753 0.980766 0.123882
VERTEX_POSE A706 -0.942432 -0.121572 650.586875 0.638073 -0.711769 -0.284280 -0.572237 0.715575 0.407344
VERTEX_POSE A707 0.334394 -0.338432 486.551768 -0.612558 -0.790396 0.499900 -0.380774 0.612268 -0.479880
VERTEX_POSE A708 0.175170 -0.073775 436.995702 0.554935 -0.247862 -0.444199 0.718821 0.703374 0.649508
VERTEX_POSE A709 -0.920268 0.342117 372.674883 0.714429 -0.664489 -0.364769 -0.621025 -0.597105 -0.415671
VERTEX_POSE A710 -0.713063 -0.403994 372.674883 0.318626 0.668005 0.835248 0.137567 -0.448150 0.731331
VERTEX_POSE A711 0.519078 -0.853586 334.376946 0.316527 -0.874997 -0.380699 -0.470889 0.868837 0.112441
VERTEX_POSE A712 -0.674442 0.371836 323.810960 0.242182 0.934184 0.755443 -0.351016 -0.608814 -0.063945
VERTEX_POSE A713 -0.712893 -0.103154 295.400159 -0.997618 -0.042945 0.025925 0.491813 -0.063927 0.869641
VERTEX_POSE A714 -0.009326 0.519984 295.400159 0.242738 -0.065992 0.490032 -0.852697 0.837226 0.518220
VERTEX_POSE A715 0.805672 0.509840 261.923434 -0.120199 0.592325 0.739459 -0.482027 0.662384 0.645602
VERTEX_POSE A716 -0.646238 -0.501034 253.079038 0.670439 -0.452104 0.279682 -0.580434 -0.687234 -0.677273
VERTEX_POSE A717 -0.358754 -0.466281 226.150203 -0.988322 -0.107910 -0.055566 0.912650 0.141887 -0.394240
VERTEX_POSE A718 -0.727963 0.545623 208.039147 -0.994494 -0.082363 -0.097352 0.954959 -0.038787 -0.285080
VERTEX_POSE A719 0.680413 0.500462 190.052881 -0.347722 0.887679 0.936394 0.312476 0.047500 0.338207
VERTEX_POSE A720 0.059793 -0.553057 169.331815 -0.015809 -0.907417 -0.985859 0.084220 -0.166828 -0.411705
VERTEX_POSE A721 0.120436 -0.822406 169.331815 -0.744062 -0.031663 0.423708 -0.794673 -0.516569 -0.606211
VERTEX_POSE A722 -0.342915 -0.026664 148.456003 0.021099 -0.601583 0.724719 -0.541008 0.688721 0.587715
VERTEX_POSE A723 -0.389522 -0.905572 148.456003 0.194718 -0.476630 0.917008 0.398645 -0.348111 0.783521
VERTEX_POSE A724 0.958922 0.214192 138.704178 -0.550911 -0.823717 -0.786005 0.566130 -0.280522 0.031421
VERTEX_POSE A725 -0.279841 0.821661 138.704178 -0.101108 0.768159 0.352204 0.621964 0.930446 -0.151961
VERTEX_POSE A726 0.026533 -0.463528 136.576266 -0.984851 -0.079291 -0.018752 -0.835415 -0.172387 0.543869
VERTEX_POSE A727 0.931943 0.331989 134.562401 -0.668152 -0.013853 -0.446180 -0.792637 -0.595395 0.609536
VERTEX_POSE A728 0.754170 -0.196275 130.572085 -0.793181 -0.594517 -0.360351 0.632874 -0.490929 0.496004
VERTEX_POSE A729 0.147592 0.980535 121.862635 0.681842 0.446888 0.719629 -0.551837 -0.131246 -0.704107
VERTEX_POSE A730 -0.372609 -0.682887 121.862635 -0.260552 -0.895254 -0.926798 0.336809 -0.270477 -0.291683
VERTEX_POSE A731 0.035948 -0.687227 114.444297 -0.606685 -0.169956 -0.626630 0.703346 0.489151 0.690232
VERTEX_POSE A732 0.765803 -0.387152 105.088141 -0.664975 -0.507637 0.739435 -0.550691 -0.105091 -0.662604
VERTEX_POSE A733 0.632684 0.310633 105.088141 0.214575 0.233923 0.872948 -0.481411 -0.438086 -0.844703
VERTEX_POSE A734 -0.432309 -0.338214 99.927079 0.527440 -0.778889 0.838057 0.411388 0.139528 0.473384
VERTEX_POSE A735 0.594827 0.589739 99.927079 0.111859 -0.514042 -0.576661 0.663395 0.809289 0.543754
VERTEX_POSE A736 0.276119 0.709646 98.153580 -0.624077 -0.521349 -0.308899 0.848792 -0.717711 0.088017
VERTEX_POSE A737 -0.187226 0.701212 97.497854 0.456733 0.736631 0.096627 0.516268 -0.884340 0.436856
VERTEX_POSE A738 0.523573 -0.388489 89.724510 0.199981 0.731470 -0.275162 -0.596625 0.940369 -0.330135
VERTEX_POSE A739 -0.841511 -0.096712 89.724510 -0.863535 -0.440556 -0.157296 -0.227025 0.479129 -0.868545
VERTEX_POSE A740 0.043942 0.362887 85.703930 -0.537702 0.465609 -0.607614 -0.791978 -0.584536 0.394942
VERTEX_POSE A741 0.446510 0.826327 85.703930 -0.718944 -0.352059 -0.599247 -0.122914 -0.352168 0.927872
VERTEX_POSE A742 0.927029 0.373253 82.795713 0.642066 -0.327460 -0.764079 -0.347312 -0.062731 0.878718
VERTEX_POSE A743 0.126612 -0.402056 82.795713 0.533401 0.819752 0.099916 0.183758 -0.839941 0.542439
VERTEX_POSE A744 -0.905196 0.149430 80.551084 -0.679638 -0.084641 -0.730165 -0.017233 0.070371 -0.996263
VERTEX_POSE A745 0.077272 -0.862677 80.551084 0.561440 -0.737254 0.512680 -0.046603 0.649572 0.674007
VERTEX_POSE A746 0.057336 0.683364 78.940732 0.689801 0.631808 -0.681141 0.731848 -0.245401 -0.255375
VERTEX_POSE A747 -0.566816 0.622413 75.952010 -0.034891 0.700514 -0.827140 -0.420538 0.560912 -0.576566
VERTEX_POSE A748 0.549122 0.414639 69.509375 -0.481364 -0.658751 -0.865387 0.461984 0.139262 0.593817
VERTEX_POSE A749 0.405206 0.627278 69.509375 0.599536 -0.800345 0.589991 0.440274 -0.540802 -0.406947
VERTEX_POSE A750 -0.866628 0.322787 62.100934 -0.794176 -0.397265 0.597497 -0.648474 0.110822 0.649355
VERTEX_POSE A751 -0.242765 0.393427 62.100934 -0.409627 -0.193328 0.636441 0.639594 -0.653566 0.744006
VERTEX_POSE A752 -0.634531 0.587860 60.267065 0.287106 0.297783 -0.822451 -0.410615 0.491065 -0.861812
VERTEX_POSE A753 -0.460250 -0.808962 60.267065 -0.748876 -0.169745 -0.304622 -0.770298 0.588549 -0.614677
VERTEX_POSE A754 0.215390 -0.957517 59.081139 -0.014144 -0.729258 -0.133355 0.679425 0.990967 0.081022
VERTEX_POSE A755 -0.731858 -0.288285 59.081139 0.545049 0.537688 0.836156 -0.292463 -0.061358 0.790795
VERTEX_POSE A756 0.534293 0.467906 57.842189 0.631397 0.749589 0.456248 -0.566216 0.627037 -0.342807
VERTEX_POSE A757 -0.575740 -0.408341 57.131885 0.887156 0.453922 0.441483 -0.782411 0.134341 -0.426366
VERTEX_POSE A758 -0.895342 0.440535 53.678035 -0.777459 -0.124008 -0.344995 -0.735622 0.525866 -0.665944
VERTEX_POSE A759 -0.234606 -0.591524 50.144786 0.387040 0.452511 0.278438 -0.887978 0.879018 0.082032
VERTEX_POSE A760 -0.903180 -0.246662 46.579390 -0.477409 -0.813936 0.478448 -0.556798 -0.736999 0.165782
VERTEX_POSE A761 -0.162381 -0.561283 46.579390 0.767448 0.494429 0.389256 -0.865172 -0.509415 0.083773
VERTEX_POSE A762 -0.896317 0.395025 46.579390 -0.703804 -0.706668 -0.342116 0.426814 0.622589 -0.564314
VERTEX_POSE A763 0.394114 0.501557 42.550086 0.881767 -0.324429 -0.411114 -0.884470 0.231243 -0.335350
VERTEX_POSE A764 -0.818471 -0.546921 42.550086 -0.738432 -0.653970 0.227718 -0.471370 -0.634715 0.591720
VERTEX_POSE A765 -0.440935 0.401515 40.834954 0.054168 -0.494783 -0.910891 -0.380331 -0.409075 0.781369
VERTEX_POSE A766 0.955930 -0.180844 40.339259 -0.389631 0.415993 -0.086638 -0.904775 0.916887 0.091283
VERTEX_POSE A767 0.291720 0.673909 36.117495 0.436786 -0.870734 0.899195 0.415404 -0.025822 -0.263176
VERTEX_POSE A768 0.623304 0.220714 33.900553 -0.522601 0.655442 -0.774699 -0.632093 0.355990 -0.413347
VERTEX_POSE A769 0.087996 0.933450 31.956213 -0.127729 0.778430 0.771758 0.467225 0.622957 -0.419222
VERTEX_POSE A770 0.806985 -0.085905 29.450726 -0.313717 -0.772675 0.845265 0.037515 0.432562 -0.633693
VERTEX_POSE A771 -0.531415 -0.537227 27.025761 0.034574 -0.837221 -0.367493 0.497187 -0.929384 -0.227741
VERTEX_POSE A772 -0.384179 0.121720 27.025761 -0.908080 0.398604 0.415966 0.822846 0.048612 0.405018
VERTEX_POSE A773 0.504066 -0.802843 27.025761 0.332347 -0.517034 0.534227 -0.586051 0.777269 0.623875
VERTEX_POSE A774 0.674785 -0.121882 25.979791 -0.269919 -0.156320 -0.762054 0.637832 0.588572 0.754145
VERTEX_POSE A775 -0.107558 -0.991979 25.634614 -0.836034 0.311113 -0.047080 -0.861340 0.546653 0.401624
VERTEX_POSE A776 -0.745077 -0.199798 24.258980 0.369889 0.576957 -0.802043 0.593917 -0.468945 -0.560699
VERTEX_POSE A777 -0.629391 -0.105145 24.258980 -0.555496 0.674823 -0.778517 -0.216816 -0.292123 -0.705412
VERTEX_POSE A778 0.734982 0.441981 23.388667 0.791686 -0.537290 0.521327 0.345992 0.318515 0.769161
VERTEX_POSE A779 0.677078 -0.519683 23.388667 -0.737906 0.585766 -0.049642 -0.542455 0.673075 0.602179
VERTEX_POSE A780 -0.420721 -0.501132 22.903657 -0.292492 0.088765 0.834271 0.510327 0.467376 -0.855387
VERTEX_POSE A781 0.903772 -0.303823 21.839216 -0.755994 0.654397 -0.119504 -0.161114 -0.643577 -0.738788
VERTEX_POSE A782 -0.810457 0.395993 20.059568 -0.278316 -0.657107 -0.946720 0.064619 -0.162055 0.751023
VERTEX_POSE A783 -0.555694 -0.286508 20.059568 0.586810 0.126089 -0.759831 -0.255638 0.279841 -0.958515
VERTEX_POSE A784 -0.100394 0.483873 17.408512 -0.762055 -0.224399 -0.146320 0.973444 -0.630764 0.045294
VERTEX_POSE A785 0.485829 0.786365 17.408512 0.015815 -0.748020 -0.987839 -0.114339 -0.154674 0.653752
VERTEX_POSE A786 0.164558 0.661885 16.777803 0.147608 -0.942333 0.424305 -0.213994 0.893408 0.257323
VERTEX_POSE A787 -0.663907 -0.474011 15.961327 -0.644992 0.735360 -0.682426 -0.431806 -0.343918 -0.522292
VERTEX_POSE A788 -0.902250 -0.410076 15.213488 0.835476 -0.540564 -0.337381 -0.646551 -0.433767 -0.538295
VERTEX_POSE A789 -0.322164 0.846595 15.213488 0.811243 -0.168887 0.525362 0.630796 0.256670 -0.757346
VERTEX_POSE A790 0.638918 -0.074993 14.050514 -0.233458 -0.820279 0.434058 -0.568431 -0.870110 -0.063477
VERTEX_POSE A791 -0.670434 0.433752 13.404269 0.516124 -0.498484 0.439560 0.852096 0.735121 -0.159521
VERTEX_POSE A792 -0.341245 -0.456925 12.748504 0.318798 -0.572444 0.675911 0.696047 0.664463 -0.433390
VERTEX_POSE A793 0.642925 0.524051 12.748504 0.776290 0.492618 -0.583850 0.326611 0.237683 -0.806630
VERTEX_POSE A794 -0.560567 0.342427 11.814831 -0.528863 0.681382 -0.118733 0.530922 -0.840361 -0.503826
VERTEX_POSE A795 -0.164612 -0.938409 11.325414 0.430757 0.881233 0.378671 -0.372242 -0.819181 0.291315
VERTEX_POSE A796 0.271302 0.791525 11.325414 0.124615 0.811550 0.582899 -0.525454 -0.802932 -0.255508
VERTEX_POSE A797 -0.909061 0.397658 11.182210 -0.561041 0.825232 0.437331 0.362158 0.702833 0.433397
VERTEX_POSE A798 0.637779 -0.589345 10.354360 0.870928 -0.341794 0.400467 0.910060 -0.284800 0.234451
VERTEX_POSE A799 -0.670411 -0.107797 9.743591 -0.473840 0.697740 -0.475287 -0.716230 -0.741335 0.013216
VERTEX_POSE A800 -0.272487 0.526869 9.743591 0.203175 0.905621 0.624135 -0.412717 -0.754437 -0.097545
VERTEX_POSE A801 0.723631 -0.439246 8.890682 -0.719594 -0.687784 -0.096071 -0.037730 -0.687717 0.724934
VERTEX_POSE A802 0.575237 0.517574 8.525841 0.636998 -0.324479 0.475643 0.879275 -0.606628 0.348696
VERTEX_POSE A803 0.800104 -0.517050 8.222006 0.523089 0.760269 0.634691 -0.649122 -0.568811 -0.025147
VERTEX_POSE A804 0.931112 0.361303 7.911976 0.427839 0.457598 0.828203 0.146900 0.361987 -0.876941
VERTEX_POSE A805 0.224247 -0.674986 7.466884 0.751574 -0.584254 0.623486 0.477577 0.215412 0.656176
VERTEX_POSE A806 -0.289472 0.066446 7.248039 0.259771 0.903859 -0.249583 0.402904 0.932860 -0.143900
VERTEX_POSE A807 0.561266 0.819872 7.248039 -0.585743 -0.762346 0.234428 -0.484383 -0.775853 0.429186
