VERTEX_POSE A0 -0.484418 0.467393 -0.311807 -0.950145 0.950145 -0.311807
VERTEX_POSE A1 0.064675 0.560426 -0.515042 -0.857165 0.857165 -0.515042
VERTEX_POSE A2 -0.622387 0.452367 -0.516629 0.856209 -0.856209 -0.516629
VERTEX_POSE A3 0.315819 0.869970 0.802329 0.596882 0.596882 -0.802329
VERTEX_POSE A4 -0.816533 -0.368337 0.807767 -0.589502 0.589502 0.807767
VERTEX_POSE A5 -0.224005 0.069761 0.326526 0.945188 0.945188 -0.326526
VERTEX_POSE A6 0.119851 -0.451238 -0.714454 -0.699682 0.699682 -0.714454
VERTEX_POSE A7 -0.113147 0.584027 -0.470720 -0.882283 0.882283 -0.470720
VERTEX_POSE A8 -0.141946 -0.581309 -0.730751 0.682644 0.682644 0.730751
VERTEX_POSE A9 -0.660996 -0.673798 0.077694 -0.996977 0.996977 0.077694
VERTEX_POSE A10 -0.965968 -0.603119 0.829737 -0.558154 0.558154 0.829737
VERTEX_POSE A11 0.277441 0.700200 0.180052 -0.983657 0.983657 0.180052
VERTEX_POSE A12 0.359017 0.484363 0.808368 -0.588678 0.588678 0.808368
VERTEX_POSE A13 -0.801471 -0.809293 -0.984300 -0.176505 0.176505 -0.984300
VERTEX_POSE A14 -0.425642 0.000517 -0.771540 -0.636181 0.636181 -0.771540
VERTEX_POSE A15 0.448165 -0.514283 0.248337 -0.968674 0.968674 0.248337
VERTEX_POSE A16 0.846672 -0.448741 0.645561 -0.763708 -0.763708 -0.645561
VERTEX_POSE A17 0.367793 0.869683 -0.378907 0.925435 0.925435 0.378907
VERTEX_POSE A18 -0.121426 0.647458 -0.856567 -0.516036 -0.516036 0.856567
VERTEX_POSE A19 0.036824 0.693602 0.723550 0.690272 0.690272 -0.723550
VERTEX_POSE A20 -0.657328 0.162962 -0.037982 -0.999278 -0.999278 0.037982
VERTEX_POSE A21 -0.781960 0.432177 -0.418701 0.908124 0.908124 0.418701
VERTEX_POSE A22 0.267221 -0.066772 -0.483846 0.875153 0.875153 0.483846
VERTEX_POSE A23 0.007517 -0.036214 0.776441 0.630190 -0.630190 0.776441
VERTEX_POSE A24 -0.759041 0.083807 -0.956218 -0.292655 0.292655 -0.956218
VERTEX_POSE A25 0.412775 0.523833 0.999433 -0.033669 0.033669 0.999433
VERTEX_POSE A26 -0.170344 -0.677561 -0.684807 0.728724 -0.728724 -0.684807
VERTEX_POSE A27 0.791952 -0.201031 -0.756356 -0.654161 -0.654161 0.756356
VERTEX_POSE A28 0.821637 -0.663118 0.863861 -0.503731 0.503731 0.863861
VERTEX_POSE A29 0.418569 0.373479 0.132811 -0.991141 0.991141 0.132811
VERTEX_POSE A30 0.711213 -0.613895 0.676786 -0.736180 -0.736180 -0.676786
VERTEX_POSE A31 -0.662781 0.804275 -0.280171 -0.959950 0.959950 -0.280171
VERTEX_POSE A32 -0.516756 -0.066095 0.151225 0.988499 -0.988499 0.151225
VERTEX_POSE A33 -0.911173 0.838471 0.833687 0.552237 -0.552237 0.833687
VERTEX_POSE A34 0.653038 0.674244 0.923341 0.383982 -0.383982 0.923341
VERTEX_POSE A35 -0.333290 0.565567 -0.520299 -0.853984 0.853984 -0.520299
VERTEX_POSE A36 -0.135178 -0.091768 0.500913 0.865498 -0.865498 0.500913
VERTEX_POSE A37 -0.227110 -0.776993 -0.765823 -0.643051 -0.643051 0.765823
VERTEX_POSE A38 0.553563 0.149594 -0.268730 -0.963216 -0.963216 0.268730
VERTEX_POSE A39 0.722876 0.326924 0.872457 0.488691 -0.488691 0.872457
VERTEX_POSE A40 0.111894 -0.450791 -0.753840 0.657058 0.657058 0.753840
VERTEX_POSE A41 0.587596 0.546476 0.975150 0.221546 -0.221546 0.975150
VERTEX_POSE A42 0.000316 0.027124 -0.950812 -0.309768 -0.309768 0.950812
VERTEX_POSE A43 -0.529090 -0.966428 -0.640906 0.767619 -0.767619 -0.640906
VERTEX_POSE A44 0.786124 0.737182 0.377793 0.925890 0.925890 -0.377793
VERTEX_POSE A45 0.574675 -0.972359 -0.954991 -0.296634 -0.296634 0.954991
VERTEX_POSE A46 0.919075 -0.480711 -0.969219 0.246202 -0.246202 -0.969219
VERTEX_POSE A47 0.632797 -0.711558 -0.953678 0.300828 0.300828 0.953678
VERTEX_POSE A48 -0.057532 0.897324 -0.361069 -0.932539 -0.932539 0.361069
VERTEX_POSE A49 -0.202351 -0.833252 -0.673017 -0.739627 0.739627 -0.673017
VERTEX_POSE A50 -0.330379 0.982044 0.254283 0.967130 -0.967130 0.254283
VERTEX_POSE A51 0.285139 0.060286 -0.796982 -0.604003 0.604003 -0.796982
VERTEX_POSE A52 0.015689 0.598925 -0.902888 -0.429876 -0.429876 0.902888
VERTEX_POSE A53 0.936842 -0.084728 -0.363739 0.931501 -0.931501 -0.363739
VERTEX_POSE A54 -0.707344 -0.975928 0.920817 -0.389995 0.389995 0.920817
VERTEX_POSE A55 0.256647 -0.317269 -0.393941 -0.919136 0.919136 -0.393941
VERTEX_POSE A56 0.349617 -0.560895 0.725132 -0.688610 -0.688610 -0.725132
VERTEX_POSE A57 0.122312 -0.653488 -0.097548 -0.995231 0.995231 -0.097548
VERTEX_POSE A58 0.048600 0.481700 -0.551202 0.834372 -0.834372 -0.551202
VERTEX_POSE A59 0.171254 -0.224013 0.965198 0.261519 0.261519 -0.965198
VERTEX_POSE A60 -0.459120 0.719991 0.827123 -0.562022 -0.562022 -0.827123
VERTEX_POSE A61 -0.240187 0.867805 0.014845 -0.999890 -0.999890 -0.014845
VERTEX_POSE A62 0.508473 -0.419739 0.084367 -0.996435 0.996435 0.084367
VERTEX_POSE A63 0.024124 -0.346105 0.962878 0.269937 -0.269937 0.962878
VERTEX_POSE A64 -0.151361 0.706276 -0.407768 -0.913086 0.913086 -0.407768
VERTEX_POSE A65 0.161511 -0.745494 0.642142 -0.766586 0.766586 0.642142
VERTEX_POSE A66 0.690834 -0.780538 0.268532 -0.963271 0.963271 0.268532
VERTEX_POSE A67 0.713461 -0.385491 0.319836 0.947473 -0.947473 0.319836
VERTEX_POSE A68 0.934401 -0.522488 0.681464 -0.731852 -0.731852 -0.681464
VERTEX_POSE A69 0.244398 0.369057 0.770780 0.637101 -0.637101 0.770780
VERTEX_POSE A70 0.436337 0.941433 0.322786 -0.946472 0.946472 0.322786
VERTEX_POSE A71 0.046295 0.026721 0.331990 -0.943283 -0.943283 -0.331990
VERTEX_POSE A72 -0.168007 -0.084467 -0.988506 -0.151179 0.151179 -0.988506
VERTEX_POSE A73 -0.563347 -0.031443 -0.966208 0.257765 0.257765 0.966208
VERTEX_POSE A74 0.517205 0.060293 -0.737275 -0.675593 -0.675593 0.737275
VERTEX_POSE A75 -0.381882 -0.347285 -0.299780 -0.954008 -0.954008 0.299780
VERTEX_POSE A76 -0.988673 -0.003803 -0.865824 0.500349 -0.500349 -0.865824
VERTEX_POSE A77 0.436280 0.579582 -0.575480 0.817816 0.817816 0.575480
VERTEX_POSE A78 -0.749086 -0.058843 0.747942 -0.663764 -0.663764 -0.747942
VERTEX_POSE A79 -0.046205 -0.106479 0.460096 -0.887869 -0.887869 -0.460096
VERTEX_POSE A80 -0.766071 0.746330 -0.997400 0.072058 -0.072058 -0.997400
VERTEX_POSE A81 -0.079465 -0.076800 -0.755998 0.654573 -0.654573 -0.755998
VERTEX_POSE A82 -0.761066 0.953808 0.692461 0.721455 0.721455 -0.692461
VERTEX_POSE A83 0.249618 0.345255 0.878504 0.477735 0.477735 -0.878504
VERTEX_POSE A84 -0.142623 0.838472 0.964932 -0.262500 0.262500 0.964932
VERTEX_POSE A85 -0.468409 0.977880 0.525427 0.850839 -0.850839 0.525427
VERTEX_POSE A86 -0.493734 -0.972014 0.530843 0.847470 0.847470 -0.530843
VERTEX_POSE A87 -0.793006 -0.722423 -0.375508 0.926819 0.926819 0.375508
VERTEX_POSE A88 0.653902 -0.675609 -0.973074 0.230491 -0.230491 -0.973074
VERTEX_POSE A89 0.554865 0.509686 0.979363 -0.202111 0.202111 0.979363
VERTEX_POSE A90 0.378247 0.053564 0.019678 -0.999806 -0.999806 -0.019678
VERTEX_POSE A91 -0.805217 -0.955618 -0.176188 0.984357 -0.984357 -0.176188
VERTEX_POSE A92 -0.685322 0.377491 -0.529195 0.848500 0.848500 0.529195
VERTEX_POSE A93 -0.113280 0.633826 -0.044576 -0.999006 0.999006 -0.044576
VERTEX_POSE A94 0.218907 -0.301723 -0.871666 0.490100 -0.490100 -0.871666
VERTEX_POSE A95 0.163318 0.083767 -0.766222 -0.642576 0.642576 -0.766222
VERTEX_POSE A96 -0.951769 0.888331 0.973196 -0.229978 0.229978 0.973196
VERTEX_POSE A97 -0.090259 -0.082260 -0.997842 -0.065659 0.065659 -0.997842
VERTEX_POSE A98 -0.123221 0.698276 0.491204 0.871045 -0.871045 0.491204
VERTEX_POSE A99 0.982633 -0.634157 -0.988360 -0.152132 -0.152132 0.988360
VERTEX_POSE A100 -0.845861 -0.713204 -0.486014 -0.873951 0.873951 -0.486014
VERTEX_POSE A101 -0.686885 0.639709 0.095500 0.995429 -0.995429 0.095500
VERTEX_POSE A102 0.028927 0.392564 0.868972 0.494862 0.494862 -0.868972
VERTEX_POSE A103 -0.013868 0.202329 0.085733 0.996318 0.996318 -0.085733
VERTEX_POSE A104 -0.250232 -0.391735 -0.951605 -0.307323 0.307323 -0.951605
VERTEX_POSE A105 -0.453868 -0.547142 -0.989952 -0.141401 -0.141401 0.989952
VERTEX_POSE A106 0.604250 0.855044 0.089467 0.995990 0.995990 -0.089467
VERTEX_POSE A107 -0.238905 0.604463 -0.207702 -0.978192 -0.978192 0.207702
VERTEX_POSE A108 0.982412 -0.967560 0.734341 -0.678780 -0.678780 -0.734341
VERTEX_POSE A109 0.855164 -0.203800 -0.647136 0.762374 0.762374 0.647136
VERTEX_POSE A110 0.714890 -0.502016 0.990929 -0.134384 -0.134384 -0.990929
VERTEX_POSE A111 -0.783658 0.778770 0.768049 0.640391 -0.640391 0.768049
VERTEX_POSE A112 -0.224301 0.719401 0.504324 0.863515 -0.863515 0.504324
VERTEX_POSE A113 0.953825 -0.548208 -0.693827 0.720142 -0.720142 -0.693827
VERTEX_POSE A114 0.465960 0.124025 0.700469 -0.713683 -0.713683 -0.700469
VERTEX_POSE A115 0.633076 0.557873 0.162500 -0.986708 0.986708 0.162500
VERTEX_POSE A116 -0.514585 -0.570329 0.330158 0.943926 0.943926 -0.330158
VERTEX_POSE A117 0.972226 0.152011 -0.661940 0.749557 -0.749557 -0.661940
VERTEX_POSE A118 0.840069 0.835450 -0.249737 0.968314 -0.968314 -0.249737
VERTEX_POSE A119 -0.860682 -0.245937 0.613988 0.789316 -0.789316 0.613988
VERTEX_POSE A120 0.527091 -0.338303 -0.990188 -0.139741 0.139741 -0.990188
VERTEX_POSE A121 0.218316 -0.110985 -0.414688 0.909964 0.909964 0.414688
VERTEX_POSE A122 -0.665899 -0.201555 -0.793380 0.608726 0.608726 0.793380
VERTEX_POSE A123 0.841769 -0.960812 -0.749388 0.662131 -0.662131 -0.749388
VERTEX_POSE A124 -0.894963 -0.477160 0.959317 0.282330 -0.282330 0.959317
VERTEX_POSE A125 0.553008 0.496722 -0.569141 0.822240 0.822240 0.569141
VERTEX_POSE A126 0.005087 0.122956 0.949805 -0.312842 0.312842 0.949805
VERTEX_POSE A127 -0.846732 -0.588829 -0.853549 0.521013 -0.521013 -0.853549
VERTEX_POSE A128 -0.537251 -0.585539 0.999971 -0.007661 0.007661 0.999971
VERTEX_POSE A129 0.881866 -0.178768 -0.844866 0.534978 0.534978 0.844866
VERTEX_POSE A130 -0.864100 -0.222986 0.365329 0.930878 -0.930878 0.365329
VERTEX_POSE A131 -0.383112 -0.298742 -0.997892 -0.064893 -0.064893 0.997892
VERTEX_POSE A132 -0.805019 -0.539060 0.885725 -0.464211 0.464211 0.885725
VERTEX_POSE A133 0.164828 -0.830421 -0.666744 -0.745287 -0.745287 0.666744
VERTEX_POSE A134 0.603020 0.903587 -0.796802 0.604241 -0.604241 -0.796802
VERTEX_POSE A135 -0.055251 0.069206 0.908931 -0.416946 0.416946 0.908931
VERTEX_POSE A136 0.710960 -0.377564 -0.156459 -0.987684 -0.987684 0.156459
VERTEX_POSE A137 0.207270 0.758631 -0.924570 0.381012 -0.381012 -0.924570
VERTEX_POSE A138 0.705844 -0.326332 0.990894 -0.134643 0.134643 0.990894
VERTEX_POSE A139 0.693372 -0.345124 -0.458352 0.888771 0.888771 0.458352
VERTEX_POSE A140 0.062434 -0.445169 0.819562 0.572990 0.572990 -0.819562
VERTEX_POSE A141 0.420734 0.171652 0.779976 0.625809 -0.625809 0.779976
VERTEX_POSE A142 0.909714 -0.566354 -0.314565 -0.949236 -0.949236 0.314565
VERTEX_POSE A143 0.838133 -0.725768 0.911083 0.412222 -0.412222 0.911083
VERTEX_POSE A144 0.374559 0.623444 0.735778 0.677223 -0.677223 0.735778
VERTEX_POSE A145 0.375674 0.557671 -0.450849 0.892600 0.892600 0.450849
VERTEX_POSE A146 0.471209 0.832105 0.317733 -0.948180 -0.948180 -0.317733
VERTEX_POSE A147 0.859975 -0.946885 0.993292 -0.115629 0.115629 0.993292
VERTEX_POSE A148 0.347900 -0.290318 -0.276502 -0.961013 -0.961013 0.276502
VERTEX_POSE A149 0.311278 0.667555 0.933791 0.357819 -0.357819 0.933791
VERTEX_POSE A150 0.999293 -0.192822 0.946919 0.321473 0.321473 -0.946919
VERTEX_POSE A151 -0.125009 0.371379 0.993828 -0.110936 -0.110936 -0.993828
VERTEX_POSE A152 -0.470405 -0.443430 0.913207 -0.407495 -0.407495 -0.913207
VERTEX_POSE A153 -0.666607 0.605623 -0.918941 0.394394 -0.394394 -0.918941
VERTEX_POSE A154 -0.283240 0.410567 0.881420 -0.472332 0.472332 0.881420
VERTEX_POSE A155 -0.365369 0.079410 0.269444 -0.963016 0.963016 0.269444
VERTEX_POSE A156 0.886401 0.102345 -0.965603 -0.260022 -0.260022 0.965603
VERTEX_POSE A157 0.721847 -0.466477 -0.995746 0.092142 0.092142 0.995746
VERTEX_POSE A158 -0.212101 0.490581 -0.557746 0.830011 0.830011 0.557746
VERTEX_POSE A159 -0.650850 0.516806 -0.568779 -0.822491 0.822491 -0.568779
VERTEX_POSE A160 0.603713 0.354754 0.926843 0.375448 -0.375448 0.926843
VERTEX_POSE A161 -0.076201 -0.732404 0.494280 -0.869303 0.869303 0.494280
VERTEX_POSE A162 -0.033961 -0.781936 0.919644 -0.392754 -0.392754 -0.919644
VERTEX_POSE A163 0.798693 0.815695 0.013217 -0.999913 -0.999913 -0.013217
VERTEX_POSE A164 -0.911373 -0.562826 0.460698 -0.887557 0.887557 0.460698
VERTEX_POSE A165 -0.430941 -0.878349 0.796456 0.604696 -0.604696 0.796456
VERTEX_POSE A166 -0.256558 -0.115099 0.999984 0.005689 -0.005689 0.999984
VERTEX_POSE A167 0.799587 0.059611 -0.997746 -0.067103 0.067103 -0.997746
VERTEX_POSE A168 0.776329 0.880282 -0.164884 -0.986313 0.986313 -0.164884
VERTEX_POSE A169 -0.550714 0.558569 -0.164442 -0.986387 -0.986387 0.164442
VERTEX_POSE A170 0.492959 0.714487 -0.462336 -0.886705 -0.886705 0.462336
VERTEX_POSE A171 -0.161237 -0.564887 0.157757 0.987478 0.987478 -0.157757
VERTEX_POSE A172 0.870020 -0.269779 0.384585 0.923090 0.923090 -0.384585
VERTEX_POSE A173 0.402673 -0.851866 0.173816 0.984778 -0.984778 0.173816
VERTEX_POSE A174 -0.323104 -0.290656 -0.742033 0.670363 0.670363 0.742033
VERTEX_POSE A175 0.244579 -0.646335 -0.525059 0.851066 -0.851066 -0.525059
VERTEX_POSE A176 -0.221653 0.705805 -0.930101 0.367305 0.367305 0.930101
VERTEX_POSE A177 -0.851895 -0.458551 -0.636547 -0.771238 -0.771238 0.636547
VERTEX_POSE A178 0.104554 -0.593219 -0.521143 0.853469 -0.853469 -0.521143
VERTEX_POSE A179 -0.873753 -0.584513 -0.536574 0.843853 -0.843853 -0.536574
VERTEX_POSE A180 0.459383 -0.790996 -0.881734 0.471747 0.471747 0.881734
VERTEX_POSE A181 0.103847 0.213959 0.010039 0.999950 0.999950 -0.010039
VERTEX_POSE A182 0.001238 0.786866 -0.943645 0.330961 -0.330961 -0.943645
VERTEX_POSE A183 0.988977 -0.234426 0.404061 0.914732 0.914732 -0.404061
VERTEX_POSE A184 0.437240 -0.180418 0.919425 -0.393266 -0.393266 -0.919425
VERTEX_POSE A185 0.717998 0.197433 0.823812 -0.566864 0.566864 0.823812
VERTEX_POSE A186 -0.376392 0.844984 -0.862718 -0.505685 -0.505685 0.862718
VERTEX_POSE A187 0.323642 0.921926 -0.783886 0.620905 -0.620905 -0.783886
VERTEX_POSE A188 0.439845 0.730956 -0.698735 0.715380 -0.715380 -0.698735
VERTEX_POSE A189 0.411507 0.335565 0.885047 0.465502 0.465502 -0.885047
VERTEX_POSE A190 0.672792 0.438732 -0.978202 0.207657 0.207657 0.978202
VERTEX_POSE A191 0.043557 0.085710 -0.969700 -0.244300 -0.244300 0.969700
VERTEX_POSE A192 -0.664693 0.603161 0.674527 -0.738250 0.738250 0.674527
VERTEX_POSE A193 -0.361169 0.656796 0.652915 0.757431 0.757431 -0.652915
VERTEX_POSE A194 -0.157750 -0.098595 -0.633449 0.773784 -0.773784 -0.633449
VERTEX_POSE A195 -0.576066 -0.959665 0.825314 -0.564673 -0.564673 -0.825314
VERTEX_POSE A196 0.207889 0.778447 -0.952587 0.304266 0.304266 0.952587
VERTEX_POSE A197 0.585692 0.786306 -0.722547 -0.691322 0.691322 -0.722547
VERTEX_POSE A198 -0.776479 0.099946 -0.367315 0.930096 -0.930096 -0.367315
VERTEX_POSE A199 -0.015782 0.658729 -0.919714 -0.392590 -0.392590 0.919714
VERTEX_POSE A200 -0.965022 0.344875 -0.552887 -0.833256 0.833256 -0.552887
VERTEX_POSE A201 0.716480 -0.185567 0.680561 -0.732692 0.732692 0.680561
VERTEX_POSE A202 0.822981 -0.906159 0.866317 0.499494 -0.499494 0.866317
VERTEX_POSE A203 0.904999 -0.924904 -0.411536 0.911393 0.911393 0.411536
VERTEX_POSE A204 0.119153 -0.037433 -0.335752 0.941951 -0.941951 -0.335752
VERTEX_POSE A205 -0.500123 -0.196815 -0.207818 -0.978167 0.978167 -0.207818
VERTEX_POSE A206 0.149578 -0.571238 0.870163 0.492764 0.492764 -0.870163
VERTEX_POSE A207 0.897500 -0.331629 0.451084 -0.892481 -0.892481 -0.451084
VERTEX_POSE A208 -0.352018 0.344635 0.383939 0.923359 0.923359 -0.383939
VERTEX_POSE A209 -0.745868 -0.164458 -0.999260 -0.038473 -0.038473 0.999260
VERTEX_POSE A210 -0.976253 0.083858 0.294269 0.955722 -0.955722 0.294269
VERTEX_POSE A211 -0.892636 0.553639 0.652868 -0.757472 0.757472 0.652868
VERTEX_POSE A212 0.357979 -0.950499 -0.598370 -0.801220 -0.801220 0.598370
VERTEX_POSE A213 0.024984 -0.129276 -0.037093 0.999312 -0.999312 -0.037093
VERTEX_POSE A214 -0.903659 -0.680786 -0.766835 -0.641844 -0.641844 0.766835
VERTEX_POSE A215 -0.204781 -0.130917 0.914947 -0.403573 0.403573 0.914947
VERTEX_POSE A216 -0.257018 -0.931842 0.342776 -0.939417 -0.939417 -0.342776
VERTEX_POSE A217 -0.280051 -0.835802 0.144109 -0.989562 0.989562 0.144109
VERTEX_POSE A218 -0.881139 -0.208991 -0.005674 0.999984 0.999984 0.005674
VERTEX_POSE A219 -0.817173 0.799113 0.774260 0.632868 0.632868 -0.774260
VERTEX_POSE A220 -0.868543 0.499763 0.329544 -0.944140 -0.944140 -0.329544
VERTEX_POSE A221 0.791653 -0.770259 0.987212 -0.159410 0.159410 0.987212
VERTEX_POSE A222 0.226384 -0.115176 -0.999990 -0.004405 -0.004405 0.999990
VERTEX_POSE A223 -0.533237 0.102924 0.524926 -0.851148 -0.851148 -0.524926
VERTEX_POSE A224 -0.569516 0.886537 -0.346263 0.938138 -0.938138 -0.346263
VERTEX_POSE A225 -0.931365 0.786229 -0.880342 -0.474339 0.474339 -0.880342
VERTEX_POSE A226 -0.109303 0.143260 0.267605 -0.963529 0.963529 0.267605
VERTEX_POSE A227 0.638373 0.664984 -0.709950 -0.704253 0.704253 -0.709950
VERTEX_POSE A228 0.654327 0.572535 -0.743752 -0.668455 -0.668455 0.743752
VERTEX_POSE A229 0.114218 -0.756794 0.607823 0.794072 0.794072 -0.607823
VERTEX_POSE A230 -0.377408 0.323713 0.998450 -0.055657 -0.055657 -0.998450
VERTEX_POSE A231 0.689305 -0.082590 0.979063 -0.203555 0.203555 0.979063
VERTEX_POSE A232 -0.169303 0.057639 -0.995537 -0.094372 0.094372 -0.995537
VERTEX_POSE A233 -0.554427 0.417554 -0.310664 -0.950520 -0.950520 0.310664
VERTEX_POSE A234 0.594304 -0.007494 -0.618820 -0.785532 0.785532 -0.618820
VERTEX_POSE A235 0.949850 -0.979795 0.816730 0.577021 0.577021 -0.816730
VERTEX_POSE A236 -0.054550 -0.779261 0.649187 0.760629 0.760629 -0.649187
VERTEX_POSE A237 -0.256118 0.421268 -0.069866 0.997556 0.997556 0.069866
VERTEX_POSE A238 0.847350 -0.311423 0.743910 -0.668280 -0.668280 -0.743910
VERTEX_POSE A239 0.593431 0.565374 -0.737666 -0.675166 0.675166 -0.737666
VERTEX_POSE A240 -0.001985 -0.743190 -0.830454 -0.557087 0.557087 -0.830454
VERTEX_POSE A241 0.871097 0.772435 -0.408082 0.912945 -0.912945 -0.408082
VERTEX_POSE A242 0.700795 0.119013 -0.763415 -0.645909 0.645909 -0.763415
VERTEX_POSE A243 -0.644006 -0.693688 -0.875717 0.482824 0.482824 0.875717
VERTEX_POSE A244 -0.103919 -0.356840 0.022691 0.999743 0.999743 -0.022691
VERTEX_POSE A245 0.797137 0.438227 -0.649486 0.760374 -0.760374 -0.649486
VERTEX_POSE A246 0.151213 0.175394 -0.579328 -0.815095 -0.815095 0.579328
VERTEX_POSE A247 0.639064 -0.288683 0.574619 0.818421 -0.818421 0.574619
VERTEX_POSE A248 -0.482914 0.602425 0.415807 0.909453 0.909453 -0.415807
VERTEX_POSE A249 0.270074 0.966403 0.301478 -0.953473 -0.953473 -0.301478
VERTEX_POSE A250 0.821890 -0.489569 -0.822128 0.569303 0.569303 0.822128
VERTEX_POSE A251 -0.351457 0.102188 -0.954846 -0.297102 0.297102 -0.954846
VERTEX_POSE A252 0.061728 -0.803856 -0.791991 0.610533 0.610533 0.791991
VERTEX_POSE A253 0.048274 0.395254 -0.951218 0.308518 0.308518 0.951218
VERTEX_POSE A254 0.115306 -0.794888 0.674763 -0.738035 0.738035 0.674763
VERTEX_POSE A255 0.492211 -0.917319 0.257360 0.966316 0.966316 -0.257360
VERTEX_POSE A256 0.116909 0.181484 -0.767513 0.641033 -0.641033 -0.767513
VERTEX_POSE A257 -0.993997 0.348372 0.580996 0.813906 0.813906 -0.580996
VERTEX_POSE A258 0.130585 0.747665 0.759326 0.650711 -0.650711 0.759326
VERTEX_POSE A259 -0.228764 -0.245981 0.591522 0.806289 -0.806289 0.591522
VERTEX_POSE A260 0.120220 0.591577 -0.417866 0.908508 -0.908508 -0.417866
VERTEX_POSE A261 0.753176 0.071378 -0.910378 0.413777 -0.413777 -0.910378
VERTEX_POSE A262 -0.539459 0.671428 -0.209207 0.977871 -0.977871 -0.209207
VERTEX_POSE A263 0.950918 -0.350784 0.405016 0.914310 -0.914310 0.405016
VERTEX_POSE A264 -0.801251 -0.511068 0.798106 -0.602517 -0.602517 -0.798106
VERTEX_POSE A265 -0.945155 -0.336065 -0.771577 0.636136 0.636136 0.771577
VERTEX_POSE A266 0.900768 -0.330579 -0.638255 -0.769825 0.769825 -0.638255
VERTEX_POSE A267 0.144199 -0.290328 -0.070430 -0.997517 -0.997517 0.070430
VERTEX_POSE A268 -0.201273 -0.914797 -0.336438 0.941706 -0.941706 -0.336438
VERTEX_POSE A269 0.748118 0.357998 0.975705 -0.219087 0.219087 0.975705
VERTEX_POSE A270 -0.262370 -0.724954 -0.712897 -0.701268 0.701268 -0.712897
VERTEX_POSE A271 0.796742 -0.657987 0.927457 -0.373929 -0.373929 -0.927457
VERTEX_POSE A272 0.619215 0.130433 0.981439 -0.191774 -0.191774 -0.981439
VERTEX_POSE A273 -0.561575 0.394059 -0.480165 0.877178 -0.877178 -0.480165
VERTEX_POSE A274 -0.847264 -0.351675 -0.999656 -0.026219 0.026219 -0.999656
VERTEX_POSE A275 -0.484703 0.773593 0.947358 -0.320175 -0.320175 -0.947358
VERTEX_POSE A276 -0.764438 -0.167714 -0.865470 0.500960 0.500960 0.865470
VERTEX_POSE A277 0.303949 0.823719 -0.981206 0.192965 0.192965 0.981206
VERTEX_POSE A278 -0.845639 -0.515090 -0.059174 0.998248 0.998248 0.059174
VERTEX_POSE A279 -0.247352 -0.565290 0.843102 -0.537753 0.537753 0.843102
VERTEX_POSE A280 -0.425977 0.790122 0.905122 0.425153 0.425153 -0.905122
VERTEX_POSE A281 0.976251 -0.004659 -0.446874 -0.894597 -0.894597 0.446874
VERTEX_POSE A282 0.401191 0.536898 0.769446 0.638712 -0.638712 0.769446
VERTEX_POSE A283 0.635751 0.986266 0.074368 0.997231 -0.997231 0.074368
VERTEX_POSE A284 0.024525 -0.609405 0.594143 -0.804359 0.804359 0.594143
VERTEX_POSE A285 -0.483503 0.742010 0.758948 0.651152 -0.651152 0.758948
VERTEX_POSE A286 0.127962 -0.931053 0.072553 0.997365 0.997365 -0.072553
VERTEX_POSE A287 -0.858566 0.572079 -0.836572 -0.547856 0.547856 -0.836572
VERTEX_POSE A288 -0.477501 0.090382 -0.991936 -0.126736 0.126736 -0.991936
VERTEX_POSE A289 -0.741453 0.816613 -0.619262 -0.785184 0.785184 -0.619262
VERTEX_POSE A290 -0.087330 -0.673903 -0.738062 0.674733 -0.674733 -0.738062
VERTEX_POSE A291 0.642720 -0.318040 0.836630 0.547768 -0.547768 0.836630
VERTEX_POSE A292 -0.988277 -0.112009 -0.182576 0.983192 0.983192 0.182576
VERTEX_POSE A293 0.373212 0.997526 -0.266377 -0.963869 -0.963869 0.266377
VERTEX_POSE A294 0.593637 0.331176 0.599453 0.800410 -0.800410 0.599453
VERTEX_POSE A295 -0.789528 0.376923 -0.891277 -0.453460 -0.453460 0.891277
VERTEX_POSE A296 0.428057 -0.338539 0.481663 0.876357 -0.876357 0.481663
VERTEX_POSE A297 0.494406 -0.999403 0.989632 0.143623 -0.143623 0.989632
VERTEX_POSE A298 0.354670 -0.913406 0.019391 -0.999812 -0.999812 -0.019391
VERTEX_POSE A299 -0.773216 -0.253337 -0.921872 0.387496 -0.387496 -0.921872
VERTEX_POSE A300 0.242524 0.358595 -0.230655 0.973036 -0.973036 -0.230655
VERTEX_POSE A301 -0.907700 -0.638360 -0.071513 0.997440 0.997440 0.071513
VERTEX_POSE A302 -0.976474 0.088676 0.591694 -0.806163 0.806163 0.591694
VERTEX_POSE A303 -0.138261 -0.510971 -0.025711 0.999669 0.999669 0.025711
VERTEX_POSE A304 -0.469274 0.755699 0.739076 0.673622 0.673622 -0.739076
VERTEX_POSE A305 -0.823738 0.737001 0.360460 -0.932775 0.932775 0.360460
VERTEX_POSE A306 0.377036 -0.737378 0.780343 -0.625351 -0.625351 -0.780343
VERTEX_POSE A307 -0.233712 -0.412015 0.911748 0.410749 0.410749 -0.911748
VERTEX_POSE A308 0.480211 0.560720 -0.749015 -0.662553 0.662553 -0.749015
VERTEX_POSE A309 0.531397 -0.252468 0.858887 0.512165 0.512165 -0.858887
VERTEX_POSE A310 0.518936 0.022695 -0.678695 -0.734420 -0.734420 0.678695
VERTEX_POSE A311 -0.945766 0.350842 -0.591999 0.805939 -0.805939 -0.591999
VERTEX_POSE A312 0.507648 0.742873 0.928305 0.371818 -0.371818 0.928305
VERTEX_POSE A313 -0.079873 -0.440407 -0.778471 0.627681 0.627681 0.778471
VERTEX_POSE A314 0.689985 0.337108 0.966446 -0.256869 -0.256869 -0.966446
VERTEX_POSE A315 -0.467827 -0.866532 0.424548 -0.905405 -0.905405 -0.424548
VERTEX_POSE A316 0.436624 -0.698396 -0.839353 -0.543586 -0.543586 0.839353
VERTEX_POSE A317 -0.182053 0.406055 -0.316530 -0.948582 0.948582 -0.316530
VERTEX_POSE A318 -0.326392 0.705547 0.408774 0.912635 0.912635 -0.408774
VERTEX_POSE A319 0.959123 0.391986 -0.866268 -0.499579 0.499579 -0.866268
VERTEX_POSE A320 0.076494 0.222667 0.839048 -0.544057 0.544057 0.839048
VERTEX_POSE A321 0.586278 -0.968355 0.986777 -0.162085 -0.162085 -0.986777
VERTEX_POSE A322 0.601842 -0.926055 0.636488 0.771286 0.771286 -0.636488
VERTEX_POSE A323 0.088217 -0.889342 -0.902958 -0.429728 -0.429728 0.902958
VERTEX_POSE A324 -0.040510 -0.970829 0.807415 0.589984 -0.589984 0.807415
VERTEX_POSE A325 0.195480 0.405121 -0.415532 0.909579 0.909579 0.415532
VERTEX_POSE A326 0.298688 0.487581 -0.242642 -0.970116 0.970116 -0.242642
VERTEX_POSE A327 -0.612454 -0.309369 0.799851 0.600198 0.600198 -0.799851
VERTEX_POSE A328 -0.310115 0.405718 0.755059 -0.655657 0.655657 0.755059
VERTEX_POSE A329 -0.346641 0.574175 -0.999207 0.039805 0.039805 0.999207
VERTEX_POSE A330 -0.385669 0.437294 0.341036 0.940050 0.940050 -0.341036
VERTEX_POSE A331 0.932409 -0.235687 0.915386 -0.402576 -0.402576 -0.915386
VERTEX_POSE A332 -0.254341 0.935815 -0.652110 -0.758125 -0.758125 0.652110
VERTEX_POSE A333 -0.362143 -0.474029 -0.859726 0.510756 0.510756 0.859726
VERTEX_POSE A334 -0.205851 0.253342 -0.621851 -0.783136 -0.783136 0.621851
VERTEX_POSE A335 0.276385 0.691514 0.196571 0.980490 -0.980490 0.196571
VERTEX_POSE A336 -0.185881 -0.737028 0.334724 -0.942316 -0.942316 -0.334724
VERTEX_POSE A337 -0.828815 0.515964 -0.007563 0.999971 0.999971 0.007563
VERTEX_POSE A338 -0.957327 -0.720501 0.968086 0.250620 -0.250620 0.968086
VERTEX_POSE A339 -0.705670 0.823692 -0.600424 -0.799682 -0.799682 0.600424
VERTEX_POSE A340 0.702582 -0.736504 -0.675027 -0.737793 0.737793 -0.675027
VERTEX_POSE A341 0.561609 0.302194 -0.345151 -0.938547 -0.938547 0.345151
VERTEX_POSE A342 -0.651436 0.174533 -0.475647 -0.879636 -0.879636 0.475647
VERTEX_POSE A343 0.210230 -0.993631 0.946819 0.321767 -0.321767 0.946819
VERTEX_POSE A344 -0.518264 0.861787 -0.107255 0.994232 -0.994232 -0.107255
VERTEX_POSE A345 -0.961452 -0.488359 -0.700095 -0.714050 0.714050 -0.700095
VERTEX_POSE A346 0.742404 -0.860163 0.203390 -0.979098 0.979098 0.203390
VERTEX_POSE A347 0.918359 -0.836610 -0.787211 0.616683 -0.616683 -0.787211
VERTEX_POSE A348 -0.143505 0.917695 -0.928956 0.370190 -0.370190 -0.928956
VERTEX_POSE A349 -0.583989 0.845385 0.695866 -0.718172 -0.718172 -0.695866
VERTEX_POSE A350 0.877482 0.555376 -0.213430 -0.976958 0.976958 -0.213430
VERTEX_POSE A351 0.932989 0.140363 -0.706573 -0.707640 0.707640 -0.706573
VERTEX_POSE A352 -0.997711 0.877029 -0.925756 0.378122 0.378122 0.925756
VERTEX_POSE A353 0.479325 0.629321 -0.972406 0.233294 -0.233294 -0.972406
VERTEX_POSE A354 0.021206 0.251021 -0.997443 -0.071467 -0.071467 0.997443
VERTEX_POSE A355 -0.038221 0.906200 -0.476527 -0.879160 0.879160 -0.476527
VERTEX_POSE A356 -0.325196 0.034442 0.666479 0.745524 -0.745524 0.666479
VERTEX_POSE A357 -0.680106 -0.261399 0.082115 -0.996623 -0.996623 -0.082115
VERTEX_POSE A358 0.349325 -0.403169 -0.750467 -0.660908 0.660908 -0.750467
VERTEX_POSE A359 0.364690 -0.559839 0.954634 -0.297781 -0.297781 -0.954634
VERTEX_POSE A360 -0.026747 -0.687223 0.582252 0.813008 0.813008 -0.582252
VERTEX_POSE A361 0.963656 -0.965875 0.951954 0.306241 -0.306241 0.951954
VERTEX_POSE A362 0.297099 0.204474 0.287089 0.957904 0.957904 -0.287089
VERTEX_POSE A363 0.718912 -0.751408 -0.589673 -0.807642 -0.807642 0.589673
VERTEX_POSE A364 -0.398487 -0.439904 -0.985873 0.167493 -0.167493 -0.985873
VERTEX_POSE A365 -0.908752 -0.542184 -0.260963 0.965349 0.965349 0.260963
VERTEX_POSE A366 -0.004703 0.940106 0.844249 -0.535951 0.535951 0.844249
VERTEX_POSE A367 0.415632 -0.176932 0.453104 0.891458 0.891458 -0.453104
VERTEX_POSE A368 -0.737567 0.973780 0.970893 -0.239515 -0.239515 -0.970893
VERTEX_POSE A369 0.037970 -0.780395 0.868086 0.496413 -0.496413 0.868086
VERTEX_POSE A370 0.709961 -0.353241 -0.185156 -0.982709 -0.982709 0.185156
VERTEX_POSE A371 0.965015 -0.762724 -0.631629 0.775271 -0.775271 -0.631629
VERTEX_POSE A372 -0.400421 0.521799 0.693734 0.720231 0.720231 -0.693734
VERTEX_POSE A373 -0.941475 0.821293 -0.438791 0.898589 0.898589 0.438791
VERTEX_POSE A374 0.175246 -0.756355 0.546443 -0.837497 0.837497 0.546443
VERTEX_POSE A375 0.081315 0.383586 -0.877289 -0.479962 -0.479962 0.877289
VERTEX_POSE A376 -0.902927 -0.667067 0.579667 0.814854 -0.814854 0.579667
VERTEX_POSE A377 -0.082351 -0.616518 0.994260 0.106990 -0.106990 0.994260
VERTEX_POSE A378 -0.000326 0.546976 0.775449 0.631410 -0.631410 0.775449
VERTEX_POSE A379 -0.046432 -0.749371 0.593714 0.804676 0.804676 -0.593714
VERTEX_POSE A380 0.333661 -0.771133 0.063988 0.997951 0.997951 -0.063988
VERTEX_POSE A381 -0.122844 0.102352 0.784243 -0.620454 0.620454 0.784243
VERTEX_POSE A382 -0.113443 0.390991 0.060028 -0.998197 -0.998197 -0.060028
VERTEX_POSE A383 0.335950 -0.894104 -0.204653 -0.978835 0.978835 -0.204653
VERTEX_POSE A384 -0.643519 -0.268326 0.723416 -0.690412 0.690412 0.723416
VERTEX_POSE A385 0.907763 -0.357988 0.137706 -0.990473 -0.990473 -0.137706
VERTEX_POSE A386 -0.702271 -0.987904 -0.092879 0.995677 0.995677 0.092879
VERTEX_POSE A387 0.031285 0.766116 0.353974 -0.935255 -0.935255 -0.353974
VERTEX_POSE A388 -0.772343 0.380613 0.316714 -0.948521 0.948521 0.316714
VERTEX_POSE A389 0.647055 -0.391073 -0.514021 -0.857778 -0.857778 0.514021
VERTEX_POSE A390 -0.604025 -0.793724 -0.994325 0.106388 0.106388 0.994325
VERTEX_POSE A391 0.200910 0.693390 -0.569326 -0.822112 -0.822112 0.569326
VERTEX_POSE A392 0.610711 -0.356947 -0.487464 0.873143 0.873143 0.487464
VERTEX_POSE A393 0.693074 0.410750 0.996871 -0.079040 -0.079040 -0.996871
VERTEX_POSE A394 -0.080178 0.941982 0.700514 -0.713638 -0.713638 -0.700514
VERTEX_POSE A395 -0.787776 0.203149 -0.940198 0.340629 -0.340629 -0.940198
VERTEX_POSE A396 0.784322 0.868567 -0.550188 0.835041 0.835041 0.550188
VERTEX_POSE A397 0.915119 0.882088 0.774709 0.632318 0.632318 -0.774709
VERTEX_POSE A398 0.627855 -0.973783 -0.704794 -0.709412 -0.709412 0.704794
VERTEX_POSE A399 -0.953245 0.842347 0.397230 -0.917719 0.917719 0.397230
VERTEX_POSE A400 -0.046911 -0.898307 -0.931276 -0.364314 -0.364314 0.931276
VERTEX_POSE A401 0.337816 -0.327024 -0.960288 0.279011 -0.279011 -0.960288
VERTEX_POSE A402 -0.988230 -0.920377 0.072919 -0.997338 -0.997338 -0.072919
VERTEX_POSE A403 0.552668 0.623492 0.942651 0.333779 -0.333779 0.942651
VERTEX_POSE A404 0.396341 -0.505731 0.403443 0.915005 -0.915005 0.403443
VERTEX_POSE A405 0.187016 -0.676732 0.889025 0.457858 -0.457858 0.889025
VERTEX_POSE A406 -0.366017 0.007078 -0.361757 -0.932272 0.932272 -0.361757
VERTEX_POSE A407 0.493414 -0.172798 0.933275 0.359164 0.359164 -0.933275
VERTEX_POSE A408 -0.895335 -0.293250 -0.974207 0.225658 -0.225658 -0.974207
VERTEX_POSE A409 0.633657 -0.445946 0.772590 0.634905 -0.634905 0.772590
VERTEX_POSE A410 -0.553017 0.077831 0.565808 -0.824537 0.824537 0.565808
VERTEX_POSE A411 0.438326 -0.064383 -0.349894 0.936789 0.936789 0.349894
VERTEX_POSE A412 -0.489187 0.656406 0.920119 -0.391640 0.391640 0.920119
VERTEX_POSE A413 0.333540 -0.531178 -0.054008 -0.998541 0.998541 -0.054008
VERTEX_POSE A414 -0.225724 0.041513 -0.553670 -0.832736 0.832736 -0.553670
VERTEX_POSE A415 -0.132706 -0.611920 -0.841927 0.539592 -0.539592 -0.841927
VERTEX_POSE A416 0.241303 0.110834 0.449827 -0.893116 -0.893116 -0.449827
VERTEX_POSE A417 0.072006 0.053610 -0.301942 -0.953326 -0.953326 0.301942
VERTEX_POSE A418 0.898580 -0.845804 -0.498072 0.867136 0.867136 0.498072
VERTEX_POSE A419 0.468960 -0.508553 -0.996113 0.088082 0.088082 0.996113
VERTEX_POSE A420 -0.280939 0.662537 0.150189 0.988657 0.988657 -0.150189
VERTEX_POSE A421 -0.705445 -0.639528 0.084308 0.996440 0.996440 -0.084308
VERTEX_POSE A422 -0.330130 -0.815163 -0.981892 0.189441 -0.189441 -0.981892
VERTEX_POSE A423 -0.670229 -0.694410 0.078849 -0.996887 0.996887 0.078849
VERTEX_POSE A424 0.987628 0.771222 0.898994 -0.437960 -0.437960 -0.898994
VERTEX_POSE A425 0.589692 -0.873180 -0.778759 -0.627323 -0.627323 0.778759
VERTEX_POSE A426 -0.458005 0.508739 0.963901 0.266259 0.266259 -0.963901
VERTEX_POSE A427 0.771950 0.639789 -0.771037 0.636790 -0.636790 -0.771037
VERTEX_POSE A428 0.504811 -0.991092 0.269911 0.962885 0.962885 -0.269911
VERTEX_POSE A429 -0.830150 0.534956 0.993271 -0.115810 0.115810 0.993271
VERTEX_POSE A430 0.818705 0.482136 -0.732635 0.680622 0.680622 0.732635
VERTEX_POSE A431 -0.542100 -0.889399 -0.784924 0.619593 0.619593 0.784924
VERTEX_POSE A432 0.507666 -0.792068 -0.669083 -0.743188 -0.743188 0.669083
VERTEX_POSE A433 0.830475 0.561758 0.811089 0.584922 -0.584922 0.811089
VERTEX_POSE A434 -0.989432 0.734094 -0.458469 0.888710 0.888710 0.458469
VERTEX_POSE A435 -0.095992 -0.297798 0.022215 0.999753 0.999753 -0.022215
VERTEX_POSE A436 0.017491 0.885026 0.066786 -0.997767 0.997767 0.066786
VERTEX_POSE A437 -0.355449 -0.258828 0.520521 0.853849 0.853849 -0.520521
VERTEX_POSE A438 -0.602578 0.529404 -0.782055 -0.623209 -0.623209 0.782055
VERTEX_POSE A439 0.122157 -0.408224 -0.460611 -0.887602 0.887602 -0.460611
VERTEX_POSE A440 -0.721792 0.295226 0.766497 0.642248 -0.642248 0.766497
VERTEX_POSE A441 -0.155595 -0.392765 0.733372 0.679828 -0.679828 0.733372
VERTEX_POSE A442 -0.439517 0.527393 0.413771 0.910381 0.910381 -0.413771
VERTEX_POSE A443 -0.210979 -0.048368 -0.265586 -0.964087 -0.964087 0.265586
VERTEX_POSE A444 -0.822055 0.076057 0.650493 -0.759512 0.759512 0.650493
VERTEX_POSE A445 0.334759 -0.431093 0.532705 -0.846301 -0.846301 -0.532705
VERTEX_POSE A446 0.656316 0.339712 0.861577 0.507628 -0.507628 0.861577
VERTEX_POSE A447 0.419248 -0.813108 0.539861 -0.841754 -0.841754 -0.539861
VERTEX_POSE A448 -0.593235 0.622516 -0.984154 -0.177317 0.177317 -0.984154
VERTEX_POSE A449 0.554895 0.493907 0.328515 -0.944499 -0.944499 -0.328515
VERTEX_POSE A450 -0.111792 -0.321661 0.895730 -0.444598 0.444598 0.895730
VERTEX_POSE A451 0.125826 0.285054 0.489032 -0.872266 -0.872266 -0.489032
VERTEX_POSE A452 0.849450 0.854379 -0.799705 0.600393 -0.600393 -0.799705
VERTEX_POSE A453 0.558078 -0.136823 -0.028617 0.999590 0.999590 0.028617
VERTEX_POSE A454 0.455597 0.590643 0.750939 0.660372 0.660372 -0.750939
VERTEX_POSE A455 0.837078 0.625602 0.997428 -0.071673 0.071673 0.997428
VERTEX_POSE A456 0.147770 -0.010004 -0.835306 -0.549785 0.549785 -0.835306
VERTEX_POSE A457 0.997592 0.099382 -0.251910 -0.967751 0.967751 -0.251910
VERTEX_POSE A458 0.609029 0.265391 -0.830442 0.557105 0.557105 0.830442
VERTEX_POSE A459 -0.347419 -0.001096 -0.398993 -0.916954 0.916954 -0.398993
VERTEX_POSE A460 -0.832558 -0.365662 0.797153 -0.603778 0.603778 0.797153
VERTEX_POSE A461 0.427734 -0.252474 -0.812084 0.583541 0.583541 0.812084
VERTEX_POSE A462 0.110481 0.109505 0.655484 -0.755209 0.755209 0.655484
VERTEX_POSE A463 0.675108 -0.157729 0.739581 0.673068 -0.673068 0.739581
VERTEX_POSE A464 0.258209 -0.690716 0.433643 0.901085 -0.901085 0.433643
VERTEX_POSE A465 0.121049 -0.156401 0.998411 0.056348 -0.056348 0.998411
VERTEX_POSE A466 -0.420884 0.544472 -0.751466 0.659772 -0.659772 -0.751466
VERTEX_POSE A467 -0.724300 -0.805689 0.848504 0.529189 -0.529189 0.848504
VERTEX_POSE A468 0.765600 0.584770 -0.903884 -0.427778 -0.427778 0.903884
VERTEX_POSE A469 -0.023462 0.073876 -0.358057 -0.933700 -0.933700 0.358057
VERTEX_POSE A470 0.397857 -0.213913 0.671866 0.740672 -0.740672 0.671866
VERTEX_POSE A471 -0.956192 -0.120004 -0.853686 -0.520788 -0.520788 0.853686
VERTEX_POSE A472 0.820943 0.681111 -0.589910 0.807469 -0.807469 -0.589910
VERTEX_POSE A473 0.958340 -0.686520 -0.914391 -0.404833 -0.404833 0.914391
VERTEX_POSE A474 -0.167170 0.831628 -0.974833 0.222937 -0.222937 -0.974833
VERTEX_POSE A475 0.998887 -0.242831 -0.144072 -0.989567 -0.989567 0.144072
VERTEX_POSE A476 0.293099 -0.117613 0.370394 0.928875 -0.928875 0.370394
VERTEX_POSE A477 -0.510854 0.171339 0.841248 -0.540650 0.540650 0.841248
VERTEX_POSE A478 0.418135 -0.055940 -0.989130 -0.147046 0.147046 -0.989130
VERTEX_POSE A479 0.699864 -0.495097 -0.713435 0.700722 0.700722 0.713435
VERTEX_POSE A480 -0.955959 -0.334754 -0.827487 -0.561485 0.561485 -0.827487
VERTEX_POSE A481 -0.693657 0.622399 -0.998474 -0.055232 -0.055232 0.998474
VERTEX_POSE A482 -0.174310 0.789957 -0.899560 -0.436797 -0.436797 0.899560
VERTEX_POSE A483 0.893491 -0.480374 0.999968 -0.007979 -0.007979 -0.999968
VERTEX_POSE A484 0.864421 -0.514424 -0.157148 -0.987575 0.987575 -0.157148
VERTEX_POSE A485 -0.718713 0.380600 0.845834 -0.533446 0.533446 0.845834
VERTEX_POSE A486 0.730569 -0.854773 -0.947134 0.320839 0.320839 0.947134
VERTEX_POSE A487 0.012191 0.475572 -0.733593 -0.679589 0.679589 -0.733593
VERTEX_POSE A488 -0.721122 -0.520017 -0.887849 -0.460135 -0.460135 0.887849
VERTEX_POSE A489 0.339598 0.410618 0.680830 0.732441 -0.732441 0.680830
VERTEX_POSE A490 0.664771 -0.525524 0.808661 0.588275 0.588275 -0.808661
VERTEX_POSE A491 -0.553680 0.114321 0.999718 0.023734 -0.023734 0.999718
VERTEX_POSE A492 -0.232668 -0.841856 0.955971 -0.293460 -0.293460 -0.955971
VERTEX_POSE A493 -0.224748 0.583981 0.801366 0.598174 0.598174 -0.801366
VERTEX_POSE A494 -0.878571 0.956592 -0.526043 0.850458 -0.850458 -0.526043
VERTEX_POSE A495 -0.974459 -0.532572 0.679545 -0.733634 0.733634 0.679545
VERTEX_POSE A496 0.896302 -0.572420 -0.651799 0.758392 -0.758392 -0.651799
VERTEX_POSE A497 -0.299455 0.501064 -0.857205 -0.514976 0.514976 -0.857205
VERTEX_POSE A498 -0.698759 -0.338261 -0.614572 0.788861 -0.788861 -0.614572
VERTEX_POSE A499 0.661902 -0.987650 -0.390828 -0.920464 -0.920464 0.390828
VERTEX_POSE A500 0.677083 -0.425060 -0.438027 -0.898962 0.898962 -0.438027
VERTEX_POSE A501 0.699098 0.447826 0.754328 -0.656498 -0.656498 -0.754328
VERTEX_POSE A502 0.705710 -0.107654 -0.961889 -0.273439 -0.273439 0.961889
VERTEX_POSE A503 0.498025 -0.743948 0.915769 -0.401706 0.401706 0.915769
VERTEX_POSE A504 0.657438 0.761306 0.971496 -0.237057 0.237057 0.971496
VERTEX_POSE A505 -0.461460 -0.276026 -0.866271 0.499574 -0.499574 -0.866271
VERTEX_POSE A506 0.496913 0.013220 -0.901733 0.432294 0.432294 0.901733
VERTEX_POSE A507 -0.049463 -0.356307 -0.417450 0.908700 -0.908700 -0.417450
VERTEX_POSE A508 0.027686 0.895313 -0.505922 0.862579 0.862579 0.505922
VERTEX_POSE A509 -0.084952 0.957281 0.747398 0.664377 0.664377 -0.747398
VERTEX_POSE A510 -0.349599 0.148596 -0.277333 -0.960774 -0.960774 0.277333
VERTEX_POSE A511 0.071727 -0.439441 -0.666421 0.745575 0.745575 0.666421
VERTEX_POSE A512 0.221391 0.579680 -0.552984 -0.833192 -0.833192 0.552984
VERTEX_POSE A513 0.476091 -0.061447 0.553526 -0.832832 0.832832 0.553526
VERTEX_POSE A514 -0.034782 0.080185 -0.907246 0.420600 0.420600 0.907246
VERTEX_POSE A515 0.085811 -0.934744 0.058371 -0.998295 -0.998295 -0.058371
VERTEX_POSE A516 0.757378 -0.680847 0.994318 0.106453 -0.106453 0.994318
VERTEX_POSE A517 -0.304213 0.225412 -0.489555 0.871973 -0.871973 -0.489555
VERTEX_POSE A518 -0.901998 0.540828 0.617649 -0.786454 0.786454 0.617649
VERTEX_POSE A519 -0.963744 -0.200864 -0.456286 -0.889833 0.889833 -0.456286
VERTEX_POSE A520 -0.964615 -0.363970 0.320747 0.947165 0.947165 -0.320747
VERTEX_POSE A521 0.762773 -0.984696 0.911415 0.411489 0.411489 -0.911415
VERTEX_POSE A522 -0.517424 0.913457 0.505469 0.862845 -0.862845 0.505469
VERTEX_POSE A523 -0.197283 -0.205827 -0.347398 -0.937718 0.937718 -0.347398
VERTEX_POSE A524 -0.461974 0.599285 0.412683 -0.910875 0.910875 0.412683
VERTEX_POSE A525 -0.395995 0.870049 0.998565 0.053560 -0.053560 0.998565
VERTEX_POSE A526 -0.171742 0.261601 -0.599466 0.800400 -0.800400 -0.599466
VERTEX_POSE A527 -0.565673 -0.973135 -0.908860 0.417101 0.417101 0.908860
VERTEX_POSE A528 0.304550 0.371113 -0.323307 0.946294 0.946294 0.323307
VERTEX_POSE A529 0.129500 0.923340 0.590704 -0.806889 0.806889 0.590704
VERTEX_POSE A530 -0.903771 -0.960785 -0.705441 0.708768 -0.708768 -0.705441
VERTEX_POSE A531 -0.018368 0.946053 -0.055847 -0.998439 -0.998439 0.055847
VERTEX_POSE A532 -0.171402 0.371166 -0.184060 0.982915 0.982915 0.184060
VERTEX_POSE A533 0.801940 -0.068439 0.840177 0.542312 0.542312 -0.840177
VERTEX_POSE A534 -0.520343 -0.797895 -0.747539 -0.664218 -0.664218 0.747539
VERTEX_POSE A535 -0.513964 0.132471 -0.993896 0.110320 0.110320 0.993896
VERTEX_POSE A536 -0.659520 0.655535 -0.165744 -0.986169 -0.986169 0.165744
VERTEX_POSE A537 0.976570 0.215325 0.058512 0.998287 0.998287 -0.058512
VERTEX_POSE A538 0.436573 0.776164 -0.507750 0.861504 0.861504 0.507750
VERTEX_POSE A539 0.368166 0.550848 0.776427 0.630208 -0.630208 0.776427
VERTEX_POSE A540 -0.108382 0.172606 -0.815614 -0.578596 -0.578596 0.815614
VERTEX_POSE A541 -0.913025 -0.075240 -0.997794 -0.066390 0.066390 -0.997794
VERTEX_POSE A542 -0.560107 -0.888593 -0.573174 -0.819434 0.819434 -0.573174
VERTEX_POSE A543 -0.886992 -0.247714 -0.482620 -0.875830 0.875830 -0.482620
VERTEX_POSE A544 0.563066 0.863313 -0.888923 -0.458056 -0.458056 0.888923
VERTEX_POSE A545 0.405111 0.191592 0.207034 -0.978334 -0.978334 -0.207034
VERTEX_POSE A546 0.198820 -0.182458 0.177275 -0.984161 0.984161 0.177275
VERTEX_POSE A547 0.320443 -0.817533 0.172236 0.985056 -0.985056 0.172236
VERTEX_POSE A548 -0.899102 -0.582996 -0.994660 0.103208 0.103208 0.994660
VERTEX_POSE A549 0.296822 -0.641630 0.542117 -0.840303 0.840303 0.542117
VERTEX_POSE A550 0.356699 -0.018397 0.504992 0.863124 -0.863124 0.504992
VERTEX_POSE A551 -0.863716 0.053034 0.663210 0.748433 0.748433 -0.663210
VERTEX_POSE A552 0.059595 -0.626326 0.568900 -0.822407 0.822407 0.568900
VERTEX_POSE A553 0.839275 -0.104940 -0.253839 0.967247 0.967247 0.253839
VERTEX_POSE A554 -0.060999 0.847207 -0.237769 -0.971322 -0.971322 0.237769
VERTEX_POSE A555 0.597621 0.972959 0.716104 -0.697994 -0.697994 -0.716104
VERTEX_POSE A556 -0.556720 -0.234891 -0.330632 0.943760 0.943760 0.330632
VERTEX_POSE A557 0.767259 0.108808 0.839756 0.542963 -0.542963 0.839756
VERTEX_POSE A558 -0.968052 0.999824 0.493971 0.869479 -0.869479 0.493971
VERTEX_POSE A559 0.747830 -0.863779 -0.352194 0.935927 -0.935927 -0.352194
VERTEX_POSE A560 -0.103241 0.032148 0.592147 -0.805830 -0.805830 -0.592147
VERTEX_POSE A561 -0.871822 -0.960961 -0.433722 0.901047 -0.901047 -0.433722
VERTEX_POSE A562 -0.270538 -0.917726 0.054069 0.998537 0.998537 -0.054069
VERTEX_POSE A563 0.725357 -0.596686 0.107006 -0.994258 -0.994258 -0.107006
VERTEX_POSE A564 0.930117 -0.029400 -0.949801 0.312854 -0.312854 -0.949801
VERTEX_POSE A565 0.209120 -0.715621 0.293318 0.956015 -0.956015 0.293318
VERTEX_POSE A566 -0.788607 0.535785 -0.996453 0.084153 0.084153 0.996453
VERTEX_POSE A567 -0.729403 -0.373865 -0.158276 -0.987395 0.987395 -0.158276
VERTEX_POSE A568 0.185690 0.499704 -0.182196 -0.983262 -0.983262 0.182196
VERTEX_POSE A569 0.647966 0.311949 -0.981973 -0.189019 0.189019 -0.981973
VERTEX_POSE A570 0.638763 -0.823018 0.191315 0.981529 0.981529 -0.191315
VERTEX_POSE A571 -0.922693 -0.327690 0.909605 0.415473 -0.415473 0.909605
VERTEX_POSE A572 0.734941 -0.763291 0.802975 0.596013 0.596013 -0.802975
VERTEX_POSE A573 -0.921344 -0.711610 0.937377 -0.348316 0.348316 0.937377
VERTEX_POSE A574 -0.809684 0.424596 -0.706156 -0.708056 0.708056 -0.706156
VERTEX_POSE A575 0.298006 -0.899978 0.769341 -0.638839 -0.638839 -0.769341
VERTEX_POSE A576 0.483767 0.479982 -0.715687 0.698422 0.698422 0.715687
VERTEX_POSE A577 0.389136 -0.757862 0.766377 -0.642392 -0.642392 -0.766377
VERTEX_POSE A578 -0.381551 -0.717511 0.151275 -0.988492 0.988492 0.151275
VERTEX_POSE A579 0.584665 0.896986 0.646124 0.763232 -0.763232 0.646124
VERTEX_POSE A580 -0.314042 -0.399492 0.974142 0.225937 0.225937 -0.974142
VERTEX_POSE A581 0.975148 0.264092 -0.456049 0.889955 -0.889955 -0.456049
VERTEX_POSE A582 0.720949 -0.049981 -0.998155 0.060721 -0.060721 -0.998155
VERTEX_POSE A583 0.745553 -0.025818 0.701430 0.712738 -0.712738 0.701430
VERTEX_POSE A584 0.814423 -0.840848 0.215749 0.976449 0.976449 -0.215749
VERTEX_POSE A585 -0.340051 -0.202774 -0.890007 0.455946 0.455946 0.890007
VERTEX_POSE A586 0.343174 -0.052859 0.638096 -0.769957 -0.769957 -0.638096
VERTEX_POSE A587 -0.742296 -0.075740 -0.640995 -0.767545 0.767545 -0.640995
VERTEX_POSE A588 -0.572791 0.906035 -0.084241 -0.996445 -0.996445 0.084241
VERTEX_POSE A589 0.375122 -0.053035 0.666459 0.745542 -0.745542 0.666459
VERTEX_POSE A590 -0.994466 0.060482 -0.585176 -0.810906 0.810906 -0.585176
VERTEX_POSE A591 0.323967 -0.061817 -0.522118 -0.852873 0.852873 -0.522118
VERTEX_POSE A592 0.503299 -0.013996 -0.535020 0.844839 -0.844839 -0.535020
VERTEX_POSE A593 -0.265004 0.142756 -0.331666 0.943397 0.943397 0.331666
VERTEX_POSE A594 0.049324 0.341497 -0.748655 -0.662960 0.662960 -0.748655
VERTEX_POSE A595 0.433417 0.956604 -0.180222 -0.983626 -0.983626 0.180222
VERTEX_POSE A596 0.944115 0.427135 0.637006 0.770859 -0.770859 0.637006
VERTEX_POSE A597 0.260716 -0.122717 0.811630 0.584171 0.584171 -0.811630
VERTEX_POSE A598 0.704014 -0.417262 -0.775405 0.631464 0.631464 0.775405
VERTEX_POSE A599 0.129805 -0.073161 0.296641 -0.954989 0.954989 0.296641
VERTEX_POSE A600 -0.091317 -0.810768 0.090636 0.995884 0.995884 -0.090636
VERTEX_POSE A601 0.342777 -0.240280 0.965322 0.261064 0.261064 -0.965322
VERTEX_POSE A602 0.207113 0.599149 0.643760 -0.765227 0.765227 0.643760
VERTEX_POSE A603 -0.356377 -0.574059 0.981022 -0.193896 -0.193896 -0.981022
VERTEX_POSE A604 0.421433 0.048110 -0.320488 0.947253 -0.947253 -0.320488
VERTEX_POSE A605 0.397428 0.023745 -0.624829 0.780762 -0.780762 -0.624829
VERTEX_POSE A606 0.941630 -0.474036 -0.823254 0.567673 0.567673 0.823254
VERTEX_POSE A607 -0.094801 -0.471908 0.880568 -0.473920 0.473920 0.880568
VERTEX_POSE A608 -0.213436 0.265883 -0.153993 -0.988072 -0.988072 0.153993
VERTEX_POSE A609 -0.439921 -0.191547 0.974860 0.222816 -0.222816 0.974860
VERTEX_POSE A610 -0.510136 -0.574923 -0.698854 -0.715265 0.715265 -0.698854
VERTEX_POSE A611 0.472522 0.866392 0.994901 -0.100859 0.100859 0.994901
VERTEX_POSE A612 -0.464773 -0.927456 -0.782577 0.622554 0.622554 0.782577
VERTEX_POSE A613 -0.789188 0.375097 0.793449 -0.608636 0.608636 0.793449
VERTEX_POSE A614 0.218074 -0.159426 0.448148 -0.893959 0.893959 0.448148
VERTEX_POSE A615 -0.650349 -0.768304 -0.674381 -0.738383 -0.738383 0.674381
VERTEX_POSE A616 -0.129238 -0.827677 -0.968686 0.248288 -0.248288 -0.968686
VERTEX_POSE A617 -0.438752 0.787715 0.983534 -0.180724 -0.180724 -0.983534
VERTEX_POSE A618 -0.392646 0.155956 0.768409 0.639959 0.639959 -0.768409
VERTEX_POSE A619 0.297971 -0.921642 -0.492719 -0.870188 -0.870188 0.492719
VERTEX_POSE A620 0.936370 -0.265320 -0.375415 -0.926857 0.926857 -0.375415
VERTEX_POSE A621 -0.387112 -0.783562 0.287967 0.957640 -0.957640 0.287967
VERTEX_POSE A622 -0.378062 0.016541 -0.192627 -0.981272 -0.981272 0.192627
VERTEX_POSE A623 0.439669 0.720684 0.841108 -0.540867 -0.540867 -0.841108
VERTEX_POSE A624 0.347884 0.359194 -0.498935 0.866639 -0.866639 -0.498935
VERTEX_POSE A625 0.671262 -0.641962 0.706792 0.707421 -0.707421 0.706792
VERTEX_POSE A626 -0.126914 0.677287 0.565502 0.824747 -0.824747 0.565502
VERTEX_POSE A627 0.291999 -0.213671 -0.625693 -0.780069 0.780069 -0.625693
VERTEX_POSE A628 -0.068022 0.235321 0.428207 -0.903681 -0.903681 -0.428207
VERTEX_POSE A629 -0.422900 -0.739975 -0.995930 0.090129 0.090129 0.995930
VERTEX_POSE A630 -0.578196 0.713169 0.738965 0.673744 0.673744 -0.738965
VERTEX_POSE A631 0.840661 0.424553 0.967079 0.254475 0.254475 -0.967079
VERTEX_POSE A632 0.919876 0.019746 0.352699 0.935737 -0.935737 0.352699
VERTEX_POSE A633 0.628917 0.312318 0.720969 0.692967 -0.692967 0.720969
VERTEX_POSE A634 -0.515716 0.850494 0.572087 -0.820193 -0.820193 -0.572087
VERTEX_POSE A635 0.341309 -0.932144 0.956502 -0.291727 -0.291727 -0.956502
VERTEX_POSE A636 0.026345 -0.663937 -0.997943 -0.064101 -0.064101 0.997943
VERTEX_POSE A637 -0.574087 -0.623543 0.862725 0.505674 -0.505674 0.862725
VERTEX_POSE A638 -0.753492 -0.404052 0.995584 0.093875 0.093875 -0.995584
VERTEX_POSE A639 0.812910 0.601947 0.672890 -0.739742 0.739742 0.672890
VERTEX_POSE A640 -0.014008 0.184910 -0.675361 0.737488 -0.737488 -0.675361
VERTEX_POSE A641 -0.263628 0.021025 -0.528540 -0.848908 0.848908 -0.528540
VERTEX_POSE A642 0.285431 0.468338 0.949853 -0.312697 0.312697 0.949853
VERTEX_POSE A643 0.521219 0.257455 -0.947355 0.320185 0.320185 0.947355
VERTEX_POSE A644 -0.052816 -0.603878 0.402890 -0.915248 -0.915248 -0.402890
VERTEX_POSE A645 -0.496494 -0.691088 0.826828 -0.562455 0.562455 0.826828
VERTEX_POSE A646 0.870870 0.489151 0.994131 0.108184 0.108184 -0.994131
VERTEX_POSE A647 0.817946 -0.431555 0.217917 0.975967 -0.975967 0.217917
VERTEX_POSE A648 0.064754 -0.903373 0.997957 -0.063885 -0.063885 -0.997957
VERTEX_POSE A649 -0.521776 -0.354893 0.576932 -0.816792 -0.816792 -0.576932
VERTEX_POSE A650 0.115917 -0.353197 0.844829 -0.535036 0.535036 0.844829
VERTEX_POSE A651 0.001124 -0.168693 -0.069714 -0.997567 -0.997567 0.069714
VERTEX_POSE A652 0.091112 -0.138455 -0.222524 0.974927 0.974927 0.222524
VERTEX_POSE A653 0.737855 0.663344 0.657573 -0.753391 -0.753391 -0.657573
VERTEX_POSE A654 -0.559207 -0.448010 -0.639540 0.768757 0.768757 0.639540
VERTEX_POSE A655 -0.561004 -0.779261 0.413829 0.910355 0.910355 -0.413829
VERTEX_POSE A656 0.409116 -0.978618 0.503058 0.864253 -0.864253 0.503058
VERTEX_POSE A657 0.313879 -0.770723 -0.985545 0.169415 0.169415 0.985545
VERTEX_POSE A658 0.730995 0.007068 0.943496 -0.331383 -0.331383 -0.943496
VERTEX_POSE A659 -0.658906 0.256703 0.970585 -0.240760 -0.240760 -0.970585
VERTEX_POSE A660 0.890978 -0.510697 0.974487 0.224443 -0.224443 0.974487
VERTEX_POSE A661 -0.847201 -0.279764 0.599681 0.800239 -0.800239 0.599681
VERTEX_POSE A662 -0.818245 -0.318744 0.459305 -0.888279 -0.888279 -0.459305
VERTEX_POSE A663 0.810855 0.509049 0.870201 -0.492698 0.492698 0.870201
VERTEX_POSE A664 0.781716 -0.967446 0.957908 -0.287077 0.287077 0.957908
VERTEX_POSE A665 -0.333961 -0.468251 -0.951264 -0.308379 0.308379 -0.951264
VERTEX_POSE A666 0.152163 0.576904 0.890389 -0.455201 0.455201 0.890389
VERTEX_POSE A667 -0.191938 -0.631382 0.430533 -0.902575 -0.902575 -0.430533
VERTEX_POSE A668 0.091952 -0.091793 -0.980490 -0.196571 0.196571 -0.980490
VERTEX_POSE A669 0.398671 -0.827148 -0.828674 0.559732 -0.559732 -0.828674
VERTEX_POSE A670 -0.379029 0.970565 -0.823676 0.567061 -0.567061 -0.823676
VERTEX_POSE A671 -0.922056 -0.906883 -0.008256 0.999966 -0.999966 -0.008256
VERTEX_POSE A672 -0.864957 0.193877 -0.647708 0.761888 0.761888 0.647708
VERTEX_POSE A673 0.906403 0.438903 -0.573448 -0.819242 0.819242 -0.573448
VERTEX_POSE A674 0.599164 0.350572 0.068680 -0.997639 -0.997639 -0.068680
VERTEX_POSE A675 0.082228 0.589999 0.972982 -0.230883 0.230883 0.972982
VERTEX_POSE A676 -0.590092 0.747815 -0.817807 -0.575492 -0.575492 0.817807
VERTEX_POSE A677 0.470033 -0.160278 -0.494834 0.868988 0.868988 0.494834
VERTEX_POSE A678 -0.099826 -0.841556 -0.323293 -0.946299 0.946299 -0.323293
VERTEX_POSE A679 0.474662 0.844442 0.508540 -0.861038 -0.861038 -0.508540
VERTEX_POSE A680 0.948257 0.484829 -0.556287 0.830990 0.830990 0.556287
VERTEX_POSE A681 -0.983909 -0.194752 0.906335 -0.422559 -0.422559 -0.906335
VERTEX_POSE A682 -0.524214 -0.324251 -0.989059 0.147519 0.147519 0.989059
VERTEX_POSE A683 0.039369 -0.653626 -0.999835 -0.018166 0.018166 -0.999835
VERTEX_POSE A684 0.753946 -0.531408 0.940338 0.340241 -0.340241 0.940338
VERTEX_POSE A685 -0.083421 0.227739 -0.331765 0.943362 -0.943362 -0.331765
VERTEX_POSE A686 0.478365 -0.432888 -0.365597 0.930773 -0.930773 -0.365597
VERTEX_POSE A687 0.163062 -0.510026 0.892440 0.451166 0.451166 -0.892440
VERTEX_POSE A688 -0.769543 0.457016 0.906874 -0.421401 0.421401 0.906874
VERTEX_POSE A689 0.209360 0.574180 0.278115 0.960548 -0.960548 0.278115
VERTEX_POSE A690 0.504156 0.746677 -0.403427 -0.915012 -0.915012 0.403427
VERTEX_POSE A691 -0.878565 0.946319 -0.715277 0.698841 -0.698841 -0.715277
VERTEX_POSE A692 0.362159 -0.705584 0.956903 0.290408 -0.290408 0.956903
VERTEX_POSE A693 0.685911 -0.572067 -0.642740 -0.766084 0.766084 -0.642740
VERTEX_POSE A694 0.932290 0.455367 -0.237307 0.971435 -0.971435 -0.237307
VERTEX_POSE A695 0.143875 -0.673030 0.666402 -0.745593 0.745593 0.666402
VERTEX_POSE A696 -0.648050 -0.040317 0.066927 0.997758 -0.997758 0.066927
VERTEX_POSE A697 0.084453 0.032272 -0.418564 0.908188 0.908188 0.418564
VERTEX_POSE A698 0.951936 -0.304412 -0.848898 0.528556 -0.528556 -0.848898
VERTEX_POSE A699 0.443902 0.867889 -0.116377 0.993205 0.993205 0.116377
VERTEX_POSE A700 -0.516875 0.205124 -0.921667 0.387981 -0.387981 -0.921667
VERTEX_POSE A701 -0.427092 -0.333847 0.453559 -0.891226 -0.891226 -0.453559
VERTEX_POSE A702 0.521847 0.961006 0.539253 0.842144 0.842144 -0.539253
VERTEX_POSE A703 -0.381832 -0.600999 0.537531 0.843244 0.843244 -0.537531
VERTEX_POSE A704 -0.520690 -0.894944 0.641038 -0.767509 0.767509 0.641038
VERTEX_POSE A705 0.121010 0.311578 0.955677 0.294416 0.294416 -0.955677
VERTEX_POSE A706 0.700396 0.989000 0.666936 -0.745115 -0.745115 -0.666936
VERTEX_POSE A707 -0.110782 0.852871 0.787596 -0.616192 0.616192 0.787596
VERTEX_POSE A708 -0.408957 -0.848700 -0.090501 -0.995896 -0.995896 0.090501
VERTEX_POSE A709 -0.399430 -0.852555 -0.340528 -0.940234 0.940234 -0.340528
VERTEX_POSE A710 -0.636119 0.697313 0.809036 -0.587759 0.587759 0.809036
VERTEX_POSE A711 -0.460699 0.636129 -0.510954 0.859608 0.859608 0.510954
VERTEX_POSE A712 -0.383339 -0.047308 0.734410 0.678706 -0.678706 0.734410
VERTEX_POSE A713 -0.160334 -0.626938 -0.168417 -0.985716 0.985716 -0.168417
VERTEX_POSE A714 0.578670 0.982503 -0.207564 -0.978221 -0.978221 0.207564
VERTEX_POSE A715 -0.629393 0.421284 0.780298 -0.625408 0.625408 0.780298
VERTEX_POSE A716 0.756245 0.600800 -0.321397 0.946945 0.946945 0.321397
VERTEX_POSE A717 0.057035 -0.450385 0.096359 -0.995347 0.995347 0.096359
VERTEX_POSE A718 0.533669 0.911258 -0.132289 -0.991211 0.991211 -0.132289
VERTEX_POSE A719 0.986702 0.057816 0.817458 -0.575988 0.575988 0.817458
VERTEX_POSE A720 -0.733605 -0.876205 0.079763 0.996814 -0.996814 0.079763
VERTEX_POSE A721 0.037825 0.657936 0.328671 0.944445 -0.944445 0.328671
VERTEX_POSE A722 -0.891862 0.004135 0.923946 -0.382522 0.382522 0.923946
VERTEX_POSE A723 0.628553 -0.581788 -0.999265 0.038322 0.038322 0.999265
VERTEX_POSE A724 -0.276264 -0.914131 0.618494 0.785789 0.785789 -0.618494
VERTEX_POSE A725 -0.959572 -0.540497 0.901224 -0.433354 -0.433354 -0.901224
VERTEX_POSE A726 -0.227572 -0.254818 -0.967388 0.253300 -0.253300 -0.967388
VERTEX_POSE A727 0.075686 0.045552 0.159176 -0.987250 -0.987250 -0.159176
VERTEX_POSE A728 0.124881 0.491775 -0.547771 0.836628 0.836628 0.547771
VERTEX_POSE A729 -0.275636 0.440770 -0.990179 0.139805 -0.139805 -0.990179
VERTEX_POSE A730 -0.480412 -0.086559 -0.758856 0.651258 -0.651258 -0.758856
VERTEX_POSE A731 0.608006 -0.303102 0.995982 -0.089559 0.089559 0.995982
VERTEX_POSE A732 0.297272 -0.893077 0.648322 -0.761366 0.761366 0.648322
VERTEX_POSE A733 -0.958565 -0.125553 0.666798 -0.745239 0.745239 0.666798
VERTEX_POSE A734 -0.773826 0.095900 -0.225159 0.974322 -0.974322 -0.225159
VERTEX_POSE A735 0.776582 -0.788021 -0.408815 0.912617 0.912617 0.408815
VERTEX_POSE A736 0.162445 -0.813975 0.096490 0.995334 -0.995334 0.096490
VERTEX_POSE A737 0.926570 0.084900 0.946961 0.321347 -0.321347 0.946961
VERTEX_POSE A738 -0.334200 -0.935150 -0.353545 -0.935418 -0.935418 0.353545
VERTEX_POSE A739 0.753488 -0.662675 -0.980115 -0.198431 -0.198431 0.980115
VERTEX_POSE A740 -0.472860 0.232344 0.645449 0.763803 -0.763803 0.645449
VERTEX_POSE A741 0.029681 0.762163 -0.150497 0.988610 -0.988610 -0.150497
VERTEX_POSE A742 -0.707211 0.973454 0.066225 0.997805 0.997805 -0.066225
VERTEX_POSE A743 0.143802 -0.814963 0.984606 0.174789 -0.174789 0.984606
VERTEX_POSE A744 0.869348 -0.864775 0.105669 -0.994401 -0.994401 -0.105669
VERTEX_POSE A745 0.871459 0.955957 -0.539201 0.842177 -0.842177 -0.539201
VERTEX_POSE A746 0.514408 0.606321 -0.638463 0.769652 0.769652 0.638463
VERTEX_POSE A747 0.625593 0.736025 0.790821 0.612048 -0.612048 0.790821
VERTEX_POSE A748 -0.071506 -0.494428 -0.909727 -0.415207 -0.415207 0.909727
VERTEX_POSE A749 0.048077 0.517579 0.651695 -0.758481 0.758481 0.651695
VERTEX_POSE A750 0.612295 -0.206158 0.689813 -0.723988 -0.723988 -0.689813
VERTEX_POSE A751 0.194889 -0.370632 0.969341 -0.245720 -0.245720 -0.969341
VERTEX_POSE A752 -0.914098 0.175515 0.578820 0.815455 0.815455 -0.578820
VERTEX_POSE A753 0.720433 0.797977 0.911931 0.410344 0.410344 -0.911931
VERTEX_POSE A754 -0.176558 0.047579 0.282636 -0.959227 -0.959227 -0.282636
VERTEX_POSE A755 -0.190362 0.261384 0.250624 0.968085 0.968085 -0.250624
VERTEX_POSE A756 0.760861 -0.742521 -0.870863 -0.491527 0.491527 -0.870863
VERTEX_POSE A757 0.595870 0.792761 0.923822 -0.382823 0.382823 0.923822
VERTEX_POSE A758 0.885325 -0.693064 -0.995862 0.090876 0.090876 0.995862
VERTEX_POSE A759 -0.114258 0.749254 0.722443 -0.691430 -0.691430 -0.722443
VERTEX_POSE A760 -0.679765 0.233532 0.353434 -0.935459 0.935459 0.353434
VERTEX_POSE A761 -0.595087 0.220377 0.997206 -0.074701 0.074701 0.997206
VERTEX_POSE A762 -0.506252 -0.553848 -0.949418 0.314015 -0.314015 -0.949418
VERTEX_POSE A763 0.617507 0.340455 -0.963007 0.269477 0.269477 0.963007
VERTEX_POSE A764 -0.553652 -0.905176 0.252437 -0.967613 0.967613 0.252437
VERTEX_POSE A765 -0.280078 0.542052 -0.698602 0.715510 0.715510 0.698602
VERTEX_POSE A766 0.394089 0.552434 -0.980004 -0.198977 -0.198977 0.980004
VERTEX_POSE A767 0.608793 -0.719151 0.254287 -0.967129 -0.967129 -0.254287
VERTEX_POSE A768 -0.353508 -0.373048 -0.917679 -0.397322 0.397322 -0.917679
VERTEX_POSE A769 -0.940111 0.617284 -0.284163 -0.958776 -0.958776 0.284163
VERTEX_POSE A770 0.362281 -0.381826 -0.639790 -0.768550 0.768550 -0.639790
VERTEX_POSE A771 0.173633 0.859296 -0.586675 -0.809823 -0.809823 0.586675
VERTEX_POSE A772 0.089570 0.379448 -0.111983 0.993710 -0.993710 -0.111983
VERTEX_POSE A773 0.655071 -0.408372 0.225679 -0.974202 -0.974202 -0.225679
VERTEX_POSE A774 -0.682566 -0.955667 -0.236339 0.971671 0.971671 0.236339
VERTEX_POSE A775 -0.041082 0.514673 -0.018444 -0.999830 -0.999830 0.018444
VERTEX_POSE A776 0.526530 -0.452415 0.895265 0.445533 -0.445533 0.895265
VERTEX_POSE A777 0.831843 0.650654 0.459339 0.888261 -0.888261 0.459339
VERTEX_POSE A778 -0.415489 0.250698 -0.923890 0.382659 0.382659 0.923890
VERTEX_POSE A779 -0.544976 0.053158 0.275641 0.961261 -0.961261 0.275641
VERTEX_POSE A780 -0.120080 0.168233 0.560241 0.828330 -0.828330 0.560241
VERTEX_POSE A781 -0.803194 -0.955461 0.454471 0.890762 0.890762 -0.454471
VERTEX_POSE A782 0.649913 0.682525 0.239884 -0.970802 0.970802 0.239884
VERTEX_POSE A783 -0.034178 -0.656252 0.899592 0.436731 0.436731 -0.899592
VERTEX_POSE A784 0.917238 0.842516 -0.726998 -0.686640 -0.686640 0.726998
VERTEX_POSE A785 -0.526645 -0.269896 0.749444 0.662068 -0.662068 0.749444
VERTEX_POSE A786 0.775460 0.605132 0.088711 0.996057 -0.996057 0.088711
VERTEX_POSE A787 0.678099 -0.900004 -0.627130 0.778914 -0.778914 -0.627130
VERTEX_POSE A788 -0.930774 -0.477134 -0.273133 0.961976 -0.961976 -0.273133
VERTEX_POSE A789 0.660785 0.912068 -0.350778 0.936459 0.936459 0.350778
VERTEX_POSE A790 -0.436159 0.849250 0.709651 0.704553 0.704553 -0.709651
VERTEX_POSE A791 -0.610539 0.756397 -0.816423 -0.577454 -0.577454 0.816423
VERTEX_POSE A792 -0.934302 0.132445 -0.484390 -0.874852 0.874852 -0.484390
VERTEX_POSE A793 0.057588 -0.704598 -0.802720 -0.596356 -0.596356 0.802720
VERTEX_POSE A794 -0.993032 0.096852 -0.176630 0.984277 -0.984277 -0.176630
VERTEX_POSE A795 -0.487954 0.227269 -0.193544 0.981092 0.981092 0.193544
VERTEX_POSE A796 0.777510 0.837454 -0.555788 -0.831324 -0.831324 0.555788
VERTEX_POSE A797 0.401056 -0.350714 0.402295 0.915510 0.915510 -0.402295
VERTEX_POSE A798 -0.879161 0.508118 -0.925856 0.377877 0.377877 0.925856
VERTEX_POSE A799 -0.575997 -0.535594 -0.721275 0.692649 0.692649 0.721275
VERTEX_POSE A800 0.460946 -0.733430 -0.922901 0.385037 -0.385037 -0.922901
VERTEX_POSE A801 0.483120 -0.873708 -0.079612 0.996826 -0.996826 -0.079612
VERTEX_POSE A802 0.597636 -0.676298 0.944912 -0.327325 0.327325 0.944912
VERTEX_POSE A803 -0.449484 0.646017 0.349125 -0.937076 0.937076 0.349125
VERTEX_POSE A804 0.138191 -0.282080 0.175250 -0.984524 0.984524 0.175250
VERTEX_POSE A805 0.915070 -0.631964 -0.373455 0.927648 -0.927648 -0.373455
VERTEX_POSE A806 0.509434 0.160690 0.268453 -0.963293 0.963293 0.268453
VERTEX_POSE A807 -0.335280 0.265506 -0.717064 0.697007 0.697007 0.717064
