VERTEX_POSE A0 0.998577 0.201997 -0.053321 -0.998577 0.998577 -0.053321
VERTEX_POSE A1 -0.053321 -0.201997 -0.994016 -0.109233 0.109233 -0.994016
VERTEX_POSE A2 0.109233 5.270369 0.780657 0.624960 0.624960 -0.780657
VERTEX_POSE A3 -0.994016 0.000000 -0.786264 0.617891 0.617891 0.786264
VERTEX_POSE A4 0.624960 0.000000 -0.042498 0.999097 -0.999097 -0.042498
VERTEX_POSE A5 -0.780657 0.000000 0.476045 0.879421 -0.879421 0.476045
VERTEX_POSE A6 0.617891 0.000000 -0.599534 -0.800350 0.800350 -0.599534
VERTEX_POSE A7 0.786264 0.000000 -0.867689 -0.497108 0.497108 -0.867689
VERTEX_POSE A8 -0.999097 -0.114890 0.503943 0.863737 0.863737 -0.503943
VERTEX_POSE A9 -0.042498 0.114890 -0.872072 -0.489378 0.489378 -0.872072
VERTEX_POSE A10 -0.879421 5.273441 0.902623 0.430432 -0.430432 0.902623
VERTEX_POSE A11 0.476045 -5.273441 0.921423 -0.388562 0.388562 0.921423
VERTEX_POSE A12 0.800350 -0.019672 0.310942 -0.950429 0.950429 0.310942
VERTEX_POSE A13 -0.599534 0.019672 -0.088581 0.996069 -0.996069 -0.088581
VERTEX_POSE A14 0.497108 5.028020 0.650114 0.759836 -0.759836 0.650114
VERTEX_POSE A15 -0.867689 -5.028020 0.973147 -0.230186 0.230186 0.973147
VERTEX_POSE A16 0.863737 -0.028639 0.079300 -0.996851 -0.996851 -0.079300
VERTEX_POSE A17 -0.503943 0.028639 0.351774 0.936085 -0.936085 0.351774
VERTEX_POSE A18 0.489378 4.878891 -0.979834 -0.199812 -0.199812 0.979834
VERTEX_POSE A19 -0.872072 -4.878891 0.983697 0.179834 0.179834 -0.983697
VERTEX_POSE A20 -0.430432 -0.010163 0.999741 -0.022753 0.022753 0.999741
VERTEX_POSE A21 0.902623 0.010163 0.179403 0.983776 0.983776 -0.179403
VERTEX_POSE A22 0.388562 5.271684 0.511340 0.859379 -0.859379 0.511340
VERTEX_POSE A23 0.921423 -5.271684 0.828126 -0.560542 0.560542 0.828126
VERTEX_POSE A24 0.950429 -0.052282 0.772989 0.634419 0.634419 -0.772989
VERTEX_POSE A25 0.310942 0.052282 0.364273 0.931292 0.931292 -0.364273
VERTEX_POSE A26 -0.996069 5.241226 -0.410503 -0.911859 -0.911859 0.410503
VERTEX_POSE A27 -0.088581 -5.241226 -0.997136 -0.075627 -0.075627 0.997136
VERTEX_POSE A28 -0.759836 -0.032601 0.703241 -0.710952 -0.710952 -0.703241
VERTEX_POSE A29 0.650114 0.032601 0.992560 -0.121759 -0.121759 -0.992560
VERTEX_POSE A30 0.230186 5.257392 -0.920618 0.390464 0.390464 0.920618
VERTEX_POSE A31 0.973147 -5.257392 0.695723 0.718310 -0.718310 0.695723
VERTEX_POSE A32 -0.996851 -0.034976 -0.539514 -0.841977 0.841977 -0.539514
VERTEX_POSE A33 -0.079300 0.034976 0.999371 0.035475 -0.035475 0.999371
VERTEX_POSE A34 -0.936085 0.000000 -0.990048 0.140731 -0.140731 -0.990048
VERTEX_POSE A35 0.351774 0.000000 -0.999814 -0.019290 -0.019290 0.999814
VERTEX_POSE A36 -0.199812 0.000000 0.880636 0.473794 0.473794 -0.880636
VERTEX_POSE A37 0.979834 0.000000 -0.318173 0.948033 -0.948033 -0.318173
VERTEX_POSE A38 0.179834 0.000000 0.069569 -0.997577 0.997577 0.069569
VERTEX_POSE A39 -0.983697 0.000000 -0.168025 -0.985783 0.985783 -0.168025
VERTEX_POSE A40 0.022753 0.000000 0.293704 0.955896 0.955896 -0.293704
VERTEX_POSE A41 0.999741 0.000000 -0.105550 0.994414 0.994414 0.105550
VERTEX_POSE A42 0.983776 0.000000 -0.704463 0.709741 -0.709741 -0.704463
VERTEX_POSE A43 -0.179403 0.000000 0.760350 0.649514 0.649514 -0.760350
VERTEX_POSE A44 -0.859379 0.000000 -0.960177 0.279392 -0.279392 -0.960177
VERTEX_POSE A45 0.511340 0.000000 0.532457 -0.846457 -0.846457 -0.532457
VERTEX_POSE A46 0.560542 0.000000 -0.425187 -0.905105 0.905105 -0.425187
VERTEX_POSE A47 0.828126 0.000000 -0.842250 -0.539086 -0.539086 0.842250
VERTEX_POSE A48 0.634419 0.000000 -0.054856 0.998494 0.998494 0.054856
VERTEX_POSE A49 -0.772989 0.000000 -0.835171 0.549990 -0.549990 -0.835171
VERTEX_POSE A50 0.931292 0.000000 -0.274618 -0.961553 0.961553 -0.274618
VERTEX_POSE A51 -0.364273 0.000000 -0.271753 -0.962367 -0.962367 0.271753
VERTEX_POSE A52 -0.911859 0.000000 0.987312 -0.158794 -0.158794 -0.987312
VERTEX_POSE A53 0.410503 0.000000 0.366015 -0.930609 0.930609 0.366015
VERTEX_POSE A54 -0.075627 0.000000 0.030828 -0.999525 0.999525 0.030828
VERTEX_POSE A55 0.997136 0.000000 -0.495656 -0.868519 -0.868519 0.495656
VERTEX_POSE A56 -0.710952 0.000000 0.999786 -0.020665 -0.020665 -0.999786
VERTEX_POSE A57 -0.703241 0.000000 -0.845442 0.534067 -0.534067 -0.845442
VERTEX_POSE A58 -0.121759 0.000000 -0.473285 0.880909 -0.880909 -0.473285
VERTEX_POSE A59 -0.992560 0.000000 0.589393 0.807846 -0.807846 0.589393
VERTEX_POSE A60 0.390464 0.000000 -0.538433 -0.842668 -0.842668 0.538433
VERTEX_POSE A61 0.920618 0.000000 0.992928 -0.118718 -0.118718 -0.992928
VERTEX_POSE A62 -0.718310 0.000000 0.420131 0.907464 -0.907464 0.420131
VERTEX_POSE A63 0.695723 0.000000 0.982251 -0.187571 -0.187571 -0.982251
VERTEX_POSE A64 0.841977 0.000000 0.933067 -0.359702 0.359702 0.933067
VERTEX_POSE A65 -0.539514 0.000000 -0.812592 0.582833 -0.582833 -0.812592
VERTEX_POSE A66 -0.035475 0.000000 -0.992824 -0.119586 0.119586 -0.992824
VERTEX_POSE A67 0.999371 0.000000 -0.554817 -0.831973 0.831973 -0.554817
VERTEX_POSE A68 -0.140731 0.000000 0.724626 -0.689142 0.689142 0.724626
VERTEX_POSE A69 -0.990048 0.000000 -0.720118 -0.693851 0.693851 -0.720118
VERTEX_POSE A70 -0.019290 0.000000 -0.712459 -0.701714 -0.701714 0.712459
VERTEX_POSE A71 0.999814 0.000000 -0.239847 -0.970811 -0.970811 0.239847
VERTEX_POSE A72 0.473794 0.000000 -0.740989 -0.671517 0.671517 -0.740989
VERTEX_POSE A73 -0.880636 0.000000 -0.918250 0.396000 0.396000 0.918250
VERTEX_POSE A74 -0.948033 0.000000 -0.847078 0.531468 0.531468 0.847078
VERTEX_POSE A75 -0.318173 0.000000 -0.561551 -0.827442 -0.827442 0.561551
VERTEX_POSE A76 0.997577 0.000000 -0.765572 -0.643350 -0.643350 0.765572
VERTEX_POSE A77 0.069569 0.000000 -0.056103 0.998425 0.998425 0.056103
VERTEX_POSE A78 0.985783 0.000000 -0.985160 0.171638 -0.171638 -0.985160
VERTEX_POSE A79 -0.168025 0.000000 -0.671622 0.740894 0.740894 0.671622
VERTEX_POSE A80 0.955896 0.000000 0.593189 -0.805063 -0.805063 -0.593189
VERTEX_POSE A81 -0.293704 0.000000 -0.141156 0.989987 0.989987 0.141156
VERTEX_POSE A82 0.994414 0.000000 -0.179153 0.983821 0.983821 0.179153
VERTEX_POSE A83 0.105550 0.000000 0.888838 -0.458222 -0.458222 -0.888838
VERTEX_POSE A84 -0.709741 0.000000 -0.912998 -0.407964 -0.407964 0.912998
VERTEX_POSE A85 -0.704463 0.000000 0.818754 -0.574144 0.574144 0.818754
VERTEX_POSE A86 0.649514 0.000000 -0.779406 0.626519 0.626519 0.779406
VERTEX_POSE A87 -0.760350 0.000000 -0.998699 -0.050990 0.050990 -0.998699
VERTEX_POSE A88 -0.279392 0.000000 -0.995075 0.099120 -0.099120 -0.995075
VERTEX_POSE A89 -0.960177 0.000000 -0.978294 0.207224 0.207224 0.978294
VERTEX_POSE A90 -0.846457 0.000000 -0.809107 -0.587661 0.587661 -0.809107
VERTEX_POSE A91 -0.532457 0.000000 0.826954 0.562270 0.562270 -0.826954
VERTEX_POSE A92 0.905105 0.000000 -0.202263 -0.979331 0.979331 -0.202263
VERTEX_POSE A93 -0.425187 0.000000 -0.132037 0.991245 -0.991245 -0.132037
VERTEX_POSE A94 -0.539086 0.000000 0.969959 0.243267 -0.243267 0.969959
VERTEX_POSE A95 0.842250 0.000000 -0.758774 -0.651354 -0.651354 0.758774
VERTEX_POSE A96 0.998494 0.000000 0.886549 -0.462634 -0.462634 -0.886549
VERTEX_POSE A97 0.054856 0.000000 -0.708009 0.706203 0.706203 0.708009
VERTEX_POSE A98 -0.549990 0.000000 -0.917341 0.398102 0.398102 0.917341
VERTEX_POSE A99 -0.835171 0.000000 -0.517012 -0.855978 -0.855978 0.517012
VERTEX_POSE A100 0.961553 0.000000 0.580718 0.814105 0.814105 -0.580718
VERTEX_POSE A101 -0.274618 0.000000 0.806334 0.591461 0.591461 -0.806334
VERTEX_POSE A102 -0.962367 0.000000 0.997757 0.066944 -0.066944 0.997757
VERTEX_POSE A103 0.271753 0.000000 -0.996119 -0.088021 0.088021 -0.996119
VERTEX_POSE A104 -0.158794 0.000000 -0.917699 0.397277 -0.397277 -0.917699
VERTEX_POSE A105 -0.987312 0.000000 -0.729996 0.683451 0.683451 0.729996
VERTEX_POSE A106 0.930609 0.000000 0.389849 -0.920879 -0.920879 -0.389849
VERTEX_POSE A107 0.366015 0.000000 -0.960837 -0.277114 -0.277114 0.960837
VERTEX_POSE A108 0.999525 0.000000 -0.039292 0.999228 0.999228 0.039292
VERTEX_POSE A109 0.030828 0.000000 -0.997798 -0.066332 0.066332 -0.997798
VERTEX_POSE A110 -0.868519 0.000000 0.026287 0.999654 -0.999654 0.026287
VERTEX_POSE A111 0.495656 0.000000 0.761094 0.648642 -0.648642 0.761094
VERTEX_POSE A112 -0.020665 0.000000 0.947861 -0.318684 0.318684 0.947861
VERTEX_POSE A113 -0.999786 0.000000 -0.397050 -0.917797 0.917797 -0.397050
VERTEX_POSE A114 -0.534067 0.000000 0.804717 -0.593658 0.593658 0.804717
VERTEX_POSE A115 -0.845442 0.000000 -0.045351 -0.998971 0.998971 -0.045351
VERTEX_POSE A116 -0.880909 0.000000 0.027417 0.999624 0.999624 -0.027417
VERTEX_POSE A117 -0.473285 0.000000 0.833959 -0.551827 0.551827 0.833959
VERTEX_POSE A118 -0.807846 0.000000 0.797148 -0.603784 -0.603784 -0.797148
VERTEX_POSE A119 0.589393 0.000000 0.179144 0.983823 0.983823 -0.179144
VERTEX_POSE A120 -0.842668 0.000000 0.234904 0.972018 -0.972018 0.234904
VERTEX_POSE A121 0.538433 0.000000 0.393028 -0.919527 -0.919527 -0.393028
VERTEX_POSE A122 -0.118718 0.000000 -0.963766 -0.266751 -0.266751 0.963766
VERTEX_POSE A123 -0.992928 0.000000 0.939350 0.342961 -0.342961 0.939350
VERTEX_POSE A124 -0.907464 0.000000 -0.132027 0.991246 -0.991246 -0.132027
VERTEX_POSE A125 0.420131 0.000000 0.234335 0.972156 -0.972156 0.234335
VERTEX_POSE A126 -0.187571 0.000000 -0.367723 -0.929936 0.929936 -0.367723
VERTEX_POSE A127 -0.982251 0.000000 0.073204 -0.997317 -0.997317 -0.073204
VERTEX_POSE A128 0.359702 0.000000 0.763065 0.646322 -0.646322 0.763065
VERTEX_POSE A129 0.933067 0.000000 -0.504172 -0.863603 0.863603 -0.504172
VERTEX_POSE A130 -0.582833 0.000000 -0.850422 0.526102 0.526102 0.850422
VERTEX_POSE A131 -0.812592 0.000000 0.099017 0.995086 -0.995086 0.099017
VERTEX_POSE A132 0.119586 0.000000 -0.758324 -0.651878 -0.651878 0.758324
VERTEX_POSE A133 -0.992824 0.000000 -0.713103 -0.701059 -0.701059 0.713103
VERTEX_POSE A134 0.831973 0.000000 0.369565 0.929205 0.929205 -0.369565
VERTEX_POSE A135 -0.554817 0.000000 -0.999959 -0.009022 -0.009022 0.999959
VERTEX_POSE A136 0.689142 0.000000 0.421013 -0.907055 -0.907055 -0.421013
VERTEX_POSE A137 0.724626 0.000000 -0.716576 0.697510 -0.697510 -0.716576
VERTEX_POSE A138 0.693851 0.000000 -0.677908 0.735147 -0.735147 -0.677908
VERTEX_POSE A139 -0.720118 0.000000 -0.966669 0.256030 -0.256030 -0.966669
VERTEX_POSE A140 -0.701714 0.000000 0.194315 0.980939 0.980939 -0.194315
VERTEX_POSE A141 0.712459 0.000000 -0.663326 0.748331 0.748331 0.663326
VERTEX_POSE A142 -0.970811 0.000000 -0.445082 0.895490 0.895490 0.445082
VERTEX_POSE A143 0.239847 0.000000 0.069506 -0.997582 -0.997582 -0.069506
VERTEX_POSE A144 0.671517 0.000000 0.976803 0.214140 0.214140 -0.976803
VERTEX_POSE A145 -0.740989 0.000000 -0.509681 -0.860363 0.860363 -0.509681
VERTEX_POSE A146 0.396000 0.000000 -0.275909 0.961184 -0.961184 -0.275909
VERTEX_POSE A147 0.918250 0.000000 0.630682 0.776042 0.776042 -0.630682
VERTEX_POSE A148 0.531468 0.000000 -0.842570 -0.538588 0.538588 -0.842570
VERTEX_POSE A149 0.847078 0.000000 0.959052 -0.283230 -0.283230 -0.959052
VERTEX_POSE A150 -0.827442 0.000000 0.914654 0.404238 0.404238 -0.914654
VERTEX_POSE A151 0.561551 0.000000 0.162672 -0.986680 -0.986680 -0.162672
VERTEX_POSE A152 -0.643350 0.000000 -0.999414 -0.034237 0.034237 -0.999414
VERTEX_POSE A153 0.765572 0.000000 0.012081 -0.999927 0.999927 0.012081
VERTEX_POSE A154 0.998425 0.000000 -0.999796 0.020203 0.020203 0.999796
VERTEX_POSE A155 0.056103 0.000000 0.022784 -0.999740 0.999740 0.022784
VERTEX_POSE A156 -0.171638 0.000000 -0.308276 0.951297 -0.951297 -0.308276
VERTEX_POSE A157 -0.985160 0.000000 -0.886991 0.461788 -0.461788 -0.886991
VERTEX_POSE A158 0.740894 0.000000 0.145536 -0.989353 -0.989353 -0.145536
VERTEX_POSE A159 0.671622 0.000000 0.992606 -0.121377 0.121377 0.992606
VERTEX_POSE A160 -0.805063 0.000000 0.837222 -0.546864 0.546864 0.837222
VERTEX_POSE A161 -0.593189 0.000000 0.337328 -0.941387 0.941387 0.337328
VERTEX_POSE A162 0.989987 0.000000 -0.942724 -0.333574 -0.333574 0.942724
VERTEX_POSE A163 0.141156 0.000000 0.999681 0.025266 -0.025266 0.999681
VERTEX_POSE A164 0.983821 0.000000 -0.542893 -0.839802 -0.839802 0.542893
VERTEX_POSE A165 0.179153 0.000000 -0.510892 -0.859645 -0.859645 0.510892
VERTEX_POSE A166 -0.458222 0.000000 -0.961618 -0.274391 0.274391 -0.961618
VERTEX_POSE A167 -0.888838 0.000000 -0.000115 -1.000000 -1.000000 0.000115
VERTEX_POSE A168 -0.407964 0.000000 -0.882740 0.469862 0.469862 0.882740
VERTEX_POSE A169 0.912998 0.000000 -0.619638 0.784888 -0.784888 -0.619638
VERTEX_POSE A170 0.574144 0.000000 -0.627750 -0.778415 0.778415 -0.627750
VERTEX_POSE A171 0.818754 0.000000 0.994730 0.102528 0.102528 -0.994730
VERTEX_POSE A172 0.626519 0.000000 0.991564 0.129615 -0.129615 0.991564
VERTEX_POSE A173 0.779406 0.000000 -0.999912 0.013302 0.013302 0.999912
VERTEX_POSE A174 0.050990 0.000000 -0.853134 -0.521693 -0.521693 0.853134
VERTEX_POSE A175 -0.998699 0.000000 0.431650 -0.902041 0.902041 0.431650
VERTEX_POSE A176 -0.099120 0.000000 0.195756 -0.980653 0.980653 0.195756
VERTEX_POSE A177 -0.995075 0.000000 -0.942967 0.332886 -0.332886 -0.942967
VERTEX_POSE A178 0.207224 0.000000 -0.505314 0.862936 0.862936 0.505314
VERTEX_POSE A179 0.978294 0.000000 0.784406 0.620247 -0.620247 0.784406
VERTEX_POSE A180 0.587661 0.000000 -0.381894 -0.924206 -0.924206 0.381894
VERTEX_POSE A181 -0.809107 0.000000 0.892540 -0.450967 -0.450967 -0.892540
VERTEX_POSE A182 0.562270 0.000000 0.964736 0.263221 0.263221 -0.964736
VERTEX_POSE A183 -0.826954 0.000000 -0.057748 -0.998331 0.998331 -0.057748
VERTEX_POSE A184 0.979331 0.000000 -0.817242 -0.576295 -0.576295 0.817242
VERTEX_POSE A185 -0.202263 0.000000 0.999817 -0.019126 0.019126 0.999817
VERTEX_POSE A186 -0.991245 0.000000 -0.994303 -0.106587 -0.106587 0.994303
VERTEX_POSE A187 -0.132037 0.000000 0.995148 0.098390 -0.098390 0.995148
VERTEX_POSE A188 -0.243267 0.000000 0.146293 -0.989241 0.989241 0.146293
VERTEX_POSE A189 0.969959 0.000000 0.608531 0.793530 0.793530 -0.608531
VERTEX_POSE A190 -0.651354 0.000000 -0.967302 0.253629 0.253629 0.967302
VERTEX_POSE A191 0.758774 0.000000 0.967832 0.251599 0.251599 -0.967832
VERTEX_POSE A192 -0.462634 0.000000 -0.916997 0.398894 -0.398894 -0.916997
VERTEX_POSE A193 -0.886549 0.000000 0.972859 0.231401 0.231401 -0.972859
VERTEX_POSE A194 0.706203 0.000000 -0.332350 0.943156 0.943156 0.332350
VERTEX_POSE A195 0.708009 0.000000 0.662442 0.749114 0.749114 -0.662442
VERTEX_POSE A196 0.398102 0.000000 -0.942337 -0.334667 -0.334667 0.942337
VERTEX_POSE A197 0.917341 0.000000 -0.858465 0.512872 -0.512872 -0.858465
VERTEX_POSE A198 -0.855978 0.000000 0.751617 0.659600 -0.659600 0.751617
VERTEX_POSE A199 0.517012 0.000000 0.392431 0.919781 -0.919781 0.392431
VERTEX_POSE A200 0.814105 0.000000 -0.551982 0.833856 0.833856 0.551982
VERTEX_POSE A201 -0.580718 0.000000 -0.998387 0.056783 -0.056783 -0.998387
VERTEX_POSE A202 0.591461 0.000000 -0.129677 -0.991556 -0.991556 0.129677
VERTEX_POSE A203 -0.806334 0.000000 0.397680 -0.917524 -0.917524 -0.397680
VERTEX_POSE A204 -0.066944 0.000000 -0.904928 0.425565 -0.425565 -0.904928
VERTEX_POSE A205 0.997757 0.000000 0.390802 -0.920475 0.920475 0.390802
VERTEX_POSE A206 0.088021 0.000000 -0.829449 -0.558583 0.558583 -0.829449
VERTEX_POSE A207 -0.996119 0.000000 0.993100 0.117273 0.117273 -0.993100
VERTEX_POSE A208 -0.397277 0.000000 -0.959194 0.282749 -0.282749 -0.959194
VERTEX_POSE A209 -0.917699 0.000000 -0.700335 0.713815 -0.713815 -0.700335
VERTEX_POSE A210 0.683451 0.000000 -0.535432 0.844578 0.844578 0.535432
VERTEX_POSE A211 0.729996 0.000000 0.944210 -0.329345 -0.329345 -0.944210
VERTEX_POSE A212 -0.920879 0.000000 -0.601228 0.799077 0.799077 0.601228
VERTEX_POSE A213 -0.389849 0.000000 -0.645232 0.763987 -0.763987 -0.645232
VERTEX_POSE A214 -0.277114 0.000000 0.554255 -0.832347 -0.832347 -0.554255
VERTEX_POSE A215 0.960837 0.000000 0.728771 0.684757 0.684757 -0.728771
VERTEX_POSE A216 0.999228 0.000000 -0.040624 -0.999174 -0.999174 0.040624
VERTEX_POSE A217 0.039292 0.000000 -0.830586 -0.556890 0.556890 -0.830586
VERTEX_POSE A218 0.066332 0.000000 -0.840023 0.542551 0.542551 0.840023
VERTEX_POSE A219 -0.997798 0.000000 0.002863 -0.999996 0.999996 0.002863
VERTEX_POSE A220 -0.999654 0.000000 -0.459147 -0.888360 0.888360 -0.459147
VERTEX_POSE A221 0.026287 0.000000 -0.207754 0.978181 0.978181 0.207754
VERTEX_POSE A222 -0.648642 0.000000 0.329849 0.944034 0.944034 -0.329849
VERTEX_POSE A223 0.761094 0.000000 -0.775522 -0.631321 0.631321 -0.775522
VERTEX_POSE A224 0.318684 0.000000 -0.999481 -0.032201 -0.032201 0.999481
VERTEX_POSE A225 0.947861 0.000000 0.493364 0.869823 -0.869823 0.493364
VERTEX_POSE A226 0.917797 0.000000 -0.898736 0.438490 0.438490 0.898736
VERTEX_POSE A227 -0.397050 0.000000 0.174805 -0.984603 0.984603 0.174805
VERTEX_POSE A228 0.593658 0.000000 -0.997237 -0.074292 -0.074292 0.997237
VERTEX_POSE A229 0.804717 0.000000 -0.676966 0.736014 0.736014 0.676966
VERTEX_POSE A230 0.998971 0.000000 0.935365 0.353684 0.353684 -0.935365
VERTEX_POSE A231 -0.045351 0.000000 0.098246 0.995162 -0.995162 0.098246
VERTEX_POSE A232 0.999624 0.000000 0.663161 0.748477 -0.748477 0.663161
VERTEX_POSE A233 -0.027417 0.000000 -0.086135 -0.996283 0.996283 -0.086135
VERTEX_POSE A234 0.551827 0.000000 0.809121 0.587642 -0.587642 0.809121
VERTEX_POSE A235 0.833959 0.000000 -0.997687 -0.067973 0.067973 -0.997687
VERTEX_POSE A236 -0.603784 0.000000 0.792998 -0.609224 -0.609224 -0.792998
VERTEX_POSE A237 -0.797148 0.000000 0.952532 0.304439 -0.304439 0.952532
VERTEX_POSE A238 0.983823 0.000000 -0.695571 -0.718457 0.718457 -0.695571
VERTEX_POSE A239 -0.179144 0.000000 0.464059 0.885805 0.885805 -0.464059
VERTEX_POSE A240 -0.972018 0.000000 -0.766948 -0.641709 0.641709 -0.766948
VERTEX_POSE A241 0.234904 0.000000 0.046320 0.998927 0.998927 -0.046320
VERTEX_POSE A242 -0.919527 0.000000 -0.599674 -0.800244 0.800244 -0.599674
VERTEX_POSE A243 -0.393028 0.000000 0.999643 0.026704 -0.026704 0.999643
VERTEX_POSE A244 -0.266751 0.000000 0.898426 0.439124 -0.439124 0.898426
VERTEX_POSE A245 0.963766 0.000000 -0.825408 0.564537 0.564537 0.825408
VERTEX_POSE A246 -0.342961 0.000000 0.612471 0.790493 -0.790493 0.612471
VERTEX_POSE A247 0.939350 0.000000 0.246585 0.969121 -0.969121 0.246585
VERTEX_POSE A248 -0.991246 0.000000 0.925156 0.379586 0.379586 -0.925156
VERTEX_POSE A249 -0.132027 0.000000 0.711881 0.702301 -0.702301 0.711881
VERTEX_POSE A250 -0.972156 0.000000 0.325402 0.945576 0.945576 -0.325402
VERTEX_POSE A251 0.234335 0.000000 0.928952 -0.370201 0.370201 0.928952
VERTEX_POSE A252 0.929936 0.000000 -0.976572 0.215193 -0.215193 -0.976572
VERTEX_POSE A253 -0.367723 0.000000 -0.931452 0.363865 -0.363865 -0.931452
VERTEX_POSE A254 -0.997317 0.000000 0.194663 0.980870 -0.980870 0.194663
VERTEX_POSE A255 -0.073204 0.000000 -0.736877 -0.676027 0.676027 -0.736877
VERTEX_POSE A256 -0.646322 0.000000 -0.472953 -0.881088 -0.881088 0.472953
VERTEX_POSE A257 0.763065 0.000000 0.994804 0.101812 0.101812 -0.994804
VERTEX_POSE A258 0.863603 0.000000 -0.962546 -0.271120 -0.271120 0.962546
VERTEX_POSE A259 -0.504172 0.000000 -0.038685 -0.999251 -0.999251 0.038685
VERTEX_POSE A260 0.526102 0.000000 -0.138939 0.990301 0.990301 0.138939
VERTEX_POSE A261 0.850422 0.000000 0.943179 -0.332286 -0.332286 -0.943179
VERTEX_POSE A262 -0.995086 0.000000 0.554791 0.831990 -0.831990 0.554791
VERTEX_POSE A263 0.099017 0.000000 -0.990392 0.138292 0.138292 0.990392
VERTEX_POSE A264 -0.651878 0.000000 -0.362487 0.931989 0.931989 0.362487
VERTEX_POSE A265 0.758324 0.000000 -0.945982 -0.324220 0.324220 -0.945982
VERTEX_POSE A266 -0.701059 0.000000 -0.151760 0.988417 -0.988417 -0.151760
VERTEX_POSE A267 0.713103 0.000000 -0.082460 -0.996594 -0.996594 0.082460
VERTEX_POSE A268 0.929205 0.000000 0.280940 0.959725 -0.959725 0.280940
VERTEX_POSE A269 -0.369565 0.000000 0.595744 -0.803174 -0.803174 -0.595744
VERTEX_POSE A270 -0.009022 0.000000 0.647890 -0.761734 0.761734 0.647890
VERTEX_POSE A271 0.999959 0.000000 0.637159 0.770733 0.770733 -0.637159
VERTEX_POSE A272 -0.907055 1.000000 -0.998715 0.050681 -0.050681 -0.998715
VERTEX_POSE A273 -0.421013 0.000000 -0.830235 -0.557414 -0.557414 0.830235
VERTEX_POSE A274 -0.697510 0.000000 -0.575841 0.817562 -0.817562 -0.575841
VERTEX_POSE A275 -0.716576 0.000000 -0.725075 0.688669 -0.688669 -0.725075
VERTEX_POSE A276 -0.735147 1.000000 0.626612 -0.779332 0.779332 0.626612
VERTEX_POSE A277 -0.677908 0.000000 0.934236 -0.356655 -0.356655 -0.934236
VERTEX_POSE A278 -0.256030 0.000000 -0.834407 0.551149 -0.551149 -0.834407
VERTEX_POSE A279 -0.966669 0.000000 0.939168 -0.343459 0.343459 0.939168
VERTEX_POSE A280 0.980939 0.000000 0.504453 0.863439 0.863439 -0.504453
VERTEX_POSE A281 -0.194315 0.000000 0.955761 0.294144 -0.294144 0.955761
VERTEX_POSE A282 0.748331 7.466227 0.993705 0.112032 0.112032 -0.993705
VERTEX_POSE A283 0.663326 0.000000 0.929330 -0.369250 0.369250 0.929330
VERTEX_POSE A284 0.895490 0.000000 -0.909359 0.416011 0.416011 0.909359
VERTEX_POSE A285 0.445082 0.000000 -0.686923 -0.726730 -0.726730 0.686923
VERTEX_POSE A286 -0.997582 0.000000 -0.515871 0.856666 0.856666 0.515871
VERTEX_POSE A287 -0.069506 0.000000 -0.345699 0.938346 0.938346 0.345699
VERTEX_POSE A288 0.214140 1.000000 -0.911068 0.412257 -0.412257 -0.911068
VERTEX_POSE A289 -0.976803 0.000000 -0.578544 -0.815651 0.815651 -0.578544
VERTEX_POSE A290 0.860363 0.000000 -0.970542 -0.240934 0.240934 -0.970542
VERTEX_POSE A291 -0.509681 0.000000 -0.397230 -0.917719 0.917719 -0.397230
VERTEX_POSE A292 -0.961184 1.000000 0.107361 0.994220 -0.994220 0.107361
VERTEX_POSE A293 -0.275909 0.000000 -0.173896 -0.984764 0.984764 -0.173896
VERTEX_POSE A294 0.776042 0.000000 0.992044 0.125889 -0.125889 0.992044
VERTEX_POSE A295 -0.630682 0.000000 0.906545 0.422109 -0.422109 0.906545
VERTEX_POSE A296 0.538588 0.000000 -0.955663 -0.294463 -0.294463 0.955663
VERTEX_POSE A297 -0.842570 0.000000 -0.018862 -0.999822 0.999822 -0.018862
VERTEX_POSE A298 -0.283230 0.000000 -0.325959 0.945384 -0.945384 -0.325959
VERTEX_POSE A299 -0.959052 0.000000 0.993985 0.109518 -0.109518 0.993985
VERTEX_POSE A300 0.404238 0.000000 -0.997584 0.069468 0.069468 0.997584
VERTEX_POSE A301 -0.914654 0.000000 0.873990 0.485945 0.485945 -0.873990
VERTEX_POSE A302 -0.986680 0.000000 0.187798 0.982208 0.982208 -0.187798
VERTEX_POSE A303 -0.162672 0.000000 0.961472 0.274901 -0.274901 0.961472
VERTEX_POSE A304 0.034237 -1.251773 -0.845251 0.534370 0.534370 0.845251
VERTEX_POSE A305 -0.999414 0.000000 -0.990763 0.135605 -0.135605 -0.990763
VERTEX_POSE A306 0.999927 0.000000 -0.672871 -0.739760 0.739760 -0.672871
VERTEX_POSE A307 0.012081 0.000000 0.604924 -0.796283 0.796283 0.604924
VERTEX_POSE A308 0.020203 0.000000 -0.183486 0.983022 -0.983022 -0.183486
VERTEX_POSE A309 0.999796 0.000000 -0.000920 -1.000000 -1.000000 0.000920
VERTEX_POSE A310 0.999740 0.000000 -0.905615 -0.424102 -0.424102 0.905615
VERTEX_POSE A311 0.022784 0.000000 0.990322 0.138790 -0.138790 0.990322
VERTEX_POSE A312 -0.951297 1.000000 0.763746 0.645516 0.645516 -0.763746
VERTEX_POSE A313 -0.308276 0.000000 -0.303443 0.952850 0.952850 0.303443
VERTEX_POSE A314 -0.461788 0.000000 0.768205 0.640203 0.640203 -0.768205
VERTEX_POSE A315 -0.886991 0.000000 0.506862 -0.862027 -0.862027 -0.506862
VERTEX_POSE A316 -0.989353 1.000000 -0.150135 -0.988666 -0.988666 0.150135
VERTEX_POSE A317 -0.145536 0.000000 0.710843 0.703351 -0.703351 0.710843
VERTEX_POSE A318 0.121377 0.000000 0.768236 -0.640166 0.640166 0.768236
VERTEX_POSE A319 0.992606 0.000000 0.114772 0.993392 0.993392 -0.114772
VERTEX_POSE A320 0.546864 1.000000 -0.983568 -0.180537 -0.180537 0.983568
VERTEX_POSE A321 0.837222 0.000000 -0.974260 -0.225428 0.225428 -0.974260
VERTEX_POSE A322 0.941387 0.000000 0.317480 0.948265 -0.948265 0.317480
VERTEX_POSE A323 0.337328 0.000000 0.551550 0.834142 0.834142 -0.551550
VERTEX_POSE A324 -0.333574 0.000000 0.634581 -0.772856 -0.772856 -0.634581
VERTEX_POSE A325 0.942724 0.000000 0.914782 0.403949 -0.403949 0.914782
VERTEX_POSE A326 -0.025266 8.077919 -0.940325 -0.340278 -0.340278 0.940325
VERTEX_POSE A327 0.999681 0.000000 -0.470200 0.882560 0.882560 0.470200
VERTEX_POSE A328 -0.839802 0.000000 0.249282 0.968431 0.968431 -0.249282
VERTEX_POSE A329 0.542893 0.000000 0.284828 -0.958579 -0.958579 -0.284828
VERTEX_POSE A330 -0.859645 0.000000 0.257996 0.966146 0.966146 -0.257996
VERTEX_POSE A331 0.510892 0.000000 0.742287 -0.670083 0.670083 0.742287
VERTEX_POSE A332 0.274391 1.000000 0.796336 0.604854 -0.604854 0.796336
VERTEX_POSE A333 -0.961618 0.000000 -0.952025 0.306021 -0.306021 -0.952025
VERTEX_POSE A334 -1.000000 0.000000 -0.969661 0.244454 -0.244454 -0.969661
VERTEX_POSE A335 0.000115 0.000000 0.898961 -0.438028 0.438028 0.898961
VERTEX_POSE A336 0.469862 1.000000 -0.398984 0.916958 -0.916958 -0.398984
VERTEX_POSE A337 0.882740 0.000000 -0.773961 -0.633233 0.633233 -0.773961
VERTEX_POSE A338 -0.784888 0.000000 0.222171 0.975008 0.975008 -0.222171
VERTEX_POSE A339 -0.619638 0.000000 0.998110 0.061456 0.061456 -0.998110
VERTEX_POSE A340 0.778415 1.000000 0.786226 0.617939 -0.617939 0.786226
VERTEX_POSE A341 -0.627750 0.000000 0.511699 -0.859165 -0.859165 -0.511699
VERTEX_POSE A342 0.102528 0.000000 -0.562939 0.826499 0.826499 0.562939
VERTEX_POSE A343 -0.994730 0.000000 0.631642 -0.775260 0.775260 0.631642
VERTEX_POSE A344 -0.129615 0.000000 0.959917 0.280285 -0.280285 0.959917
VERTEX_POSE A345 0.991564 0.000000 0.498076 -0.867133 -0.867133 -0.498076
VERTEX_POSE A346 0.013302 0.000000 -0.174140 -0.984721 -0.984721 0.174140
VERTEX_POSE A347 0.999912 0.000000 -0.524637 -0.851326 0.851326 -0.524637
VERTEX_POSE A348 -0.521693 -1.440297 0.830713 -0.556700 -0.556700 -0.830713
VERTEX_POSE A349 0.853134 0.000000 -0.852565 -0.522621 -0.522621 0.852565
VERTEX_POSE A350 0.902041 0.000000 0.998628 0.052373 0.052373 -0.998628
VERTEX_POSE A351 0.431650 0.000000 0.496910 -0.867802 -0.867802 -0.496910
VERTEX_POSE A352 0.980653 0.000000 0.988479 0.151359 0.151359 -0.988479
VERTEX_POSE A353 0.195756 0.000000 -0.949496 0.313779 -0.313779 -0.949496
VERTEX_POSE A354 -0.332886 0.000000 0.347808 -0.937566 0.937566 0.347808
VERTEX_POSE A355 -0.942967 0.000000 -0.980740 -0.195318 -0.195318 0.980740
VERTEX_POSE A356 0.862936 1.000000 -0.585764 0.810481 0.810481 0.585764
VERTEX_POSE A357 0.505314 0.000000 0.226556 -0.973998 -0.973998 -0.226556
VERTEX_POSE A358 -0.620247 0.000000 0.964306 0.264791 -0.264791 0.964306
VERTEX_POSE A359 0.784406 0.000000 -0.440789 -0.897611 -0.897611 0.440789
VERTEX_POSE A360 -0.924206 1.000000 -0.704291 -0.709912 0.709912 -0.704291
VERTEX_POSE A361 0.381894 0.000000 0.557859 0.829936 0.829936 -0.557859
VERTEX_POSE A362 -0.450967 0.000000 -0.638909 0.769282 0.769282 0.638909
VERTEX_POSE A363 -0.892540 0.000000 -0.980830 -0.194865 -0.194865 0.980830
VERTEX_POSE A364 0.263221 1.000000 -0.063221 -0.998000 -0.998000 0.063221
VERTEX_POSE A365 -0.964736 0.000000 -0.523833 -0.851821 0.851821 -0.523833
VERTEX_POSE A366 0.998331 0.000000 0.973216 0.229893 0.229893 -0.973216
VERTEX_POSE A367 -0.057748 0.000000 -0.885777 0.464112 0.464112 0.885777
VERTEX_POSE A368 -0.576295 0.000000 -0.714042 0.700103 -0.700103 -0.714042
VERTEX_POSE A369 0.817242 0.000000 -0.775907 0.630848 -0.630848 -0.775907
VERTEX_POSE A370 0.019126 7.097386 0.642436 -0.766340 0.766340 0.642436
VERTEX_POSE A371 0.999817 0.000000 -0.006079 0.999982 -0.999982 -0.006079
VERTEX_POSE A372 -0.106587 0.000000 -0.601583 0.798810 -0.798810 -0.601583
VERTEX_POSE A373 0.994303 0.000000 -0.197436 -0.980316 -0.980316 0.197436
VERTEX_POSE A374 -0.098390 0.000000 -0.240163 0.970733 -0.970733 -0.240163
VERTEX_POSE A375 0.995148 0.000000 -0.950903 -0.309488 -0.309488 0.950903
VERTEX_POSE A376 0.989241 1.000000 -0.895925 0.444205 -0.444205 -0.895925
VERTEX_POSE A377 0.146293 0.000000 -0.880323 0.474375 -0.474375 -0.880323
VERTEX_POSE A378 0.793530 0.000000 0.407073 -0.913396 0.913396 0.407073
VERTEX_POSE A379 -0.608531 0.000000 0.703341 0.710853 -0.710853 0.703341
VERTEX_POSE A380 0.253629 1.000000 -0.723759 0.690052 0.690052 0.723759
VERTEX_POSE A381 0.967302 0.000000 0.829374 -0.558694 -0.558694 -0.829374
VERTEX_POSE A382 0.251599 0.000000 0.655330 -0.755342 -0.755342 -0.655330
VERTEX_POSE A383 -0.967832 0.000000 0.320749 -0.947164 -0.947164 -0.320749
VERTEX_POSE A384 -0.398894 1.000000 -0.838397 0.545060 -0.545060 -0.838397
VERTEX_POSE A385 -0.916997 0.000000 0.833915 0.551893 0.551893 -0.833915
VERTEX_POSE A386 0.231401 0.000000 -0.409575 -0.912277 0.912277 -0.409575
VERTEX_POSE A387 -0.972859 0.000000 0.787171 -0.616735 0.616735 0.787171
VERTEX_POSE A388 0.943156 0.000000 0.982735 -0.185018 -0.185018 -0.982735
VERTEX_POSE A389 0.332350 0.000000 -0.936870 -0.349677 -0.349677 0.936870
VERTEX_POSE A390 0.749114 0.000000 -0.825740 0.564051 0.564051 0.825740
VERTEX_POSE A391 -0.662442 0.000000 0.955111 -0.296248 -0.296248 -0.955111
VERTEX_POSE A392 -0.334667 0.734485 0.553737 -0.832692 0.832692 0.553737
VERTEX_POSE A393 0.942337 0.000000 -0.987144 -0.159833 -0.159833 0.987144
VERTEX_POSE A394 -0.512872 0.000000 -0.074641 0.997210 -0.997210 -0.074641
VERTEX_POSE A395 -0.858465 0.000000 -0.821040 -0.570870 0.570870 -0.821040
VERTEX_POSE A396 -0.659600 0.000000 0.979277 -0.202525 -0.202525 -0.979277
VERTEX_POSE A397 0.751617 0.000000 0.999364 0.035656 -0.035656 0.999364
VERTEX_POSE A398 -0.919781 0.000000 0.489128 -0.872212 -0.872212 -0.489128
VERTEX_POSE A399 0.392431 0.000000 0.123972 0.992286 -0.992286 0.123972
VERTEX_POSE A400 0.833856 1.000000 -0.606680 -0.794946 0.794946 -0.606680
VERTEX_POSE A401 0.551982 0.000000 0.137472 -0.990506 0.990506 0.137472
VERTEX_POSE A402 -0.056783 0.000000 -0.667901 -0.744250 -0.744250 0.667901
VERTEX_POSE A403 -0.998387 0.000000 0.768986 -0.639265 0.639265 0.768986
VERTEX_POSE A404 -0.991556 1.000000 0.456370 -0.889790 -0.889790 -0.456370
VERTEX_POSE A405 0.129677 0.000000 0.999247 -0.038808 0.038808 0.999247
VERTEX_POSE A406 -0.917524 0.000000 0.842612 0.538520 0.538520 -0.842612
VERTEX_POSE A407 -0.397680 0.000000 -0.307029 0.951700 0.951700 0.307029
VERTEX_POSE A408 -0.425565 1.000000 0.453377 0.891319 0.891319 -0.453377
VERTEX_POSE A409 -0.904928 0.000000 -0.496611 -0.867973 0.867973 -0.496611
VERTEX_POSE A410 0.920475 0.000000 0.521596 0.853193 0.853193 -0.521596
VERTEX_POSE A411 0.390802 0.000000 0.310906 0.950441 0.950441 -0.310906
VERTEX_POSE A412 0.558583 0.000000 0.850642 -0.525746 0.525746 0.850642
VERTEX_POSE A413 -0.829449 0.000000 -0.926671 0.375875 -0.375875 -0.926671
VERTEX_POSE A414 0.117273 7.707121 0.997100 -0.076107 -0.076107 -0.997100
VERTEX_POSE A415 -0.993100 0.000000 -0.014899 0.999889 0.999889 0.014899
VERTEX_POSE A416 -0.282749 0.000000 0.944266 -0.329183 0.329183 0.944266
VERTEX_POSE A417 -0.959194 0.000000 -0.977449 -0.211171 -0.211171 0.977449
VERTEX_POSE A418 -0.713815 0.000000 0.786534 0.617547 0.617547 -0.786534
VERTEX_POSE A419 -0.700335 0.000000 -0.999772 -0.021331 -0.021331 0.999772
VERTEX_POSE A420 0.844578 1.000000 0.758432 -0.651752 -0.651752 -0.758432
VERTEX_POSE A421 0.535432 0.000000 0.878157 0.478373 0.478373 -0.878157
VERTEX_POSE A422 -0.329345 0.000000 0.944434 0.328702 -0.328702 0.944434
VERTEX_POSE A423 -0.944210 0.000000 0.377596 0.925970 0.925970 -0.377596
VERTEX_POSE A424 0.799077 1.000000 -0.305637 0.952148 0.952148 0.305637
VERTEX_POSE A425 0.601228 0.000000 0.756669 -0.653798 0.653798 0.756669
VERTEX_POSE A426 -0.763987 0.000000 0.408143 -0.912918 -0.912918 -0.408143
VERTEX_POSE A427 -0.645232 0.000000 -0.995565 0.094071 -0.094071 -0.995565
VERTEX_POSE A428 -0.832347 1.000000 0.079942 -0.996800 -0.996800 -0.079942
VERTEX_POSE A429 -0.554255 0.000000 0.968148 -0.250380 0.250380 0.968148
VERTEX_POSE A430 0.684757 0.000000 0.557870 0.829928 0.829928 -0.557870
VERTEX_POSE A431 -0.728771 0.000000 -0.755598 0.655036 0.655036 0.755598
VERTEX_POSE A432 -0.999174 0.000000 0.400718 -0.916201 -0.916201 -0.400718
VERTEX_POSE A433 0.040624 0.000000 0.989377 -0.145376 0.145376 0.989377
VERTEX_POSE A434 0.556890 0.000000 -0.924252 -0.381783 0.381783 -0.924252
VERTEX_POSE A435 -0.830586 0.000000 -0.204779 0.978808 0.978808 0.204779
VERTEX_POSE A436 0.542551 -1.682510 -0.208328 0.978059 -0.978059 -0.208328
VERTEX_POSE A437 0.840023 0.000000 -0.033485 -0.999439 -0.999439 0.033485
VERTEX_POSE A438 0.999996 0.000000 -0.975582 0.219636 -0.219636 -0.975582
VERTEX_POSE A439 0.002863 0.000000 0.640029 0.768351 -0.768351 0.640029
VERTEX_POSE A440 0.888360 0.000000 -0.998179 -0.060317 -0.060317 0.998179
VERTEX_POSE A441 -0.459147 0.000000 -0.995643 -0.093242 0.093242 -0.995643
VERTEX_POSE A442 0.978181 0.000000 0.359613 -0.933102 0.933102 0.359613
VERTEX_POSE A443 0.207754 0.000000 0.677191 -0.735807 -0.735807 -0.677191
VERTEX_POSE A444 0.944034 1.000000 0.573123 0.819469 -0.819469 0.573123
VERTEX_POSE A445 -0.329849 0.000000 -0.889554 -0.456830 0.456830 -0.889554
VERTEX_POSE A446 0.631321 0.000000 -0.198456 0.980110 -0.980110 -0.198456
VERTEX_POSE A447 -0.775522 0.000000 -0.580318 -0.814390 0.814390 -0.580318
VERTEX_POSE A448 -0.032201 1.000000 0.614801 -0.788682 0.788682 0.614801
VERTEX_POSE A449 0.999481 0.000000 0.371276 -0.928523 -0.928523 -0.371276
VERTEX_POSE A450 -0.869823 0.000000 -0.871769 -0.489917 0.489917 -0.871769
VERTEX_POSE A451 0.493364 0.000000 -0.999683 -0.025164 -0.025164 0.999683
VERTEX_POSE A452 0.438490 1.000000 0.926110 0.377253 0.377253 -0.926110
VERTEX_POSE A453 0.898736 0.000000 0.735764 -0.677238 0.677238 0.735764
VERTEX_POSE A454 0.984603 0.000000 0.932388 0.361460 -0.361460 0.932388
VERTEX_POSE A455 0.174805 0.000000 0.880711 0.473655 0.473655 -0.880711
VERTEX_POSE A456 -0.074292 0.000000 0.892368 0.451308 -0.451308 0.892368
VERTEX_POSE A457 0.997237 0.000000 0.103438 -0.994636 -0.994636 -0.103438
VERTEX_POSE A458 0.736014 7.105243 -0.733770 -0.679398 0.679398 -0.733770
VERTEX_POSE A459 0.676966 0.000000 -0.965355 0.260940 -0.260940 -0.965355
VERTEX_POSE A460 0.353684 0.000000 0.787100 0.616825 0.616825 -0.787100
VERTEX_POSE A461 -0.935365 0.000000 0.999759 -0.021951 0.021951 0.999759
VERTEX_POSE A462 -0.995162 0.000000 -0.217293 -0.976106 -0.976106 0.217293
VERTEX_POSE A463 0.098246 0.000000 -0.649475 -0.760383 -0.760383 0.649475
VERTEX_POSE A464 -0.748477 1.000000 -0.397263 -0.917705 0.917705 -0.397263
VERTEX_POSE A465 0.663161 0.000000 -0.408970 0.912548 -0.912548 -0.408970
VERTEX_POSE A466 0.996283 0.000000 -0.902578 -0.430527 0.430527 -0.902578
VERTEX_POSE A467 -0.086135 0.000000 -0.995113 -0.098742 0.098742 -0.995113
VERTEX_POSE A468 -0.587642 1.000000 -0.911280 -0.411786 0.411786 -0.911280
VERTEX_POSE A469 0.809121 0.000000 0.482513 0.875889 0.875889 -0.482513
VERTEX_POSE A470 0.067973 0.000000 0.995479 -0.094978 -0.094978 -0.995479
VERTEX_POSE A471 -0.997687 0.000000 0.999868 -0.016278 -0.016278 -0.999868
VERTEX_POSE A472 -0.609224 1.000000 -0.487992 -0.872848 -0.872848 0.487992
VERTEX_POSE A473 -0.792998 0.000000 -0.827805 -0.561016 -0.561016 0.827805
VERTEX_POSE A474 -0.304439 0.000000 0.587353 -0.809331 0.809331 0.587353
VERTEX_POSE A475 0.952532 0.000000 -0.184727 -0.982790 -0.982790 0.184727
VERTEX_POSE A476 0.718457 0.000000 0.862980 -0.505239 0.505239 0.862980
VERTEX_POSE A477 -0.695571 0.000000 0.979303 -0.202399 -0.202399 -0.979303
VERTEX_POSE A478 0.885805 0.000000 0.683566 -0.729889 0.729889 0.683566
VERTEX_POSE A479 -0.464059 0.000000 0.359287 0.933227 -0.933227 0.359287
VERTEX_POSE A480 0.641709 -1.860639 -0.358109 0.933680 -0.933680 -0.358109
VERTEX_POSE A481 -0.766948 0.000000 0.592372 0.805664 -0.805664 0.592372
VERTEX_POSE A482 0.998927 0.000000 -0.456773 0.889583 0.889583 0.456773
VERTEX_POSE A483 -0.046320 0.000000 -0.587138 -0.809487 0.809487 -0.587138
VERTEX_POSE A484 0.800244 0.000000 -0.785077 0.619399 0.619399 0.785077
VERTEX_POSE A485 -0.599674 0.000000 -0.501914 -0.864917 0.864917 -0.501914
VERTEX_POSE A486 -0.026704 0.000000 0.853510 -0.521077 0.521077 0.853510
VERTEX_POSE A487 0.999643 0.000000 0.901159 0.433489 -0.433489 0.901159
VERTEX_POSE A488 -0.439124 1.000000 0.487187 0.873298 -0.873298 0.487187
VERTEX_POSE A489 0.898426 0.000000 0.772652 -0.634830 0.634830 0.772652
VERTEX_POSE A490 0.564537 0.000000 -0.999543 0.030215 0.030215 0.999543
VERTEX_POSE A491 0.825408 0.000000 -0.311435 -0.950267 0.950267 -0.311435
VERTEX_POSE A492 -0.790493 1.000000 0.746963 -0.664866 -0.664866 -0.746963
VERTEX_POSE A493 0.612471 0.000000 0.512908 0.858443 0.858443 -0.512908
VERTEX_POSE A494 -0.969121 0.000000 0.389288 0.921116 -0.921116 0.389288
VERTEX_POSE A495 0.246585 0.000000 -0.001060 0.999999 -0.999999 -0.001060
VERTEX_POSE A496 0.379586 1.000000 0.704520 -0.709684 -0.709684 -0.704520
VERTEX_POSE A497 -0.925156 0.000000 0.511509 -0.859278 -0.859278 -0.511509
VERTEX_POSE A498 -0.702301 0.000000 -0.934137 -0.356916 0.356916 -0.934137
VERTEX_POSE A499 0.711881 0.000000 0.237767 -0.971322 0.971322 0.237767
VERTEX_POSE A500 0.945576 0.000000 -0.308292 0.951292 0.951292 0.308292
VERTEX_POSE A501 -0.325402 0.000000 -0.180207 0.983629 -0.983629 -0.180207
VERTEX_POSE A502 0.370201 7.181165 -0.770045 -0.637990 -0.637990 0.770045
VERTEX_POSE A503 0.928952 0.000000 0.357423 0.933942 -0.933942 0.357423
VERTEX_POSE A504 -0.215193 0.000000 -0.901387 -0.433015 -0.433015 0.901387
VERTEX_POSE A505 -0.976572 0.000000 0.921805 0.387653 -0.387653 0.921805
VERTEX_POSE A506 -0.363865 0.000000 0.917773 0.397105 0.397105 -0.917773
VERTEX_POSE A507 -0.931452 0.000000 0.908488 0.417912 -0.417912 0.908488
VERTEX_POSE A508 -0.980870 1.000000 -0.989802 0.142451 -0.142451 -0.989802
VERTEX_POSE A509 0.194663 0.000000 0.084128 0.996455 0.996455 -0.084128
VERTEX_POSE A510 0.676027 0.000000 0.343523 0.939144 -0.939144 0.343523
VERTEX_POSE A511 -0.736877 0.000000 -0.230754 -0.973012 0.973012 -0.230754
VERTEX_POSE A512 -0.881088 1.000000 -0.811977 0.583690 -0.583690 -0.811977
VERTEX_POSE A513 0.472953 0.000000 -0.748407 -0.663240 0.663240 -0.748407
VERTEX_POSE A514 0.101812 0.000000 -0.236242 0.971694 -0.971694 -0.236242
VERTEX_POSE A515 -0.994804 0.000000 -0.459552 0.888151 0.888151 0.459552
VERTEX_POSE A516 -0.271120 1.000000 0.507384 -0.861720 0.861720 0.507384
VERTEX_POSE A517 0.962546 0.000000 0.757093 0.653307 -0.653307 0.757093
VERTEX_POSE A518 -0.999251 0.000000 -0.981172 0.193135 -0.193135 -0.981172
VERTEX_POSE A519 0.038685 0.000000 -0.247841 0.968801 -0.968801 -0.247841
VERTEX_POSE A520 0.990301 0.000000 0.999828 -0.018571 0.018571 0.999828
VERTEX_POSE A521 0.138939 0.000000 0.486237 0.873827 0.873827 -0.486237
VERTEX_POSE A522 -0.332286 0.000000 0.953489 0.301428 0.301428 -0.953489
VERTEX_POSE A523 -0.943179 0.000000 0.579004 0.815324 0.815324 -0.579004
VERTEX_POSE A524 -0.831990 -1.660772 0.870747 -0.491732 0.491732 0.870747
VERTEX_POSE A525 0.554791 0.000000 -0.316635 -0.948547 -0.948547 0.316635
VERTEX_POSE A526 0.138292 0.000000 -0.991490 -0.130186 0.130186 -0.991490
VERTEX_POSE A527 0.990392 0.000000 0.100753 -0.994911 -0.994911 -0.100753
VERTEX_POSE A528 0.931989 0.000000 0.857716 0.514123 -0.514123 0.857716
VERTEX_POSE A529 0.362487 0.000000 0.012762 -0.999919 -0.999919 -0.012762
VERTEX_POSE A530 0.324220 0.000000 -0.578439 0.815726 -0.815726 -0.578439
VERTEX_POSE A531 -0.945982 0.000000 0.756505 0.653987 -0.653987 0.756505
VERTEX_POSE A532 -0.988417 1.000000 0.891806 -0.452419 -0.452419 -0.891806
VERTEX_POSE A533 -0.151760 0.000000 -0.560198 -0.828358 0.828358 -0.560198
VERTEX_POSE A534 -0.996594 0.000000 0.998849 -0.047961 -0.047961 -0.998849
VERTEX_POSE A535 0.082460 0.000000 -0.554495 0.832187 -0.832187 -0.554495
VERTEX_POSE A536 -0.959725 1.000000 -0.665004 0.746840 0.746840 0.665004
VERTEX_POSE A537 0.280940 0.000000 0.687583 -0.726106 0.726106 0.687583
VERTEX_POSE A538 -0.803174 0.000000 -0.598719 -0.800960 0.800960 -0.598719
VERTEX_POSE A539 -0.595744 0.000000 -0.855877 0.517180 -0.517180 -0.855877
VERTEX_POSE A540 0.761734 1.000000 -0.964531 -0.263969 -0.263969 0.964531
VERTEX_POSE A541 0.647890 0.000000 0.855384 -0.517995 -0.517995 -0.855384
VERTEX_POSE A542 0.770733 0.000000 -0.998542 0.053981 -0.053981 -0.998542
VERTEX_POSE A543 -0.637159 0.000000 0.249673 0.968330 -0.968330 0.249673
VERTEX_POSE A544 -0.050681 0.000000 0.551995 -0.833847 0.833847 0.551995
VERTEX_POSE A545 -0.998715 0.000000 -0.742453 0.669898 0.669898 0.742453
VERTEX_POSE A546 -0.557414 7.110519 0.999428 0.033806 -0.033806 0.999428
VERTEX_POSE A547 0.830235 0.000000 0.680519 0.732730 0.732730 -0.680519
VERTEX_POSE A548 -0.817562 0.000000 0.024162 0.999708 -0.999708 0.024162
VERTEX_POSE A549 -0.575841 0.000000 -0.878605 0.477549 0.477549 0.878605
VERTEX_POSE A550 -0.688669 0.000000 -0.614167 -0.789176 -0.789176 0.614167
VERTEX_POSE A551 -0.725075 0.000000 0.520043 0.854140 0.854140 -0.520043
VERTEX_POSE A552 0.779332 1.000000 -0.968874 -0.247554 0.247554 -0.968874
VERTEX_POSE A553 0.626612 0.000000 -0.681368 -0.731941 0.731941 -0.681368
VERTEX_POSE A554 -0.356655 0.000000 0.106726 -0.994288 0.994288 0.106726
VERTEX_POSE A555 -0.934236 0.000000 -0.762125 -0.647429 0.647429 -0.762125
VERTEX_POSE A556 -0.551149 1.000000 -0.445124 -0.895469 -0.895469 0.445124
VERTEX_POSE A557 -0.834407 0.000000 0.748999 0.662571 0.662571 -0.748999
VERTEX_POSE A558 0.343459 0.000000 -0.815797 -0.578339 -0.578339 0.815797
VERTEX_POSE A559 0.939168 0.000000 0.622533 -0.782593 0.782593 0.622533
VERTEX_POSE A560 0.863439 1.000000 -0.060437 0.998172 0.998172 0.060437
VERTEX_POSE A561 -0.504453 0.000000 0.932403 -0.361421 0.361421 0.932403
VERTEX_POSE A562 -0.294144 0.000000 -0.931926 0.362648 0.362648 0.931926
VERTEX_POSE A563 0.955761 0.000000 -0.552233 0.833690 0.833690 0.552233
VERTEX_POSE A564 0.112032 0.000000 0.037497 0.999297 0.999297 -0.037497
VERTEX_POSE A565 -0.993705 0.000000 0.181277 -0.983432 -0.983432 -0.181277
VERTEX_POSE A566 0.369250 0.000000 0.187389 0.982286 -0.982286 0.187389
VERTEX_POSE A567 0.929330 0.000000 0.856477 0.516186 -0.516186 0.856477
VERTEX_POSE A568 0.416011 -1.537971 0.365449 0.930831 0.930831 -0.365449
VERTEX_POSE A569 0.909359 0.000000 0.596701 -0.802464 -0.802464 -0.596701
VERTEX_POSE A570 -0.726730 0.000000 0.803636 -0.595122 -0.595122 -0.803636
VERTEX_POSE A571 0.686923 0.000000 -0.430835 0.902431 0.902431 0.430835
VERTEX_POSE A572 0.856666 0.000000 -0.327135 -0.944978 -0.944978 0.327135
VERTEX_POSE A573 0.515871 0.000000 -0.857194 0.514993 -0.514993 -0.857194
VERTEX_POSE A574 0.938346 0.000000 0.999988 -0.004813 0.004813 0.999988
VERTEX_POSE A575 0.345699 0.000000 -0.700208 -0.713939 -0.713939 0.700208
VERTEX_POSE A576 -0.412257 1.000000 -0.999814 0.019286 0.019286 0.999814
VERTEX_POSE A577 -0.911068 0.000000 -0.863835 -0.503774 0.503774 -0.863835
VERTEX_POSE A578 0.815651 0.000000 0.989780 0.142603 -0.142603 0.989780
VERTEX_POSE A579 -0.578544 0.000000 0.839262 -0.543727 -0.543727 -0.839262
VERTEX_POSE A580 0.240934 1.000000 0.635252 -0.772305 -0.772305 -0.635252
VERTEX_POSE A581 -0.970542 0.000000 0.399916 0.916552 0.916552 -0.399916
VERTEX_POSE A582 0.917719 0.000000 -0.948393 0.317097 0.317097 0.948393
VERTEX_POSE A583 -0.397230 0.000000 0.287378 0.957817 -0.957817 0.287378
VERTEX_POSE A584 -0.994220 1.000000 -0.413460 0.910522 -0.910522 -0.413460
VERTEX_POSE A585 0.107361 0.000000 0.535759 -0.844371 -0.844371 -0.535759
VERTEX_POSE A586 0.984764 0.000000 0.873710 -0.486446 0.486446 0.873710
VERTEX_POSE A587 -0.173896 0.000000 0.650052 0.759890 -0.759890 0.650052
VERTEX_POSE A588 -0.125889 0.000000 0.607916 -0.794001 -0.794001 -0.607916
VERTEX_POSE A589 0.992044 0.000000 -0.619446 -0.785039 0.785039 -0.619446
VERTEX_POSE A590 -0.422109 7.132335 -0.935680 -0.352851 -0.352851 0.935680
VERTEX_POSE A591 0.906545 0.000000 0.981880 0.189503 -0.189503 0.981880
VERTEX_POSE A592 -0.294463 0.000000 0.975647 -0.219348 -0.219348 -0.975647
VERTEX_POSE A593 0.955663 0.000000 0.999886 0.015075 0.015075 -0.999886
VERTEX_POSE A594 0.999822 0.000000 0.540027 0.841647 0.841647 -0.540027
VERTEX_POSE A595 -0.018862 0.000000 -0.950007 -0.312228 -0.312228 0.950007
VERTEX_POSE A596 -0.945384 1.000000 -0.812536 0.582912 0.582912 0.812536
VERTEX_POSE A597 -0.325959 0.000000 -0.591171 -0.806547 -0.806547 0.591171
VERTEX_POSE A598 -0.109518 0.000000 0.016748 0.999860 0.999860 -0.016748
VERTEX_POSE A599 0.993985 0.000000 -0.878786 0.477217 -0.477217 -0.878786
VERTEX_POSE A600 0.069468 1.000000 -0.421939 -0.906624 0.906624 -0.421939
VERTEX_POSE A601 0.997584 0.000000 0.758482 -0.651694 -0.651694 -0.758482
VERTEX_POSE A602 0.485945 0.000000 -0.791773 -0.610816 -0.610816 0.791773
VERTEX_POSE A603 -0.873990 0.000000 0.430957 0.902373 -0.902373 0.430957
VERTEX_POSE A604 0.982208 1.000000 -0.288473 -0.957488 0.957488 -0.288473
VERTEX_POSE A605 -0.187798 0.000000 0.436075 -0.899910 -0.899910 -0.436075
VERTEX_POSE A606 -0.274901 0.000000 0.163614 -0.986524 0.986524 0.163614
VERTEX_POSE A607 0.961472 0.000000 0.024283 0.999705 0.999705 -0.024283
VERTEX_POSE A608 0.534370 0.000000 0.998989 -0.044956 -0.044956 -0.998989
VERTEX_POSE A609 0.845251 0.000000 -0.557986 -0.829851 0.829851 -0.557986
VERTEX_POSE A610 -0.135605 0.000000 -0.759462 0.650552 -0.650552 -0.759462
VERTEX_POSE A611 -0.990763 0.000000 0.839761 0.542957 0.542957 -0.839761
VERTEX_POSE A612 0.739760 -1.742358 0.525687 0.850678 -0.850678 0.525687
VERTEX_POSE A613 -0.672871 0.000000 -0.988878 0.148731 -0.148731 -0.988878
VERTEX_POSE A614 0.796283 0.000000 0.438346 -0.898806 0.898806 0.438346
VERTEX_POSE A615 0.604924 0.000000 -0.433536 -0.901136 -0.901136 0.433536
VERTEX_POSE A616 -0.983022 0.000000 -0.432061 -0.901844 -0.901844 0.432061
VERTEX_POSE A617 -0.183486 0.000000 -0.678252 0.734829 -0.734829 -0.678252
VERTEX_POSE A618 -1.000000 0.000000 0.640177 -0.768227 -0.768227 -0.640177
VERTEX_POSE A619 0.000920 0.000000 0.942959 0.332909 0.332909 -0.942959
VERTEX_POSE A620 -0.424102 1.000000 -0.688785 -0.724965 -0.724965 0.688785
VERTEX_POSE A621 0.905615 0.000000 -0.618768 0.785574 -0.785574 -0.618768
VERTEX_POSE A622 -0.138790 0.000000 0.538746 -0.842468 -0.842468 -0.538746
VERTEX_POSE A623 0.990322 0.000000 0.062314 -0.998057 0.998057 0.062314
VERTEX_POSE A624 0.645516 1.000000 0.477195 0.878798 -0.878798 0.477195
VERTEX_POSE A625 -0.763746 0.000000 -0.261212 -0.965281 0.965281 -0.261212
VERTEX_POSE A626 0.952850 0.000000 0.079420 0.996841 0.996841 -0.079420
VERTEX_POSE A627 0.303443 0.000000 0.603234 -0.797564 0.797564 0.603234
VERTEX_POSE A628 0.640203 1.000000 -0.504923 0.863164 -0.863164 -0.504923
VERTEX_POSE A629 -0.768205 0.000000 0.147035 0.989131 -0.989131 0.147035
VERTEX_POSE A630 -0.862027 0.000000 0.645130 -0.764073 -0.764073 -0.645130
VERTEX_POSE A631 -0.506862 0.000000 -0.679432 -0.733739 0.733739 -0.679432
VERTEX_POSE A632 -0.988666 0.000000 -0.653976 -0.756516 -0.756516 0.653976
VERTEX_POSE A633 0.150135 0.000000 0.739880 0.672739 0.672739 -0.739880
VERTEX_POSE A634 -0.703351 7.092461 -0.847288 0.531133 -0.531133 -0.847288
VERTEX_POSE A635 0.710843 0.000000 -0.932399 -0.361430 0.361430 -0.932399
VERTEX_POSE A636 0.640166 0.000000 0.398339 0.917238 -0.917238 0.398339
VERTEX_POSE A637 0.768236 0.000000 -0.922345 -0.386367 0.386367 -0.922345
VERTEX_POSE A638 0.993392 0.000000 0.858164 -0.513375 -0.513375 -0.858164
VERTEX_POSE A639 -0.114772 0.000000 -0.179351 0.983785 0.983785 0.179351
VERTEX_POSE A640 -0.180537 1.000000 -0.998538 0.054056 0.054056 0.998538
VERTEX_POSE A641 0.983568 0.000000 0.293758 0.955880 0.955880 -0.293758
VERTEX_POSE A642 0.225428 0.000000 0.998633 0.052276 -0.052276 0.998633
VERTEX_POSE A643 -0.974260 0.000000 0.889266 -0.457391 -0.457391 -0.889266
VERTEX_POSE A644 -0.948265 1.000000 0.473900 0.880579 -0.880579 0.473900
VERTEX_POSE A645 0.317480 0.000000 0.053676 0.998558 0.998558 -0.053676
VERTEX_POSE A646 0.834142 0.000000 0.827318 -0.561735 0.561735 0.827318
VERTEX_POSE A647 -0.551550 0.000000 0.834297 -0.551315 0.551315 0.834297
VERTEX_POSE A648 -0.772856 0.000000 0.981811 0.189862 0.189862 -0.981811
VERTEX_POSE A649 -0.634581 0.000000 -0.342781 0.939416 -0.939416 -0.342781
VERTEX_POSE A650 -0.403949 0.000000 0.990975 0.134047 -0.134047 0.990975
VERTEX_POSE A651 0.914782 0.000000 -0.695531 -0.718496 0.718496 -0.695531
VERTEX_POSE A652 -0.340278 0.000000 -0.964341 -0.264663 0.264663 -0.964341
VERTEX_POSE A653 0.940325 0.000000 0.122446 -0.992475 0.992475 0.122446
VERTEX_POSE A654 0.882560 0.000000 0.727610 0.685991 -0.685991 0.727610
VERTEX_POSE A655 0.470200 0.000000 -0.273735 -0.961805 0.961805 -0.273735
VERTEX_POSE A656 0.968431 66765030077826369019383162950186473975158118807626892767862905309815610529247825570960820673669678124003307498604697200456689158133492807409552762863616.000000 -0.913713 -0.406361 -0.406361 0.913713
VERTEX_POSE A657 -0.249282 0.000000 0.741250 -0.671229 -0.671229 -0.741250
VERTEX_POSE A658 -0.958579 0.000000 0.913324 0.407233 -0.407233 0.913324
VERTEX_POSE A659 -0.284828 0.000000 -0.519879 0.854240 0.854240 0.519879
VERTEX_POSE A660 0.966146 0.000000 0.374756 0.927123 -0.927123 0.374756
VERTEX_POSE A661 -0.257996 0.000000 -0.843591 0.536986 -0.536986 -0.843591
VERTEX_POSE A662 0.670083 0.000000 -0.208669 0.977986 -0.977986 -0.208669
VERTEX_POSE A663 0.742287 0.000000 -0.210786 0.977532 0.977532 0.210786
VERTEX_POSE A664 -0.604854 112038534409406629164611302229223941873344008581013151018656627896158787163627610310128377775791314050078021828862477461073359487537777058708218738114614774981226481534962478312796206093554391724074487588134366988324040605696.000000 0.541598 0.840638 0.840638 -0.541598
VERTEX_POSE A665 0.796336 0.000000 0.967181 -0.254088 0.254088 0.967181
VERTEX_POSE A666 -0.306021 0.000000 -0.360686 0.932687 0.932687 0.360686
VERTEX_POSE A667 -0.952025 0.000000 0.645487 -0.763772 -0.763772 -0.645487
VERTEX_POSE A668 -0.244454 0.000000 -0.999681 0.025237 0.025237 0.999681
VERTEX_POSE A669 -0.969661 0.000000 -0.576404 -0.817165 0.817165 -0.576404
VERTEX_POSE A670 0.438028 0.000000 -0.818305 -0.574784 -0.574784 0.818305
VERTEX_POSE A671 0.898961 0.000000 -0.474054 -0.880496 -0.880496 0.474054
VERTEX_POSE A672 -0.916958 0.000000 0.314871 -0.949135 0.949135 0.314871
VERTEX_POSE A673 -0.398984 0.000000 0.136127 -0.990691 -0.990691 -0.136127
VERTEX_POSE A674 0.633233 17101682489511869998161366604824593297016072355396365475786152685841215411832166129474772800619208379273346499888213065041877695699899885574954980923142257713044760473475368886337266602536317839353798782780623028224.000000 0.974732 0.223376 -0.223376 0.974732
VERTEX_POSE A675 -0.773961 0.000000 0.858313 -0.513127 0.513127 0.858313
VERTEX_POSE A676 0.975008 0.000000 -0.628742 0.777614 0.777614 0.628742
VERTEX_POSE A677 -0.222171 0.000000 0.770127 0.637891 -0.637891 0.770127
VERTEX_POSE A678 0.061456 7.083911 0.966905 0.255137 0.255137 -0.966905
VERTEX_POSE A679 -0.998110 0.000000 -0.332696 -0.943034 0.943034 -0.332696
VERTEX_POSE A680 -0.617939 0.000000 0.327009 -0.945021 -0.945021 -0.327009
VERTEX_POSE A681 0.786226 0.000000 -0.672874 0.739757 -0.739757 -0.672874
VERTEX_POSE A682 -0.859165 0.000000 -0.726158 -0.687528 0.687528 -0.726158
VERTEX_POSE A683 -0.511699 0.000000 0.997486 -0.070860 -0.070860 -0.997486
VERTEX_POSE A684 0.826499 0.000000 0.378185 -0.925730 -0.925730 -0.378185
VERTEX_POSE A685 0.562939 0.000000 0.651300 0.758820 -0.758820 0.651300
VERTEX_POSE A686 0.775260 65473578895910770365689724729213434500598766108190280985791734504877415700556573328387374948218980910761170781967001744844530464387084773291159522902016.000000 -0.204869 0.978789 -0.978789 -0.204869
VERTEX_POSE A687 0.631642 0.000000 0.701225 0.712940 -0.712940 0.701225
VERTEX_POSE A688 -0.280285 0.000000 0.646979 -0.762508 -0.762508 -0.646979
VERTEX_POSE A689 0.959917 0.000000 -0.572490 0.819912 0.819912 0.572490
VERTEX_POSE A690 -0.867133 0.000000 0.737315 0.675550 -0.675550 0.737315
VERTEX_POSE A691 -0.498076 0.000000 -0.938083 -0.346411 -0.346411 0.938083
VERTEX_POSE A692 -0.984721 0.000000 0.629544 -0.776965 0.776965 0.629544
VERTEX_POSE A693 0.174140 0.000000 -0.857256 -0.514891 0.514891 -0.857256
VERTEX_POSE A694 0.851326 0.000000 -0.819197 0.573512 0.573512 0.819197
VERTEX_POSE A695 -0.524637 0.000000 0.867554 0.497344 -0.497344 0.867554
VERTEX_POSE A696 -0.556700 0.000000 -0.578161 -0.815923 0.815923 -0.578161
VERTEX_POSE A697 -0.830713 0.000000 -0.568052 -0.822992 0.822992 -0.568052
VERTEX_POSE A698 -0.522621 0.000000 -0.066238 0.997804 0.997804 0.066238
VERTEX_POSE A699 0.852565 0.000000 0.633679 0.773596 0.773596 -0.633679
VERTEX_POSE A700 0.052373 0.000000 -0.809488 -0.587136 0.587136 -0.809488
VERTEX_POSE A701 -0.998628 0.000000 0.916527 -0.399973 0.399973 0.916527
VERTEX_POSE A702 -0.867802 0.000000 -0.884165 0.467174 0.467174 0.884165
VERTEX_POSE A703 -0.496910 0.000000 -0.815712 -0.578458 0.578458 -0.815712
VERTEX_POSE A704 0.151359 0.000000 0.056502 -0.998402 -0.998402 -0.056502
VERTEX_POSE A705 -0.988479 0.000000 -0.999176 0.040599 0.040599 0.999176
VERTEX_POSE A706 -0.313779 0.000000 -0.961542 0.274659 -0.274659 -0.961542
VERTEX_POSE A707 -0.949496 0.000000 0.949981 0.312307 -0.312307 0.949981
VERTEX_POSE A708 0.937566 0.000000 0.805677 0.592356 0.592356 -0.805677
VERTEX_POSE A709 0.347808 0.000000 0.582180 -0.813060 -0.813060 -0.582180
VERTEX_POSE A710 -0.195318 3991957755570352789371150089288507880577665323663889379622819501056568688739076129087315030435675279389334589494691867670429884359957337869640224514202535984758848903152575756685066410316198066763344743936642046523181696087522979835572157355117693108224.000000 0.411095 0.911592 0.911592 -0.411095
VERTEX_POSE A711 0.980740 0.000000 0.305618 0.952154 -0.952154 0.305618
VERTEX_POSE A712 0.810481 0.000000 0.804678 0.593712 0.593712 -0.804678
VERTEX_POSE A713 0.585764 0.000000 0.418846 0.908057 -0.908057 0.418846
VERTEX_POSE A714 -0.973998 0.000000 -0.991603 -0.129322 -0.129322 0.991603
VERTEX_POSE A715 -0.226556 0.000000 0.972591 0.232521 0.232521 -0.972591
VERTEX_POSE A716 -0.264791 0.000000 0.938554 -0.345132 -0.345132 -0.938554
VERTEX_POSE A717 0.964306 178879621810238913128094047228647726508651629328075602062644129003187629735425741312064382185220474978097578195409197926597267919812980727190147920515422490722304.000000 0.681891 -0.731454 -0.731454 -0.681891
VERTEX_POSE A718 -0.897611 4929769663206434556756106719243555299427331264920697598914398212614809753906777867120299571615017338617576122701945747643448804104216760760224974570994337550469578604739210972496564047081459696452671373312.000000 -0.777643 -0.628706 -0.628706 0.777643
VERTEX_POSE A719 0.440789 254736390291291889030922121258850660424501441023379822259963935954914725725432940630493166131664627692932379993406330093364458701043890969258665463427181890508822414413552810983424.000000 -0.604288 0.796766 -0.796766 -0.604288
VERTEX_POSE A720 0.709912 0.000000 -0.778698 -0.627399 -0.627399 0.778698
VERTEX_POSE A721 -0.704291 20501866451337168053189560792064226319547775958351486434605468436284037989645490279678039395484825527040722291151541508450190370438103211413438508882310610343659748866787619270098045783142774385055450559223531831296.000000 -0.828081 0.560609 0.560609 0.828081
VERTEX_POSE A722 0.829936 54516411287282881103620573661049282232049455624225566907766293486944114775489419510216473978623760465169262049097688632643007058210239961430227364061010573877892109631258095084661486834624878580594535132737235168202608021438567414343105260856279040.000000 0.462552 0.886592 0.886592 -0.462552
VERTEX_POSE A723 -0.557859 142717957228170451229169223632419449712023085313770128632411546919873682261239807686955431172197865275394498470016097032557935271454908504114485378486968050179891252175986467684330858598783887032262100137109926466652443578630334962549204381954211840.000000 -0.764810 0.644256 0.644256 0.764810
VERTEX_POSE A724 0.769282 37326082801859005989069496748248859995817506404557563581920001576858235704165572148132528873585496503860804716799666858664095519149195427199110675066534175248641612044126088956210929428472691064569856.000000 0.378183 -0.925731 0.925731 0.378183
VERTEX_POSE A725 0.638909 11205294301008883400795894096538988166876201411612807204459531521051284459716759433769996196536972579635688237639882065049189615830993792621637670142407004869394140045708931095103724558537205296819823145047103932839059232640303185013936903934243485253632.000000 0.266449 -0.963849 0.963849 0.266449
VERTEX_POSE A726 -0.194865 0.000000 0.638696 -0.769459 -0.769459 -0.638696
VERTEX_POSE A727 0.980830 0.000000 -0.427205 -0.904155 -0.904155 0.427205
VERTEX_POSE A728 -0.998000 0.000000 0.725068 -0.688678 -0.688678 -0.725068
VERTEX_POSE A729 0.063221 0.000000 -0.867916 -0.496710 -0.496710 0.867916
VERTEX_POSE A730 0.851821 0.000000 -0.186283 0.982496 -0.982496 -0.186283
VERTEX_POSE A731 -0.523833 0.000000 0.580780 0.814060 0.814060 -0.580780
VERTEX_POSE A732 0.229893 0.000000 -0.997916 0.064531 0.064531 0.997916
VERTEX_POSE A733 -0.973216 0.000000 0.873443 -0.486926 0.486926 0.873443
VERTEX_POSE A734 0.464112 0.000000 0.078543 0.996911 0.996911 -0.078543
VERTEX_POSE A735 0.885777 0.000000 -0.231018 -0.972949 -0.972949 0.231018
VERTEX_POSE A736 -0.700103 0.000000 -0.954037 -0.299688 -0.299688 0.954037
VERTEX_POSE A737 -0.714042 0.000000 0.221006 0.975272 -0.975272 0.221006
VERTEX_POSE A738 -0.630848 0.000000 0.824014 0.566569 -0.566569 0.824014
VERTEX_POSE A739 -0.775907 0.000000 0.649023 -0.760769 -0.760769 -0.649023
VERTEX_POSE A740 0.766340 0.000000 -0.987919 -0.154970 0.154970 -0.987919
VERTEX_POSE A741 0.642436 0.000000 -0.158412 0.987373 0.987373 0.158412
VERTEX_POSE A742 -0.999982 0.000000 0.388818 0.921315 -0.921315 0.388818
VERTEX_POSE A743 -0.006079 0.000000 0.931131 -0.364685 -0.364685 -0.931131
VERTEX_POSE A744 -0.798810 0.000000 0.078715 0.996897 -0.996897 0.078715
VERTEX_POSE A745 -0.601583 0.000000 -0.183301 -0.983057 0.983057 -0.183301
VERTEX_POSE A746 -0.980316 0.000000 0.767269 -0.641326 0.641326 0.767269
VERTEX_POSE A747 0.197436 0.000000 0.996388 0.084916 0.084916 -0.996388
VERTEX_POSE A748 -0.970733 0.000000 -0.867570 -0.497316 0.497316 -0.867570
VERTEX_POSE A749 -0.240163 0.000000 0.410523 0.911850 0.911850 -0.410523
VERTEX_POSE A750 -0.309488 0.000000 -0.077960 0.996956 -0.996956 -0.077960
VERTEX_POSE A751 0.950903 0.000000 -0.451164 -0.892441 0.892441 -0.451164
VERTEX_POSE A752 -0.444205 66765030077826369019383162950186473975158118807626892767862905309815610529247825570960820673669678124003307498604697200456689158133492807409552762863616.000000 -0.757999 0.652255 0.652255 0.757999
VERTEX_POSE A753 -0.895925 0.000000 0.286891 -0.957963 0.957963 0.286891
VERTEX_POSE A754 -0.474375 0.000000 0.931725 0.363164 0.363164 -0.931725
VERTEX_POSE A755 -0.880323 0.000000 -0.652461 0.757822 -0.757822 -0.652461
VERTEX_POSE A756 0.913396 1.000000 -0.022696 0.999742 -0.999742 -0.022696
VERTEX_POSE A757 0.407073 0.000000 -0.788387 -0.615180 0.615180 -0.788387
VERTEX_POSE A758 -0.710853 0.000000 0.935274 0.353924 0.353924 -0.935274
VERTEX_POSE A759 0.703341 0.000000 0.961160 -0.275991 0.275991 0.961160
VERTEX_POSE A760 0.690052 112038534409406629164611302229223941873344008581013151018656627896158787163627610310128377775791314050078021828862477461073359487537777058708218738114614774981226481534962478312796206093554391724074487588134366988324040605696.000000 -0.531170 -0.847265 0.847265 -0.531170
VERTEX_POSE A761 0.723759 0.000000 -0.664657 -0.747149 -0.747149 0.664657
VERTEX_POSE A762 -0.558694 0.000000 0.019334 0.999813 0.999813 -0.019334
VERTEX_POSE A763 -0.829374 0.000000 0.086917 0.996216 0.996216 -0.086917
VERTEX_POSE A764 -0.755342 0.000000 -0.869862 -0.493294 -0.493294 0.869862
VERTEX_POSE A765 -0.655330 0.000000 0.781813 -0.623513 -0.623513 -0.781813
VERTEX_POSE A766 -0.947164 0.000000 0.701802 0.712372 0.712372 -0.701802
VERTEX_POSE A767 -0.320749 0.000000 -0.062305 0.998057 0.998057 0.062305
VERTEX_POSE A768 -0.545060 0.000000 0.582177 -0.813062 0.813062 0.582177
VERTEX_POSE A769 -0.838397 0.000000 0.821669 -0.569966 0.569966 0.821669
VERTEX_POSE A770 0.551893 0.004000 -0.911419 -0.411480 0.411480 -0.911419
VERTEX_POSE A771 -0.833915 0.006000 -0.636375 0.771380 0.771380 0.636375
VERTEX_POSE A772 0.912277 0.010000 -0.334921 0.942246 -0.942246 -0.334921
VERTEX_POSE A773 -0.409575 0.012000 -0.573773 -0.819014 0.819014 -0.573773
VERTEX_POSE A774 0.616735 0.017000 -0.731819 -0.681499 0.681499 -0.731819
VERTEX_POSE A775 0.787171 0.020000 -0.156324 0.987706 -0.987706 -0.156324
VERTEX_POSE A776 -0.185018 0.022000 0.461043 0.887378 0.887378 -0.461043
VERTEX_POSE A777 -0.982735 0.025000 0.880625 0.473814 -0.473814 0.880625
VERTEX_POSE A778 -0.349677 0.027000 0.972070 -0.234693 -0.234693 -0.972070
VERTEX_POSE A779 0.936870 0.031000 0.235100 -0.971971 -0.971971 -0.235100
VERTEX_POSE A780 0.564051 0.036000 -0.288381 -0.957516 0.957516 -0.288381
VERTEX_POSE A781 0.825740 0.040000 -0.174126 0.984723 -0.984723 -0.174126
VERTEX_POSE A782 -0.296248 0.044000 -0.949776 0.312930 -0.312930 -0.949776
VERTEX_POSE A783 -0.955111 0.048000 0.096188 0.995363 -0.995363 0.096188
VERTEX_POSE A784 0.832692 0.053000 -0.976401 0.215967 0.215967 0.976401
VERTEX_POSE A785 0.553737 0.059000 -0.569511 -0.821983 -0.821983 0.569511
VERTEX_POSE A786 -0.159833 0.064000 0.912300 0.409522 0.409522 -0.912300
VERTEX_POSE A787 0.987144 0.068000 -0.057004 -0.998374 -0.998374 0.057004
VERTEX_POSE A788 -0.997210 0.073000 -0.990222 0.139503 -0.139503 -0.990222
VERTEX_POSE A789 -0.074641 0.080000 -0.918429 -0.395587 0.395587 -0.918429
VERTEX_POSE A790 0.570870 0.086000 0.473241 -0.880933 0.880933 0.473241
VERTEX_POSE A791 -0.821040 0.092000 0.818029 -0.575177 -0.575177 -0.818029
VERTEX_POSE A792 -0.202525 0.099000 0.524600 0.851349 0.851349 -0.524600
VERTEX_POSE A793 -0.979277 0.107000 0.987608 -0.156940 -0.156940 -0.987608
VERTEX_POSE A794 -0.035656 0.116000 0.079745 -0.996815 -0.996815 -0.079745
VERTEX_POSE A795 0.999364 0.125000 0.219580 0.975595 -0.975595 0.219580
VERTEX_POSE A796 -0.872212 0.131000 -0.348894 -0.937162 -0.937162 0.348894
VERTEX_POSE A797 -0.489128 0.139000 0.382726 -0.923862 0.923862 0.382726
VERTEX_POSE A798 -0.992286 0.151000 -0.985009 -0.172502 -0.172502 0.985009
VERTEX_POSE A799 0.123972 0.160000 -0.538030 -0.842926 -0.842926 0.538030
VERTEX_POSE A800 0.794946 0.172000 -0.267813 -0.963471 0.963471 -0.267813
VERTEX_POSE A801 -0.606680 0.182000 0.534998 -0.844853 0.844853 0.534998
VERTEX_POSE A802 0.990506 0.193000 -0.478793 0.877928 -0.877928 -0.478793
VERTEX_POSE A803 0.137472 0.201000 -0.583242 0.812298 0.812298 0.583242
VERTEX_POSE A804 -0.744250 0.210000 -0.057478 0.998347 -0.998347 -0.057478
VERTEX_POSE A805 0.667901 0.219000 0.994754 0.102293 0.102293 -0.994754
VERTEX_POSE A806 0.639265 0.230000 0.965726 -0.259564 -0.259564 -0.965726
VERTEX_POSE A807 0.768986 0.241000 0.926331 0.376711 -0.376711 0.926331
