VERTEX_POSE A0 -0.635375 0.586216 0.000000 0.502642 0.722532 -0.635375 -0.063556 0.586216 -0.688410
VERTEX_POSE A1 -0.063556 -0.688410 0.000000 -0.940823 0.326984 0.262040 0.535214 -0.214912 -0.778863
VERTEX_POSE A2 0.262040 -0.214912 0.000000 -0.919123 0.004413 -0.187756 -0.883987 -0.346354 0.467491
VERTEX_POSE A3 0.535214 -0.778863 0.000000 -0.456806 0.480631 0.270604 -0.726516 0.847409 0.491089
VERTEX_POSE A4 -0.187756 -0.346354 0.000000 0.503476 -0.800491 -0.640026 -0.598346 0.580413 0.034580
VERTEX_POSE A5 -0.883987 0.467491 0.000000 -0.680324 0.717638 0.551517 0.367522 -0.482689 -0.591543
VERTEX_POSE A6 0.270604 0.847409 0.000000 -0.615180 -0.431274 0.670182 -0.726952 -0.415222 -0.534363
VERTEX_POSE A7 -0.726516 0.491089 0.000000 -0.796776 0.024005 0.046804 -0.993757 -0.602460 -0.108951
VERTEX_POSE A8 -0.640026 0.580413 0.000000 -0.729676 -0.125297 0.677213 0.003638 -0.094636 0.992113
VERTEX_POSE A9 -0.598346 0.034580 0.000000 -0.489044 -0.806941 0.474158 0.072751 -0.732127 0.586134
VERTEX_POSE A10 0.551517 -0.482689 0.000000 0.789886 -0.178774 0.383971 0.890033 -0.478170 0.419382
VERTEX_POSE A11 0.367522 -0.591543 0.000000 0.843687 0.294150 0.447436 -0.847532 -0.296636 -0.441774
VERTEX_POSE A12 0.670182 -0.415222 0.000000 -0.820387 0.539459 0.466380 0.439418 0.330841 0.718259
VERTEX_POSE A13 -0.726952 -0.534363 0.000000 -0.659323 0.031971 -0.722462 -0.303588 -0.208189 0.952267
VERTEX_POSE A14 0.046804 -0.602460 0.000000 -0.700670 0.694430 -0.639465 -0.713030 -0.316458 -0.096722
VERTEX_POSE A15 -0.993757 -0.108951 0.000000 -0.166863 0.650240 -0.847918 -0.478264 0.503183 -0.590298
VERTEX_POSE A16 0.677213 -0.094636 0.000000 0.514136 0.836769 0.235100 -0.348691 0.824859 -0.422176
VERTEX_POSE A17 0.003638 0.992113 0.000000 0.739477 -0.017646 0.632179 0.361754 0.231352 -0.932106
VERTEX_POSE A18 0.474158 -0.732127 0.000000 0.699454 0.630811 0.077363 0.400435 -0.710478 0.664627
VERTEX_POSE A19 0.072751 0.586134 0.000000 0.198093 0.588358 -0.957397 0.287597 0.210121 0.755727
VERTEX_POSE A20 0.383971 -0.478170 0.000000 -0.985632 -0.119742 -0.160168 0.886516 0.053633 0.446936
VERTEX_POSE A21 0.890033 0.419382 0.000000 -0.284739 0.061331 -0.722272 -0.669871 -0.630275 0.739940
VERTEX_POSE A22 0.447436 -0.296636 0.000000 -0.607777 -0.262043 -0.369398 0.928929 -0.702959 -0.261581
VERTEX_POSE A23 -0.847532 -0.441774 0.000000 -0.803279 -0.421584 -0.470838 0.882091 -0.364765 -0.210197
VERTEX_POSE A24 0.466380 0.330841 0.000000 -0.849423 -0.253810 0.029147 -0.897967 -0.526907 0.359493
VERTEX_POSE A25 0.439418 0.718259 0.000000 -0.243573 -0.745536 -0.053586 0.648992 0.968401 -0.151606
VERTEX_POSE A26 -0.722462 -0.208189 0.000000 0.513487 -0.811117 0.852356 0.444440 -0.099097 -0.380213
VERTEX_POSE A27 -0.303588 0.952267 0.000000 0.776678 -0.220832 0.562044 0.665790 0.284390 -0.712711
VERTEX_POSE A28 -0.639465 -0.316458 0.000000 0.607705 -0.366214 0.429782 -0.594510 -0.667819 -0.715853
VERTEX_POSE A29 -0.713030 -0.096722 0.000000 0.634586 0.679869 -0.565018 0.732581 -0.527310 0.033214
VERTEX_POSE A30 -0.847918 0.503183 0.000000 -0.899769 -0.019200 -0.376376 -0.471378 -0.220808 0.881722
VERTEX_POSE A31 -0.478264 -0.590298 0.000000 0.762173 0.630758 -0.629210 0.668828 0.152273 -0.393463
VERTEX_POSE A32 0.235100 0.824859 0.000000 0.945690 0.323641 0.236185 -0.748427 -0.223352 0.578891
VERTEX_POSE A33 -0.348691 -0.422176 0.000000 0.446618 0.875387 0.828136 -0.482725 0.338709 0.025977
VERTEX_POSE A34 0.632179 0.231352 0.000000 0.144531 -0.721659 0.787304 0.498307 0.599386 -0.480520
VERTEX_POSE A35 0.361754 -0.932106 0.000000 0.612514 0.635792 0.766181 -0.623664 -0.194405 -0.454765
VERTEX_POSE A36 0.077363 -0.710478 0.000000 0.454517 -0.584492 0.333833 -0.587819 0.825815 0.559320
VERTEX_POSE A37 0.400435 0.664627 0.000000 0.386223 0.921577 -0.402860 0.206641 -0.829781 0.328625
VERTEX_POSE A38 -0.957397 0.210121 0.000000 0.319898 -0.019930 -0.888718 0.340225 -0.328399 -0.940133
VERTEX_POSE A39 0.287597 0.755727 0.000000 -0.995018 0.059971 0.035932 -0.529454 0.092998 0.846216
VERTEX_POSE A40 -0.160168 0.053633 0.000000 0.439816 0.060475 -0.039353 -0.995474 0.897225 -0.073307
VERTEX_POSE A41 0.886516 0.446936 0.000000 0.520578 -0.732126 -0.587780 0.065895 -0.619285 -0.677975
VERTEX_POSE A42 -0.722272 -0.630275 0.000000 0.096958 0.522504 -0.899589 -0.318147 -0.425839 0.791057
VERTEX_POSE A43 -0.669871 0.739940 0.000000 0.975379 0.220018 -0.180926 0.837489 -0.126103 0.500205
VERTEX_POSE A44 -0.369398 -0.702959 0.000000 -0.621461 0.086340 -0.522684 0.694683 0.583599 0.714115
VERTEX_POSE A45 0.928929 -0.261581 0.000000 -0.206295 -0.969860 0.859385 -0.242952 -0.467867 -0.018622
VERTEX_POSE A46 -0.470838 -0.364765 0.000000 0.812138 -0.126119 0.352528 -0.671930 0.464925 0.729797
VERTEX_POSE A47 0.882091 -0.210197 0.000000 0.410113 0.208707 -0.897495 0.265481 0.162204 0.941255
VERTEX_POSE A48 0.029147 -0.526907 0.000000 0.656224 -0.192597 -0.245914 0.859502 0.713369 0.473459
VERTEX_POSE A49 -0.897967 0.359493 0.000000 0.335362 0.219925 0.161752 0.944489 -0.928099 0.244077
VERTEX_POSE A50 -0.053586 0.968401 0.000000 -0.814440 -0.380834 0.573352 -0.412217 -0.089191 0.827673
VERTEX_POSE A51 0.648992 -0.151606 0.000000 -0.244748 -0.957635 0.774876 -0.287274 0.582809 -0.020208
VERTEX_POSE A52 0.852356 -0.099097 0.000000 -0.667992 0.605062 0.043091 -0.549738 0.742920 0.575923
VERTEX_POSE A53 0.444440 -0.380213 0.000000 0.541238 -0.600760 -0.769987 -0.072920 -0.337907 -0.796097
VERTEX_POSE A54 0.562044 0.284390 0.000000 -0.264601 -0.843200 0.557197 0.262394 -0.787094 0.469215
VERTEX_POSE A55 0.665790 -0.712711 0.000000 0.265961 -0.702836 0.957325 0.272878 0.113112 -0.656932
VERTEX_POSE A56 0.429782 -0.667819 0.000000 0.512596 0.648403 0.165735 -0.717930 -0.842483 0.253278
VERTEX_POSE A57 -0.594510 -0.715853 0.000000 -0.436097 -0.403470 -0.527202 -0.609856 -0.729299 0.682120
VERTEX_POSE A58 -0.565018 -0.527310 0.000000 -0.240349 0.730345 -0.840976 0.172282 0.484759 0.660995
VERTEX_POSE A59 0.732581 0.033214 0.000000 0.480424 0.339109 0.873932 -0.262621 0.073722 0.903347
VERTEX_POSE A60 -0.376376 -0.220808 0.000000 -0.331359 -0.544575 0.702067 0.403235 -0.630319 0.735418
VERTEX_POSE A61 -0.471378 0.881722 0.000000 0.458654 0.713569 0.463415 0.316433 -0.758211 0.625052
VERTEX_POSE A62 -0.629210 0.152273 0.000000 -0.065834 -0.312461 0.900615 0.390277 0.429603 -0.866055
VERTEX_POSE A63 0.668828 -0.393463 0.000000 0.397151 0.059557 -0.274561 0.959900 0.875721 0.273943
VERTEX_POSE A64 0.236185 -0.223352 0.000000 0.240682 -0.754463 0.931938 0.355432 0.271225 -0.551774
VERTEX_POSE A65 -0.748427 0.578891 0.000000 0.742842 0.669438 0.406958 -0.444141 0.531574 -0.595476
VERTEX_POSE A66 0.828136 0.338709 0.000000 -0.040268 -0.134445 0.763537 0.635025 -0.644508 0.760702
VERTEX_POSE A67 -0.482725 0.025977 0.000000 0.925849 0.376863 0.064941 -0.085921 -0.372273 0.922275
VERTEX_POSE A68 0.787304 0.599386 0.000000 -0.402337 0.504656 0.901684 0.074078 0.158401 0.860137
VERTEX_POSE A69 0.498307 -0.480520 0.000000 0.526049 0.338062 -0.731552 0.647824 0.433709 0.682670
VERTEX_POSE A70 0.766181 -0.194405 0.000000 0.774351 0.536144 -0.550974 0.832466 0.311140 0.139819
VERTEX_POSE A71 -0.623664 -0.454765 0.000000 0.575056 -0.637845 -0.465788 -0.770071 0.672571 0.012053
VERTEX_POSE A72 0.333833 0.825815 0.000000 -0.183936 0.424663 0.872413 -0.344954 -0.452839 -0.837059
VERTEX_POSE A73 -0.587819 0.559320 0.000000 -0.490924 0.853665 -0.707584 -0.507164 -0.508251 -0.118491
VERTEX_POSE A74 -0.402860 -0.829781 0.000000 -0.051340 -0.593042 0.198232 -0.794636 0.978810 0.129827
VERTEX_POSE A75 0.206641 0.328625 0.000000 -0.457172 0.726715 -0.449902 0.308320 -0.767191 -0.613860
VERTEX_POSE A76 -0.888718 -0.328399 0.000000 -0.539141 0.822159 0.750729 0.567461 -0.381750 -0.045187
VERTEX_POSE A77 0.340225 -0.940133 0.000000 0.714012 0.699530 -0.502807 0.483449 -0.487209 0.526246
VERTEX_POSE A78 0.035932 0.092998 0.000000 -0.714707 -0.510093 0.678211 -0.338206 0.170948 -0.790837
VERTEX_POSE A79 -0.529454 0.846216 0.000000 -0.561034 0.631180 0.538846 -0.212699 -0.628399 -0.745903
VERTEX_POSE A80 -0.039353 0.897225 0.000000 0.209044 -0.721227 0.976103 0.112902 -0.059354 -0.683436
VERTEX_POSE A81 -0.995474 -0.073307 0.000000 0.446753 -0.724888 0.478614 0.688823 -0.755871 0.007720
VERTEX_POSE A82 -0.587780 -0.619285 0.000000 0.269307 0.021211 0.270866 -0.961068 0.924178 0.275497
VERTEX_POSE A83 0.065895 -0.677975 0.000000 0.483484 0.768727 -0.160355 -0.392436 -0.860540 0.505027
VERTEX_POSE A84 -0.899589 -0.425839 0.000000 0.024892 0.740884 -0.233209 -0.648552 0.972108 -0.174559
VERTEX_POSE A85 -0.318147 0.791057 0.000000 -0.128120 -0.817876 -0.757277 0.445906 -0.640404 -0.363658
VERTEX_POSE A86 -0.180926 -0.126103 0.000000 -0.305538 -0.484001 -0.657089 -0.516077 0.689116 -0.706688
VERTEX_POSE A87 0.837489 0.500205 0.000000 -0.059455 0.486219 0.594115 -0.684596 -0.802180 -0.543066
VERTEX_POSE A88 -0.522684 0.583599 0.000000 0.592429 0.592226 -0.594220 0.779002 -0.543994 -0.205971
VERTEX_POSE A89 0.694683 0.714115 0.000000 0.083370 -0.208091 -0.931846 0.330287 -0.353145 -0.920656
VERTEX_POSE A90 0.859385 -0.467867 0.000000 -0.513840 0.849147 0.615799 0.265958 0.597294 0.456306
VERTEX_POSE A91 -0.242952 -0.018622 0.000000 0.932041 -0.053765 -0.188196 0.773264 -0.309649 -0.631800
VERTEX_POSE A92 0.352528 0.464925 0.000000 0.710884 0.586438 0.087618 0.473882 -0.697830 0.656907
VERTEX_POSE A93 -0.671930 0.729797 0.000000 -0.644193 -0.743537 0.379292 -0.514174 -0.664193 0.427525
VERTEX_POSE A94 -0.897495 0.162204 0.000000 0.566934 -0.509574 0.775658 0.594791 0.277383 -0.621738
VERTEX_POSE A95 0.265481 0.941255 0.000000 -0.773437 -0.248764 0.264035 0.709745 0.576265 -0.659074
VERTEX_POSE A96 -0.245914 0.713369 0.000000 -0.441150 0.626054 -0.890041 -0.396990 0.114956 -0.671160
VERTEX_POSE A97 0.859502 0.473459 0.000000 -0.211417 -0.928712 0.547137 0.145806 0.809904 -0.340931
VERTEX_POSE A98 0.161752 -0.928099 0.000000 -0.243346 -0.357773 -0.472602 -0.767948 0.847012 -0.531275
VERTEX_POSE A99 0.944489 0.244077 0.000000 0.942391 -0.290904 0.323840 0.669660 0.083829 0.683323
VERTEX_POSE A100 0.573352 -0.089191 0.000000 0.994696 0.101746 -0.080368 0.677186 -0.064196 0.728744
VERTEX_POSE A101 -0.412217 0.827673 0.000000 0.839528 -0.541822 0.165555 0.325704 -0.517479 -0.774820
VERTEX_POSE A102 0.774876 0.582809 0.000000 0.083722 -0.540180 -0.804705 -0.532284 0.587742 -0.651828
VERTEX_POSE A103 -0.287274 -0.020208 0.000000 -0.755879 0.036944 0.604720 -0.343249 -0.250922 -0.938518
VERTEX_POSE A104 0.043091 0.742920 0.000000 -0.851246 0.299947 -0.521938 -0.569023 -0.054418 0.765666
VERTEX_POSE A105 -0.549738 0.575923 0.000000 0.717171 -0.609813 -0.496071 -0.786685 -0.489469 -0.096203
VERTEX_POSE A106 -0.769987 -0.337907 0.000000 0.041010 0.989695 0.791606 -0.115964 0.609654 0.083999
VERTEX_POSE A107 -0.072920 -0.796097 0.000000 0.741184 -0.473114 -0.662039 -0.397715 0.111131 0.786121
VERTEX_POSE A108 0.557197 -0.787094 0.000000 0.457447 0.887192 -0.700828 0.401415 -0.547340 0.227501
VERTEX_POSE A109 0.262394 0.469215 0.000000 0.993593 -0.109934 0.098656 0.730508 0.055135 0.673997
VERTEX_POSE A110 0.957325 0.113112 0.000000 -0.543287 0.503035 -0.090081 -0.830924 -0.834701 -0.237741
VERTEX_POSE A111 0.272878 -0.656932 0.000000 0.507471 0.630889 0.345961 0.474631 -0.789167 0.613763
VERTEX_POSE A112 0.165735 -0.842483 0.000000 0.124116 -0.455568 -0.991723 -0.086375 -0.032863 0.886001
VERTEX_POSE A113 -0.717930 0.253278 0.000000 0.269237 0.961593 -0.656294 0.223767 0.704833 -0.158959
VERTEX_POSE A114 -0.527202 -0.729299 0.000000 0.210360 0.324589 -0.117546 -0.928032 -0.970532 0.182752
VERTEX_POSE A115 -0.609856 0.682120 0.000000 0.292236 0.258996 -0.381009 0.914466 -0.877172 -0.310922
VERTEX_POSE A116 -0.840976 0.484759 0.000000 -0.858681 0.384078 0.462883 0.865426 0.220017 -0.321748
VERTEX_POSE A117 0.172282 0.660995 0.000000 0.964341 0.222833 0.212383 -0.973495 0.157924 -0.051500
VERTEX_POSE A118 0.873932 0.073722 0.000000 0.766459 -0.637274 -0.319006 -0.269406 0.557473 0.722012
VERTEX_POSE A119 -0.262621 0.903347 0.000000 -0.696802 -0.710039 -0.531776 0.416393 0.481333 -0.567857
VERTEX_POSE A120 0.702067 -0.630319 0.000000 0.517533 -0.845133 -0.135743 0.073331 0.844828 0.529502
VERTEX_POSE A121 0.403235 0.735418 0.000000 -0.425946 -0.721747 0.822042 -0.560606 0.377911 0.405958
VERTEX_POSE A122 0.463415 -0.758211 0.000000 -0.356448 -0.508743 -0.873458 -0.116316 0.331688 -0.853024
VERTEX_POSE A123 0.316433 0.625052 0.000000 0.877136 0.151760 0.064454 -0.977374 -0.475897 0.147340
VERTEX_POSE A124 0.900615 0.429603 0.000000 -0.506863 -0.234114 0.577440 0.622366 -0.640041 0.746895
VERTEX_POSE A125 0.390277 -0.866055 0.000000 -0.617846 -0.271294 -0.778519 0.079356 0.110337 -0.959220
VERTEX_POSE A126 -0.274561 0.875721 0.000000 -0.242771 0.902135 -0.748474 0.059708 -0.617130 -0.427303
VERTEX_POSE A127 0.959900 0.273943 0.000000 0.763925 -0.141973 -0.645276 -0.177338 -0.006136 0.973856
VERTEX_POSE A128 0.931938 0.271225 0.000000 -0.702087 0.704482 -0.664390 -0.700522 -0.256244 -0.113905
VERTEX_POSE A129 0.355432 -0.551774 0.000000 -0.335519 0.941390 0.864421 0.322350 -0.374436 -0.099372
VERTEX_POSE A130 0.406958 0.531574 0.000000 -0.204960 0.863002 -0.408258 -0.504151 -0.889560 0.032537
VERTEX_POSE A131 -0.444141 -0.595476 0.000000 -0.024159 -0.367081 0.269811 -0.898024 0.962610 0.242495
VERTEX_POSE A132 0.763537 -0.644508 0.000000 -0.096368 -0.109195 -0.187230 -0.974232 -0.977578 0.197354
VERTEX_POSE A133 0.635025 0.760702 0.000000 -0.605892 -0.778205 -0.215583 0.360501 -0.765780 0.514234
VERTEX_POSE A134 0.064941 -0.372273 0.000000 -0.732514 -0.612631 -0.349625 0.712692 -0.584111 0.341691
VERTEX_POSE A135 -0.085921 0.922275 0.000000 -0.624143 -0.693170 -0.290990 0.634442 0.725100 -0.342051
VERTEX_POSE A136 0.901684 0.158401 0.000000 0.029459 0.608125 -0.732177 -0.527159 -0.680477 0.593538
VERTEX_POSE A137 0.074078 0.860137 0.000000 -0.128770 0.509475 0.726614 -0.535385 0.674870 0.673646
VERTEX_POSE A138 -0.731552 0.433709 0.000000 0.309995 -0.860174 -0.441080 -0.507461 0.842230 0.050839
VERTEX_POSE A139 0.647824 0.682670 0.000000 -0.186057 0.685269 -0.877446 -0.438357 -0.442122 0.581592
VERTEX_POSE A140 -0.550974 0.311140 0.000000 -0.325330 -0.230600 -0.790141 -0.466463 -0.519459 0.853953
VERTEX_POSE A141 0.832466 0.139819 0.000000 -0.530346 -0.129394 0.592863 -0.763049 0.606009 0.633256
VERTEX_POSE A142 -0.465788 0.672571 0.000000 -0.497141 -0.776237 -0.650173 0.629151 -0.574565 -0.040304
VERTEX_POSE A143 -0.770071 0.012053 0.000000 -0.846901 0.309363 0.480894 0.098478 0.226935 0.945831
VERTEX_POSE A144 0.872413 -0.452839 0.000000 0.513381 -0.368307 -0.556731 0.544410 0.653062 0.753637
VERTEX_POSE A145 -0.344954 -0.837059 0.000000 0.360244 -0.708552 -0.745550 0.172271 -0.560695 -0.684308
VERTEX_POSE A146 -0.707584 -0.508251 0.000000 -0.112703 -0.615476 0.926289 0.219010 -0.359566 0.757115
VERTEX_POSE A147 -0.507164 -0.118491 0.000000 0.519309 0.837681 0.761085 -0.543359 0.388675 -0.055245
VERTEX_POSE A148 0.198232 0.978810 0.000000 0.488045 0.700903 0.871655 -0.360639 -0.045045 0.615365
VERTEX_POSE A149 -0.794636 0.129827 0.000000 -0.469798 0.534066 -0.193080 -0.839122 -0.861400 -0.103187
VERTEX_POSE A150 -0.449902 -0.767191 0.000000 -0.600754 -0.204267 -0.653674 -0.431063 -0.460223 0.878897
VERTEX_POSE A151 0.308320 -0.613860 0.000000 -0.540972 0.065996 0.829915 0.203507 -0.136348 0.976847
VERTEX_POSE A152 0.750729 -0.381750 0.000000 0.935934 0.135265 -0.331781 0.648290 -0.118102 -0.749282
VERTEX_POSE A153 0.567461 -0.045187 0.000000 -0.405181 0.146583 0.586550 0.798817 0.701276 -0.583442
VERTEX_POSE A154 -0.502807 -0.487209 0.000000 0.682747 0.395697 -0.696331 0.607015 -0.221313 -0.689171
VERTEX_POSE A155 0.483449 0.526246 0.000000 -0.367796 -0.907358 -0.445691 -0.020096 -0.816141 0.419878
VERTEX_POSE A156 0.678211 0.170948 0.000000 -0.907251 0.347169 -0.032577 -0.620808 0.419326 0.702902
VERTEX_POSE A157 -0.338206 -0.790837 0.000000 0.177143 0.266304 0.983460 -0.010938 0.037783 -0.963827
VERTEX_POSE A158 0.538846 -0.628399 0.000000 0.413295 0.304301 -0.902278 0.263963 0.122807 0.915273
VERTEX_POSE A159 -0.212699 -0.745903 0.000000 -0.315027 0.129330 -0.599679 -0.794984 0.735624 -0.592684
VERTEX_POSE A160 0.976103 -0.059354 0.000000 -0.805132 0.584635 -0.422045 -0.446507 0.416702 0.677373
VERTEX_POSE A161 0.112902 -0.683436 0.000000 0.441219 0.041600 0.831155 -0.395615 -0.338389 -0.917474
VERTEX_POSE A162 0.478614 -0.755871 0.000000 -0.565329 -0.643082 0.511226 0.218315 0.647342 -0.734019
VERTEX_POSE A163 0.688823 0.007720 0.000000 -0.726226 -0.126133 -0.642926 0.472658 -0.243397 -0.872172
VERTEX_POSE A164 0.270866 0.924178 0.000000 0.516694 -0.140200 0.338417 -0.872723 0.786448 0.467653
VERTEX_POSE A165 -0.961068 0.275497 0.000000 -0.246909 0.830764 0.372821 0.556618 -0.894450 0.002678
VERTEX_POSE A166 -0.160355 -0.860540 0.000000 0.295246 0.684381 -0.955201 0.226438 -0.020536 -0.693072
VERTEX_POSE A167 -0.392436 0.505027 0.000000 0.390660 -0.057429 -0.884716 -0.299126 -0.254289 0.952484
VERTEX_POSE A168 -0.233209 0.972108 0.000000 -0.733508 -0.630249 -0.089774 0.460945 -0.673726 0.624753
VERTEX_POSE A169 -0.648552 -0.174559 0.000000 0.726868 -0.392802 0.446110 0.893714 -0.522158 0.216753
VERTEX_POSE A170 -0.757277 -0.640404 0.000000 0.509078 -0.095867 0.648881 0.695669 0.565503 -0.711937
VERTEX_POSE A171 0.445906 -0.363658 0.000000 -0.346990 -0.707825 -0.784453 -0.140532 -0.514034 0.692268
VERTEX_POSE A172 -0.657089 0.689116 0.000000 0.819477 0.570112 0.375368 -0.456693 -0.433079 0.682937
VERTEX_POSE A173 -0.516077 -0.706688 0.000000 0.400105 0.087115 0.120422 0.981844 0.908523 -0.168505
VERTEX_POSE A174 0.594115 -0.802180 0.000000 0.154453 -0.893116 0.536656 0.434867 0.829545 -0.115038
VERTEX_POSE A175 -0.684596 -0.543066 0.000000 -0.661914 0.119537 -0.409447 -0.884571 -0.627872 0.450827
VERTEX_POSE A176 -0.594220 -0.543994 0.000000 0.768700 0.516375 -0.630693 0.710132 0.106428 0.478612
VERTEX_POSE A177 0.779002 -0.205971 0.000000 0.732536 0.641300 -0.591429 0.765639 0.337049 -0.050302
VERTEX_POSE A178 -0.931846 -0.353145 0.000000 0.563021 -0.354859 0.588254 0.806422 0.580486 -0.473031
VERTEX_POSE A179 0.330287 -0.920656 0.000000 -0.256953 0.692088 0.546172 -0.471819 0.797290 0.546261
VERTEX_POSE A180 0.615799 0.597294 0.000000 -0.570156 -0.817455 0.356240 -0.156295 0.740281 -0.554382
VERTEX_POSE A181 0.265958 0.456306 0.000000 0.413284 -0.730553 -0.463555 0.345028 -0.783781 -0.589278
VERTEX_POSE A182 -0.188196 -0.309649 0.000000 0.414525 -0.894538 0.811750 0.280381 -0.411377 -0.348120
VERTEX_POSE A183 0.773264 -0.631800 0.000000 -0.007942 -0.954167 -0.747568 -0.193035 -0.664137 0.228696
VERTEX_POSE A184 0.087618 -0.697830 0.000000 -0.299207 0.133198 -0.815631 0.478189 -0.495198 -0.868098
VERTEX_POSE A185 0.473882 0.656907 0.000000 -0.922776 0.074529 -0.291801 -0.775930 0.251666 -0.626401
VERTEX_POSE A186 0.379292 -0.664193 0.000000 0.805870 -0.328975 -0.564204 -0.174493 0.179577 0.928077
VERTEX_POSE A187 -0.514174 0.427525 0.000000 -0.114071 0.578358 0.089384 0.815753 -0.989443 0.007016
VERTEX_POSE A188 0.775658 0.277383 0.000000 -0.572787 0.637569 0.088437 -0.576772 0.814919 0.510725
VERTEX_POSE A189 0.594791 -0.621738 0.000000 0.073295 0.152752 0.993799 -0.094039 0.083616 0.983780
VERTEX_POSE A190 0.264035 0.576265 0.000000 0.830175 -0.185819 0.432268 0.809949 -0.352072 0.556286
VERTEX_POSE A191 0.709745 -0.659074 0.000000 0.903225 0.415839 0.215202 -0.652792 -0.371312 0.633198
VERTEX_POSE A192 -0.890041 0.114956 0.000000 -0.631749 0.653461 0.750838 0.382110 -0.192704 -0.653438
VERTEX_POSE A193 -0.396990 -0.671160 0.000000 0.533981 -0.519602 0.757076 -0.057381 -0.376431 -0.852480
VERTEX_POSE A194 0.547137 0.809904 0.000000 -0.856414 0.246053 -0.276559 0.523731 -0.435970 -0.815576
VERTEX_POSE A195 0.145806 -0.340931 0.000000 0.758315 0.155253 0.337556 0.737362 -0.557686 0.657415
VERTEX_POSE A196 -0.472602 0.847012 0.000000 0.312015 0.480996 0.652616 -0.735233 -0.690463 -0.477573
VERTEX_POSE A197 -0.767948 -0.531275 0.000000 0.548387 -0.450866 0.459306 0.866185 -0.698791 0.215508
VERTEX_POSE A198 0.323840 0.083829 0.000000 -0.721309 -0.385400 -0.119008 0.887493 0.682313 -0.252631
VERTEX_POSE A199 0.669660 0.683323 0.000000 -0.236196 -0.018345 -0.539672 0.833921 -0.808063 -0.551579
VERTEX_POSE A200 -0.080368 -0.064196 0.000000 0.756892 -0.356488 0.150472 -0.720553 0.635981 0.594743
VERTEX_POSE A201 0.677186 0.728744 0.000000 0.217240 0.792413 0.869696 0.108010 0.443211 -0.600346
VERTEX_POSE A202 0.165555 -0.517479 0.000000 0.420182 -0.743428 0.685931 -0.115207 0.594092 0.658819
VERTEX_POSE A203 0.325704 -0.774820 0.000000 -0.019291 -0.998347 0.460231 -0.056943 -0.887589 -0.007828
VERTEX_POSE A204 -0.804705 0.587742 0.000000 0.782551 -0.574507 -0.536663 -0.427121 0.315605 0.698218
VERTEX_POSE A205 -0.532284 -0.651828 0.000000 0.388361 0.754888 0.908952 -0.219454 -0.151600 0.618049
VERTEX_POSE A206 0.604720 -0.250922 0.000000 0.757396 0.292710 -0.438719 -0.433926 -0.483608 0.852073
VERTEX_POSE A207 -0.343249 -0.938518 0.000000 0.649298 -0.725414 -0.364304 -0.560328 0.667603 0.399759
VERTEX_POSE A208 -0.521938 -0.054418 0.000000 -0.048752 0.740535 -0.685462 -0.512884 0.726475 -0.434233
VERTEX_POSE A209 -0.569023 0.765666 0.000000 -0.762554 0.570363 -0.140506 0.314615 -0.631482 -0.758751
VERTEX_POSE A210 -0.496071 -0.489469 0.000000 -0.629700 -0.646802 0.766252 -0.426019 0.127816 -0.632578
VERTEX_POSE A211 -0.786685 -0.096203 0.000000 -0.697392 0.659013 0.069119 0.453046 0.713349 0.600375
VERTEX_POSE A212 0.791606 0.609654 0.000000 0.685794 0.483839 -0.500997 -0.228011 0.527909 -0.844932
VERTEX_POSE A213 -0.115964 0.083999 0.000000 -0.707318 0.702749 0.706147 0.697451 -0.032512 -0.140381
VERTEX_POSE A214 -0.662039 0.111131 0.000000 -0.802565 -0.127614 -0.415686 0.820290 0.427896 0.557529
VERTEX_POSE A215 -0.397715 0.786121 0.000000 -0.105910 0.916514 0.292731 0.399457 0.950311 -0.020904
VERTEX_POSE A216 -0.700828 -0.547340 0.000000 -0.807989 -0.422360 -0.588984 0.560223 0.015857 -0.712574
VERTEX_POSE A217 0.401415 0.227501 0.000000 0.542089 -0.835940 -0.259923 -0.263780 0.799112 0.481274
VERTEX_POSE A218 0.098656 0.055135 0.000000 -0.421562 -0.427900 0.385771 0.713274 0.820650 -0.555105
VERTEX_POSE A219 0.730508 0.673997 0.000000 -0.849853 -0.526952 0.524490 -0.844084 0.051584 -0.099221
VERTEX_POSE A220 -0.090081 -0.834701 0.000000 -0.749864 0.605451 -0.199959 0.176870 0.630650 0.775981
VERTEX_POSE A221 -0.830924 -0.237741 0.000000 -0.725595 -0.537271 -0.654169 0.732416 -0.213484 -0.418218
VERTEX_POSE A222 0.345961 -0.789167 0.000000 -0.311244 -0.702688 0.709677 0.275907 0.632049 -0.655823
VERTEX_POSE A223 0.474631 0.613763 0.000000 -0.683422 0.638314 -0.516820 -0.765763 0.515588 0.078505
VERTEX_POSE A224 -0.991723 -0.032863 0.000000 0.589254 -0.296586 -0.799920 -0.083355 0.113613 0.951362
VERTEX_POSE A225 -0.086375 0.886001 0.000000 -0.638329 -0.432046 0.356747 0.567341 0.682105 -0.701043
VERTEX_POSE A226 -0.656294 0.704833 0.000000 -0.084872 -0.542456 0.218817 -0.828483 -0.972068 -0.139133
VERTEX_POSE A227 0.223767 -0.158959 0.000000 0.661751 -0.078023 0.274919 0.950543 -0.697500 0.300632
VERTEX_POSE A228 -0.117546 -0.970532 0.000000 -0.324587 -0.873861 0.280143 -0.454321 0.903417 -0.173086
VERTEX_POSE A229 -0.928032 0.182752 0.000000 -0.064144 -0.363301 0.238558 0.898794 -0.969008 0.245321
VERTEX_POSE A230 -0.381009 -0.877172 0.000000 0.295151 0.704532 -0.567493 -0.414153 -0.768659 0.576292
VERTEX_POSE A231 0.914466 -0.310922 0.000000 -0.350087 0.683184 -0.128284 0.642738 0.927891 0.346622
VERTEX_POSE A232 0.462883 0.220017 0.000000 -0.498670 0.561033 0.699847 0.710348 -0.511412 0.425028
VERTEX_POSE A233 0.865426 -0.321748 0.000000 0.412070 -0.357283 0.910915 0.140578 -0.020762 -0.923356
VERTEX_POSE A234 0.212383 0.157924 0.000000 -0.709165 0.703957 0.339104 0.291924 -0.618137 -0.647476
VERTEX_POSE A235 -0.973495 -0.051500 0.000000 0.165598 -0.134236 0.812110 -0.543505 0.559514 0.828603
VERTEX_POSE A236 -0.319006 0.557473 0.000000 -0.436894 0.581120 -0.040274 -0.775177 0.898611 0.247791
VERTEX_POSE A237 -0.269406 0.722012 0.000000 -0.119337 0.468903 -0.685212 -0.676777 -0.718501 0.567541
VERTEX_POSE A238 -0.531776 0.481333 0.000000 0.830224 0.514295 0.234738 -0.672408 -0.505595 0.532323
VERTEX_POSE A239 0.416393 -0.567857 0.000000 -0.337481 0.032583 -0.240864 0.963141 -0.909995 -0.267015
VERTEX_POSE A240 -0.135743 0.844828 0.000000 0.800160 -0.072261 -0.287278 0.825266 0.526512 0.560103
VERTEX_POSE A241 0.073331 0.529502 0.000000 0.504663 -0.229768 0.752465 -0.355473 0.423216 0.906005
VERTEX_POSE A242 0.822042 0.377911 0.000000 -0.778306 0.442373 -0.538685 -0.105859 0.322580 0.890562
VERTEX_POSE A243 -0.560606 0.405958 0.000000 0.976637 0.014923 -0.006086 0.999106 0.214808 -0.039544
VERTEX_POSE A244 -0.873458 0.331688 0.000000 0.560156 -0.454808 0.582822 0.810325 -0.588680 0.369491
VERTEX_POSE A245 -0.116316 -0.853024 0.000000 0.427709 -0.294022 -0.065407 -0.953207 0.901547 0.070334
VERTEX_POSE A246 0.064454 -0.475897 0.000000 -0.753164 -0.623034 -0.641369 0.624120 -0.146251 0.471490
VERTEX_POSE A247 -0.977374 0.147340 0.000000 -0.662209 -0.544131 0.412115 -0.838672 -0.625812 0.023487
VERTEX_POSE A248 0.577440 -0.640041 0.000000 0.861677 0.229496 -0.164501 0.970055 0.480054 -0.079525
VERTEX_POSE A249 0.622366 0.746895 0.000000 0.444729 -0.881698 0.197709 -0.074935 0.873571 0.465826
VERTEX_POSE A250 -0.778519 0.110337 0.000000 0.322818 -0.585429 -0.552272 -0.754624 0.768625 -0.296335
VERTEX_POSE A251 0.079356 -0.959220 0.000000 0.534024 -0.845469 0.766596 0.484588 0.356579 0.224403
VERTEX_POSE A252 -0.748474 -0.617130 0.000000 0.492819 0.853749 -0.457912 0.418696 -0.739896 0.309527
VERTEX_POSE A253 0.059708 -0.427303 0.000000 0.606597 0.209415 0.687661 -0.622307 -0.398952 -0.754241
VERTEX_POSE A254 -0.645276 -0.006136 0.000000 -0.261662 -0.671600 0.842166 -0.509707 0.471476 0.537728
VERTEX_POSE A255 -0.177338 0.973856 0.000000 -0.600235 -0.787640 0.712126 -0.605441 0.364136 -0.114294
VERTEX_POSE A256 -0.664390 -0.256244 0.000000 0.712474 0.690889 -0.612415 0.697591 0.342533 -0.189838
VERTEX_POSE A257 -0.700522 -0.113905 0.000000 0.387092 0.809405 0.900617 -0.434557 -0.197608 -0.394999
VERTEX_POSE A258 0.864421 -0.374436 0.000000 -0.073722 0.011858 0.346391 0.937979 -0.935189 0.346490
VERTEX_POSE A259 0.322350 -0.099372 0.000000 -0.402007 -0.486198 -0.512732 -0.582525 0.758615 -0.651364
VERTEX_POSE A260 -0.408258 -0.889560 0.000000 0.135458 0.957248 0.969763 -0.180953 0.203006 0.225682
VERTEX_POSE A261 -0.504151 0.032537 0.000000 0.267951 0.723889 -0.525305 -0.443396 0.807624 -0.528569
VERTEX_POSE A262 0.269811 0.962610 0.000000 0.953697 0.260659 0.286006 -0.631542 -0.093075 0.730213
VERTEX_POSE A263 -0.898024 0.242495 0.000000 -0.418966 0.675717 -0.852860 -0.522086 0.311604 -0.520416
VERTEX_POSE A264 -0.187230 -0.977578 0.000000 -0.212391 0.862173 0.961118 0.269314 0.176473 -0.429101
VERTEX_POSE A265 -0.974232 0.197354 0.000000 -0.680093 -0.643253 0.400575 0.075751 0.614014 -0.761897
VERTEX_POSE A266 -0.215583 -0.765780 0.000000 0.742160 0.595806 0.668611 -0.626424 0.046457 -0.502601
VERTEX_POSE A267 0.360501 0.514234 0.000000 -0.571270 0.667999 -0.272742 -0.702522 0.774120 0.245441
VERTEX_POSE A268 -0.349625 -0.584111 0.000000 0.308926 -0.925347 -0.685918 -0.056697 -0.658848 -0.374857
VERTEX_POSE A269 0.712692 0.341691 0.000000 -0.335781 0.640815 -0.363642 0.587912 0.868916 0.493676
VERTEX_POSE A270 -0.290990 0.725100 0.000000 -0.341292 -0.403365 0.252661 -0.909368 0.905363 0.101724
VERTEX_POSE A271 0.634442 -0.342051 0.000000 -0.581174 -0.732147 -0.485255 0.662224 -0.653272 0.159439
VERTEX_POSE A272 -0.732177 -0.680477 0.000000 -0.243413 0.658379 -0.466639 0.564263 0.850293 0.498141
VERTEX_POSE A273 -0.527159 0.593538 0.000000 -0.553760 0.175980 -0.728363 -0.576044 0.403531 -0.798251
VERTEX_POSE A274 0.726614 0.674870 0.000000 -0.284858 -0.652262 0.887105 -0.457021 0.363183 0.604720
VERTEX_POSE A275 -0.535385 0.673646 0.000000 0.931332 -0.359162 0.238680 0.726842 -0.275050 -0.585409
VERTEX_POSE A276 -0.441080 0.842230 0.000000 -0.364925 -0.163144 -0.738281 0.650546 -0.567249 -0.741737
VERTEX_POSE A277 -0.507461 0.050839 0.000000 -0.491565 -0.698007 -0.846389 0.242241 -0.204913 0.673874
VERTEX_POSE A278 -0.877446 -0.442122 0.000000 -0.502667 0.025712 0.740778 -0.502434 -0.445617 -0.864233
VERTEX_POSE A279 -0.438357 0.581592 0.000000 -0.678326 0.628024 0.423391 0.758319 0.600512 0.174750
VERTEX_POSE A280 -0.790141 -0.519459 0.000000 -0.415458 -0.726903 -0.903231 0.258597 -0.107554 0.636192
VERTEX_POSE A281 -0.466463 0.853953 0.000000 0.774436 -0.402853 -0.065545 0.715815 0.629248 0.570367
VERTEX_POSE A282 0.592863 0.606009 0.000000 -0.262926 -0.918463 -0.667741 0.394268 -0.696414 -0.031276
VERTEX_POSE A283 -0.763049 0.633256 0.000000 -0.563340 -0.582265 -0.649851 -0.125885 0.510237 -0.803194
VERTEX_POSE A284 -0.650173 -0.574565 0.000000 -0.444326 -0.675220 -0.482745 -0.373172 0.754674 -0.636255
VERTEX_POSE A285 0.629151 -0.040304 0.000000 -0.857190 -0.346846 -0.087326 0.826386 -0.507542 0.443604
VERTEX_POSE A286 0.480894 0.226935 0.000000 0.406893 -0.287813 0.701161 0.706718 0.585501 -0.646307
VERTEX_POSE A287 0.098478 0.945831 0.000000 0.755192 0.545640 0.167528 0.375118 -0.633735 0.749375
VERTEX_POSE A288 -0.556731 0.653062 0.000000 -0.008765 0.862498 0.005348 0.506038 0.999947 0.004853
VERTEX_POSE A289 0.544410 0.753637 0.000000 0.064641 0.683189 -0.504842 -0.606355 0.860788 -0.406924
VERTEX_POSE A290 -0.745550 -0.560695 0.000000 -0.438423 -0.570360 -0.500890 0.796750 0.746254 0.199698
VERTEX_POSE A291 0.172271 -0.684308 0.000000 0.699650 0.114385 -0.527001 -0.583916 0.482452 -0.803715
VERTEX_POSE A292 0.926289 -0.359566 0.000000 0.946238 -0.139155 -0.291444 -0.758403 0.140334 -0.636759
VERTEX_POSE A293 0.219010 0.757115 0.000000 0.693016 -0.664136 0.357212 -0.021566 0.626202 0.747301
VERTEX_POSE A294 0.761085 0.388675 0.000000 -0.101443 -0.992818 -0.356137 0.095769 -0.928911 0.071705
VERTEX_POSE A295 -0.543359 -0.055245 0.000000 0.696365 -0.700403 -0.525487 -0.646173 0.488815 0.303142
VERTEX_POSE A296 0.871655 -0.045045 0.000000 -0.795191 0.459274 -0.445822 -0.885387 0.410991 -0.071812
VERTEX_POSE A297 -0.360639 0.615365 0.000000 -0.309905 -0.765853 -0.894673 0.034371 -0.321744 0.642097
VERTEX_POSE A298 -0.193080 -0.861400 0.000000 0.644946 -0.178570 0.696237 -0.263630 -0.315118 -0.947951
VERTEX_POSE A299 -0.839122 -0.103187 0.000000 -0.539509 -0.488538 0.751579 -0.646571 -0.379550 -0.585898
VERTEX_POSE A300 -0.653674 -0.460223 0.000000 0.762526 0.063279 0.382098 -0.847139 -0.522068 -0.527591
VERTEX_POSE A301 -0.431063 0.878897 0.000000 0.398215 0.464315 0.718351 0.378465 0.570436 -0.800735
VERTEX_POSE A302 0.829915 -0.136348 0.000000 0.849691 0.484923 0.000644 0.391747 0.527281 -0.781911
VERTEX_POSE A303 0.203507 0.976847 0.000000 -0.073577 -0.819371 -0.278093 0.564313 -0.957732 -0.100910
VERTEX_POSE A304 -0.331781 -0.118102 0.000000 0.227939 -0.626540 -0.971686 -0.195288 0.062218 -0.754526
VERTEX_POSE A305 0.648290 -0.749282 0.000000 0.165268 0.984266 -0.613799 0.152257 -0.771970 0.089657
VERTEX_POSE A306 0.586550 0.701276 0.000000 0.211168 0.470843 -0.858450 -0.329719 -0.467409 0.818286
VERTEX_POSE A307 0.798817 -0.583442 0.000000 0.591550 0.425842 0.590213 0.349786 0.549289 -0.834451
VERTEX_POSE A308 -0.696331 -0.221313 0.000000 0.785817 -0.079462 -0.328712 -0.893699 0.523870 -0.441574
VERTEX_POSE A309 0.607015 -0.689171 0.000000 0.634365 0.637797 -0.598258 0.047212 -0.489559 0.768756
VERTEX_POSE A310 -0.445691 -0.816141 0.000000 0.228702 0.608688 0.820643 0.299271 -0.523680 0.734804
VERTEX_POSE A311 -0.020096 0.419878 0.000000 0.537171 0.720655 0.836390 -0.387897 -0.109082 0.574624
VERTEX_POSE A312 -0.032577 0.419326 0.000000 -0.651032 -0.705400 0.075744 -0.427810 -0.755262 0.565146
VERTEX_POSE A313 -0.620808 0.702902 0.000000 0.619469 -0.582159 0.751493 0.633733 0.226973 -0.509386
VERTEX_POSE A314 0.983460 0.037783 0.000000 0.188498 -0.523400 0.821337 0.547898 0.538399 -0.652580
VERTEX_POSE A315 -0.010938 -0.963827 0.000000 -0.682568 0.426360 0.726208 0.304579 -0.081988 -0.851733
VERTEX_POSE A316 -0.902278 0.122807 0.000000 0.372784 -0.927520 0.642752 0.236981 -0.669255 -0.289045
VERTEX_POSE A317 0.263963 0.915273 0.000000 -0.666995 -0.232705 -0.556300 -0.476397 0.495629 -0.847876
VERTEX_POSE A318 -0.599679 0.735624 0.000000 0.455007 0.632534 -0.867230 0.474580 0.202190 0.612107
VERTEX_POSE A319 -0.794984 -0.592684 0.000000 -0.418120 -0.406265 0.866931 0.088669 0.271306 -0.909443
VERTEX_POSE A320 -0.422045 0.416702 0.000000 0.162705 0.824537 -0.575920 -0.366593 0.801151 -0.430986
VERTEX_POSE A321 -0.446507 0.677373 0.000000 -0.583117 0.453527 -0.683151 -0.722730 0.439635 -0.521512
VERTEX_POSE A322 0.831155 -0.338389 0.000000 0.400185 0.658856 -0.837852 0.544644 -0.371289 -0.518913
VERTEX_POSE A323 -0.395615 -0.917474 0.000000 -0.589520 0.334436 0.807398 0.216946 -0.023983 -0.917108
VERTEX_POSE A324 0.511226 0.647342 0.000000 0.302684 -0.946703 0.925025 0.263959 0.229590 0.184605
VERTEX_POSE A325 0.218315 -0.734019 0.000000 -0.492652 -0.858248 -0.498753 0.413967 -0.713119 0.303385
VERTEX_POSE A326 -0.642926 -0.243397 0.000000 0.730930 -0.454000 -0.296822 -0.883792 -0.614523 -0.113118
VERTEX_POSE A327 0.472658 -0.872172 0.000000 0.726787 -0.630102 -0.582425 -0.776350 0.364091 0.015887
VERTEX_POSE A328 0.338417 0.786448 0.000000 0.156922 0.663234 -0.465194 0.703248 -0.871189 -0.256054
VERTEX_POSE A329 -0.872723 0.467653 0.000000 -0.465306 -0.609348 0.042806 -0.739962 0.884114 -0.284870
VERTEX_POSE A330 0.372821 -0.894450 0.000000 -0.932449 0.294868 -0.087403 -0.744801 -0.350570 -0.598602
VERTEX_POSE A331 0.556618 0.002678 0.000000 0.802793 0.197119 0.527989 -0.673518 0.277040 0.712403
VERTEX_POSE A332 -0.955201 -0.020536 0.000000 0.651431 0.459673 0.425473 0.437370 0.628180 -0.772922
VERTEX_POSE A333 0.226438 -0.693072 0.000000 0.546696 0.263543 -0.283192 -0.835049 0.787989 -0.482947
VERTEX_POSE A334 -0.884716 -0.254289 0.000000 0.304750 -0.828838 -0.359082 -0.556273 0.882150 0.059900
VERTEX_POSE A335 -0.299126 0.952484 0.000000 -0.960150 0.152783 0.165388 -0.364398 0.225295 0.918625
VERTEX_POSE A336 -0.089774 -0.673726 0.000000 -0.658748 -0.174133 -0.525015 0.803218 -0.538897 -0.569666
VERTEX_POSE A337 0.460945 0.624753 0.000000 -0.520462 0.825472 0.085082 0.304676 -0.849635 -0.475150
VERTEX_POSE A338 0.446110 -0.522158 0.000000 -0.884493 0.088524 -0.320308 -0.829101 -0.339227 0.552046
VERTEX_POSE A339 0.893714 0.216753 0.000000 -0.122695 0.082903 -0.976834 -0.186140 0.175334 -0.979019
VERTEX_POSE A340 0.648881 0.565503 0.000000 -0.175548 0.915001 -0.671692 -0.381084 -0.719731 0.132473
VERTEX_POSE A341 0.695669 -0.711937 0.000000 0.011210 -0.743062 -0.567107 0.546417 0.823568 0.386376
VERTEX_POSE A342 -0.784453 -0.514034 0.000000 -0.719009 0.428819 -0.101695 -0.843403 0.687520 0.323706
VERTEX_POSE A343 -0.140532 0.692268 0.000000 -0.487181 0.689803 0.299154 0.707978 -0.820464 -0.151456
VERTEX_POSE A344 0.375368 -0.433079 0.000000 -0.103759 0.434687 -0.657558 -0.704806 -0.746225 0.560620
VERTEX_POSE A345 -0.456693 0.682937 0.000000 0.794229 -0.418142 0.439843 0.896223 0.419212 -0.148128
VERTEX_POSE A346 0.120422 0.908523 0.000000 -0.157950 0.134196 0.644991 -0.736147 -0.747689 -0.663384
VERTEX_POSE A347 0.981844 -0.168505 0.000000 0.739727 -0.131401 -0.620508 -0.512632 -0.260334 0.848494
VERTEX_POSE A348 0.536656 0.829545 0.000000 -0.533378 0.754008 -0.680767 -0.113634 -0.502060 -0.646961
VERTEX_POSE A349 0.434867 -0.115038 0.000000 -0.591912 -0.473296 -0.660765 0.748462 -0.461552 -0.464538
VERTEX_POSE A350 -0.409447 -0.627872 0.000000 0.831227 -0.547735 0.439536 0.752263 0.340395 0.366179
VERTEX_POSE A351 -0.884571 0.450827 0.000000 0.480824 0.617709 -0.613204 0.744183 0.626728 0.254220
VERTEX_POSE A352 -0.630693 0.106428 0.000000 -0.459235 0.864583 0.177089 0.314098 0.870484 0.392223
VERTEX_POSE A353 0.710132 0.478612 0.000000 0.328532 0.221616 0.256585 0.914582 0.908972 -0.338268
VERTEX_POSE A354 -0.591429 0.337049 0.000000 -0.295868 -0.931871 -0.943967 0.318881 -0.146247 -0.173008
VERTEX_POSE A355 0.765639 -0.050302 0.000000 -0.585064 0.705009 -0.757130 -0.651942 -0.290612 0.279166
VERTEX_POSE A356 0.588254 0.580486 0.000000 -0.648957 0.002026 0.713652 0.348262 0.263734 -0.937395
VERTEX_POSE A357 0.806422 -0.473031 0.000000 -0.551487 -0.736957 0.769288 -0.268125 -0.322581 0.620487
VERTEX_POSE A358 0.546172 0.797290 0.000000 -0.611744 0.394757 0.560693 0.827684 0.558025 -0.398882
VERTEX_POSE A359 -0.471819 0.546261 0.000000 0.545040 0.325178 0.838235 -0.192515 -0.017133 0.925849
VERTEX_POSE A360 0.356240 0.740281 0.000000 -0.256047 -0.116261 0.840657 0.463309 -0.477216 0.878538
VERTEX_POSE A361 -0.156295 -0.554382 0.000000 0.442279 0.890140 -0.853058 0.379736 -0.276913 0.251895
VERTEX_POSE A362 -0.463555 -0.783781 0.000000 0.523553 0.617861 -0.318785 -0.496468 -0.790107 0.609727
VERTEX_POSE A363 0.345028 -0.589278 0.000000 -0.482047 -0.524282 0.875877 -0.308188 -0.021675 -0.793819
VERTEX_POSE A364 0.811750 -0.411377 0.000000 0.386852 -0.242073 0.159590 -0.932793 0.908227 0.267015
VERTEX_POSE A365 0.280381 -0.348120 0.000000 0.062422 0.030812 -0.537101 -0.841410 0.841205 -0.539518
VERTEX_POSE A366 -0.747568 -0.664137 0.000000 0.110231 -0.933650 -0.913667 0.039784 -0.391232 -0.355970
VERTEX_POSE A367 -0.193035 0.228696 0.000000 -0.267769 0.809208 -0.612836 0.275780 -0.743459 -0.518775
VERTEX_POSE A368 -0.815631 -0.495198 0.000000 -0.446424 -0.609835 -0.787661 0.615067 -0.424613 -0.499794
VERTEX_POSE A369 0.478189 -0.868098 0.000000 0.836894 0.542775 0.488148 -0.681628 -0.247629 0.490691
VERTEX_POSE A370 -0.291801 0.251666 0.000000 -0.941438 0.313216 0.140683 0.701410 0.306437 0.640249
VERTEX_POSE A371 -0.775930 -0.626401 0.000000 0.350163 -0.935966 -0.291105 -0.146077 -0.890305 -0.320358
VERTEX_POSE A372 -0.564204 0.179577 0.000000 -0.114200 0.887407 -0.573207 -0.426038 -0.811413 0.176071
VERTEX_POSE A373 -0.174493 0.928077 0.000000 -0.869633 -0.427340 0.488325 -0.670874 -0.072640 0.606060
VERTEX_POSE A374 0.089384 -0.989443 0.000000 -0.191718 -0.934807 -0.631376 0.350687 -0.751404 -0.056156
VERTEX_POSE A375 0.815753 0.007016 0.000000 0.589665 0.416771 -0.277583 -0.699809 0.758447 -0.580146
VERTEX_POSE A376 0.088437 0.814919 0.000000 -0.576393 0.592582 0.374597 -0.420367 -0.726256 -0.687124
VERTEX_POSE A377 -0.576772 0.510725 0.000000 0.438332 -0.400957 0.145529 0.914836 0.886953 0.048049
VERTEX_POSE A378 0.993799 0.083616 0.000000 0.419755 0.849155 0.005713 -0.355615 0.907619 -0.390478
VERTEX_POSE A379 -0.094039 0.983780 0.000000 0.654678 -0.497900 -0.157171 -0.825642 0.739388 0.265351
VERTEX_POSE A380 0.432268 -0.352072 0.000000 -0.343259 -0.859531 -0.240392 0.470121 0.907956 -0.200482
VERTEX_POSE A381 0.809949 0.556286 0.000000 0.454675 0.592904 -0.852994 0.504582 -0.256265 -0.627584
VERTEX_POSE A382 0.215202 -0.371312 0.000000 -0.175150 -0.933342 -0.790496 -0.056414 0.586889 -0.354529
VERTEX_POSE A383 -0.652792 0.633198 0.000000 0.554132 0.236867 -0.822774 0.010264 0.126415 -0.971488
VERTEX_POSE A384 0.750838 -0.192704 0.000000 -0.837248 -0.319573 -0.544346 0.409944 -0.051985 0.854294
VERTEX_POSE A385 0.382110 -0.653438 0.000000 -0.395424 -0.043671 0.531578 0.803704 0.749042 -0.593425
VERTEX_POSE A386 0.757076 -0.376431 0.000000 -0.895052 -0.408098 0.197701 -0.724544 0.399744 -0.555420
VERTEX_POSE A387 -0.057381 -0.852480 0.000000 0.912445 -0.103968 -0.133452 0.838697 0.386826 0.534583
VERTEX_POSE A388 -0.276559 -0.435970 0.000000 0.742977 -0.643574 -0.205258 -0.480518 0.637067 0.595747
VERTEX_POSE A389 0.523731 -0.815576 0.000000 0.854915 -0.000656 0.518604 0.026182 -0.013022 0.999657
VERTEX_POSE A390 0.337556 -0.557686 0.000000 -0.765558 0.522762 0.643360 0.624672 0.002903 -0.580090
VERTEX_POSE A391 0.737362 0.657415 0.000000 -0.905346 -0.404573 0.123241 0.040638 -0.406399 0.913602
VERTEX_POSE A392 0.652616 -0.690463 0.000000 0.551342 -0.811419 -0.784394 -0.424984 -0.284161 -0.401231
VERTEX_POSE A393 -0.735233 -0.477573 0.000000 0.682070 -0.477341 -0.495888 0.254897 -0.537472 -0.840936
VERTEX_POSE A394 0.459306 -0.698791 0.000000 0.952370 0.119745 -0.304903 0.358471 0.005123 -0.925829
VERTEX_POSE A395 0.866185 0.215508 0.000000 0.132134 -0.405738 0.558049 0.784508 0.819220 -0.468960
VERTEX_POSE A396 -0.119008 0.682313 0.000000 0.725278 -0.142118 -0.566856 -0.678553 0.390699 -0.720672
VERTEX_POSE A397 0.887493 -0.252631 0.000000 -0.194907 -0.974170 -0.978810 0.185744 0.062790 -0.128424
VERTEX_POSE A398 -0.539672 -0.808063 0.000000 0.469689 -0.560154 0.720793 -0.202978 0.509755 0.803136
VERTEX_POSE A399 0.833921 -0.551579 0.000000 -0.820518 -0.475486 0.571620 -0.682898 0.000385 0.554583
VERTEX_POSE A400 0.150472 0.635981 0.000000 0.032668 0.010183 0.941950 -0.334636 -0.334161 -0.942292
VERTEX_POSE A401 -0.720553 0.594743 0.000000 0.346092 0.621038 0.820590 0.162984 0.454810 -0.766647
VERTEX_POSE A402 0.869696 0.443211 0.000000 0.323182 -0.945862 -0.946330 -0.322892 0.003730 0.032959
VERTEX_POSE A403 0.108010 -0.600346 0.000000 0.714747 0.305273 -0.671553 0.048289 0.195328 -0.951040
VERTEX_POSE A404 0.685931 0.594092 0.000000 -0.811518 0.574366 0.190299 0.433621 -0.552472 -0.694317
VERTEX_POSE A405 -0.115207 0.658819 0.000000 0.599699 -0.131228 -0.774688 -0.342427 -0.200548 0.930335
VERTEX_POSE A406 0.460231 -0.887589 0.000000 0.158547 -0.959026 0.536744 0.283318 -0.828715 0.000022
VERTEX_POSE A407 -0.056943 -0.007828 0.000000 0.564766 -0.822177 0.733821 0.460877 0.377552 0.334091
VERTEX_POSE A408 -0.536663 0.315605 0.000000 -0.991272 -0.044364 0.129583 -0.501168 -0.024260 -0.864212
VERTEX_POSE A409 -0.427121 0.698218 0.000000 -0.625556 -0.516602 0.013897 0.741867 0.780056 -0.427499
VERTEX_POSE A410 0.908952 -0.151600 0.000000 -0.071646 0.733804 0.988215 -0.039633 0.135270 0.678204
VERTEX_POSE A411 -0.219454 0.618049 0.000000 0.059535 -0.527178 0.840639 -0.431456 -0.538314 -0.732072
VERTEX_POSE A412 -0.438719 -0.483608 0.000000 -0.456022 0.472371 -0.446835 0.611423 0.769664 0.634844
VERTEX_POSE A413 -0.433926 0.852073 0.000000 0.266273 0.738095 -0.737436 0.570157 -0.620715 -0.360744
VERTEX_POSE A414 -0.364304 0.667603 0.000000 0.708284 0.022138 -0.488760 -0.705814 0.509360 -0.708052
VERTEX_POSE A415 -0.560328 0.399759 0.000000 -0.829022 0.380425 -0.365431 -0.923345 -0.423299 0.052062
VERTEX_POSE A416 -0.685462 0.726475 0.000000 -0.941992 0.308833 -0.331831 -0.798156 -0.050388 -0.517271
VERTEX_POSE A417 -0.512884 -0.434233 0.000000 -0.973359 0.187105 -0.162249 -0.153654 0.162010 0.970248
VERTEX_POSE A418 -0.140506 -0.631482 0.000000 0.446984 -0.834820 -0.740446 -0.546871 0.501942 -0.063309
VERTEX_POSE A419 0.314615 -0.758751 0.000000 -0.642628 -0.444897 -0.708520 0.654924 -0.291599 -0.610853
VERTEX_POSE A420 0.766252 0.127816 0.000000 -0.156141 0.983097 -0.978552 -0.167131 0.134375 -0.074750
VERTEX_POSE A421 -0.426019 -0.632578 0.000000 0.278324 -0.445613 -0.482720 0.700961 0.830371 0.556851
VERTEX_POSE A422 0.069119 0.713349 0.000000 -0.720764 -0.646370 0.150961 -0.498944 -0.676542 0.577287
VERTEX_POSE A423 0.453046 0.600375 0.000000 -0.786975 -0.350923 0.555101 -0.761740 0.269319 0.544614
VERTEX_POSE A424 -0.500997 0.527909 0.000000 -0.721502 0.335938 0.304824 0.939231 0.621705 -0.070645
VERTEX_POSE A425 -0.228011 -0.844932 0.000000 -0.000354 -0.443831 -0.797897 -0.540045 0.602794 -0.715098
VERTEX_POSE A426 0.706147 -0.032512 0.000000 0.532633 -0.802477 -0.582817 -0.578198 -0.613699 -0.147372
VERTEX_POSE A427 0.697451 -0.140381 0.000000 -0.581046 0.794154 0.070236 -0.169031 -0.810834 -0.583736
VERTEX_POSE A428 -0.415686 0.427896 0.000000 0.534257 0.450102 0.506198 0.507562 -0.677004 0.734703
VERTEX_POSE A429 0.820290 0.557529 0.000000 0.962243 0.267601 0.115289 -0.566367 0.246570 -0.779499
VERTEX_POSE A430 0.292731 0.950311 0.000000 -0.092388 0.945446 0.841733 -0.093452 0.531931 0.312089
VERTEX_POSE A431 0.399457 -0.020904 0.000000 -0.526159 0.024239 -0.761891 -0.457440 0.377728 -0.888910
VERTEX_POSE A432 -0.588984 0.015857 0.000000 -0.720119 -0.614322 0.070397 0.397778 0.690270 -0.681455
VERTEX_POSE A433 0.560223 -0.712574 0.000000 0.756146 -0.392198 0.276649 0.917037 -0.593050 -0.072272
VERTEX_POSE A434 -0.259923 0.799112 0.000000 -0.241479 -0.939794 -0.952231 0.277485 -0.186935 -0.199473
VERTEX_POSE A435 -0.263780 0.481274 0.000000 0.146187 -0.489885 0.811602 -0.437346 0.565625 0.754149
VERTEX_POSE A436 0.385771 0.820650 0.000000 0.561781 -0.493615 0.104540 -0.753698 0.820655 0.433916
VERTEX_POSE A437 0.713274 -0.555105 0.000000 0.139872 -0.702687 0.856924 -0.267089 0.496102 0.659466
VERTEX_POSE A438 0.524490 0.051584 0.000000 -0.185114 0.979622 -0.444201 -0.012675 -0.876595 -0.200448
VERTEX_POSE A439 -0.844084 -0.099221 0.000000 -0.987519 -0.109312 0.026025 -0.823285 0.155334 -0.557003
VERTEX_POSE A440 -0.199959 0.630650 0.000000 0.479637 0.712962 -0.346311 0.689418 0.806236 -0.128015
VERTEX_POSE A441 0.176870 0.775981 0.000000 0.986103 -0.080033 -0.148429 -0.030737 0.074634 0.996318
VERTEX_POSE A442 -0.654169 -0.213484 0.000000 -0.758459 0.283106 0.414588 0.904562 0.502849 -0.318776
VERTEX_POSE A443 0.732416 -0.418218 0.000000 -0.471582 -0.473008 0.520309 0.532142 -0.711961 0.702202
VERTEX_POSE A444 0.709677 0.632049 0.000000 -0.177130 0.905864 0.667618 -0.176645 -0.723126 -0.384977
VERTEX_POSE A445 0.275907 -0.655823 0.000000 -0.906905 -0.324199 -0.376362 0.336217 -0.189407 0.884225
VERTEX_POSE A446 -0.516820 0.515588 0.000000 0.459799 -0.456412 0.285084 -0.736540 -0.841018 -0.499197
VERTEX_POSE A447 -0.765763 0.078505 0.000000 -0.489030 -0.302623 -0.638125 -0.515299 -0.594682 0.801802
VERTEX_POSE A448 -0.799920 0.113613 0.000000 0.424937 -0.807422 0.899917 0.425686 0.097871 -0.408486
VERTEX_POSE A449 -0.083355 0.951362 0.000000 -0.050096 -0.525909 0.984335 -0.169887 0.169042 0.833401
VERTEX_POSE A450 0.356747 0.682105 0.000000 -0.676245 -0.374490 -0.710692 0.558342 0.193931 0.740278
VERTEX_POSE A451 0.567341 -0.701043 0.000000 0.008762 -0.667275 -0.128004 -0.739410 0.991735 -0.089541
VERTEX_POSE A452 0.218817 -0.972068 0.000000 -0.282951 0.756614 0.805208 -0.146540 0.521132 0.637229
VERTEX_POSE A453 -0.828483 -0.139133 0.000000 -0.881675 0.466268 -0.416531 -0.696975 0.221700 0.544812
VERTEX_POSE A454 0.274919 -0.697500 0.000000 0.634172 0.062097 0.437190 -0.850927 -0.637723 -0.521601
VERTEX_POSE A455 0.950543 0.300632 0.000000 -0.616448 0.715658 -0.358790 -0.626522 0.700901 0.308712
VERTEX_POSE A456 0.280143 0.903417 0.000000 0.073924 -0.410165 0.971626 0.234976 0.224674 -0.881221
VERTEX_POSE A457 -0.454321 -0.173086 0.000000 0.668468 0.213570 0.197675 0.872412 0.716991 -0.439641
VERTEX_POSE A458 0.238558 -0.969008 0.000000 0.285130 0.734880 -0.682910 0.606238 0.672558 0.304018
VERTEX_POSE A459 0.898794 0.245321 0.000000 0.231654 -0.577397 0.972780 0.132620 0.005891 0.805621
VERTEX_POSE A460 -0.567493 -0.768659 0.000000 0.687217 0.506905 0.605624 -0.795357 -0.401188 -0.332348
VERTEX_POSE A461 -0.414153 0.576292 0.000000 0.566284 0.824207 -0.495331 0.342643 0.658764 -0.450865
VERTEX_POSE A462 -0.128284 0.927891 0.000000 -0.553040 0.524413 -0.636247 -0.767512 0.537899 -0.368667
VERTEX_POSE A463 0.642738 0.346622 0.000000 -0.460560 0.800988 0.479296 -0.138279 -0.747101 -0.582492
VERTEX_POSE A464 0.699847 -0.511412 0.000000 -0.838236 0.533475 0.544781 0.810150 -0.023967 -0.243026
VERTEX_POSE A465 0.710348 0.425028 0.000000 -0.971833 -0.185745 0.235104 -0.806746 -0.016322 -0.560946
VERTEX_POSE A466 0.910915 -0.020762 0.000000 0.913650 -0.191354 -0.070745 0.793962 -0.400298 -0.577069
VERTEX_POSE A467 0.140578 -0.923356 0.000000 0.248090 -0.932608 -0.830819 -0.065699 0.498187 0.354860
VERTEX_POSE A468 0.339104 -0.618137 -0.453631 -0.117496 -0.337324 -0.777581 0.616282 -0.617707 -0.711624
VERTEX_POSE A469 0.291924 -0.647476 0.525941 0.978406 -0.007713 -0.178161 0.475150 -0.104788 -0.879871
VERTEX_POSE A470 0.812110 0.559514 0.000000 -0.975012 -0.174427 0.221797 -0.729252 -0.012579 0.661639
VERTEX_POSE A471 -0.543505 0.828603 0.000000 0.624649 0.408930 0.612453 0.271991 0.484473 -0.871090
VERTEX_POSE A472 -0.040274 0.898611 0.000000 0.331031 0.560578 -0.863559 0.504230 0.380374 0.656890
VERTEX_POSE A473 -0.775177 0.247791 0.000000 -0.970888 0.196757 -0.146592 -0.037025 0.189437 0.979753
VERTEX_POSE A474 -0.685212 -0.718501 0.000000 0.056462 0.840250 -0.996815 0.077912 0.056324 0.536572
VERTEX_POSE A475 -0.676777 0.567541 0.000000 0.536598 0.227945 0.715688 -0.633023 0.447049 0.739813
VERTEX_POSE A476 0.234738 -0.505595 1.000000 0.494015 0.054823 -0.058713 0.997835 -0.867469 -0.036316
VERTEX_POSE A477 -0.672408 0.532323 0.000000 -0.246847 0.520771 0.772534 0.614879 -0.585028 0.592218
VERTEX_POSE A478 -0.240864 -0.909995 0.000000 -0.356821 -0.651001 -0.859322 -0.052556 0.366394 -0.757255
VERTEX_POSE A479 0.963141 -0.267015 0.000000 0.568288 0.119145 -0.625858 0.704948 -0.534182 -0.699180
VERTEX_POSE A480 -0.287278 0.526512 1.000000 -0.787397 0.590295 -0.201112 0.026422 0.582717 0.806755
VERTEX_POSE A481 0.825266 0.560103 0.000000 0.569551 0.644588 -0.820413 0.407813 -0.050335 0.646680
VERTEX_POSE A482 0.752465 0.423216 0.000000 -0.487158 0.841439 -0.337512 -0.428306 -0.805458 -0.329447
VERTEX_POSE A483 -0.355473 0.906005 0.000000 -0.604270 0.251665 -0.726522 -0.563597 0.327145 -0.786780
VERTEX_POSE A484 -0.538685 0.322580 1.000000 -0.220808 -0.973918 0.870169 -0.172534 0.440510 -0.147364
VERTEX_POSE A485 -0.105859 0.890562 0.000000 0.825040 -0.483001 -0.505700 -0.399511 -0.252144 -0.779167
VERTEX_POSE A486 -0.006086 0.214808 0.000000 -0.057983 0.543414 0.618192 0.678232 0.783886 -0.494675
VERTEX_POSE A487 0.999106 -0.039544 0.000000 -0.781608 -0.276109 0.323304 0.587530 -0.533445 0.760640
VERTEX_POSE A488 0.582822 -0.588680 0.000000 0.452998 -0.644754 0.190501 -0.604666 0.870920 0.467623
VERTEX_POSE A489 0.810325 0.369491 0.000000 0.892257 -0.276530 0.087252 0.881217 -0.443017 -0.383390
VERTEX_POSE A490 -0.065407 0.901547 8.253952 -0.985973 -0.149471 0.140411 -0.502249 0.090234 -0.851707
VERTEX_POSE A491 -0.953207 0.070334 0.000000 0.743614 0.382428 0.146626 0.707029 -0.652334 0.594861
VERTEX_POSE A492 -0.641369 -0.146251 0.000000 0.665795 -0.743387 -0.704761 -0.598404 0.245010 0.298811
VERTEX_POSE A493 0.624120 0.471490 0.000000 0.900504 0.264021 0.429422 -0.414796 0.068479 -0.870768
VERTEX_POSE A494 0.412115 -0.625812 0.000000 0.057260 0.008450 0.845522 0.531304 0.530861 -0.847139
VERTEX_POSE A495 -0.838672 0.023487 0.000000 0.941796 -0.139708 -0.278233 -0.834444 0.188699 -0.533090
VERTEX_POSE A496 -0.164501 0.480054 1.000000 -0.807415 0.469318 -0.462506 -0.127274 0.366292 0.873809
VERTEX_POSE A497 0.970055 -0.079525 0.000000 0.149602 0.463551 -0.981895 0.173454 0.116196 0.868927
VERTEX_POSE A498 0.197709 0.873571 0.000000 0.148355 0.213103 0.573756 -0.813903 -0.805478 -0.540508
VERTEX_POSE A499 -0.074935 0.465826 0.000000 -0.190256 -0.788690 0.810660 -0.462094 0.553745 0.405509
VERTEX_POSE A500 -0.552272 0.768625 1.000000 0.523012 -0.015114 0.771054 -0.417703 -0.363227 -0.908458
VERTEX_POSE A501 -0.754624 -0.296335 0.000000 0.214478 -0.930721 0.035189 0.310465 0.976095 0.193315
VERTEX_POSE A502 0.766596 0.356579 0.000000 -0.426964 0.089874 0.709646 -0.583412 -0.560450 -0.807188
VERTEX_POSE A503 0.484588 0.224403 0.000000 -0.892764 0.441999 0.086954 -0.020928 -0.442053 -0.896772
VERTEX_POSE A504 -0.457912 -0.739896 1.000000 0.342999 -0.442579 0.549301 0.810016 -0.761985 0.384704
VERTEX_POSE A505 0.418696 0.309527 0.000000 -0.683481 0.715032 -0.725045 -0.641644 0.084640 0.277528
VERTEX_POSE A506 0.687661 -0.398952 0.000000 0.111162 0.653668 -0.726227 0.567622 0.678408 0.500524
VERTEX_POSE A507 -0.622307 -0.754241 0.000000 0.674399 0.005212 -0.578845 -0.617074 -0.458394 0.786888
VERTEX_POSE A508 0.842166 0.471476 0.000000 -0.850877 0.027734 -0.445665 0.490681 -0.278193 -0.870898
VERTEX_POSE A509 -0.509707 0.537728 0.000000 -0.848921 -0.039326 -0.141509 -0.943906 0.509223 -0.327865
VERTEX_POSE A510 0.712126 0.364136 0.000000 -0.615474 0.599562 0.266463 0.769157 -0.741747 -0.221185
VERTEX_POSE A511 -0.605441 -0.114294 0.000000 -0.833281 0.222882 -0.027158 0.897526 0.552183 0.380487
VERTEX_POSE A512 -0.612415 0.342533 0.432647 -0.027758 0.437517 -0.593823 0.716066 -0.804117 -0.543902
VERTEX_POSE A513 0.697591 -0.189838 0.559278 -0.859680 -0.432792 -0.350579 0.886234 0.371544 -0.165169
VERTEX_POSE A514 0.900617 -0.197608 0.000000 -0.667058 -0.570818 -0.743786 0.547023 -0.042624 -0.612318
VERTEX_POSE A515 -0.434557 -0.394999 0.000000 -0.730007 0.679967 -0.555204 -0.531311 -0.398545 -0.505325
VERTEX_POSE A516 0.346391 -0.935189 0.000000 0.998823 0.045315 -0.014003 0.610851 0.046439 -0.790447
VERTEX_POSE A517 0.937979 0.346490 0.000000 -0.508999 0.852882 0.528900 0.203343 0.679106 0.480879
VERTEX_POSE A518 -0.512732 0.758615 0.000000 -0.590659 -0.243975 -0.761727 -0.145939 0.266259 -0.958738
VERTEX_POSE A519 -0.582525 -0.651364 0.000000 0.263644 0.964617 0.927797 -0.252895 0.263978 -0.074553
VERTEX_POSE A520 0.969763 0.203006 1.000000 -0.555860 0.823152 -0.719588 -0.406648 -0.416188 -0.396306
VERTEX_POSE A521 -0.180953 0.225682 0.000000 0.525024 -0.711654 0.346937 -0.321874 -0.777164 -0.624456
VERTEX_POSE A522 -0.525305 0.807624 0.000000 0.518178 0.293448 0.466486 0.690311 -0.716856 0.661331
VERTEX_POSE A523 -0.443396 -0.528569 0.000000 0.320062 -0.785843 0.129885 -0.516870 0.938451 0.339551
VERTEX_POSE A524 0.286006 -0.093075 1.000000 -0.687964 0.423362 0.251720 -0.622606 0.680693 0.658124
VERTEX_POSE A525 -0.631542 0.730213 0.000000 0.666403 -0.401527 0.115157 -0.777064 0.736645 0.484715
VERTEX_POSE A526 -0.852860 0.311604 0.000000 0.208057 -0.798684 -0.607065 -0.558074 -0.766932 0.225073
VERTEX_POSE A527 -0.522086 -0.520416 0.000000 0.405343 -0.908022 -0.914048 -0.404416 0.014593 -0.109285
VERTEX_POSE A528 0.961118 0.176473 1.000000 0.657362 0.746794 -0.554850 0.389083 0.509919 -0.539363
VERTEX_POSE A529 0.269314 -0.429101 0.000000 -0.576263 -0.813770 -0.152899 0.016607 0.802835 -0.580950
VERTEX_POSE A530 0.400575 0.614014 0.000000 -0.569581 -0.700186 -0.768451 0.267796 0.291651 -0.661835
VERTEX_POSE A531 0.075751 -0.761897 0.000000 -0.907513 -0.291929 0.130138 0.488173 0.399355 -0.822474
VERTEX_POSE A532 0.668611 0.046457 0.000000 0.621791 -0.738862 -0.674247 -0.336288 -0.398455 -0.583947
VERTEX_POSE A533 -0.626424 -0.502601 0.000000 -0.814349 0.559044 -0.378014 -0.307085 0.440387 0.770175
VERTEX_POSE A534 -0.272742 0.774120 8.793306 0.289961 0.911722 0.848746 -0.104475 0.442213 -0.397300
VERTEX_POSE A535 -0.702522 0.245441 0.000000 0.366460 0.458492 0.737969 0.386729 -0.566665 0.800142
VERTEX_POSE A536 -0.685918 -0.658848 0.000000 0.939640 0.328096 -0.194570 0.745808 -0.281461 0.579761
VERTEX_POSE A537 -0.056697 -0.374857 0.000000 -0.640750 0.742645 -0.585643 -0.636790 -0.496449 -0.207308
VERTEX_POSE A538 -0.363642 0.868916 0.000000 -0.624188 0.442647 -0.272347 0.649047 -0.732268 -0.618710
VERTEX_POSE A539 0.587912 0.493676 0.000000 0.796887 0.394276 0.069127 -0.812205 -0.600161 0.429964
VERTEX_POSE A540 0.252661 0.905363 1.000000 -0.551161 0.586735 -0.810296 -0.206715 0.199100 0.782950
VERTEX_POSE A541 -0.909368 0.101724 0.000000 0.780687 -0.564228 -0.560215 -0.441378 0.276923 0.697734
VERTEX_POSE A542 -0.485255 -0.653272 0.000000 0.724538 0.528959 -0.516522 -0.007761 0.456345 -0.848612
VERTEX_POSE A543 0.662224 0.159439 0.000000 -0.762265 0.420809 0.589715 0.138304 -0.266811 -0.896544
VERTEX_POSE A544 -0.466639 0.850293 1.000000 0.625361 -0.744492 -0.434303 -0.580968 -0.648309 -0.328948
VERTEX_POSE A545 0.564263 0.498141 0.000000 0.247547 -0.822870 -0.847137 0.072365 0.470192 0.563603
VERTEX_POSE A546 -0.728363 0.403531 0.000000 -0.288421 0.689987 0.943061 0.324674 0.165679 -0.646919
VERTEX_POSE A547 -0.576044 -0.798251 0.000000 -0.844266 -0.164947 0.448207 -0.738939 0.293812 0.653270
VERTEX_POSE A548 0.887105 0.363183 1.000000 0.884313 0.097297 -0.376009 0.728209 -0.276781 -0.678414
VERTEX_POSE A549 -0.457021 0.604720 0.000000 -0.784282 -0.275633 0.125729 0.806684 0.607531 -0.522768
VERTEX_POSE A550 0.238680 -0.275050 0.000000 -0.429641 0.776691 -0.893932 -0.437938 0.127644 -0.452726
VERTEX_POSE A551 0.726842 -0.585409 0.000000 0.163696 -0.782010 0.894833 -0.138931 -0.415303 -0.607585
VERTEX_POSE A552 -0.738281 -0.567249 0.000000 0.042990 -0.283092 -0.528279 -0.820421 0.847982 -0.496757
VERTEX_POSE A553 0.650546 -0.741737 0.000000 0.590632 0.495098 -0.780474 0.149915 0.204971 -0.855806
VERTEX_POSE A554 -0.846389 -0.204913 0.000000 -0.656962 0.681294 0.753883 0.589201 0.007816 0.434373
VERTEX_POSE A555 0.242241 0.673874 0.000000 -0.318298 -0.009596 -0.139715 -0.988554 0.937639 -0.150559
VERTEX_POSE A556 0.740778 -0.445617 0.317042 0.050261 -0.509428 0.725313 0.609917 0.686582 -0.607029
VERTEX_POSE A557 -0.502434 -0.864233 0.204168 0.508740 -0.835715 -0.275027 -0.385380 -0.815809 -0.391233
VERTEX_POSE A558 0.423391 0.600512 0.000000 -0.893246 0.447983 -0.446701 -0.874962 0.050691 0.183718
VERTEX_POSE A559 0.758319 0.174750 0.000000 0.051312 0.914264 0.974044 -0.134646 0.220467 0.382089
VERTEX_POSE A560 -0.903231 -0.107554 0.000000 0.694487 -0.092937 0.124923 0.992137 0.708577 -0.083825
VERTEX_POSE A561 0.258597 0.636192 0.000000 0.828898 -0.559265 -0.547150 -0.805973 -0.116429 -0.193986
VERTEX_POSE A562 -0.065545 0.629248 0.000000 -0.874804 -0.482554 -0.249946 0.373270 0.415024 -0.792345
VERTEX_POSE A563 0.715815 0.570367 0.000000 0.063116 -0.663131 -0.952946 0.181978 -0.296496 -0.726045
VERTEX_POSE A564 -0.667741 -0.696414 1.000000 0.487638 0.218233 0.251321 0.892179 0.836091 -0.395462
VERTEX_POSE A565 0.394268 -0.031276 0.000000 0.049053 0.517593 -0.755346 0.578792 -0.653488 -0.630156
VERTEX_POSE A566 -0.649851 0.510237 0.000000 -0.354209 0.897711 -0.823856 -0.432121 0.442490 -0.085941
VERTEX_POSE A567 -0.125885 -0.803194 0.000000 0.305901 0.910024 -0.440861 -0.125074 -0.843840 0.395237
VERTEX_POSE A568 -0.482745 0.754674 1.000000 -0.592733 0.776817 -0.209692 -0.403780 0.777623 0.483236
VERTEX_POSE A569 -0.373172 -0.636255 0.000000 0.647413 0.479528 0.760886 -0.451238 -0.043698 -0.752620
VERTEX_POSE A570 -0.087326 -0.507542 0.000000 -0.080048 -0.995864 -0.976503 0.069693 -0.200088 0.058285
VERTEX_POSE A571 0.826386 0.443604 0.000000 -0.974576 0.093267 0.199054 0.777808 0.102857 -0.621543
VERTEX_POSE A572 0.701161 0.585501 1.000000 -0.247202 0.219416 -0.579127 0.747455 0.776855 0.627030
VERTEX_POSE A573 0.706718 -0.646307 0.000000 0.790681 0.429568 -0.421393 0.898739 -0.444129 -0.087974
VERTEX_POSE A574 0.167528 -0.633735 0.000000 -0.602273 -0.071673 0.700187 -0.525782 0.383413 0.847594
VERTEX_POSE A575 0.375118 0.749375 0.000000 0.208001 -0.974808 -0.569931 -0.187699 -0.794930 -0.120495
VERTEX_POSE A576 0.005348 0.999947 0.802621 0.787942 0.369996 0.540089 -0.031399 -0.295721 0.928503
VERTEX_POSE A577 0.506038 0.004853 0.304407 -0.003234 -0.729628 0.549612 -0.572590 0.835414 0.373878
VERTEX_POSE A578 -0.504842 0.860788 8.620085 0.622106 0.780098 -0.612705 0.538017 0.487419 -0.319351
VERTEX_POSE A579 -0.606355 -0.406924 0.000000 -0.346176 -0.845247 0.602936 0.131998 0.718770 -0.517816
VERTEX_POSE A580 -0.500890 0.746254 0.000000 0.101965 0.702944 0.972249 -0.220188 -0.210560 -0.676304
VERTEX_POSE A581 0.796750 0.199698 0.000000 0.788053 0.278108 -0.362287 -0.511774 0.497716 -0.812861
VERTEX_POSE A582 -0.527001 0.482452 0.000000 0.958150 0.161862 0.273395 -0.272867 -0.084872 0.948338
VERTEX_POSE A583 -0.583916 -0.803715 0.000000 0.777281 -0.471837 0.265890 0.845867 0.570207 0.248756
VERTEX_POSE A584 -0.291444 0.140334 1.000000 -0.366212 -0.044764 0.879717 -0.342213 -0.303293 -0.938556
VERTEX_POSE A585 -0.758403 -0.636759 0.000000 0.153691 0.442147 -0.616188 0.742002 0.772458 0.503923
VERTEX_POSE A586 0.357212 0.626202 0.000000 -0.098083 0.762033 0.911647 -0.189130 0.399098 0.619302
VERTEX_POSE A587 -0.021566 0.747301 0.000000 0.170740 0.775780 0.702123 -0.528332 0.691282 0.345008
VERTEX_POSE A588 -0.356137 -0.928911 1.000000 -0.909314 0.078778 -0.347061 -0.685284 0.229559 -0.724003
VERTEX_POSE A589 0.095769 0.071705 0.000000 0.182380 -0.220494 0.828446 -0.490397 -0.529543 -0.843145
VERTEX_POSE A590 -0.525487 0.488815 0.000000 -0.266710 -0.694192 -0.168568 -0.649388 -0.948921 0.310472
VERTEX_POSE A591 -0.646173 0.303142 0.000000 -0.246723 -0.664690 0.741141 -0.598270 -0.624370 -0.447504
VERTEX_POSE A592 -0.445822 0.410991 1.000000 -0.186841 0.827278 0.235056 -0.485998 -0.953855 -0.281810
VERTEX_POSE A593 -0.885387 -0.071812 0.000000 -0.626740 -0.777203 -0.270561 0.284625 -0.730749 0.561199
VERTEX_POSE A594 -0.894673 -0.321744 0.000000 0.727030 -0.084032 -0.626878 -0.486108 -0.280091 0.869849
VERTEX_POSE A595 0.034371 0.642097 0.000000 -0.251595 -0.359836 -0.596588 -0.673313 -0.762091 0.645885
VERTEX_POSE A596 0.696237 -0.315118 0.000000 -0.434316 -0.847637 -0.127391 -0.277137 -0.891707 0.452444
VERTEX_POSE A597 -0.263630 -0.947951 0.000000 -0.703453 -0.684995 -0.472330 0.649853 -0.531092 0.329353
VERTEX_POSE A598 0.751579 -0.379550 0.000000 0.568878 0.720940 0.691672 -0.159063 -0.444935 0.674495
VERTEX_POSE A599 -0.646571 -0.585898 0.000000 -0.383266 -0.271732 0.733199 0.491735 -0.561717 0.827259
VERTEX_POSE A600 0.382098 -0.522068 0.926106 0.278413 0.856939 0.470346 -0.515398 0.837413 0.004576
VERTEX_POSE A601 -0.847139 -0.527591 0.000000 -0.651397 -0.585837 0.520807 0.116887 -0.551762 0.801955
VERTEX_POSE A602 0.718351 0.570436 0.000000 -0.020778 0.958761 0.369323 0.270822 0.929069 -0.086215
VERTEX_POSE A603 0.378465 -0.800735 0.000000 0.838710 0.538489 0.532825 -0.842248 -0.112532 0.025459
VERTEX_POSE A604 0.000644 0.527281 4929769663206434556756106719243555299427331264920697598914398212614809753906777867120299571615017338617576122701945747643448804104216760760224974570994337550469578604739210972496564047081459696452671373312.000000 -0.814187 0.578298 0.475326 0.715022 0.333413 0.392830
VERTEX_POSE A605 0.391747 -0.781911 254736390291291889030922121258850660424501441023379822259963935954914725725432940630493166131664627692932379993406330093364458701043890969258665463427181890508822414413552810983424.000000 -0.941991 -0.184457 -0.273083 0.906929 0.195138 0.378756
VERTEX_POSE A606 -0.278093 -0.957732 0.000000 0.140431 0.179119 0.670889 -0.740507 -0.728139 -0.647739
VERTEX_POSE A607 0.564313 -0.100910 20501866451337168053189560792064226319547775958351486434605468436284037989645490279678039395484825527040722291151541508450190370438103211413438508882310610343659748866787619270098045783142774385055450559223531831296.000000 -0.285511 -0.779385 0.819619 0.103029 0.496698 -0.618016
VERTEX_POSE A608 -0.971686 0.062218 54516411287282881103620573661049282232049455624225566907766293486944114775489419510216473978623760465169262049097688632643007058210239961430227364061010573877892109631258095084661486834624878580594535132737235168202608021438567414343105260856279040.000000 -0.548984 0.712367 -0.654836 -0.041504 -0.519429 -0.700578
VERTEX_POSE A609 -0.195288 -0.754526 142717957228170451229169223632419449712023085313770128632411546919873682261239807686955431172197865275394498470016097032557935271454908504114485378486968050179891252175986467684330858598783887032262100137109926466652443578630334962549204381954211840.000000 -0.235931 -0.606395 -0.847660 0.510532 0.475194 0.609625
VERTEX_POSE A610 -0.613799 -0.771970 37316738923474115733261719628800385799184125072574718531182175390581577988623128776844964764147918527234058057349660137317923228681926050302090253616151384153984071959032999133593159702126970020036608.000000 -0.508131 0.077361 -0.498601 -0.838519 -0.702282 0.539352
VERTEX_POSE A611 0.152257 0.089657 11205294219072322049568244776645769362493385600298016939841652046102068468760269855466933301681613695326029112990759323677081957231912197895818912034902085698352900439291634758035513664142899319535452409177581814561284667489287273129426147588421760057344.000000 0.401355 0.159533 0.470441 0.808994 0.785875 -0.565755
VERTEX_POSE A612 -0.858450 -0.467409 1.000000 0.981549 0.009394 0.167723 0.437339 -0.091823 0.899248
VERTEX_POSE A613 -0.329719 0.818286 0.000000 0.024844 0.785396 0.893301 -0.295175 0.448771 0.544082
VERTEX_POSE A614 0.590213 0.549289 0.000000 -0.086206 -0.793249 -0.903895 0.316710 -0.418979 -0.520049
VERTEX_POSE A615 0.349786 -0.834451 0.000000 -0.233716 -0.720952 -0.242475 -0.606550 0.941585 -0.335149
VERTEX_POSE A616 -0.328712 0.523870 4929769663206434556756106719243555299427331264920697598914398212614809753906777867120299571615017338617576122701945747643448804104216760760224974570994337550469578604739210972496564047081459696452671373312.000000 0.911045 0.347678 0.406131 -0.849417 -0.071092 -0.397002
VERTEX_POSE A617 -0.893699 -0.441574 254736390291291889030922121258850660424501441023379822259963935954914725725432940630493166131664627692932379993406330093364458701043890969258665463427181890508822414413552810983424.000000 -0.729826 0.349109 0.408958 0.911925 -0.547821 0.215674
VERTEX_POSE A618 -0.598258 -0.489559 0.000000 -0.287778 -0.852447 0.004406 0.454582 0.957687 -0.258245
VERTEX_POSE A619 0.047212 0.768756 20501866451337168053189560792064226319547775958351486434605468436284037989645490279678039395484825527040722291151541508450190370438103211413438508882310610343659748866787619270098045783142774385055450559223531831296.000000 -0.524105 -0.266677 0.235950 -0.958002 -0.818317 -0.105428
VERTEX_POSE A620 0.820643 -0.523680 54516411287282881103620573661049282232049455624225566907766293486944114775489419510216473978623760465169262049097688632643007058210239961430227364061010573877892109631258095084661486834624878580594535132737235168202608021438567414343105260856279040.000000 0.245956 -0.397471 -0.246459 -0.907724 -0.937424 0.134364
VERTEX_POSE A621 0.299271 0.734804 142717957228170451229169223632419449712023085313770128632411546919873682261239807686955431172197865275394498470016097032557935271454908504114485378486968050179891252175986467684330858598783887032262100137109926466652443578630334962549204381954211840.000000 0.730577 -0.679629 -0.378672 -0.483734 -0.568212 -0.551457
VERTEX_POSE A622 0.836390 -0.109082 37316738923474115733261719628800385799184125072574718531182175390581577988623128776844964764147918527234058057349660137317923228681926050302090253616151384153984071959032999133593159702126970020036608.000000 0.749141 -0.274264 -0.644670 -0.511122 0.152279 -0.814576
VERTEX_POSE A623 -0.387897 0.574624 11205294246384509166644127883276842297287657537402947028047611871085140465745766381567954266633399990095915487873800237467784510098272729471091831404070392088699980308097400203724917295607667978630242654467422520653876189206292577090929733037029001789440.000000 -0.778657 -0.399925 0.457860 0.164707 -0.429020 0.901627
VERTEX_POSE A624 0.075744 -0.755262 0.000000 -0.881123 0.471558 0.187229 0.279086 -0.434243 -0.836507
VERTEX_POSE A625 -0.427810 0.565146 0.000000 0.672911 -0.464243 -0.722011 -0.581553 0.160909 -0.668038
VERTEX_POSE A626 0.751493 0.226973 0.000000 -0.256465 -0.207421 0.897773 -0.412973 -0.358092 -0.886809
VERTEX_POSE A627 0.633733 -0.509386 0.000000 0.617568 -0.462216 -0.785465 -0.404278 -0.040667 0.789250
VERTEX_POSE A628 0.821337 0.538399 4929769663206434556756106719243555299427331264920697598914398212614809753906777867120299571615017338617576122701945747643448804104216760760224974570994337550469578604739210972496564047081459696452671373312.000000 -0.660539 0.255221 -0.436420 -0.895768 0.610921 -0.363954
VERTEX_POSE A629 0.547898 -0.652580 254736390291291889030922121258850660424501441023379822259963935954914725725432940630493166131664627692932379993406330093364458701043890969258665463427181890508822414413552810983424.000000 -0.392587 0.740627 -0.894455 -0.445458 0.214068 -0.503030
VERTEX_POSE A630 0.726208 -0.081988 0.000000 0.462061 0.492498 0.883325 -0.181525 0.078972 -0.851172
VERTEX_POSE A631 0.304579 -0.851733 20501866451337168053189560792064226319547775958351486434605468436284037989645490279678039395484825527040722291151541508450190370438103211413438508882310610343659748866787619270098045783142774385055450559223531831296.000000 0.599112 0.392442 0.360119 0.646422 0.715108 -0.654315
VERTEX_POSE A632 0.642752 -0.669255 54516411287282881103620573661049282232049455624225566907766293486944114775489419510216473978623760465169262049097688632643007058210239961430227364061010573877892109631258095084661486834624878580594535132737235168202608021438567414343105260856279040.000000 -0.906099 0.421863 -0.028740 -0.136542 0.422088 0.896319
VERTEX_POSE A633 0.236981 -0.289045 142717957228170451229169223632419449712023085313770128632411546919873682261239807686955431172197865275394498470016097032557935271454908504114485378486968050179891252175986467684330858598783887032262100137109926466652443578630334962549204381954211840.000000 -0.946594 -0.256872 0.252594 -0.966434 0.200390 0.004800
VERTEX_POSE A634 -0.556300 0.495629 37316738923474115733261719628800385799184125072574718531182175390581577988623128776844964764147918527234058057349660137317923228681926050302090253616151384153984071959032999133593159702126970020036608.000000 0.797410 -0.602969 -0.598083 -0.784485 0.080206 0.144953
VERTEX_POSE A635 -0.476397 -0.847876 11205294273696696283720010989907915232081929474507877116253571696068212462731262907668975231585186284865801862756841151258487062964633261046364750773238698479047060176903165649414320927072436637725032899757263226746467710923297881052433318485636243521536.000000 0.259081 -0.417210 0.314975 0.889084 -0.913054 0.188321
VERTEX_POSE A636 -0.867230 0.202190 1.000000 0.284465 0.230430 -0.718732 0.693632 -0.634432 -0.682478
VERTEX_POSE A637 0.474580 0.612107 0.000000 0.042959 0.247192 0.664711 -0.730414 0.745864 0.636704
VERTEX_POSE A638 0.866931 0.271306 0.000000 0.532496 0.610162 -0.846175 0.366670 0.020848 -0.702322
VERTEX_POSE A639 0.088669 -0.909443 0.000000 -0.387163 -0.911820 0.915302 -0.397952 0.111023 0.101086
VERTEX_POSE A640 -0.575920 0.801151 4929769663206434556756106719243555299427331264920697598914398212614809753906777867120299571615017338617576122701945747643448804104216760760224974570994337550469578604739210972496564047081459696452671373312.000000 -0.014452 0.553779 -0.823688 0.465436 -0.566858 -0.690433
VERTEX_POSE A641 -0.366593 -0.430986 254736390291291889030922121258850660424501441023379822259963935954914725725432940630493166131664627692932379993406330093364458701043890969258665463427181890508822414413552810983424.000000 -0.329429 0.509787 0.541683 0.791458 0.773341 -0.337212
VERTEX_POSE A642 -0.683151 0.439635 0.000000 -0.801616 -0.043796 -0.379253 0.808204 -0.462146 -0.587272
VERTEX_POSE A643 -0.722730 -0.521512 20501866451337168053189560792064226319547775958351486434605468436284037989645490279678039395484825527040722291151541508450190370438103211413438508882310610343659748866787619270098045783142774385055450559223531831296.000000 -0.787078 -0.022220 -0.304228 0.883338 -0.536613 -0.468209
VERTEX_POSE A644 -0.837852 -0.371289 54516411287282881103620573661049282232049455624225566907766293486944114775489419510216473978623760465169262049097688632643007058210239961430227364061010573877892109631258095084661486834624878580594535132737235168202608021438567414343105260856279040.000000 -0.613454 -0.364327 0.682698 0.201346 -0.396985 0.909244
VERTEX_POSE A645 0.544644 -0.518913 142717957228170451229169223632419449712023085313770128632411546919873682261239807686955431172197865275394498470016097032557935271454908504114485378486968050179891252175986467684330858598783887032262100137109926466652443578630334962549204381954211840.000000 0.873015 0.335090 -0.483553 0.689219 0.063411 0.642411
VERTEX_POSE A646 0.807398 -0.023983 37316738923474115733261719628800385799184125072574718531182175390581577988623128776844964764147918527234058057349660137317923228681926050302090253616151384153984071959032999133593159702126970020036608.000000 0.574021 0.443671 -0.512518 0.850166 -0.638612 -0.283503
VERTEX_POSE A647 0.216946 -0.917108 11205294301008883400795894096538988166876201411612807204459531521051284459716759433769996196536972579635688237639882065049189615830993792621637670142407004869394140045708931095103724558537205296819823145047103932839059232640303185013936903934243485253632.000000 -0.337949 0.940930 0.439082 0.137894 0.832465 0.309251
VERTEX_POSE A648 0.925025 0.229590 0.000000 -0.465314 0.455544 -0.551674 -0.819754 -0.692198 0.347107
VERTEX_POSE A649 0.263959 0.184605 0.000000 -0.733030 -0.582935 0.486172 -0.088631 -0.475713 0.807670
VERTEX_POSE A650 -0.498753 -0.713119 0.000000 0.580520 0.466286 0.169851 -0.871105 -0.796333 0.154120
VERTEX_POSE A651 0.413967 0.303385 0.000000 0.156925 0.467043 -0.944054 -0.187849 0.290065 -0.864051
VERTEX_POSE A652 -0.296822 -0.614523 4929769663206434556756106719243555299427331264920697598914398212614809753906777867120299571615017338617576122701945747643448804104216760760224974570994337550469578604739210972496564047081459696452671373312.000000 0.449591 -0.854942 0.893219 0.432034 -0.005318 0.287089
VERTEX_POSE A653 -0.883792 -0.113118 254736390291291889030922121258850660424501441023379822259963935954914725725432940630493166131664627692932379993406330093364458701043890969258665463427181890508822414413552810983424.000000 -0.494702 -0.110658 0.547506 0.730593 -0.674912 0.673787
VERTEX_POSE A654 -0.582425 0.364091 0.000000 0.623007 -0.698668 -0.169449 0.318455 0.763642 0.640663
VERTEX_POSE A655 -0.776350 0.015887 20501866451337168053189560792064226319547775958351486434605468436284037989645490279678039395484825527040722291151541508450190370438103211413438508882310610343659748866787619270098045783142774385055450559223531831296.000000 0.935459 -0.327716 0.127072 -0.037591 -0.329802 -0.944028
VERTEX_POSE A656 -0.465194 -0.871189 54516411287282881103620573661049282232049455624225566907766293486944114775489419510216473978623760465169262049097688632643007058210239961430227364061010573877892109631258095084661486834624878580594535132737235168202608021438567414343105260856279040.000000 -0.684218 0.571571 -0.653604 -0.756108 0.323493 -0.318759
VERTEX_POSE A657 0.703248 -0.256054 142717957228170451229169223632419449712023085313770128632411546919873682261239807686955431172197865275394498470016097032557935271454908504114485378486968050179891252175986467684330858598783887032262100137109926466652443578630334962549204381954211840.000000 -0.969497 -0.107821 -0.228042 0.725993 0.089848 0.679198
VERTEX_POSE A658 0.042806 0.884114 37316738923474115733261719628800385799184125072574718531182175390581577988623128776844964764147918527234058057349660137317923228681926050302090253616151384153984071959032999133593159702126970020036608.000000 -0.216643 -0.483537 -0.553980 -0.654419 -0.803849 0.581316
VERTEX_POSE A659 -0.739962 -0.284870 11205294328321070517871777203170061101670473348717737292665491346034356456702255959871017161488758874405574612522922978839892168697354324196910589511575311259741219914514696540793128190001973955914613390336944638931650754357308488975440489382850726985728.000000 0.192808 -0.257262 0.029973 -0.963024 -0.980779 -0.080005
VERTEX_POSE A660 -0.087403 -0.350570 1.000000 0.605490 0.468075 0.210836 -0.874202 -0.767418 0.129137
VERTEX_POSE A661 -0.744801 -0.598602 0.000000 -0.770726 -0.619449 -0.595995 0.783693 0.225324 -0.045926
VERTEX_POSE A662 0.527989 0.277040 0.000000 -0.377132 0.257454 0.569488 0.821992 -0.730380 0.507983
VERTEX_POSE A663 -0.673518 0.712403 0.000000 -0.554796 0.567700 -0.212379 -0.803448 -0.804423 -0.179411
VERTEX_POSE A664 0.425473 0.628180 4929769663206434556756106719243555299427331264920697598914398212614809753906777867120299571615017338617576122701945747643448804104216760760224974570994337550469578604739210972496564047081459696452671373312.000000 -0.600644 0.246127 -0.484301 -0.869026 -0.636144 0.429204
VERTEX_POSE A665 0.437370 -0.772922 254736390291291889030922121258850660424501441023379822259963935954914725725432940630493166131664627692932379993406330093364458701043890969258665463427181890508822414413552810983424.000000 0.713126 -0.595585 0.333080 -0.176267 -0.616855 -0.783714
VERTEX_POSE A666 -0.283192 0.787989 0.000000 -0.821596 -0.543163 -0.376917 0.289809 0.427685 -0.788026
VERTEX_POSE A667 -0.835049 -0.482947 20501866451337168053189560792064226319547775958351486434605468436284037989645490279678039395484825527040722291151541508450190370438103211413438508882310610343659748866787619270098045783142774385055450559223531831296.000000 0.622278 0.778828 0.770131 -0.591089 0.140242 -0.209859
VERTEX_POSE A668 -0.359082 0.882150 54516411287282881103620573661049282232049455624225566907766293486944114775489419510216473978623760465169262049097688632643007058210239961430227364061010573877892109631258095084661486834624878580594535132737235168202608021438567414343105260856279040.000000 -0.087528 0.964993 0.360894 0.262050 0.928490 -0.010887
VERTEX_POSE A669 -0.556273 0.059900 142717957228170451229169223632419449712023085313770128632411546919873682261239807686955431172197865275394498470016097032557935271454908504114485378486968050179891252175986467684330858598783887032262100137109926466652443578630334962549204381954211840.000000 -0.696296 -0.485634 -0.477464 0.863189 -0.535910 -0.138077
VERTEX_POSE A670 0.165388 0.225295 37316738923474115733261719628800385799184125072574718531182175390581577988623128776844964764147918527234058057349660137317923228681926050302090253616151384153984071959032999133593159702126970020036608.000000 -0.274276 0.771830 -0.857863 -0.465933 -0.434562 0.432648
VERTEX_POSE A671 -0.364398 0.918625 11205294355633257634947660309801134036464745285822667380871451171017428453687752485972038126440545169175460987405963892630594721563714855772183508880743617650088299783320461986482531821466742615009403635626785345024242276074313792936944074831457968717824.000000 0.812740 -0.481454 -0.086080 0.457748 0.576233 0.747441
VERTEX_POSE A672 -0.525015 -0.538897 1.000000 0.575700 -0.711504 0.472913 0.691713 -0.667025 -0.123673
VERTEX_POSE A673 0.803218 -0.569666 0.000000 0.053671 -0.520648 0.128074 -0.842676 0.990311 0.137198
VERTEX_POSE A674 0.085082 -0.849635 0.000000 -0.275406 -0.365616 0.883287 -0.461260 -0.379415 -0.808433
VERTEX_POSE A675 0.304676 -0.475150 0.000000 0.196948 0.819950 -0.588293 0.537397 -0.784298 -0.197195
VERTEX_POSE A676 -0.320308 -0.339227 4929769663206434556756106719243555299427331264920697598914398212614809753906777867120299571615017338617576122701945747643448804104216760760224974570994337550469578604739210972496564047081459696452671373312.000000 0.897595 0.118547 0.341685 -0.795651 0.278523 0.594043
VERTEX_POSE A677 -0.829101 0.552046 254736390291291889030922121258850660424501441023379822259963935954914725725432940630493166131664627692932379993406330093364458701043890969258665463427181890508822414413552810983424.000000 -0.453764 -0.579010 0.512416 -0.791440 0.729060 0.195886
VERTEX_POSE A678 -0.976834 0.175334 0.000000 -0.597785 -0.320973 -0.689877 0.672704 -0.408316 -0.666667
VERTEX_POSE A679 -0.186140 -0.979019 20501866451337168053189560792064226319547775958351486434605468436284037989645490279678039395484825527040722291151541508450190370438103211413438508882310610343659748866787619270098045783142774385055450559223531831296.000000 0.853179 0.048426 0.054711 -0.998497 -0.518741 -0.025664
VERTEX_POSE A680 -0.671692 -0.719731 54516411287282881103620573661049282232049455624225566907766293486944114775489419510216473978623760465169262049097688632643007058210239961430227364061010573877892109631258095084661486834624878580594535132737235168202608021438567414343105260856279040.000000 0.228010 0.853983 -0.968373 0.248882 0.101319 0.456914
VERTEX_POSE A681 -0.381084 0.132473 142717957228170451229169223632419449712023085313770128632411546919873682261239807686955431172197865275394498470016097032557935271454908504114485378486968050179891252175986467684330858598783887032262100137109926466652443578630334962549204381954211840.000000 0.075319 -0.953198 0.112778 -0.283622 0.990761 0.104748
VERTEX_POSE A682 -0.567107 0.823568 37316738923474115733261719628800385799184125072574718531182175390581577988623128776844964764147918527234058057349660137317923228681926050302090253616151384153984071959032999133593159702126970020036608.000000 -0.263064 -0.816895 -0.838784 -0.069229 0.476696 -0.572616
VERTEX_POSE A683 0.546417 0.386376 170579312608294397288425562476781478657348116557409361067516113173529313554748649852649210474915032992695019659618577779349752939921984615483773778965161769930218126055639616659548900788495293435291430151545253289952454459654116247582160622041547392834294584737033988603904.000000 -0.496657 0.766599 0.346409 0.605045 0.795822 0.215052
VERTEX_POSE A684 -0.101695 0.687520 0.000000 -0.394754 -0.091072 -0.720892 0.647634 -0.569635 -0.756490
VERTEX_POSE A685 -0.843403 0.323706 0.000000 -0.167697 -0.289019 0.544684 -0.824046 -0.821704 -0.487253
VERTEX_POSE A686 0.299154 -0.820464 0.000000 -0.274421 -0.370032 -0.538903 -0.705257 -0.796415 0.604722
VERTEX_POSE A687 0.707978 -0.151456 0.000000 0.196765 -0.402443 -0.663985 0.616240 -0.721393 -0.676969
VERTEX_POSE A688 -0.657558 -0.746225 0.000000 -0.517928 -0.614155 -0.828379 0.186440 -0.213400 0.766847
VERTEX_POSE A689 -0.704806 0.560620 0.756836 -0.598975 0.558516 -0.758024 -0.626468 0.258125 -0.543689
VERTEX_POSE A690 0.439843 0.419212 0.000000 -0.178127 0.899584 -0.467892 -0.433940 0.865649 -0.049438
VERTEX_POSE A691 0.896223 -0.148128 0.000000 -0.498825 -0.132519 -0.051072 0.991019 0.865197 -0.017905
VERTEX_POSE A692 0.644991 -0.747689 48282.085574 0.717536 -0.135502 -0.384767 -0.894756 -0.580600 0.425501
VERTEX_POSE A693 -0.736147 -0.663384 16668.777887 0.182900 0.900451 -0.982771 0.156584 -0.026630 0.405794
VERTEX_POSE A694 -0.620508 -0.260334 11681.952872 0.405731 -0.239125 -0.630450 0.625585 0.661752 0.742606
VERTEX_POSE A695 -0.512632 0.848494 11681.952872 -0.313811 0.122951 0.375299 -0.894771 -0.872166 -0.429265
VERTEX_POSE A696 -0.680767 -0.502060 4064.803809 -0.525862 0.676584 -0.827583 -0.267054 -0.196406 -0.686234
VERTEX_POSE A697 -0.113634 -0.646961 2741.249358 0.580314 -0.144065 0.390413 -0.814548 -0.714712 -0.561923
VERTEX_POSE A698 -0.660765 -0.461552 2231.446153 -0.682160 0.387923 0.540317 -0.303705 0.492661 0.870218
VERTEX_POSE A699 0.748462 -0.464538 2231.446153 -0.960183 0.192144 0.206361 0.977133 0.188317 -0.091065
VERTEX_POSE A700 0.439536 0.340395 1301.860409 -0.129121 0.821056 0.521415 -0.420755 -0.843477 -0.385788
VERTEX_POSE A701 0.752263 0.366179 1205.958222 0.823668 0.548735 -0.529421 0.653729 0.203186 -0.521083
VERTEX_POSE A702 -0.613204 0.626728 1121.059917 0.956297 -0.099610 -0.250347 -0.764689 -0.151072 0.636654
VERTEX_POSE A703 0.744183 0.254220 1121.059917 0.360132 -0.679228 0.883554 0.468329 -0.299395 0.565081
VERTEX_POSE A704 0.177089 0.870484 713.245026 0.658035 -0.733853 0.611812 0.651657 0.438949 0.191844
VERTEX_POSE A705 0.314098 0.392223 650.586875 0.625894 -0.572142 -0.089648 -0.727853 0.774739 0.377998
VERTEX_POSE A706 0.256585 0.908972 650.586875 -0.463102 -0.435909 -0.534481 -0.557206 -0.707012 0.706757
VERTEX_POSE A707 0.914582 -0.338268 486.551768 -0.021006 0.933610 0.867746 0.194712 -0.496564 0.300765
VERTEX_POSE A708 -0.943967 -0.146247 436.995702 -0.058202 -0.636159 -0.843434 0.443624 0.534071 0.631268
VERTEX_POSE A709 0.318881 -0.173008 372.674883 0.706534 -0.707052 -0.519295 -0.489413 -0.480772 -0.510442
VERTEX_POSE A710 -0.757130 -0.290612 372.674883 -0.405715 -0.664371 0.566101 -0.721833 0.717583 0.193824
VERTEX_POSE A711 -0.651942 0.279166 334.376946 0.946225 -0.232908 -0.091040 0.474279 0.310435 0.849007
VERTEX_POSE A712 0.713652 0.263734 323.810960 -0.931017 0.154017 -0.360615 -0.527904 0.056246 -0.835222
VERTEX_POSE A713 0.348262 -0.937395 295.400159 -0.485864 -0.291229 0.608015 -0.789954 -0.627896 -0.539590
VERTEX_POSE A714 0.769288 -0.322581 295.400159 0.219411 -0.144634 0.062775 -0.984808 0.973611 0.096092
VERTEX_POSE A715 -0.268125 0.620487 261.923434 0.474647 0.737003 0.864334 -0.287028 0.166244 -0.611917
VERTEX_POSE A716 0.560693 0.558025 253.079038 -0.562000 -0.181509 0.444242 -0.889205 -0.697714 -0.419963
VERTEX_POSE A717 0.827684 -0.398882 226.150203 0.282680 -0.766168 -0.668134 -0.588979 -0.688251 0.257081
VERTEX_POSE A718 0.838235 -0.017133 208.039147 0.647825 -0.458191 -0.408530 -0.883261 -0.642982 0.099553
VERTEX_POSE A719 -0.192515 0.925849 190.052881 0.208059 0.176701 -0.347113 -0.906191 -0.914453 0.384180
VERTEX_POSE A720 0.840657 -0.477216 169.331815 0.733521 -0.668595 -0.477777 -0.635087 -0.483401 -0.386839
VERTEX_POSE A721 0.463309 0.878538 169.331815 0.261573 0.804760 -0.682976 -0.235774 0.681999 -0.544768
VERTEX_POSE A722 -0.853058 -0.276913 148.456003 0.639424 -0.695609 -0.270250 -0.602139 0.719793 0.391863
VERTEX_POSE A723 0.379736 0.251895 148.456003 0.199483 -0.973261 0.685236 0.055473 -0.700470 -0.222903
VERTEX_POSE A724 -0.318785 -0.790107 138.704178 -0.628772 -0.775966 0.691400 -0.528355 0.355826 -0.344553
VERTEX_POSE A725 -0.496468 0.609727 138.704178 0.040646 0.896903 0.725683 0.276450 0.686827 -0.345167
VERTEX_POSE A726 0.875877 -0.021675 136.576266 0.622435 -0.589759 -0.514344 0.187312 0.589937 0.785557
VERTEX_POSE A727 -0.308188 -0.793819 134.562401 0.410851 0.842732 -0.654927 0.538243 -0.634249 -0.009890
VERTEX_POSE A728 0.159590 0.908227 130.572085 -0.675409 0.238336 -0.068327 -0.962488 0.734271 0.129667
VERTEX_POSE A729 -0.932793 0.267015 121.862635 -0.693478 0.207269 0.486033 -0.572395 0.531846 0.793350
VERTEX_POSE A730 -0.537101 0.841205 121.862635 -0.233090 0.484677 0.267950 0.865395 0.934811 -0.127201
VERTEX_POSE A731 -0.841410 -0.539518 114.444297 0.366359 0.161319 -0.542277 -0.763294 0.756119 -0.625586
VERTEX_POSE A732 -0.913667 -0.391232 105.088141 -0.428599 -0.634576 0.801008 0.062409 0.417958 -0.770337
VERTEX_POSE A733 0.039784 -0.355970 105.088141 0.680170 -0.695966 -0.295303 -0.547580 0.670943 0.464529
VERTEX_POSE A734 -0.612836 -0.743459 99.927079 -0.107341 -0.451579 0.747376 -0.624183 0.655673 0.637552
VERTEX_POSE A735 0.275780 -0.518775 99.927079 0.268401 -0.566302 -0.573443 0.556078 0.774031 0.608341
VERTEX_POSE A736 -0.787661 -0.424613 98.153580 0.270617 -0.579818 -0.682082 0.447856 -0.679361 -0.680614
VERTEX_POSE A737 0.615067 -0.499794 97.497854 0.790294 -0.483776 -0.553631 -0.300838 -0.262540 -0.821862
VERTEX_POSE A738 0.488148 -0.247629 89.724510 0.284097 0.191720 0.382522 -0.921113 -0.879185 -0.338813
VERTEX_POSE A739 -0.681628 0.490691 89.724510 -0.288396 0.738827 0.956661 0.249125 -0.040332 0.626157
VERTEX_POSE A740 0.140683 0.306437 85.703930 -0.521282 0.709734 0.246920 0.656959 0.816882 0.254327
VERTEX_POSE A741 0.701410 0.640249 85.703930 0.727960 0.680348 -0.470186 0.585465 -0.498999 0.440860
VERTEX_POSE A742 -0.291105 -0.890305 82.795713 -0.451642 -0.887204 -0.614438 0.385915 -0.646904 0.252862
VERTEX_POSE A743 -0.146077 -0.320358 82.795713 0.344485 0.122809 0.393897 0.881010 -0.852159 0.456879
VERTEX_POSE A744 -0.573207 -0.811413 80.551084 -0.498973 0.496894 0.324963 -0.652234 0.803383 0.572440
VERTEX_POSE A745 -0.426038 0.176071 80.551084 -0.729975 0.483592 -0.681861 -0.466760 0.046923 0.740455
VERTEX_POSE A746 0.488325 -0.072640 78.940732 -0.108682 0.938624 -0.680081 -0.310400 -0.725036 0.150455
VERTEX_POSE A747 -0.670874 0.606060 75.952010 -0.612319 0.145169 -0.340869 -0.935416 -0.713354 0.322372
VERTEX_POSE A748 -0.631376 -0.751404 69.509375 0.607415 0.600147 -0.726850 0.684232 0.320524 0.414308
VERTEX_POSE A749 0.350687 -0.056156 69.509375 0.789654 0.290380 -0.461562 0.861531 -0.404236 -0.416465
VERTEX_POSE A750 -0.277583 0.758447 62.100934 -0.752849 -0.377559 0.581323 0.002725 0.308677 -0.925982
VERTEX_POSE A751 -0.699809 -0.580146 62.100934 -0.122742 0.372884 0.604959 0.762763 -0.786740 0.528347
VERTEX_POSE A752 0.374597 -0.726256 60.267065 0.316841 -0.301632 -0.654750 -0.755504 -0.686232 0.581578
VERTEX_POSE A753 -0.420367 -0.687124 60.267065 0.779477 -0.291777 -0.002585 0.883396 0.626425 0.366711
VERTEX_POSE A754 0.145529 0.886953 59.081139 0.820725 -0.549161 -0.319394 -0.669714 -0.473706 -0.499905
VERTEX_POSE A755 0.914836 0.048049 59.081139 -0.773091 -0.626210 -0.011500 0.172976 -0.634191 0.760224
VERTEX_POSE A756 0.005713 0.907619 57.842189 -0.460547 -0.633622 0.563734 0.332157 -0.685638 0.698709
VERTEX_POSE A757 -0.355615 -0.390478 57.131885 0.897012 0.326873 -0.406213 0.874996 0.174244 0.357121
VERTEX_POSE A758 -0.157171 0.739388 53.678035 -0.099778 -0.651673 -0.008188 0.756192 -0.994976 0.059128
VERTEX_POSE A759 -0.825642 0.265351 50.144786 -0.820225 0.476866 0.566763 0.752307 0.077530 -0.454568
VERTEX_POSE A760 -0.240392 0.907956 46.579390 0.723011 -0.591560 0.689897 0.591336 -0.036024 -0.548068
VERTEX_POSE A761 0.470121 -0.200482 46.579390 0.050126 -0.281413 -0.529369 -0.821104 -0.846910 0.496583
VERTEX_POSE A762 -0.852994 -0.256265 46.579390 -0.683786 0.019801 -0.631452 -0.516992 0.365658 -0.855761
VERTEX_POSE A763 0.504582 -0.627584 42.550086 -0.488919 -0.693022 -0.459172 -0.311927 -0.741700 0.649940
VERTEX_POSE A764 -0.790496 0.586889 42.550086 -0.450126 0.880366 -0.626455 -0.192043 0.636350 0.433677
VERTEX_POSE A765 -0.056414 -0.354529 40.834954 -0.004897 -0.089878 -0.375018 -0.923099 -0.927005 0.373913
VERTEX_POSE A766 -0.822774 0.126415 40.339259 0.385499 0.701566 0.491510 0.393576 0.780903 -0.594056
VERTEX_POSE A767 0.010264 -0.971488 36.117495 -0.530944 -0.036297 0.594379 -0.728056 -0.603997 -0.684556
VERTEX_POSE A768 -0.544346 -0.051985 33.900553 -0.425327 -0.903636 0.604514 -0.325082 -0.673543 0.278861
VERTEX_POSE A769 0.409944 0.854294 31.956213 0.357472 -0.166881 0.842999 -0.365808 -0.401953 -0.915607
VERTEX_POSE A770 0.531578 0.749042 29.450726 -0.056250 0.664099 -0.794362 -0.482119 0.604835 -0.571431
VERTEX_POSE A771 0.803704 -0.593425 27.025761 -0.388140 0.011409 0.301231 -0.943431 -0.870981 -0.331372
VERTEX_POSE A772 0.197701 0.399744 27.025761 0.711367 -0.378519 -0.132334 0.755372 0.690250 0.534918
VERTEX_POSE A773 -0.724544 -0.555420 27.025761 -0.581003 -0.135942 0.657685 0.502401 -0.479463 0.853881
VERTEX_POSE A774 -0.133452 0.386826 25.979791 -0.034169 -0.904360 0.676087 0.292558 -0.736029 0.310715
VERTEX_POSE A775 0.838697 0.534583 25.634614 -0.369986 -0.342002 0.510609 0.701897 -0.776137 0.624800
VERTEX_POSE A776 -0.205258 0.637067 24.258980 0.202678 0.938105 -0.099221 0.305008 0.974206 -0.164102
VERTEX_POSE A777 -0.480518 0.595747 24.258980 0.748521 -0.087529 0.607223 0.488780 -0.266452 0.868005
VERTEX_POSE A778 0.518604 -0.013022 23.388667 0.437467 0.899180 -0.873089 0.422076 -0.215265 0.115446
VERTEX_POSE A779 0.026182 0.999657 23.388667 0.033907 0.749339 0.768189 -0.442825 -0.639325 -0.492339
VERTEX_POSE A780 0.643360 0.002903 22.903657 0.182131 0.768682 -0.726109 0.525624 -0.663019 -0.364483
VERTEX_POSE A781 0.624672 -0.580090 21.839216 -0.367924 -0.100337 -0.679396 -0.649762 0.634865 -0.753486
VERTEX_POSE A782 0.123241 -0.406399 20.059568 0.842665 -0.007162 0.382242 -0.696274 0.379219 0.717741
VERTEX_POSE A783 0.040638 0.913602 20.059568 0.843201 0.007852 -0.536526 -0.050826 -0.033935 0.998677
VERTEX_POSE A784 -0.784394 -0.284161 17.408512 -0.693545 0.335661 -0.701186 -0.517577 -0.165329 0.787049
VERTEX_POSE A785 -0.424984 -0.401231 17.408512 0.104360 0.813317 0.200716 0.546461 -0.974075 0.199739
VERTEX_POSE A786 -0.495888 -0.537472 16.777803 0.370574 0.920217 0.156914 -0.195732 0.915452 -0.338953
VERTEX_POSE A787 0.254897 -0.840936 15.961327 -0.508635 0.138597 0.094993 0.989967 0.855726 -0.027514
VERTEX_POSE A788 -0.304903 0.005123 15.213488 -0.829226 0.047327 -0.437741 0.564544 0.347516 0.824045
VERTEX_POSE A789 0.358471 -0.925829 15.213488 0.971944 0.063057 -0.093633 -0.780049 0.215774 -0.622533
VERTEX_POSE A790 0.558049 0.819220 14.050514 0.418565 -0.315832 -0.675255 -0.735202 -0.607317 0.599773
VERTEX_POSE A791 0.784508 -0.468960 13.404269 0.569941 0.701388 0.222213 0.369957 0.791068 -0.609251
VERTEX_POSE A792 -0.566856 0.390699 12.748504 -0.020515 0.972866 0.509437 0.208510 0.860263 -0.100277
VERTEX_POSE A793 -0.678553 -0.720672 12.748504 0.012778 0.690659 -0.160336 0.715185 0.986980 0.107241
VERTEX_POSE A794 -0.978810 0.062790 11.814831 0.267660 0.623412 -0.350591 -0.647191 0.897465 -0.438749
VERTEX_POSE A795 0.185744 -0.128424 11.325414 0.101501 -0.747002 -0.991011 -0.133776 0.087146 -0.651224
VERTEX_POSE A796 0.720793 0.509755 11.325414 0.136813 -0.923694 0.988158 0.101924 -0.069467 -0.369324
VERTEX_POSE A797 -0.202978 0.803136 11.182210 -0.294746 0.906858 0.853133 0.107735 -0.430452 -0.407434
VERTEX_POSE A798 0.571620 0.000385 10.354360 0.019999 0.053703 0.070827 0.995972 -0.997288 0.071811
VERTEX_POSE A799 -0.682898 0.554583 9.743591 -0.234618 0.742413 -0.023677 0.640979 -0.971799 -0.194854
VERTEX_POSE A800 0.941950 -0.334161 9.743591 -0.676601 0.171876 -0.584058 0.466900 -0.448429 -0.867446
VERTEX_POSE A801 -0.334636 -0.942292 8.890682 0.581729 0.367062 0.007288 0.889995 -0.813350 0.270507
VERTEX_POSE A802 0.820590 0.454810 8.525841 0.418635 -0.473969 -0.822262 -0.559936 -0.385526 0.679577
VERTEX_POSE A803 0.162984 -0.766647 8.222006 -0.810701 0.170383 0.541920 0.580438 -0.221557 0.796279
VERTEX_POSE A804 -0.946330 0.003730 7.911976 -0.063584 -0.660752 0.724615 -0.545874 0.686214 0.515197
VERTEX_POSE A805 -0.322892 0.032959 7.466884 -0.121367 -0.815660 0.538452 -0.532838 -0.833870 -0.225351
VERTEX_POSE A806 -0.671553 0.195328 7.248039 -0.134106 -0.360958 -0.967102 -0.155483 0.216170 -0.919529
VERTEX_POSE A807 0.048289 -0.951040 7.248039 -0.872956 -0.213057 -0.365349 0.881627 0.323216 0.421119
