VERTEX_POSE A0 -0.946038 0.201997 0.324054 -0.946038 -0.946038 -0.324054
VERTEX_POSE A1 -0.324054 -0.201997 -0.704978 -0.709229 0.709229 -0.704978
VERTEX_POSE A2 0.709229 5.270369 -0.855366 0.518024 -0.518024 -0.855366
VERTEX_POSE A3 -0.704978 0.000000 -0.582835 0.812591 -0.812591 -0.582835
VERTEX_POSE A4 -0.518024 0.000000 0.904497 0.426480 -0.426480 0.904497
VERTEX_POSE A5 -0.855366 0.000000 -0.999997 0.002303 -0.002303 -0.999997
VERTEX_POSE A6 -0.812591 0.000000 0.675067 0.737756 -0.737756 0.675067
VERTEX_POSE A7 -0.582835 0.000000 -0.330054 0.943962 0.943962 0.330054
VERTEX_POSE A8 -0.426480 -0.114890 0.931858 -0.362824 0.362824 0.931858
VERTEX_POSE A9 0.904497 0.114890 0.938807 0.344444 -0.344444 0.938807
VERTEX_POSE A10 -0.002303 5.273441 0.975769 -0.218805 0.218805 0.975769
VERTEX_POSE A11 -0.999997 -5.273441 0.735399 0.677635 0.677635 -0.735399
VERTEX_POSE A12 -0.737756 -0.019672 -0.986908 0.161284 0.161284 0.986908
VERTEX_POSE A13 0.675067 0.019672 -0.786287 -0.617861 0.617861 -0.786287
VERTEX_POSE A14 0.943962 5.028020 0.971772 0.235921 0.235921 -0.971772
VERTEX_POSE A15 0.330054 -5.028020 0.361801 0.932255 -0.932255 0.361801
VERTEX_POSE A16 0.362824 -0.028639 0.892108 -0.451822 0.451822 0.892108
VERTEX_POSE A17 0.931858 0.028639 0.285768 0.958299 0.958299 -0.285768
VERTEX_POSE A18 -0.344444 4.878891 0.608737 -0.793372 -0.793372 -0.608737
VERTEX_POSE A19 0.938807 -4.878891 0.963621 0.267273 0.267273 -0.963621
VERTEX_POSE A20 0.218805 -0.010163 0.847731 -0.530427 -0.530427 -0.847731
VERTEX_POSE A21 0.975769 0.010163 -0.938809 -0.344437 0.344437 -0.938809
VERTEX_POSE A22 0.677635 5.271684 -0.051956 -0.998649 -0.998649 0.051956
VERTEX_POSE A23 -0.735399 -5.271684 0.867698 -0.497091 0.497091 0.867698
VERTEX_POSE A24 0.161284 -0.052282 -0.675500 0.737360 -0.737360 -0.675500
VERTEX_POSE A25 0.986908 0.052282 -0.947431 -0.319959 -0.319959 0.947431
VERTEX_POSE A26 0.617861 5.241226 0.228790 0.973476 -0.973476 0.228790
VERTEX_POSE A27 -0.786287 -5.241226 0.708449 -0.705762 0.705762 0.708449
VERTEX_POSE A28 0.235921 -0.032601 -0.591302 -0.806451 -0.806451 0.591302
VERTEX_POSE A29 -0.971772 0.032601 -0.281734 0.959493 0.959493 0.281734
VERTEX_POSE A30 -0.932255 5.257392 -0.805202 0.593000 0.593000 0.805202
VERTEX_POSE A31 0.361801 -5.257392 0.574202 0.818714 -0.818714 0.574202
VERTEX_POSE A32 0.451822 -0.034976 -0.717208 -0.696859 0.696859 -0.717208
VERTEX_POSE A33 0.892108 0.034976 0.958472 0.285188 0.285188 -0.958472
VERTEX_POSE A34 0.958299 0.000000 0.815437 0.578846 -0.578846 0.815437
VERTEX_POSE A35 -0.285768 0.000000 -0.999496 -0.031760 0.031760 -0.999496
VERTEX_POSE A36 -0.793372 0.000000 -0.872012 -0.489485 -0.489485 0.872012
VERTEX_POSE A37 -0.608737 0.000000 0.987415 0.158150 0.158150 -0.987415
VERTEX_POSE A38 0.267273 0.000000 0.998908 0.046726 0.046726 -0.998908
VERTEX_POSE A39 -0.963621 0.000000 0.612357 0.790581 -0.790581 0.612357
VERTEX_POSE A40 -0.530427 0.000000 -0.373348 -0.927691 -0.927691 0.373348
VERTEX_POSE A41 -0.847731 0.000000 -0.514682 -0.857381 -0.857381 0.514682
VERTEX_POSE A42 0.344437 0.000000 -0.703353 -0.710841 0.710841 -0.703353
VERTEX_POSE A43 -0.938809 0.000000 0.503096 -0.864231 -0.864231 -0.503096
VERTEX_POSE A44 -0.998649 0.000000 -0.992275 -0.124056 0.124056 -0.992275
VERTEX_POSE A45 0.051956 0.000000 -0.997712 0.067601 0.067601 0.997712
VERTEX_POSE A46 0.497091 0.000000 0.512759 0.858532 -0.858532 0.512759
VERTEX_POSE A47 0.867698 0.000000 -0.654275 0.756257 -0.756257 -0.654275
VERTEX_POSE A48 -0.737360 0.000000 -0.242975 -0.970033 0.970033 -0.242975
VERTEX_POSE A49 -0.675500 0.000000 0.832514 0.554004 -0.554004 0.832514
VERTEX_POSE A50 -0.319959 0.000000 0.685113 -0.728437 0.728437 0.685113
VERTEX_POSE A51 0.947431 0.000000 -0.614418 0.788981 0.788981 0.614418
VERTEX_POSE A52 -0.973476 0.000000 0.267133 0.963660 0.963660 -0.267133
VERTEX_POSE A53 0.228790 0.000000 0.596809 -0.802383 -0.802383 -0.596809
VERTEX_POSE A54 0.705762 0.000000 -0.921799 -0.387667 0.387667 -0.921799
VERTEX_POSE A55 0.708449 0.000000 0.993332 0.115285 -0.115285 0.993332
VERTEX_POSE A56 -0.806451 0.000000 -0.476427 -0.879214 0.879214 -0.476427
VERTEX_POSE A57 0.591302 0.000000 -0.995434 0.095450 0.095450 0.995434
VERTEX_POSE A58 0.959493 0.000000 -0.884991 -0.465608 -0.465608 0.884991
VERTEX_POSE A59 0.281734 0.000000 0.981838 -0.189722 0.189722 0.981838
VERTEX_POSE A60 0.593000 0.000000 -0.209060 0.977903 0.977903 0.209060
VERTEX_POSE A61 0.805202 0.000000 -0.971295 0.237880 -0.237880 -0.971295
VERTEX_POSE A62 -0.818714 0.000000 0.899987 0.435917 -0.435917 0.899987
VERTEX_POSE A63 0.574202 0.000000 0.833635 0.552316 -0.552316 0.833635
VERTEX_POSE A64 0.696859 0.000000 0.929660 -0.368418 0.368418 0.929660
VERTEX_POSE A65 -0.717208 0.000000 -0.335692 -0.941972 0.941972 -0.335692
VERTEX_POSE A66 0.285188 0.000000 0.825990 0.563684 -0.563684 0.825990
VERTEX_POSE A67 -0.958472 0.000000 -0.745217 -0.666822 -0.666822 0.745217
VERTEX_POSE A68 -0.578846 0.000000 -0.060428 0.998173 -0.998173 -0.060428
VERTEX_POSE A69 0.815437 0.000000 -0.511855 -0.859072 -0.859072 0.511855
VERTEX_POSE A70 0.031760 0.000000 -0.998879 -0.047327 -0.047327 0.998879
VERTEX_POSE A71 -0.999496 0.000000 0.460108 0.887863 0.887863 -0.460108
VERTEX_POSE A72 -0.489485 0.000000 0.232117 0.972688 0.972688 -0.232117
VERTEX_POSE A73 0.872012 0.000000 -0.599784 0.800162 -0.800162 -0.599784
VERTEX_POSE A74 0.158150 0.000000 -0.516030 -0.856570 -0.856570 0.516030
VERTEX_POSE A75 -0.987415 0.000000 0.482384 0.875960 0.875960 -0.482384
VERTEX_POSE A76 0.046726 0.000000 -0.671669 -0.740851 -0.740851 0.671669
VERTEX_POSE A77 -0.998908 0.000000 -0.399983 0.916523 -0.916523 -0.399983
VERTEX_POSE A78 -0.790581 0.000000 0.562314 0.826924 -0.826924 0.562314
VERTEX_POSE A79 0.612357 0.000000 0.980631 0.195863 -0.195863 0.980631
VERTEX_POSE A80 -0.927691 0.000000 0.296149 -0.955142 -0.955142 -0.296149
VERTEX_POSE A81 0.373348 0.000000 0.329044 -0.944315 -0.944315 -0.329044
VERTEX_POSE A82 -0.857381 0.000000 0.572375 -0.819992 -0.819992 -0.572375
VERTEX_POSE A83 0.514682 0.000000 -0.689458 -0.724326 0.724326 -0.689458
VERTEX_POSE A84 0.710841 0.000000 0.993085 -0.117399 0.117399 0.993085
VERTEX_POSE A85 -0.703353 0.000000 0.114734 -0.993396 -0.993396 -0.114734
VERTEX_POSE A86 -0.864231 0.000000 -0.992783 -0.119928 0.119928 -0.992783
VERTEX_POSE A87 -0.503096 0.000000 -0.896506 -0.443032 0.443032 -0.896506
VERTEX_POSE A88 0.124056 0.000000 -0.929808 0.368046 0.368046 0.929808
VERTEX_POSE A89 -0.992275 0.000000 -0.128860 0.991663 -0.991663 -0.128860
VERTEX_POSE A90 0.067601 0.000000 0.843079 0.537790 0.537790 -0.843079
VERTEX_POSE A91 0.997712 0.000000 -0.591275 -0.806470 0.806470 -0.591275
VERTEX_POSE A92 -0.858532 0.000000 -0.889249 0.457423 0.457423 0.889249
VERTEX_POSE A93 0.512759 0.000000 0.913430 0.406995 -0.406995 0.913430
VERTEX_POSE A94 -0.756257 0.000000 0.997828 -0.065872 0.065872 0.997828
VERTEX_POSE A95 -0.654275 0.000000 0.316782 -0.948498 0.948498 0.316782
VERTEX_POSE A96 0.970033 0.000000 0.700955 -0.713205 -0.713205 -0.700955
VERTEX_POSE A97 -0.242975 0.000000 -0.989508 -0.144478 0.144478 -0.989508
VERTEX_POSE A98 -0.554004 0.000000 -0.807516 0.589845 -0.589845 -0.807516
VERTEX_POSE A99 0.832514 0.000000 0.939583 0.342321 0.342321 -0.939583
VERTEX_POSE A100 0.728437 0.000000 -0.700820 -0.713338 0.713338 -0.700820
VERTEX_POSE A101 0.685113 0.000000 0.999999 0.001375 0.001375 -0.999999
VERTEX_POSE A102 0.788981 0.000000 -0.005203 0.999986 -0.999986 -0.005203
VERTEX_POSE A103 0.614418 0.000000 0.849820 0.527073 -0.527073 0.849820
VERTEX_POSE A104 0.963660 0.000000 0.282659 -0.959220 -0.959220 -0.282659
VERTEX_POSE A105 -0.267133 0.000000 0.921906 0.387413 0.387413 -0.921906
VERTEX_POSE A106 -0.802383 0.000000 0.957301 -0.289093 -0.289093 -0.957301
VERTEX_POSE A107 -0.596809 0.000000 0.775733 0.631061 0.631061 -0.775733
VERTEX_POSE A108 0.387667 0.000000 -0.976385 -0.216036 -0.216036 0.976385
VERTEX_POSE A109 -0.921799 0.000000 0.607890 0.794021 -0.794021 0.607890
VERTEX_POSE A110 -0.115285 0.000000 -0.967215 0.253958 0.253958 0.967215
VERTEX_POSE A111 0.993332 0.000000 -0.949777 0.312927 -0.312927 -0.949777
VERTEX_POSE A112 0.879214 0.000000 0.705368 0.708842 -0.708842 0.705368
VERTEX_POSE A113 -0.476427 0.000000 -0.607535 -0.794293 -0.794293 0.607535
VERTEX_POSE A114 0.095450 0.000000 0.039085 0.999236 0.999236 -0.039085
VERTEX_POSE A115 0.995434 0.000000 -0.524587 0.851357 0.851357 0.524587
VERTEX_POSE A116 -0.465608 0.000000 -0.999999 0.001277 -0.001277 -0.999999
VERTEX_POSE A117 0.884991 0.000000 -0.698839 0.715279 0.715279 0.698839
VERTEX_POSE A118 0.189722 0.000000 -0.692178 -0.721727 0.721727 -0.692178
VERTEX_POSE A119 0.981838 0.000000 0.816246 0.577705 0.577705 -0.816246
VERTEX_POSE A120 0.977903 0.000000 -0.817608 -0.575776 0.575776 -0.817608
VERTEX_POSE A121 0.209060 0.000000 0.132739 -0.991151 -0.991151 -0.132739
VERTEX_POSE A122 -0.237880 0.000000 -0.595087 -0.803662 -0.803662 0.595087
VERTEX_POSE A123 -0.971295 0.000000 -0.961661 -0.274239 0.274239 -0.961661
VERTEX_POSE A124 -0.435917 0.000000 0.530180 -0.847885 0.847885 0.530180
VERTEX_POSE A125 0.899987 0.000000 -0.007161 0.999974 -0.999974 -0.007161
VERTEX_POSE A126 -0.552316 0.000000 -0.404085 -0.914721 0.914721 -0.404085
VERTEX_POSE A127 0.833635 0.000000 -0.116908 0.993143 0.993143 0.116908
VERTEX_POSE A128 0.368418 0.000000 0.986732 0.162356 0.162356 -0.986732
VERTEX_POSE A129 0.929660 0.000000 -0.450057 -0.893000 -0.893000 0.450057
VERTEX_POSE A130 0.941972 0.000000 0.976355 0.216173 -0.216173 0.976355
VERTEX_POSE A131 -0.335692 0.000000 0.630481 0.776204 -0.776204 0.630481
VERTEX_POSE A132 -0.563684 0.000000 0.979106 -0.203352 0.203352 0.979106
VERTEX_POSE A133 0.825990 0.000000 -0.290762 -0.956795 -0.956795 0.290762
VERTEX_POSE A134 -0.666822 0.000000 0.987453 -0.157916 0.157916 0.987453
VERTEX_POSE A135 0.745217 0.000000 0.782775 -0.622304 0.622304 0.782775
VERTEX_POSE A136 -0.998173 0.000000 0.425379 -0.905015 -0.905015 -0.425379
VERTEX_POSE A137 -0.060428 0.000000 -0.493292 0.869864 -0.869864 -0.493292
VERTEX_POSE A138 -0.859072 0.000000 0.354313 -0.935127 0.935127 0.354313
VERTEX_POSE A139 0.511855 0.000000 -0.225068 -0.974343 0.974343 -0.225068
VERTEX_POSE A140 -0.047327 0.000000 -0.999654 0.026318 -0.026318 -0.999654
VERTEX_POSE A141 0.998879 0.000000 -0.903549 0.428484 -0.428484 -0.903549
VERTEX_POSE A142 0.887863 0.000000 0.881301 0.472555 0.472555 -0.881301
VERTEX_POSE A143 -0.460108 0.000000 0.759159 0.650905 0.650905 -0.759159
VERTEX_POSE A144 0.972688 0.000000 -0.974148 0.225910 0.225910 0.974148
VERTEX_POSE A145 -0.232117 0.000000 0.806475 0.591268 -0.591268 0.806475
VERTEX_POSE A146 -0.800162 0.000000 -0.728261 0.685300 0.685300 0.728261
VERTEX_POSE A147 -0.599784 0.000000 0.519296 -0.854594 0.854594 0.519296
VERTEX_POSE A148 -0.856570 0.000000 -0.837488 -0.546456 0.546456 -0.837488
VERTEX_POSE A149 0.516030 0.000000 -0.750425 -0.660955 -0.660955 0.750425
VERTEX_POSE A150 0.875960 0.000000 0.209463 0.977816 -0.977816 0.209463
VERTEX_POSE A151 -0.482384 0.000000 -0.999960 -0.008894 0.008894 -0.999960
VERTEX_POSE A152 -0.740851 0.000000 -0.717304 0.696760 0.696760 0.717304
VERTEX_POSE A153 0.671669 0.000000 -0.839804 0.542890 0.542890 0.839804
VERTEX_POSE A154 -0.916523 0.000000 0.995859 -0.090908 0.090908 0.995859
VERTEX_POSE A155 -0.399983 0.000000 0.966709 -0.255876 0.255876 0.966709
VERTEX_POSE A156 -0.826924 0.000000 0.956334 0.292276 -0.292276 0.956334
VERTEX_POSE A157 0.562314 0.000000 0.429914 0.902870 -0.902870 0.429914
VERTEX_POSE A158 -0.195863 0.000000 0.703233 0.710959 -0.710959 0.703233
VERTEX_POSE A159 0.980631 0.000000 0.014050 -0.999901 -0.999901 -0.014050
VERTEX_POSE A160 -0.955142 0.000000 -0.961598 0.274464 0.274464 0.961598
VERTEX_POSE A161 -0.296149 0.000000 -0.978624 -0.205658 -0.205658 0.978624
VERTEX_POSE A162 -0.944315 0.000000 0.980971 0.194157 0.194157 -0.980971
VERTEX_POSE A163 -0.329044 0.000000 -0.534259 -0.845321 -0.845321 0.534259
VERTEX_POSE A164 -0.819992 0.000000 0.876344 0.481686 -0.481686 0.876344
VERTEX_POSE A165 -0.572375 0.000000 0.212284 -0.977208 -0.977208 -0.212284
VERTEX_POSE A166 0.724326 0.000000 0.876073 0.482179 -0.482179 0.876073
VERTEX_POSE A167 -0.689458 0.000000 0.437489 0.899224 0.899224 -0.437489
VERTEX_POSE A168 0.117399 0.000000 -0.374642 -0.927170 0.927170 -0.374642
VERTEX_POSE A169 0.993085 0.000000 0.343349 -0.939208 -0.939208 -0.343349
VERTEX_POSE A170 -0.993396 0.000000 -0.446721 -0.894674 -0.894674 0.446721
VERTEX_POSE A171 -0.114734 0.000000 -0.742871 -0.669434 -0.669434 0.742871
VERTEX_POSE A172 0.119928 0.000000 -0.880226 -0.474554 0.474554 -0.880226
VERTEX_POSE A173 -0.992783 0.000000 -0.191441 0.981504 -0.981504 -0.191441
VERTEX_POSE A174 0.443032 0.000000 -0.612473 0.790492 -0.790492 -0.612473
VERTEX_POSE A175 -0.896506 0.000000 -0.838976 -0.544169 -0.544169 0.838976
VERTEX_POSE A176 0.368046 0.000000 -0.809223 -0.587502 -0.587502 0.809223
VERTEX_POSE A177 0.929808 0.000000 0.709623 0.704582 -0.704582 0.709623
VERTEX_POSE A178 -0.991663 0.000000 -0.999996 0.002792 0.002792 0.999996
VERTEX_POSE A179 -0.128860 0.000000 -0.782643 -0.622471 0.622471 -0.782643
VERTEX_POSE A180 0.537790 0.000000 0.845999 0.533184 -0.533184 0.845999
VERTEX_POSE A181 -0.843079 0.000000 -0.990108 -0.140304 -0.140304 0.990108
VERTEX_POSE A182 0.806470 0.000000 0.379614 0.925145 0.925145 -0.379614
VERTEX_POSE A183 -0.591275 0.000000 -0.225111 0.974333 -0.974333 -0.225111
VERTEX_POSE A184 0.457423 0.000000 0.999968 -0.007944 0.007944 0.999968
VERTEX_POSE A185 0.889249 0.000000 -0.867699 0.497090 0.497090 0.867699
VERTEX_POSE A186 -0.406995 0.000000 0.989443 -0.144923 -0.144923 -0.989443
VERTEX_POSE A187 0.913430 0.000000 0.927816 -0.373037 -0.373037 -0.927816
VERTEX_POSE A188 0.065872 0.000000 0.812348 -0.583173 0.583173 0.812348
VERTEX_POSE A189 0.997828 0.000000 -0.669641 0.742685 0.742685 0.669641
VERTEX_POSE A190 0.948498 0.000000 0.994219 -0.107370 0.107370 0.994219
VERTEX_POSE A191 0.316782 0.000000 -0.784087 0.620651 0.620651 0.784087
VERTEX_POSE A192 -0.713205 0.000000 -0.706627 0.707586 -0.707586 -0.706627
VERTEX_POSE A193 -0.700955 0.000000 0.964070 -0.265649 -0.265649 -0.964070
VERTEX_POSE A194 0.144478 0.000000 0.005475 -0.999985 0.999985 0.005475
VERTEX_POSE A195 -0.989508 0.000000 -0.501783 0.864994 -0.864994 -0.501783
VERTEX_POSE A196 -0.589845 0.000000 0.949055 -0.315109 0.315109 0.949055
VERTEX_POSE A197 -0.807516 0.000000 -0.818284 0.574813 0.574813 0.818284
VERTEX_POSE A198 0.342321 0.000000 0.601126 -0.799154 -0.799154 -0.601126
VERTEX_POSE A199 -0.939583 0.000000 -0.967335 0.253500 0.253500 0.967335
VERTEX_POSE A200 0.713338 0.000000 -0.664813 -0.747010 0.747010 -0.664813
VERTEX_POSE A201 -0.700820 0.000000 -0.756526 0.653964 -0.653964 -0.756526
VERTEX_POSE A202 0.001375 0.000000 0.947149 0.320794 -0.320794 0.947149
VERTEX_POSE A203 -0.999999 0.000000 -0.900441 0.434978 -0.434978 -0.900441
VERTEX_POSE A204 -0.999986 0.000000 0.986222 -0.165426 -0.165426 -0.986222
VERTEX_POSE A205 -0.005203 0.000000 -0.623895 0.781508 0.781508 0.623895
VERTEX_POSE A206 -0.527073 0.000000 0.280664 0.959806 0.959806 -0.280664
VERTEX_POSE A207 0.849820 0.000000 0.370098 0.928993 0.928993 -0.370098
VERTEX_POSE A208 -0.959220 0.000000 0.895116 -0.445833 0.445833 0.895116
VERTEX_POSE A209 -0.282659 0.000000 -0.823539 0.567259 -0.567259 -0.823539
VERTEX_POSE A210 0.387413 0.000000 -0.610630 0.791916 0.791916 0.610630
VERTEX_POSE A211 -0.921906 0.000000 0.544685 -0.838641 0.838641 0.544685
VERTEX_POSE A212 -0.289093 0.000000 -0.200654 0.979662 0.979662 0.200654
VERTEX_POSE A213 -0.957301 0.000000 0.352683 -0.935743 0.935743 0.352683
VERTEX_POSE A214 0.631061 0.000000 0.253258 0.967399 0.967399 -0.253258
VERTEX_POSE A215 -0.775733 0.000000 0.998168 0.060503 -0.060503 0.998168
VERTEX_POSE A216 -0.216036 0.000000 -0.898352 0.439275 0.439275 0.898352
VERTEX_POSE A217 0.976385 0.000000 -0.388101 0.921617 -0.921617 -0.388101
VERTEX_POSE A218 -0.794021 0.000000 0.825822 0.563930 0.563930 -0.825822
VERTEX_POSE A219 0.607890 0.000000 0.867561 -0.497331 -0.497331 -0.867561
VERTEX_POSE A220 0.253958 0.000000 0.996400 -0.084778 0.084778 0.996400
VERTEX_POSE A221 0.967215 0.000000 -0.958462 0.285220 -0.285220 -0.958462
VERTEX_POSE A222 -0.312927 0.000000 0.930568 0.366119 -0.366119 0.930568
VERTEX_POSE A223 -0.949777 0.000000 -0.998849 0.047959 0.047959 0.998849
VERTEX_POSE A224 -0.708842 0.000000 0.999612 -0.027849 0.027849 0.999612
VERTEX_POSE A225 0.705368 0.000000 -0.273132 -0.961977 -0.961977 0.273132
VERTEX_POSE A226 -0.794293 0.000000 -0.644925 0.764245 0.764245 0.644925
VERTEX_POSE A227 0.607535 0.000000 -0.622127 0.782916 -0.782916 -0.622127
VERTEX_POSE A228 0.999236 0.000000 0.896949 0.442134 -0.442134 0.896949
VERTEX_POSE A229 -0.039085 0.000000 0.209096 0.977895 -0.977895 0.209096
VERTEX_POSE A230 0.851357 0.000000 -0.053808 0.998551 0.998551 0.053808
VERTEX_POSE A231 0.524587 0.000000 -0.418787 0.908085 0.908085 0.418787
VERTEX_POSE A232 -0.001277 0.000000 -0.991912 -0.126924 -0.126924 0.991912
VERTEX_POSE A233 -0.999999 0.000000 -0.359357 0.933200 0.933200 0.359357
VERTEX_POSE A234 0.715279 0.000000 -0.996006 -0.089285 0.089285 -0.996006
VERTEX_POSE A235 0.698839 0.000000 -0.362017 -0.932172 -0.932172 0.362017
VERTEX_POSE A236 0.721727 0.000000 0.634410 -0.772997 -0.772997 -0.634410
VERTEX_POSE A237 -0.692178 0.000000 -0.723090 -0.690754 0.690754 -0.723090
VERTEX_POSE A238 0.577705 0.000000 0.959579 0.281440 0.281440 -0.959579
VERTEX_POSE A239 -0.816246 0.000000 -0.770955 0.636890 -0.636890 -0.770955
VERTEX_POSE A240 0.575776 0.000000 -0.987013 0.160640 -0.160640 -0.987013
VERTEX_POSE A241 -0.817608 0.000000 0.923751 -0.382993 0.382993 0.923751
VERTEX_POSE A242 -0.991151 0.000000 -0.999313 0.037065 0.037065 0.999313
VERTEX_POSE A243 -0.132739 0.000000 -0.448271 0.893898 -0.893898 -0.448271
VERTEX_POSE A244 -0.803662 0.000000 -0.137427 -0.990512 0.990512 -0.137427
VERTEX_POSE A245 0.595087 0.000000 -0.064805 0.997898 0.997898 0.064805
VERTEX_POSE A246 0.274239 0.000000 0.571012 -0.820942 0.820942 0.571012
VERTEX_POSE A247 -0.961661 0.000000 0.599878 -0.800091 -0.800091 -0.599878
VERTEX_POSE A248 0.847885 0.000000 -0.097497 -0.995236 0.995236 -0.097497
VERTEX_POSE A249 0.530180 0.000000 0.995206 -0.097797 -0.097797 -0.995206
VERTEX_POSE A250 -0.999974 0.000000 -0.781044 -0.624476 -0.624476 0.781044
VERTEX_POSE A251 -0.007161 0.000000 -0.987479 0.157749 -0.157749 -0.987479
VERTEX_POSE A252 0.914721 0.000000 0.306660 -0.951819 0.951819 0.306660
VERTEX_POSE A253 -0.404085 0.000000 -0.792200 0.610262 0.610262 0.792200
VERTEX_POSE A254 0.993143 0.000000 0.866092 -0.499885 0.499885 0.866092
VERTEX_POSE A255 0.116908 0.000000 0.212655 0.977127 0.977127 -0.212655
VERTEX_POSE A256 0.162356 0.000000 0.222879 -0.974846 -0.974846 -0.222879
VERTEX_POSE A257 -0.986732 0.000000 -0.368133 0.929773 -0.929773 -0.368133
VERTEX_POSE A258 -0.893000 0.000000 0.987638 0.156750 0.156750 -0.987638
VERTEX_POSE A259 0.450057 0.000000 -0.062331 -0.998056 0.998056 -0.062331
VERTEX_POSE A260 -0.216173 0.000000 0.679449 -0.733722 0.733722 0.679449
VERTEX_POSE A261 0.976355 0.000000 -0.786621 -0.617436 -0.617436 0.786621
VERTEX_POSE A262 -0.776204 0.000000 -0.606394 0.795164 -0.795164 -0.606394
VERTEX_POSE A263 0.630481 0.000000 -0.147848 -0.989010 0.989010 -0.147848
VERTEX_POSE A264 0.203352 0.000000 0.964293 0.264838 -0.264838 0.964293
VERTEX_POSE A265 0.979106 0.000000 -0.616226 -0.787569 -0.787569 0.616226
VERTEX_POSE A266 -0.956795 0.000000 0.933357 -0.358949 0.358949 0.933357
VERTEX_POSE A267 0.290762 0.000000 0.662752 0.748839 -0.748839 0.662752
VERTEX_POSE A268 0.157916 0.000000 0.731951 -0.681358 0.681358 0.731951
VERTEX_POSE A269 0.987453 0.000000 -0.908675 0.417504 -0.417504 -0.908675
VERTEX_POSE A270 0.622304 0.000000 0.999932 0.011661 0.011661 -0.999932
VERTEX_POSE A271 0.782775 0.000000 -0.985944 -0.167076 -0.167076 0.985944
VERTEX_POSE A272 -0.905015 1.000000 -0.280511 0.959851 0.959851 0.280511
VERTEX_POSE A273 -0.425379 0.000000 0.073027 -0.997330 -0.997330 -0.073027
VERTEX_POSE A274 -0.869864 0.000000 -0.598965 -0.800775 0.800775 -0.598965
VERTEX_POSE A275 -0.493292 0.000000 -0.388031 0.921646 0.921646 0.388031
VERTEX_POSE A276 0.935127 1.000000 -0.334539 0.942382 0.942382 0.334539
VERTEX_POSE A277 0.354313 0.000000 0.388431 0.921478 0.921478 -0.388431
VERTEX_POSE A278 0.974343 0.000000 0.168735 -0.985661 -0.985661 -0.168735
VERTEX_POSE A279 -0.225068 0.000000 -0.958114 -0.286386 -0.286386 0.958114
VERTEX_POSE A280 -0.026318 0.000000 0.987139 0.159862 -0.159862 0.987139
VERTEX_POSE A281 -0.999654 0.000000 -0.952751 0.303753 0.303753 0.952751
VERTEX_POSE A282 -0.428484 7.466227 -0.000159 -1.000000 1.000000 -0.000159
VERTEX_POSE A283 -0.903549 0.000000 -0.807884 -0.589342 0.589342 -0.807884
VERTEX_POSE A284 0.472555 0.000000 -0.704710 -0.709495 -0.709495 0.704710
VERTEX_POSE A285 -0.881301 0.000000 0.550038 -0.835140 0.835140 0.550038
VERTEX_POSE A286 0.650905 0.000000 0.157429 -0.987530 0.987530 0.157429
VERTEX_POSE A287 -0.759159 0.000000 0.652571 -0.757727 0.757727 0.652571
VERTEX_POSE A288 0.225910 1.000000 -0.037283 0.999305 0.999305 0.037283
VERTEX_POSE A289 0.974148 0.000000 -0.081219 0.996696 0.996696 0.081219
VERTEX_POSE A290 -0.591268 0.000000 0.687545 -0.726141 0.726141 0.687545
VERTEX_POSE A291 0.806475 0.000000 0.823512 -0.567299 0.567299 0.823512
VERTEX_POSE A292 0.685300 1.000000 -0.995100 0.098869 -0.098869 -0.995100
VERTEX_POSE A293 0.728261 0.000000 -0.206937 0.978354 0.978354 0.206937
VERTEX_POSE A294 0.854594 0.000000 -0.263278 -0.964720 0.964720 -0.263278
VERTEX_POSE A295 0.519296 0.000000 -0.971802 0.235800 0.235800 0.971802
VERTEX_POSE A296 0.546456 0.000000 0.576446 -0.817135 -0.817135 -0.576446
VERTEX_POSE A297 -0.837488 0.000000 -0.947177 -0.320712 -0.320712 0.947177
VERTEX_POSE A298 -0.660955 0.000000 0.972233 0.234013 0.234013 -0.972233
VERTEX_POSE A299 0.750425 0.000000 -0.670444 -0.741961 -0.741961 0.670444
VERTEX_POSE A300 -0.977816 0.000000 0.992085 0.125565 -0.125565 0.992085
VERTEX_POSE A301 0.209463 0.000000 -0.682416 0.730964 0.730964 0.682416
VERTEX_POSE A302 0.008894 0.000000 0.947467 -0.319855 -0.319855 -0.947467
VERTEX_POSE A303 -0.999960 0.000000 -0.984344 -0.176259 -0.176259 0.984344
VERTEX_POSE A304 0.696760 -1.251773 0.221118 0.975247 0.975247 -0.221118
VERTEX_POSE A305 0.717304 0.000000 0.542462 -0.840080 0.840080 0.542462
VERTEX_POSE A306 0.542890 0.000000 -0.693831 -0.720138 0.720138 -0.693831
VERTEX_POSE A307 0.839804 0.000000 0.890419 -0.455141 -0.455141 -0.890419
VERTEX_POSE A308 0.090908 0.000000 0.901200 0.433404 0.433404 -0.901200
VERTEX_POSE A309 0.995859 0.000000 -0.927585 -0.373612 0.373612 -0.927585
VERTEX_POSE A310 0.255876 0.000000 -0.934894 -0.354928 0.354928 -0.934894
VERTEX_POSE A311 0.966709 0.000000 -0.645263 0.763961 0.763961 0.645263
VERTEX_POSE A312 -0.292276 1.000000 0.996863 0.079148 -0.079148 0.996863
VERTEX_POSE A313 0.956334 0.000000 -0.718250 -0.695785 0.695785 -0.718250
VERTEX_POSE A314 -0.902870 0.000000 0.993808 0.111114 -0.111114 0.993808
VERTEX_POSE A315 0.429914 0.000000 0.006261 0.999980 0.999980 -0.006261
VERTEX_POSE A316 -0.710959 1.000000 0.099252 0.995062 0.995062 -0.099252
VERTEX_POSE A317 0.703233 0.000000 0.931808 -0.362953 -0.362953 -0.931808
VERTEX_POSE A318 -0.999901 0.000000 -0.624774 -0.780805 0.780805 -0.624774
VERTEX_POSE A319 -0.014050 0.000000 -0.653071 0.757297 0.757297 0.653071
VERTEX_POSE A320 0.274464 1.000000 -0.727904 0.685679 0.685679 0.727904
VERTEX_POSE A321 0.961598 0.000000 0.941412 -0.337260 -0.337260 -0.941412
VERTEX_POSE A322 -0.205658 0.000000 0.985382 -0.170361 0.170361 0.985382
VERTEX_POSE A323 0.978624 0.000000 0.967831 0.251601 0.251601 -0.967831
VERTEX_POSE A324 0.194157 0.000000 0.515916 -0.856639 0.856639 0.515916
VERTEX_POSE A325 -0.980971 0.000000 0.695752 -0.718282 -0.718282 -0.695752
VERTEX_POSE A326 -0.845321 8.077919 0.310175 -0.950680 -0.950680 -0.310175
VERTEX_POSE A327 0.534259 0.000000 0.305417 -0.952219 -0.952219 -0.305417
VERTEX_POSE A328 -0.481686 0.000000 0.837247 -0.546825 0.546825 0.837247
VERTEX_POSE A329 0.876344 0.000000 0.243552 0.969888 0.969888 -0.243552
VERTEX_POSE A330 -0.977208 0.000000 -0.620662 0.784078 0.784078 0.620662
VERTEX_POSE A331 -0.212284 0.000000 -0.216283 0.976331 0.976331 0.216283
VERTEX_POSE A332 -0.482179 1.000000 0.996343 -0.085440 0.085440 0.996343
VERTEX_POSE A333 0.876073 0.000000 0.512973 0.858405 0.858405 -0.512973
VERTEX_POSE A334 0.899224 0.000000 0.639899 0.768459 -0.768459 0.639899
VERTEX_POSE A335 -0.437489 0.000000 -0.635821 0.771837 0.771837 0.635821
VERTEX_POSE A336 0.927170 1.000000 0.184224 -0.982884 -0.982884 -0.184224
VERTEX_POSE A337 -0.374642 0.000000 -0.966892 -0.255187 -0.255187 0.966892
VERTEX_POSE A338 -0.939208 0.000000 0.986681 0.162668 0.162668 -0.986681
VERTEX_POSE A339 -0.343349 0.000000 0.931471 0.363816 -0.363816 0.931471
VERTEX_POSE A340 -0.894674 1.000000 -0.461779 0.886995 -0.886995 -0.461779
VERTEX_POSE A341 0.446721 0.000000 0.180934 0.983495 -0.983495 0.180934
VERTEX_POSE A342 -0.669434 0.000000 0.847672 0.530521 0.530521 -0.847672
VERTEX_POSE A343 0.742871 0.000000 0.139742 -0.990188 0.990188 0.139742
VERTEX_POSE A344 0.474554 0.000000 -0.652659 -0.757652 -0.757652 0.652659
VERTEX_POSE A345 -0.880226 0.000000 0.973641 -0.228085 0.228085 0.973641
VERTEX_POSE A346 -0.981504 0.000000 -0.482113 -0.876109 0.876109 -0.482113
VERTEX_POSE A347 -0.191441 0.000000 -0.807001 0.590551 -0.590551 -0.807001
VERTEX_POSE A348 -0.790492 -1.440297 0.777713 0.628620 0.628620 -0.777713
VERTEX_POSE A349 -0.612473 0.000000 -0.781735 -0.623611 -0.623611 0.781735
VERTEX_POSE A350 -0.544169 0.000000 0.443294 0.896376 0.896376 -0.443294
VERTEX_POSE A351 0.838976 0.000000 -0.642525 -0.766265 0.766265 -0.642525
VERTEX_POSE A352 -0.587502 0.000000 -0.999956 0.009411 -0.009411 -0.999956
VERTEX_POSE A353 0.809223 0.000000 -0.129358 -0.991598 -0.991598 0.129358
VERTEX_POSE A354 -0.704582 0.000000 0.847094 -0.531443 -0.531443 -0.847094
VERTEX_POSE A355 0.709623 0.000000 0.242058 -0.970262 -0.970262 -0.242058
VERTEX_POSE A356 0.002792 1.000000 0.995259 -0.097259 -0.097259 -0.995259
VERTEX_POSE A357 0.999996 0.000000 0.926206 0.377018 0.377018 -0.926206
VERTEX_POSE A358 0.622471 0.000000 -0.902595 0.430490 0.430490 0.902595
VERTEX_POSE A359 -0.782643 0.000000 0.999829 0.018483 -0.018483 0.999829
VERTEX_POSE A360 -0.533184 1.000000 -0.892067 0.451904 -0.451904 -0.892067
VERTEX_POSE A361 0.845999 0.000000 0.950001 -0.312246 -0.312246 -0.950001
VERTEX_POSE A362 -0.140304 0.000000 -0.999353 -0.035976 -0.035976 0.999353
VERTEX_POSE A363 0.990108 0.000000 -0.679028 0.734113 -0.734113 -0.679028
VERTEX_POSE A364 0.925145 1.000000 -0.343140 0.939284 -0.939284 -0.343140
VERTEX_POSE A365 -0.379614 0.000000 0.381643 0.924310 0.924310 -0.381643
VERTEX_POSE A366 -0.974333 0.000000 -0.335048 0.942201 0.942201 0.335048
VERTEX_POSE A367 -0.225111 0.000000 -0.802498 0.596655 -0.596655 -0.802498
VERTEX_POSE A368 0.007944 0.000000 -0.769254 -0.638944 0.638944 -0.769254
VERTEX_POSE A369 0.999968 0.000000 -0.176498 -0.984301 0.984301 -0.176498
VERTEX_POSE A370 0.497090 7.097386 0.913121 -0.407688 -0.407688 -0.913121
VERTEX_POSE A371 0.867699 0.000000 -0.938218 0.346045 -0.346045 -0.938218
VERTEX_POSE A372 -0.144923 0.000000 0.620806 -0.783965 -0.783965 -0.620806
VERTEX_POSE A373 -0.989443 0.000000 0.599080 0.800689 -0.800689 0.599080
VERTEX_POSE A374 -0.373037 0.000000 0.817412 -0.576054 0.576054 0.817412
VERTEX_POSE A375 -0.927816 0.000000 -0.980656 0.195740 0.195740 0.980656
VERTEX_POSE A376 0.583173 1.000000 -0.684705 0.728820 0.728820 0.684705
VERTEX_POSE A377 0.812348 0.000000 -0.851061 0.525068 -0.525068 -0.851061
VERTEX_POSE A378 0.742685 0.000000 -0.663417 -0.748250 0.748250 -0.663417
VERTEX_POSE A379 0.669641 0.000000 0.596593 0.802544 -0.802544 0.596593
VERTEX_POSE A380 0.107370 1.000000 0.852007 0.523531 0.523531 -0.852007
VERTEX_POSE A381 0.994219 0.000000 0.054740 -0.998501 0.998501 0.054740
VERTEX_POSE A382 0.620651 0.000000 0.602705 0.797964 0.797964 -0.602705
VERTEX_POSE A383 0.784087 0.000000 0.998144 -0.060900 0.060900 0.998144
VERTEX_POSE A384 -0.707586 1.000000 -0.705030 0.709177 -0.709177 -0.705030
VERTEX_POSE A385 -0.706627 0.000000 -0.098663 0.995121 0.995121 0.098663
VERTEX_POSE A386 -0.265649 0.000000 0.783663 0.621186 0.621186 -0.783663
VERTEX_POSE A387 -0.964070 0.000000 0.802006 -0.597315 0.597315 0.802006
VERTEX_POSE A388 0.999985 0.000000 0.820041 -0.572305 -0.572305 -0.820041
VERTEX_POSE A389 0.005475 0.000000 -0.900484 0.434888 0.434888 0.900484
VERTEX_POSE A390 -0.864994 0.000000 -0.273745 -0.961802 0.961802 -0.273745
VERTEX_POSE A391 -0.501783 0.000000 0.005222 0.999986 0.999986 -0.005222
VERTEX_POSE A392 0.315109 0.734485 -0.861457 -0.507831 -0.507831 0.861457
VERTEX_POSE A393 0.949055 0.000000 -0.999906 -0.013694 -0.013694 0.999906
VERTEX_POSE A394 0.574813 0.000000 0.427969 0.903793 -0.903793 0.427969
VERTEX_POSE A395 0.818284 0.000000 -0.249057 -0.968489 0.968489 -0.249057
VERTEX_POSE A396 -0.799154 0.000000 0.169795 0.985479 -0.985479 0.169795
VERTEX_POSE A397 -0.601126 0.000000 0.427056 0.904225 -0.904225 0.427056
VERTEX_POSE A398 0.253500 0.000000 0.684059 -0.729427 0.729427 0.684059
VERTEX_POSE A399 0.967335 0.000000 0.916889 0.399142 0.399142 -0.916889
VERTEX_POSE A400 0.747010 1.000000 -0.398987 -0.916956 -0.916956 0.398987
VERTEX_POSE A401 -0.664813 0.000000 -0.352636 0.935761 0.935761 0.352636
VERTEX_POSE A402 -0.653964 0.000000 -0.942480 -0.334263 -0.334263 0.942480
VERTEX_POSE A403 -0.756526 0.000000 -0.660830 0.750536 0.750536 0.660830
VERTEX_POSE A404 -0.320794 1.000000 -0.993111 0.117173 0.117173 0.993111
VERTEX_POSE A405 0.947149 0.000000 0.315571 0.948902 0.948902 -0.315571
VERTEX_POSE A406 -0.434978 0.000000 0.536945 0.843617 -0.843617 0.536945
VERTEX_POSE A407 -0.900441 0.000000 0.813841 0.581088 0.581088 -0.813841
VERTEX_POSE A408 -0.165426 1.000000 -0.990406 -0.138188 0.138188 -0.990406
VERTEX_POSE A409 -0.986222 0.000000 -0.933846 -0.357675 -0.357675 0.933846
VERTEX_POSE A410 0.781508 0.000000 -0.734790 -0.678295 0.678295 -0.734790
VERTEX_POSE A411 0.623895 0.000000 0.952344 0.305026 -0.305026 0.952344
VERTEX_POSE A412 0.959806 0.000000 -0.294670 -0.955599 0.955599 -0.294670
VERTEX_POSE A413 -0.280664 0.000000 0.196347 0.980534 0.980534 -0.196347
VERTEX_POSE A414 0.928993 7.707121 0.658690 -0.752415 -0.752415 -0.658690
VERTEX_POSE A415 -0.370098 0.000000 -0.336356 0.941735 0.941735 0.336356
VERTEX_POSE A416 0.445833 0.000000 -0.022153 0.999755 0.999755 0.022153
VERTEX_POSE A417 0.895116 0.000000 0.936899 -0.349600 -0.349600 -0.936899
VERTEX_POSE A418 -0.567259 0.000000 -0.581720 -0.813389 0.813389 -0.581720
VERTEX_POSE A419 -0.823539 0.000000 -0.599195 -0.800603 -0.800603 0.599195
VERTEX_POSE A420 0.791916 1.000000 0.447715 0.894177 0.894177 -0.447715
VERTEX_POSE A421 0.610630 0.000000 0.056032 -0.998429 0.998429 0.056032
VERTEX_POSE A422 0.838641 0.000000 -0.092436 0.995719 -0.995719 -0.092436
VERTEX_POSE A423 0.544685 0.000000 0.845609 0.533803 -0.533803 0.845609
VERTEX_POSE A424 0.979662 1.000000 -0.407190 0.913343 -0.913343 -0.407190
VERTEX_POSE A425 0.200654 0.000000 -0.986682 -0.162660 0.162660 -0.986682
VERTEX_POSE A426 0.935743 0.000000 -0.845191 0.534465 -0.534465 -0.845191
VERTEX_POSE A427 0.352683 0.000000 0.423129 -0.906069 -0.906069 -0.423129
VERTEX_POSE A428 0.967399 1.000000 0.995152 0.098352 -0.098352 0.995152
VERTEX_POSE A429 -0.253258 0.000000 -0.525460 0.850818 0.850818 0.525460
VERTEX_POSE A430 -0.060503 0.000000 -0.406862 0.913490 -0.913490 -0.406862
VERTEX_POSE A431 0.998168 0.000000 0.202712 0.979238 -0.979238 0.202712
VERTEX_POSE A432 0.439275 0.000000 -0.018644 -0.999826 0.999826 -0.018644
VERTEX_POSE A433 0.898352 0.000000 -0.724932 0.688821 0.688821 0.724932
VERTEX_POSE A434 -0.921617 0.000000 -0.957136 -0.289637 0.289637 -0.957136
VERTEX_POSE A435 -0.388101 0.000000 -0.732391 0.680884 -0.680884 -0.732391
VERTEX_POSE A436 0.563930 -1.682510 -0.097908 -0.995195 -0.995195 0.097908
VERTEX_POSE A437 -0.825822 0.000000 0.917206 0.398413 0.398413 -0.917206
VERTEX_POSE A438 -0.497331 0.000000 0.929956 -0.367670 0.367670 0.929956
VERTEX_POSE A439 -0.867561 0.000000 0.518245 -0.855232 -0.855232 -0.518245
VERTEX_POSE A440 0.084778 0.000000 -0.808425 0.588600 -0.588600 -0.808425
VERTEX_POSE A441 0.996400 0.000000 -0.926270 0.376860 -0.376860 -0.926270
VERTEX_POSE A442 -0.285220 0.000000 -0.998738 -0.050214 0.050214 -0.998738
VERTEX_POSE A443 -0.958462 0.000000 0.636460 -0.771310 0.771310 0.636460
VERTEX_POSE A444 -0.366119 1.000000 0.155261 -0.987874 -0.987874 -0.155261
VERTEX_POSE A445 0.930568 0.000000 0.439291 -0.898345 -0.898345 -0.439291
VERTEX_POSE A446 0.047959 0.000000 0.496219 -0.868197 -0.868197 -0.496219
VERTEX_POSE A447 0.998849 0.000000 -0.104143 -0.994562 -0.994562 0.104143
VERTEX_POSE A448 0.027849 1.000000 -0.746501 0.665385 0.665385 0.746501
VERTEX_POSE A449 0.999612 0.000000 0.893187 0.449685 0.449685 -0.893187
VERTEX_POSE A450 -0.961977 0.000000 0.291059 -0.956705 -0.956705 -0.291059
VERTEX_POSE A451 0.273132 0.000000 0.134952 0.990852 0.990852 -0.134952
VERTEX_POSE A452 0.764245 1.000000 -0.954814 -0.297205 0.297205 -0.954814
VERTEX_POSE A453 0.644925 0.000000 -0.691325 -0.722544 0.722544 -0.691325
VERTEX_POSE A454 -0.782916 0.000000 0.990710 0.135991 -0.135991 0.990710
VERTEX_POSE A455 -0.622127 0.000000 -0.296704 -0.954969 -0.954969 0.296704
VERTEX_POSE A456 -0.442134 0.000000 -0.521650 0.853160 -0.853160 -0.521650
VERTEX_POSE A457 0.896949 0.000000 -0.174329 -0.984687 -0.984687 0.174329
VERTEX_POSE A458 -0.977895 7.105243 -0.869770 -0.493457 0.493457 -0.869770
VERTEX_POSE A459 0.209096 0.000000 -0.605252 0.796034 -0.796034 -0.605252
VERTEX_POSE A460 0.998551 0.000000 0.109386 -0.993999 0.993999 0.109386
VERTEX_POSE A461 0.053808 0.000000 0.847174 -0.531316 0.531316 0.847174
VERTEX_POSE A462 0.908085 0.000000 -0.601366 0.798973 0.798973 0.601366
VERTEX_POSE A463 0.418787 0.000000 -0.973735 -0.227683 0.227683 -0.973735
VERTEX_POSE A464 -0.126924 1.000000 0.291926 -0.956441 0.956441 0.291926
VERTEX_POSE A465 0.991912 0.000000 -0.868298 -0.496042 -0.496042 0.868298
VERTEX_POSE A466 0.933200 0.000000 -0.921073 0.389391 -0.389391 -0.921073
VERTEX_POSE A467 0.359357 0.000000 0.863899 0.503664 -0.503664 0.863899
VERTEX_POSE A468 0.089285 1.000000 0.930735 -0.365695 0.365695 0.930735
VERTEX_POSE A469 -0.996006 0.000000 0.651360 0.758769 0.758769 -0.651360
VERTEX_POSE A470 -0.932172 0.000000 0.997824 -0.065928 -0.065928 -0.997824
VERTEX_POSE A471 0.362017 0.000000 0.584266 -0.811562 0.811562 0.584266
VERTEX_POSE A472 -0.772997 1.000000 0.998517 -0.054443 -0.054443 -0.998517
VERTEX_POSE A473 -0.634410 0.000000 -0.545992 0.837790 0.837790 0.545992
VERTEX_POSE A474 0.690754 0.000000 0.662358 0.749187 -0.749187 0.662358
VERTEX_POSE A475 -0.723090 0.000000 0.614725 -0.788741 0.788741 0.614725
VERTEX_POSE A476 0.281440 0.000000 0.898725 0.438513 -0.438513 0.898725
VERTEX_POSE A477 -0.959579 0.000000 -0.704787 -0.709419 0.709419 -0.704787
VERTEX_POSE A478 -0.636890 0.000000 -0.339840 0.940483 -0.940483 -0.339840
VERTEX_POSE A479 -0.770955 0.000000 0.924989 -0.379994 0.379994 0.924989
VERTEX_POSE A480 -0.160640 -1.860639 0.976079 -0.217417 -0.217417 -0.976079
VERTEX_POSE A481 -0.987013 0.000000 -0.588260 -0.808672 0.808672 -0.588260
VERTEX_POSE A482 0.382993 0.000000 0.846903 -0.531747 0.531747 0.846903
VERTEX_POSE A483 0.923751 0.000000 0.686987 0.726670 -0.726670 0.686987
VERTEX_POSE A484 0.037065 0.000000 -0.888735 -0.458422 0.458422 -0.888735
VERTEX_POSE A485 0.999313 0.000000 -0.105577 -0.994411 -0.994411 0.105577
VERTEX_POSE A486 -0.893898 0.000000 0.549739 0.835336 -0.835336 0.549739
VERTEX_POSE A487 -0.448271 0.000000 -0.692127 -0.721776 -0.721776 0.692127
VERTEX_POSE A488 0.990512 1.000000 -0.028198 0.999602 -0.999602 -0.028198
VERTEX_POSE A489 -0.137427 0.000000 0.922226 -0.386652 -0.386652 -0.922226
VERTEX_POSE A490 0.997898 0.000000 0.980628 0.195878 -0.195878 0.980628
VERTEX_POSE A491 0.064805 0.000000 -0.747594 0.664156 -0.664156 -0.747594
VERTEX_POSE A492 0.820942 1.000000 0.075046 0.997180 -0.997180 0.075046
VERTEX_POSE A493 0.571012 0.000000 0.394630 0.918840 -0.918840 0.394630
VERTEX_POSE A494 -0.800091 0.000000 0.128516 0.991707 -0.991707 0.128516
VERTEX_POSE A495 -0.599878 0.000000 -0.826397 -0.563088 -0.563088 0.826397
VERTEX_POSE A496 0.995236 1.000000 0.855847 -0.517229 0.517229 0.855847
VERTEX_POSE A497 -0.097497 0.000000 -0.501669 0.865060 -0.865060 -0.501669
VERTEX_POSE A498 -0.097797 0.000000 0.489399 0.872060 0.872060 -0.489399
VERTEX_POSE A499 -0.995206 0.000000 -0.570060 0.821603 -0.821603 -0.570060
VERTEX_POSE A500 -0.624476 0.000000 -0.781709 0.623643 -0.623643 -0.781709
VERTEX_POSE A501 0.781044 0.000000 -0.763116 0.646261 0.646261 0.763116
VERTEX_POSE A502 -0.157749 7.181165 0.968907 0.247425 -0.247425 0.968907
VERTEX_POSE A503 -0.987479 0.000000 0.743640 0.668580 0.668580 -0.743640
VERTEX_POSE A504 0.951819 0.000000 0.224692 0.974430 0.974430 -0.224692
VERTEX_POSE A505 0.306660 0.000000 0.936583 -0.350447 -0.350447 -0.936583
VERTEX_POSE A506 0.610262 0.000000 0.363163 -0.931726 0.931726 0.363163
VERTEX_POSE A507 0.792200 0.000000 0.780100 0.625655 -0.625655 0.780100
VERTEX_POSE A508 0.499885 1.000000 0.953963 0.299925 0.299925 -0.953963
VERTEX_POSE A509 0.866092 0.000000 0.418838 -0.908061 -0.908061 -0.418838
VERTEX_POSE A510 0.977127 0.000000 0.058137 0.998309 -0.998309 0.058137
VERTEX_POSE A511 -0.212655 0.000000 0.569035 -0.822314 -0.822314 -0.569035
VERTEX_POSE A512 -0.974846 1.000000 -0.938225 0.346025 -0.346025 -0.938225
VERTEX_POSE A513 -0.222879 0.000000 0.981248 0.192748 0.192748 -0.981248
VERTEX_POSE A514 -0.929773 0.000000 0.700876 -0.713283 0.713283 0.700876
VERTEX_POSE A515 -0.368133 0.000000 -0.394944 0.918705 0.918705 0.394944
VERTEX_POSE A516 0.156750 1.000000 0.676451 -0.736488 -0.736488 -0.676451
VERTEX_POSE A517 -0.987638 0.000000 0.635031 -0.772487 -0.772487 -0.635031
VERTEX_POSE A518 0.998056 0.000000 -0.976697 -0.214624 -0.214624 0.976697
VERTEX_POSE A519 -0.062331 0.000000 -0.978353 0.206941 0.206941 0.978353
VERTEX_POSE A520 0.733722 0.000000 0.049465 -0.998776 -0.998776 -0.049465
VERTEX_POSE A521 0.679449 0.000000 0.474086 0.880478 -0.880478 0.474086
VERTEX_POSE A522 -0.617436 0.000000 -0.260081 -0.965587 -0.965587 0.260081
VERTEX_POSE A523 0.786621 0.000000 0.426537 -0.904470 0.904470 0.426537
VERTEX_POSE A524 -0.795164 -1.660772 0.867884 0.496766 0.496766 -0.867884
VERTEX_POSE A525 -0.606394 0.000000 -0.880057 0.474869 -0.474869 -0.880057
VERTEX_POSE A526 0.989010 0.000000 0.061196 0.998126 0.998126 -0.061196
VERTEX_POSE A527 -0.147848 0.000000 0.437815 -0.899065 -0.899065 -0.437815
VERTEX_POSE A528 -0.264838 0.000000 -0.684291 -0.729209 0.729209 -0.684291
VERTEX_POSE A529 0.964293 0.000000 -0.743966 -0.668217 0.668217 -0.743966
VERTEX_POSE A530 -0.787569 0.000000 -0.159443 0.987207 -0.987207 -0.159443
VERTEX_POSE A531 0.616226 0.000000 0.993982 0.109543 0.109543 -0.993982
VERTEX_POSE A532 0.358949 1.000000 -0.999574 -0.029194 0.029194 -0.999574
VERTEX_POSE A533 0.933357 0.000000 0.940432 -0.339981 0.339981 0.940432
VERTEX_POSE A534 -0.748839 0.000000 -0.107569 0.994198 0.994198 0.107569
VERTEX_POSE A535 0.662752 0.000000 0.810479 0.585767 0.585767 -0.810479
VERTEX_POSE A536 0.681358 1.000000 0.873217 -0.487332 0.487332 0.873217
VERTEX_POSE A537 0.731951 0.000000 -0.205518 -0.978653 -0.978653 0.205518
VERTEX_POSE A538 -0.417504 0.000000 0.945136 -0.326676 -0.326676 -0.945136
VERTEX_POSE A539 -0.908675 0.000000 -0.960949 0.276724 -0.276724 -0.960949
VERTEX_POSE A540 0.011661 1.000000 -0.975570 0.219689 -0.219689 -0.975570
VERTEX_POSE A541 -0.999932 0.000000 0.877729 -0.479158 -0.479158 -0.877729
VERTEX_POSE A542 -0.167076 0.000000 -0.993412 -0.114601 0.114601 -0.993412
VERTEX_POSE A543 0.985944 0.000000 0.991992 0.126302 0.126302 -0.991992
VERTEX_POSE A544 0.959851 0.000000 -0.659792 -0.751448 0.751448 -0.659792
VERTEX_POSE A545 0.280511 0.000000 0.815282 0.579063 -0.579063 0.815282
VERTEX_POSE A546 -0.997330 7.110519 0.975440 0.220266 0.220266 -0.975440
VERTEX_POSE A547 -0.073027 0.000000 0.632971 -0.774175 -0.774175 -0.632971
VERTEX_POSE A548 0.800775 0.000000 -0.881494 -0.472196 -0.472196 0.881494
VERTEX_POSE A549 -0.598965 0.000000 0.529161 -0.848521 -0.848521 -0.529161
VERTEX_POSE A550 0.921646 0.000000 -0.636137 -0.771576 0.771576 -0.636137
VERTEX_POSE A551 0.388031 0.000000 0.592748 -0.805388 -0.805388 -0.592748
VERTEX_POSE A552 0.942382 1.000000 0.065842 0.997830 0.997830 -0.065842
VERTEX_POSE A553 0.334539 0.000000 -0.539889 0.841736 -0.841736 -0.539889
VERTEX_POSE A554 0.921478 0.000000 -0.981348 -0.192238 -0.192238 0.981348
VERTEX_POSE A555 -0.388431 0.000000 -0.454223 -0.890888 -0.890888 0.454223
VERTEX_POSE A556 -0.985661 1.000000 0.907160 0.420786 -0.420786 0.907160
VERTEX_POSE A557 -0.168735 0.000000 0.217610 -0.976036 0.976036 0.217610
VERTEX_POSE A558 -0.286386 0.000000 0.605391 -0.795928 -0.795928 -0.605391
VERTEX_POSE A559 0.958114 0.000000 -0.361310 0.932446 0.932446 0.361310
VERTEX_POSE A560 -0.159862 1.000000 0.322463 0.946582 0.946582 -0.322463
VERTEX_POSE A561 0.987139 0.000000 0.137161 -0.990549 0.990549 0.137161
VERTEX_POSE A562 0.303753 0.000000 -0.919854 -0.392260 -0.392260 0.919854
VERTEX_POSE A563 0.952751 0.000000 -0.053986 0.998542 0.998542 0.053986
VERTEX_POSE A564 1.000000 0.000000 -0.917427 0.397905 -0.397905 -0.917427
VERTEX_POSE A565 -0.000159 0.000000 0.989632 0.143629 0.143629 -0.989632
VERTEX_POSE A566 0.589342 0.000000 -0.992432 -0.122799 -0.122799 0.992432
VERTEX_POSE A567 -0.807884 0.000000 0.756404 -0.654105 -0.654105 -0.756404
VERTEX_POSE A568 -0.709495 -1.537971 0.034873 -0.999392 -0.999392 -0.034873
VERTEX_POSE A569 0.704710 0.000000 -0.759796 -0.650161 -0.650161 0.759796
VERTEX_POSE A570 0.835140 0.000000 0.454329 0.890834 -0.890834 0.454329
VERTEX_POSE A571 0.550038 0.000000 0.828181 -0.560461 -0.560461 -0.828181
VERTEX_POSE A572 0.987530 0.000000 -0.854270 -0.519829 0.519829 -0.854270
VERTEX_POSE A573 0.157429 0.000000 0.006147 -0.999981 0.999981 0.006147
VERTEX_POSE A574 0.757727 0.000000 -0.633104 0.774067 0.774067 0.633104
VERTEX_POSE A575 0.652571 0.000000 -0.782772 0.622309 -0.622309 -0.782772
VERTEX_POSE A576 0.999305 1.000000 0.820493 0.571656 0.571656 -0.820493
VERTEX_POSE A577 0.037283 0.000000 -0.783494 -0.621399 0.621399 -0.783494
VERTEX_POSE A578 0.996696 0.000000 -0.572376 0.819991 0.819991 0.572376
VERTEX_POSE A579 0.081219 0.000000 0.606511 -0.795075 0.795075 0.606511
VERTEX_POSE A580 0.726141 1.000000 0.367248 0.930123 0.930123 -0.367248
VERTEX_POSE A581 0.687545 0.000000 -0.090680 0.995880 0.995880 0.090680
VERTEX_POSE A582 0.567299 0.000000 0.986250 -0.165261 0.165261 0.986250
VERTEX_POSE A583 0.823512 0.000000 -0.386255 -0.922392 0.922392 -0.386255
VERTEX_POSE A584 -0.098869 1.000000 -0.961343 0.275354 -0.275354 -0.961343
VERTEX_POSE A585 -0.995100 0.000000 -0.183763 0.982971 -0.982971 -0.183763
VERTEX_POSE A586 0.978354 0.000000 -0.309252 -0.950980 0.950980 -0.309252
VERTEX_POSE A587 0.206937 0.000000 -0.978524 -0.206134 0.206134 -0.978524
VERTEX_POSE A588 0.964720 0.000000 -0.945123 0.326716 -0.326716 -0.945123
VERTEX_POSE A589 -0.263278 0.000000 -0.801032 -0.598621 0.598621 -0.801032
VERTEX_POSE A590 0.235800 7.132335 0.661549 -0.749902 -0.749902 -0.661549
VERTEX_POSE A591 0.971802 0.000000 -0.917362 0.398054 -0.398054 -0.917362
VERTEX_POSE A592 -0.817135 0.000000 -0.951469 0.307745 -0.307745 -0.951469
VERTEX_POSE A593 -0.576446 0.000000 0.769277 -0.638916 -0.638916 -0.769277
VERTEX_POSE A594 -0.320712 0.000000 -0.926126 0.377213 -0.377213 -0.926126
VERTEX_POSE A595 0.947177 0.000000 0.119605 0.992822 0.992822 -0.119605
VERTEX_POSE A596 0.234013 1.000000 0.769957 0.638096 -0.638096 0.769957
VERTEX_POSE A597 -0.972233 0.000000 0.714756 -0.699374 0.699374 0.714756
VERTEX_POSE A598 -0.741961 0.000000 -0.785900 0.618354 0.618354 0.785900
VERTEX_POSE A599 0.670444 0.000000 0.987158 -0.159750 0.159750 0.987158
VERTEX_POSE A600 -0.125565 1.000000 -0.839269 -0.543716 -0.543716 0.839269
VERTEX_POSE A601 0.992085 0.000000 -0.903822 0.427908 -0.427908 -0.903822
VERTEX_POSE A602 0.730964 0.000000 -0.802092 -0.597201 -0.597201 0.802092
VERTEX_POSE A603 0.682416 0.000000 0.750993 -0.660310 0.660310 0.750993
VERTEX_POSE A604 -0.319855 1.000000 -0.648385 -0.761313 -0.761313 0.648385
VERTEX_POSE A605 -0.947467 0.000000 0.792120 0.610366 0.610366 -0.792120
VERTEX_POSE A606 -0.176259 0.000000 -0.269722 -0.962938 0.962938 -0.269722
VERTEX_POSE A607 0.984344 0.000000 -0.503193 0.864174 -0.864174 -0.503193
VERTEX_POSE A608 0.975247 0.000000 0.501597 -0.865101 -0.865101 -0.501597
VERTEX_POSE A609 -0.221118 0.000000 0.832147 -0.554556 0.554556 0.832147
VERTEX_POSE A610 0.840080 0.000000 -0.874381 -0.485240 0.485240 -0.874381
VERTEX_POSE A611 0.542462 0.000000 -0.076808 -0.997046 0.997046 -0.076808
VERTEX_POSE A612 0.720138 -1.742358 -0.846734 0.532016 0.532016 0.846734
VERTEX_POSE A613 -0.693831 0.000000 0.178109 -0.984011 0.984011 0.178109
VERTEX_POSE A614 -0.455141 0.000000 -0.838422 -0.545021 0.545021 -0.838422
VERTEX_POSE A615 -0.890419 0.000000 0.968206 -0.250155 0.250155 0.968206
VERTEX_POSE A616 0.433404 0.000000 -0.012567 0.999921 -0.999921 -0.012567
VERTEX_POSE A617 -0.901200 0.000000 0.940050 -0.341037 -0.341037 -0.940050
VERTEX_POSE A618 0.373612 0.000000 -0.965655 0.259829 -0.259829 -0.965655
VERTEX_POSE A619 -0.927585 0.000000 0.499446 -0.866345 0.866345 0.499446
VERTEX_POSE A620 0.354928 1.000000 -0.875385 0.483426 0.483426 0.875385
VERTEX_POSE A621 -0.934894 0.000000 -0.728148 0.685420 0.685420 0.728148
VERTEX_POSE A622 0.763961 0.000000 0.999865 -0.016431 0.016431 0.999865
VERTEX_POSE A623 0.645263 0.000000 0.474976 -0.879999 0.879999 0.474976
VERTEX_POSE A624 -0.079148 1.000000 0.936084 -0.351776 -0.351776 -0.936084
VERTEX_POSE A625 0.996863 0.000000 -0.750146 -0.661272 -0.661272 0.750146
VERTEX_POSE A626 0.695785 0.000000 0.513411 -0.858143 0.858143 0.513411
VERTEX_POSE A627 -0.718250 0.000000 -0.573139 0.819458 0.819458 0.573139
VERTEX_POSE A628 -0.111114 1.000000 0.762618 0.646849 -0.646849 0.762618
VERTEX_POSE A629 0.993808 0.000000 -0.058199 0.998305 -0.998305 -0.058199
VERTEX_POSE A630 0.999980 0.000000 0.577110 0.816666 -0.816666 0.577110
VERTEX_POSE A631 -0.006261 0.000000 -0.933232 0.359275 -0.359275 -0.933232
VERTEX_POSE A632 0.995062 0.000000 0.956810 -0.290715 -0.290715 -0.956810
VERTEX_POSE A633 -0.099252 0.000000 -0.487304 0.873232 -0.873232 -0.487304
VERTEX_POSE A634 -0.362953 7.092461 0.711206 -0.702984 -0.702984 -0.711206
VERTEX_POSE A635 -0.931808 0.000000 0.357873 0.933770 0.933770 -0.357873
VERTEX_POSE A636 0.780805 0.000000 -0.358552 0.933510 0.933510 0.358552
VERTEX_POSE A637 -0.624774 0.000000 -0.043009 -0.999075 0.999075 -0.043009
VERTEX_POSE A638 0.757297 0.000000 -0.894171 -0.447725 -0.447725 0.894171
VERTEX_POSE A639 0.653071 0.000000 -0.261995 -0.965069 -0.965069 0.261995
VERTEX_POSE A640 0.685679 1.000000 0.516212 0.856461 -0.856461 0.516212
VERTEX_POSE A641 0.727904 0.000000 -0.957047 0.289933 -0.289933 -0.957047
VERTEX_POSE A642 -0.337260 0.000000 -0.816826 -0.576884 0.576884 -0.816826
VERTEX_POSE A643 -0.941412 0.000000 0.433071 0.901360 0.901360 -0.433071
VERTEX_POSE A644 0.170361 1.000000 0.096229 0.995359 0.995359 -0.096229
VERTEX_POSE A645 0.985382 0.000000 -0.106427 0.994321 0.994321 0.106427
VERTEX_POSE A646 0.251601 0.000000 0.089488 -0.995988 -0.995988 -0.089488
VERTEX_POSE A647 -0.967831 0.000000 0.796612 -0.604491 0.604491 0.796612
VERTEX_POSE A648 0.856639 0.000000 -0.755555 -0.655085 0.655085 -0.755555
VERTEX_POSE A649 0.515916 0.000000 -0.523519 -0.852014 0.852014 -0.523519
VERTEX_POSE A650 -0.718282 0.000000 0.073477 0.997297 -0.997297 0.073477
VERTEX_POSE A651 -0.695752 0.000000 0.836133 0.548527 -0.548527 0.836133
VERTEX_POSE A652 -0.950680 0.000000 0.791043 0.611761 -0.611761 0.791043
VERTEX_POSE A653 -0.310175 0.000000 0.761388 0.648297 -0.648297 0.761388
VERTEX_POSE A654 -0.952219 0.000000 0.997142 0.075550 0.075550 -0.997142
VERTEX_POSE A655 -0.305417 0.000000 0.972723 0.231971 0.231971 -0.972723
VERTEX_POSE A656 0.546825 66765030077826369019383162950186473975158118807626892767862905309815610529247825570960820673669678124003307498604697200456689158133492807409552762863616.000000 -0.978628 -0.205637 -0.205637 0.978628
VERTEX_POSE A657 0.837247 0.000000 -0.347851 -0.937550 -0.937550 0.347851
VERTEX_POSE A658 0.969888 0.000000 -0.373547 -0.927611 -0.927611 0.373547
VERTEX_POSE A659 -0.243552 0.000000 -0.998075 -0.062026 0.062026 -0.998075
VERTEX_POSE A660 0.784078 0.000000 0.678955 0.734180 -0.734180 0.678955
VERTEX_POSE A661 0.620662 0.000000 0.755396 0.655269 0.655269 -0.755396
VERTEX_POSE A662 0.976331 0.000000 -0.920315 0.391178 0.391178 0.920315
VERTEX_POSE A663 0.216283 0.000000 -0.757698 -0.652606 0.652606 -0.757698
VERTEX_POSE A664 0.085440 112038534409406629164611302229223941873344008581013151018656627896158787163627610310128377775791314050078021828862477461073359487537777058708218738114614774981226481534962478312796206093554391724074487588134366988324040605696.000000 -0.941667 -0.336546 -0.336546 0.941667
VERTEX_POSE A665 0.996343 0.000000 0.103535 -0.994626 -0.994626 -0.103535
VERTEX_POSE A666 0.858405 0.000000 -0.665548 -0.746355 0.746355 -0.665548
VERTEX_POSE A667 -0.512973 0.000000 -0.903405 0.428789 0.428789 0.903405
VERTEX_POSE A668 -0.768459 0.000000 -0.831073 0.556163 0.556163 0.831073
VERTEX_POSE A669 0.639899 0.000000 0.637980 -0.770053 -0.770053 -0.637980
VERTEX_POSE A670 0.771837 0.000000 -0.934701 0.355435 0.355435 0.934701
VERTEX_POSE A671 0.635821 0.000000 0.899396 -0.437135 0.437135 0.899396
VERTEX_POSE A672 -0.982884 0.000000 0.317776 -0.948166 0.948166 0.317776
VERTEX_POSE A673 -0.184224 0.000000 -0.578525 -0.815664 -0.815664 0.578525
VERTEX_POSE A674 -0.255187 17101682489511869998161366604824593297016072355396365475786152685841215411832166129474772800619208379273346499888213065041877695699899885574954980923142257713044760473475368886337266602536317839353798782780623028224.000000 -0.989438 -0.144959 0.144959 -0.989438
VERTEX_POSE A675 0.966892 0.000000 -0.999038 0.043847 0.043847 0.999038
VERTEX_POSE A676 0.162668 0.000000 0.339041 0.940771 -0.940771 0.339041
VERTEX_POSE A677 -0.986681 0.000000 0.824018 -0.566563 0.566563 0.824018
VERTEX_POSE A678 -0.363816 7.083911 -0.037831 0.999284 0.999284 0.037831
VERTEX_POSE A679 0.931471 0.000000 0.980451 -0.196764 0.196764 0.980451
VERTEX_POSE A680 -0.886995 0.000000 0.900761 -0.434315 -0.434315 -0.900761
VERTEX_POSE A681 -0.461779 0.000000 -0.810350 -0.585947 -0.585947 0.810350
VERTEX_POSE A682 -0.983495 0.000000 0.762321 -0.647199 0.647199 0.762321
VERTEX_POSE A683 0.180934 0.000000 0.729698 0.683770 0.683770 -0.729698
VERTEX_POSE A684 0.530521 0.000000 -0.920952 0.389676 -0.389676 -0.920952
VERTEX_POSE A685 -0.847672 0.000000 -0.966634 -0.256160 0.256160 -0.966634
VERTEX_POSE A686 0.990188 65473578895910770365689724729213434500598766108190280985791734504877415700556573328387374948218980910761170781967001744844530464387084773291159522902016.000000 -0.996532 0.083214 0.083214 0.996532
VERTEX_POSE A687 0.139742 0.000000 -0.752621 0.658453 0.658453 0.752621
VERTEX_POSE A688 -0.757652 0.000000 -0.893413 0.449237 -0.449237 -0.893413
VERTEX_POSE A689 0.652659 0.000000 0.961986 0.273098 0.273098 -0.961986
VERTEX_POSE A690 0.228085 0.000000 -0.109976 0.993934 -0.993934 -0.109976
VERTEX_POSE A691 0.973641 0.000000 0.503862 0.863784 0.863784 -0.503862
VERTEX_POSE A692 0.876109 0.000000 0.962387 0.271684 -0.271684 0.962387
VERTEX_POSE A693 -0.482113 0.000000 -0.608304 -0.793704 0.793704 -0.608304
VERTEX_POSE A694 -0.590551 0.000000 -0.890728 -0.454537 -0.454537 0.890728
VERTEX_POSE A695 -0.807001 0.000000 0.010638 0.999943 -0.999943 0.010638
VERTEX_POSE A696 0.628620 0.000000 0.509200 -0.860648 -0.860648 -0.509200
VERTEX_POSE A697 -0.777713 0.000000 -0.871644 0.490140 0.490140 0.871644
VERTEX_POSE A698 -0.623611 0.000000 -0.130248 -0.991481 -0.991481 0.130248
VERTEX_POSE A699 0.781735 0.000000 0.266523 0.963829 -0.963829 0.266523
VERTEX_POSE A700 0.896376 0.000000 0.158398 0.987375 0.987375 -0.158398
VERTEX_POSE A701 -0.443294 0.000000 0.871270 0.490803 0.490803 -0.871270
VERTEX_POSE A702 0.766265 0.000000 -0.535947 -0.844252 -0.844252 0.535947
VERTEX_POSE A703 -0.642525 0.000000 -0.907149 -0.420809 -0.420809 0.907149
VERTEX_POSE A704 -0.009411 0.000000 -0.623936 0.781476 0.781476 0.623936
VERTEX_POSE A705 -0.999956 0.000000 -0.833257 0.552885 0.552885 0.833257
VERTEX_POSE A706 -0.991598 0.000000 0.730817 0.682574 -0.682574 0.730817
VERTEX_POSE A707 0.129358 0.000000 -0.562884 -0.826536 -0.826536 0.562884
VERTEX_POSE A708 -0.531443 0.000000 -0.768013 0.640434 -0.640434 -0.768013
VERTEX_POSE A709 -0.847094 0.000000 0.962959 -0.269650 0.269650 0.962959
VERTEX_POSE A710 -0.970262 3991957755570352789371150089288507880577665323663889379622819501056568688739076129087315030435675279389334589494691867670429884359957337869640224514202535984758848903152575756685066410316198066763344743936642046523181696087522979835572157355117693108224.000000 -0.568728 0.822526 0.822526 0.568728
VERTEX_POSE A711 -0.242058 0.000000 0.939717 -0.341954 -0.341954 -0.939717
VERTEX_POSE A712 -0.097259 0.000000 -0.646463 0.762945 -0.762945 -0.646463
VERTEX_POSE A713 -0.995259 0.000000 0.238379 0.971172 0.971172 -0.238379
VERTEX_POSE A714 0.377018 0.000000 0.802662 -0.596434 -0.596434 -0.802662
VERTEX_POSE A715 -0.926206 0.000000 0.532051 -0.846712 -0.846712 -0.532051
VERTEX_POSE A716 0.430490 0.000000 0.981965 -0.189064 0.189064 0.981965
VERTEX_POSE A717 0.902595 178879621810238913128094047228647726508651629328075602062644129003187629735425741312064382185220474978097578195409197926597267919812980727190147920515422490722304.000000 0.954461 0.298336 -0.298336 0.954461
VERTEX_POSE A718 -0.018483 4929769663206434556756106719243555299427331264920697598914398212614809753906777867120299571615017338617576122701945747643448804104216760760224974570994337550469578604739210972496564047081459696452671373312.000000 0.861102 -0.508433 -0.508433 -0.861102
VERTEX_POSE A719 0.999829 254736390291291889030922121258850660424501441023379822259963935954914725725432940630493166131664627692932379993406330093364458701043890969258665463427181890508822414413552810983424.000000 -0.239153 0.970982 0.970982 0.239153
VERTEX_POSE A720 -0.451904 0.000000 -0.629621 -0.776903 -0.776903 0.629621
VERTEX_POSE A721 -0.892067 20501866451337168053189560792064226319547775958351486434605468436284037989645490279678039395484825527040722291151541508450190370438103211413438508882310610343659748866787619270098045783142774385055450559223531831296.000000 -0.084579 0.996417 -0.996417 -0.084579
VERTEX_POSE A722 -0.312246 54516411287282881103620573661049282232049455624225566907766293486944114775489419510216473978623760465169262049097688632643007058210239961430227364061010573877892109631258095084661486834624878580594535132737235168202608021438567414343105260856279040.000000 -0.647878 -0.761744 -0.761744 0.647878
VERTEX_POSE A723 -0.950001 142717957228170451229169223632419449712023085313770128632411546919873682261239807686955431172197865275394498470016097032557935271454908504114485378486968050179891252175986467684330858598783887032262100137109926466652443578630334962549204381954211840.000000 -0.642012 -0.766695 -0.766695 0.642012
VERTEX_POSE A724 -0.035976 37326082801859005989069496748248859995817506404557563581920001576858235704165572148132528873585496503860804716799666858664095519149195427199110675066534175248641612044126088956210929428472691064569856.000000 0.901687 -0.432390 0.432390 0.901687
VERTEX_POSE A725 0.999353 11205294301008883400795894096538988166876201411612807204459531521051284459716759433769996196536972579635688237639882065049189615830993792621637670142407004869394140045708931095103724558537205296819823145047103932839059232640303185013936903934243485253632.000000 0.824370 -0.566051 0.566051 0.824370
VERTEX_POSE A726 -0.734113 0.000000 -0.921862 -0.387519 0.387519 -0.921862
VERTEX_POSE A727 -0.679028 0.000000 -0.741196 -0.671288 0.671288 -0.741196
VERTEX_POSE A728 -0.939284 0.000000 -0.206746 -0.978395 0.978395 -0.206746
VERTEX_POSE A729 -0.343140 0.000000 -0.990890 -0.134671 -0.134671 0.990890
VERTEX_POSE A730 0.924310 0.000000 0.995537 0.094376 0.094376 -0.995537
VERTEX_POSE A731 -0.381643 0.000000 -0.794993 0.606619 -0.606619 -0.794993
VERTEX_POSE A732 0.942201 0.000000 0.116774 -0.993158 0.993158 0.116774
VERTEX_POSE A733 0.335048 0.000000 0.616871 0.787064 0.787064 -0.616871
VERTEX_POSE A734 -0.596655 0.000000 -0.649943 -0.759983 -0.759983 0.649943
VERTEX_POSE A735 -0.802498 0.000000 0.170199 -0.985410 0.985410 0.170199
VERTEX_POSE A736 0.638944 0.000000 -0.888701 -0.458487 0.458487 -0.888701
VERTEX_POSE A737 -0.769254 0.000000 0.329589 -0.944124 0.944124 0.329589
VERTEX_POSE A738 0.984301 0.000000 -0.979917 0.199405 0.199405 0.979917
VERTEX_POSE A739 -0.176498 0.000000 -0.489643 -0.871923 0.871923 -0.489643
VERTEX_POSE A740 -0.407688 0.000000 0.634105 0.773247 0.773247 -0.634105
VERTEX_POSE A741 -0.913121 0.000000 -0.586577 0.809894 0.809894 0.586577
VERTEX_POSE A742 -0.346045 0.000000 -0.913453 0.406944 -0.406944 -0.913453
VERTEX_POSE A743 -0.938218 0.000000 -0.615966 0.787773 -0.787773 -0.615966
VERTEX_POSE A744 -0.783965 0.000000 -0.999873 -0.015956 -0.015956 0.999873
VERTEX_POSE A745 -0.620806 0.000000 0.989712 0.143074 0.143074 -0.989712
VERTEX_POSE A746 -0.800689 0.000000 0.326496 0.945199 0.945199 -0.326496
VERTEX_POSE A747 0.599080 0.000000 -0.997963 -0.063797 -0.063797 0.997963
VERTEX_POSE A748 0.576054 0.000000 -0.694318 -0.719668 0.719668 -0.694318
VERTEX_POSE A749 0.817412 0.000000 -0.999920 0.012649 -0.012649 -0.999920
VERTEX_POSE A750 0.195740 0.000000 -0.567706 0.823231 -0.823231 -0.567706
VERTEX_POSE A751 0.980656 0.000000 0.920630 0.390436 0.390436 -0.920630
VERTEX_POSE A752 0.728820 66765030077826369019383162950186473975158118807626892767862905309815610529247825570960820673669678124003307498604697200456689158133492807409552762863616.000000 0.974747 -0.223312 0.223312 0.974747
VERTEX_POSE A753 0.684705 0.000000 0.939265 -0.343193 0.343193 0.939265
VERTEX_POSE A754 -0.525068 0.000000 0.999843 0.017708 0.017708 -0.999843
VERTEX_POSE A755 -0.851061 0.000000 -0.439255 0.898363 -0.898363 -0.439255
VERTEX_POSE A756 0.748250 1.000000 -0.991467 0.130355 0.130355 0.991467
VERTEX_POSE A757 -0.663417 0.000000 0.741566 -0.670880 -0.670880 -0.741566
VERTEX_POSE A758 -0.802544 0.000000 0.462629 0.886552 0.886552 -0.462629
VERTEX_POSE A759 0.596593 0.000000 0.915467 0.402393 -0.402393 0.915467
VERTEX_POSE A760 0.523531 112038534409406629164611302229223941873344008581013151018656627896158787163627610310128377775791314050078021828862477461073359487537777058708218738114614774981226481534962478312796206093554391724074487588134366988324040605696.000000 0.989831 0.142249 -0.142249 0.989831
VERTEX_POSE A761 -0.852007 0.000000 0.023630 0.999721 0.999721 -0.023630
VERTEX_POSE A762 0.998501 0.000000 -0.999010 0.044495 -0.044495 -0.999010
VERTEX_POSE A763 0.054740 0.000000 -0.952375 0.304931 -0.304931 -0.952375
VERTEX_POSE A764 0.797964 0.000000 0.990342 -0.138643 0.138643 0.990342
VERTEX_POSE A765 -0.602705 0.000000 0.741162 0.671327 -0.671327 0.741162
VERTEX_POSE A766 0.060900 0.000000 0.199804 0.979836 -0.979836 0.199804
VERTEX_POSE A767 0.998144 0.000000 -0.272938 -0.962032 -0.962032 0.272938
VERTEX_POSE A768 -0.709177 0.000000 -0.645454 -0.763799 0.763799 -0.645454
VERTEX_POSE A769 -0.705030 0.000000 -0.952954 -0.303116 0.303116 -0.952954
VERTEX_POSE A770 0.995121 0.004000 0.286591 -0.958053 -0.958053 -0.286591
VERTEX_POSE A771 0.098663 0.006000 0.998991 0.044921 -0.044921 0.998991
VERTEX_POSE A772 0.621186 0.010000 -0.809735 -0.586796 -0.586796 0.809735
VERTEX_POSE A773 -0.783663 0.012000 0.991727 -0.128366 0.128366 0.991727
VERTEX_POSE A774 0.597315 0.017000 -0.776576 0.630024 -0.630024 -0.776576
VERTEX_POSE A775 0.802006 0.020000 -0.245427 0.969415 0.969415 0.245427
VERTEX_POSE A776 -0.572305 0.022000 -0.698740 0.715376 -0.715376 -0.698740
VERTEX_POSE A777 -0.820041 0.025000 0.576177 -0.817325 0.817325 0.576177
VERTEX_POSE A778 0.434888 0.027000 -0.888271 0.459319 0.459319 0.888271
VERTEX_POSE A779 0.900484 0.031000 0.954786 0.297294 0.297294 -0.954786
VERTEX_POSE A780 0.961802 0.036000 -0.734020 0.679128 0.679128 0.734020
VERTEX_POSE A781 -0.273745 0.040000 -0.923014 0.384767 0.384767 0.923014
VERTEX_POSE A782 0.999986 0.044000 0.689714 -0.724082 0.724082 0.689714
VERTEX_POSE A783 -0.005222 0.048000 0.128566 0.991701 -0.991701 0.128566
VERTEX_POSE A784 -0.507831 0.053000 0.243068 0.970009 -0.970009 0.243068
VERTEX_POSE A785 0.861457 0.059000 -0.681035 -0.732251 0.732251 -0.681035
VERTEX_POSE A786 -0.013694 0.064000 -0.664633 0.747170 -0.747170 -0.664633
VERTEX_POSE A787 0.999906 0.068000 0.564789 -0.825235 -0.825235 -0.564789
VERTEX_POSE A788 -0.903793 0.073000 -0.778372 0.627804 0.627804 0.778372
VERTEX_POSE A789 0.427969 0.080000 0.778161 -0.628065 -0.628065 -0.778161
VERTEX_POSE A790 0.968489 0.086000 -0.462391 -0.886676 -0.886676 0.462391
VERTEX_POSE A791 -0.249057 0.092000 -0.919702 -0.392618 0.392618 -0.919702
VERTEX_POSE A792 -0.985479 0.099000 0.149857 0.988708 -0.988708 0.149857
VERTEX_POSE A793 0.169795 0.107000 0.363391 0.931637 0.931637 -0.363391
VERTEX_POSE A794 -0.904225 0.116000 0.653872 0.756605 -0.756605 0.653872
VERTEX_POSE A795 0.427056 0.125000 -0.701678 -0.712494 0.712494 -0.701678
VERTEX_POSE A796 0.729427 0.131000 0.735278 0.677765 0.677765 -0.735278
VERTEX_POSE A797 0.684059 0.139000 0.513744 -0.857944 0.857944 0.513744
VERTEX_POSE A798 0.399142 0.151000 -0.772459 -0.635065 0.635065 -0.772459
VERTEX_POSE A799 -0.916889 0.160000 -0.643870 0.765135 0.765135 0.643870
VERTEX_POSE A800 -0.916956 0.172000 -0.956231 0.292614 0.292614 0.956231
VERTEX_POSE A801 0.398987 0.182000 0.903517 -0.428552 0.428552 0.903517
VERTEX_POSE A802 0.935761 0.193000 0.185948 -0.982560 0.982560 0.185948
VERTEX_POSE A803 0.352636 0.201000 -0.465186 0.885213 0.885213 0.465186
VERTEX_POSE A804 -0.334263 0.210000 -0.908765 -0.417307 -0.417307 0.908765
VERTEX_POSE A805 0.942480 0.219000 -0.997713 0.067594 0.067594 0.997713
VERTEX_POSE A806 0.750536 0.230000 -0.944461 -0.328622 0.328622 -0.944461
VERTEX_POSE A807 0.660830 0.241000 0.130901 -0.991395 -0.991395 -0.130901
