VERTEX_POSE A0 -0.908065 0.320241 -0.608890 0.746597 -0.262958 -0.419355 -0.899114 0.516464 -0.349925
VERTEX_POSE A1 0.317792 -0.392126 0.177757 -0.162436 0.316229 -0.211557 -0.936387 -0.963773 0.152247
VERTEX_POSE A2 -0.547683 0.223395 0.632334 -0.241612 -0.758008 0.800758 -0.508394 -0.548097 -0.408607
VERTEX_POSE A3 0.275497 -0.543503 -0.614473 0.337939 0.278415 0.598866 0.673305 0.726056 -0.684942
VERTEX_POSE A4 0.765926 0.372473 0.318264 0.097345 0.765760 0.903175 -0.336299 -0.418090 -0.548192
VERTEX_POSE A5 0.171424 -0.874906 0.114625 0.789550 0.556439 -0.318900 0.732343 -0.524323 0.392491
VERTEX_POSE A6 0.896265 0.938965 0.854765 -0.792038 0.245836 -0.609175 -0.258638 0.039774 0.934169
VERTEX_POSE A7 -0.999699 -0.420132 -0.051200 0.236308 -0.016718 0.659668 0.736886 0.713440 -0.675810
VERTEX_POSE A8 -0.954604 -0.184166 0.823960 -0.163152 -0.675487 -0.482909 -0.580908 -0.860337 0.454162
VERTEX_POSE A9 -0.028344 0.091188 -0.445899 0.542199 -0.121528 -0.662522 0.546759 -0.516803 -0.828423
VERTEX_POSE A10 -0.070779 0.725254 0.217025 0.078713 0.843894 -0.700791 -0.331781 0.709011 -0.421622
VERTEX_POSE A11 -0.544691 0.616325 -0.819513 -0.573793 0.818239 0.703921 0.514746 0.418637 0.255973
VERTEX_POSE A12 0.910867 -0.821249 -0.003701 0.179881 -0.495007 0.930460 -0.194791 -0.319197 -0.846773
VERTEX_POSE A13 -0.473867 -0.811154 -0.288712 0.628319 -0.749282 -0.752138 -0.653800 -0.198757 0.105456
VERTEX_POSE A14 0.602051 0.144178 0.699025 0.971331 -0.213132 0.217496 0.975546 -0.095976 0.053714
VERTEX_POSE A15 0.404213 0.432715 -0.447035 -0.472666 0.404368 0.852035 0.436552 0.224997 -0.803684
VERTEX_POSE A16 0.417464 0.756964 0.068083 -0.561173 0.523110 0.542149 0.817888 -0.625427 0.239615
VERTEX_POSE A17 0.042132 -0.086957 0.509644 -0.734027 0.126152 0.560579 0.667203 0.383347 -0.734115
VERTEX_POSE A18 -0.603873 -0.555084 0.101516 0.498314 0.779030 -0.496259 -0.103596 0.710922 -0.618368
VERTEX_POSE A19 -0.930228 -0.718468 0.885848 -0.774818 -0.315640 0.464309 -0.872144 -0.429039 -0.373813
VERTEX_POSE A20 0.433128 0.065100 -0.041439 0.547915 -0.743557 0.611044 0.668669 0.571327 -0.002066
VERTEX_POSE A21 0.740535 0.636844 -0.207145 -0.501224 0.320918 -0.544554 0.604751 -0.672485 -0.728895
VERTEX_POSE A22 -0.863790 0.706940 0.633039 0.440492 0.418198 -0.886253 0.061362 -0.143257 0.906281
VERTEX_POSE A23 -0.745968 -0.439203 -0.482323 -0.572801 0.733447 0.608943 0.679652 -0.548714 -0.011389
VERTEX_POSE A24 -0.603060 -0.574930 0.855720 0.364318 0.931093 0.913323 -0.353362 0.181971 -0.090565
VERTEX_POSE A25 -0.129599 0.957304 0.453907 -0.277278 0.150958 -0.607334 -0.792786 0.744488 -0.590511
VERTEX_POSE A26 0.284734 -0.966341 0.645932 0.673257 0.339002 0.489018 -0.870733 0.554605 0.356233
VERTEX_POSE A27 0.574903 -0.015727 -0.951445 -0.465990 -0.168700 0.738523 0.466461 0.487276 -0.868306
VERTEX_POSE A28 0.534784 -0.269205 -0.386324 0.580535 0.502687 0.383960 0.524703 0.718021 -0.687017
VERTEX_POSE A29 0.336677 0.887266 -0.183805 0.683323 0.546926 0.655342 -0.167410 0.321865 -0.820272
VERTEX_POSE A30 -0.589906 -0.943655 -0.685672 -0.320562 -0.891038 0.633317 0.050694 0.704379 -0.451089
VERTEX_POSE A31 0.626719 -0.948965 0.004786 -0.264230 -0.218006 -0.913894 -0.254681 -0.308190 0.942131
VERTEX_POSE A32 -0.345531 -0.504860 0.993952 0.729845 0.051603 -0.352758 0.882561 0.585567 0.467357
VERTEX_POSE A33 -0.137589 0.279740 0.946662 0.701139 0.702680 -0.273588 0.108394 -0.658448 0.703201
VERTEX_POSE A34 -0.097784 -0.492468 0.390313 0.387076 -0.741718 -0.406629 -0.670484 -0.827542 -0.017477
VERTEX_POSE A35 -0.579606 0.867613 0.312216 -0.468802 -0.502675 0.374696 0.631459 -0.799892 0.590405
VERTEX_POSE A36 -0.966165 0.404834 0.061287 -0.621377 -0.702307 -0.576827 0.710077 0.530246 -0.050554
VERTEX_POSE A37 -0.201519 -0.553503 0.245078 0.686186 0.726759 0.303529 -0.324960 0.661074 -0.605163
VERTEX_POSE A38 -0.579304 -0.552519 -0.738984 -0.904787 -0.359437 0.060111 -0.638737 0.421601 -0.680308
VERTEX_POSE A39 -0.920769 -0.779332 -0.114753 -0.274513 -0.821079 0.884783 -0.011860 0.376566 -0.570692
VERTEX_POSE A40 0.770138 0.537685 0.799178 -0.477481 0.758372 0.497233 -0.183132 0.724411 0.625568
VERTEX_POSE A41 0.349917 -0.827265 0.478041 -0.141429 -0.956339 -0.216281 0.281968 -0.966033 0.076881
VERTEX_POSE A42 -0.465460 0.836993 0.065734 0.695425 0.710493 0.223836 -0.356503 -0.682848 0.606717
VERTEX_POSE A43 0.681005 0.716436 -0.204523 0.483483 -0.636270 -0.681766 0.157045 0.549035 0.755313
VERTEX_POSE A44 0.876051 -0.638419 -0.810670 0.640828 -0.543058 -0.558402 -0.814776 -0.526808 0.203045
VERTEX_POSE A45 -0.863409 -0.018829 -0.235241 -0.775448 0.177571 -0.139596 0.887680 0.615787 0.424844
VERTEX_POSE A46 0.085217 0.149151 0.348442 -0.405870 -0.102725 0.437725 0.850432 0.802288 -0.515959
VERTEX_POSE A47 0.293515 -0.881455 0.257412 0.909147 -0.394475 -0.219021 -0.725643 0.354233 0.563766
VERTEX_POSE A48 0.178724 0.894214 -0.725596 -0.422109 0.567009 0.318456 0.823272 -0.848769 0.026906
VERTEX_POSE A49 0.481344 0.594067 -0.550041 -0.576313 0.292201 0.681540 0.687188 0.450963 -0.665125
VERTEX_POSE A50 0.363287 -0.599923 0.143260 0.637030 -0.192518 0.506221 -0.625758 -0.581320 -0.755886
VERTEX_POSE A51 -0.388148 -0.040686 0.232965 0.730982 -0.655634 0.156674 0.431146 0.664167 0.619885
VERTEX_POSE A52 0.221879 0.230911 0.242813 0.538043 0.456576 -0.785633 -0.032963 -0.305436 0.889073
VERTEX_POSE A53 0.499497 -0.892983 -0.223701 0.157705 -0.679930 -0.861513 -0.449165 -0.482623 0.579609
VERTEX_POSE A54 -0.134117 0.520111 0.750642 0.808434 -0.401285 0.129221 -0.592706 -0.574227 -0.698334
VERTEX_POSE A55 0.618819 0.655981 0.098534 -0.674410 0.699703 0.129827 -0.201966 0.726853 0.685293
VERTEX_POSE A56 -0.630102 -0.935679 -0.769794 -0.614963 0.170576 0.383858 0.917595 0.688820 -0.359060
VERTEX_POSE A57 -0.849383 0.553770 0.396573 0.633640 0.340845 -0.533472 -0.457632 0.560274 -0.821217
VERTEX_POSE A58 0.193722 -0.359746 0.147089 0.214714 -0.179231 -0.631457 -0.775403 -0.745090 0.605497
VERTEX_POSE A59 0.904682 -0.204885 -0.156118 -0.452388 -0.341041 -0.299159 -0.812424 0.840148 -0.472925
VERTEX_POSE A60 0.487294 0.441036 -0.787232 0.615540 0.038978 -0.460522 -0.792726 -0.639555 0.608330
VERTEX_POSE A61 0.603817 -0.303401 0.461416 0.744688 -0.666050 -0.508201 -0.524488 -0.432632 -0.530368
VERTEX_POSE A62 0.531401 -0.153849 0.848668 0.649818 0.234579 0.626992 0.372266 -0.429671 0.897993
VERTEX_POSE A63 -0.858237 0.936176 -0.793280 -0.307090 -0.823606 -0.649413 -0.184905 0.695672 -0.536174
VERTEX_POSE A64 -0.533772 0.976339 0.408078 -0.699871 0.061643 -0.476397 0.702018 0.532190 0.709486
VERTEX_POSE A65 -0.566383 0.353682 0.238981 0.684877 -0.609392 -0.634634 -0.768245 -0.358027 0.196065
VERTEX_POSE A66 -0.437843 0.803789 0.518937 -0.599498 0.214800 -0.799677 -0.201024 0.033463 -0.955746
VERTEX_POSE A67 -0.499937 0.381173 -0.530635 -0.563624 -0.797703 0.820391 -0.570868 -0.096367 -0.194368
VERTEX_POSE A68 0.232099 0.800179 -0.515941 0.278250 0.733543 0.619876 -0.630274 0.733711 0.254301
VERTEX_POSE A69 -0.017147 -0.748730 0.779953 -0.986228 0.157045 0.049951 -0.016213 -0.157669 -0.987458
VERTEX_POSE A70 -0.420706 0.601840 0.354612 -0.127940 -0.714770 -0.695642 -0.429452 0.706904 -0.551974
VERTEX_POSE A71 0.002237 0.337864 -0.716763 -0.299603 0.954064 0.608986 0.190450 -0.734421 -0.231282
VERTEX_POSE A72 -0.667230 -0.575995 0.257995 0.654442 0.189954 -0.640479 0.653706 0.401861 0.732520
VERTEX_POSE A73 0.113834 0.438833 -0.579654 -0.630396 -0.701710 0.728111 -0.386202 -0.269176 0.598708
VERTEX_POSE A74 -0.316759 0.054299 0.078715 0.978246 0.052614 0.109737 -0.952127 -0.176046 -0.301140
VERTEX_POSE A75 -0.791179 -0.214414 0.447324 0.559277 0.330260 0.153047 0.860312 -0.814730 0.388319
VERTEX_POSE A76 0.250426 -0.579996 0.185105 -0.561836 0.115645 -0.389474 0.836596 -0.729829 -0.535476
VERTEX_POSE A77 0.768459 -0.796550 -0.572843 -0.278003 -0.943609 0.860088 -0.327856 0.427742 0.045958
VERTEX_POSE A78 0.502336 -0.095869 -0.295263 -0.619046 -0.582009 -0.257263 0.784653 -0.742023 0.213509
VERTEX_POSE A79 -0.570851 -0.685782 0.459509 -0.967109 0.175043 0.001177 0.728630 0.254360 0.662162
VERTEX_POSE A80 0.249803 0.797517 -0.122885 0.063512 -0.656192 0.821291 0.462402 -0.566964 0.596318
VERTEX_POSE A81 -0.134377 0.304208 0.847996 0.429859 0.178029 0.840783 0.278410 0.329098 -0.943819
VERTEX_POSE A82 0.041001 0.273532 -0.307526 0.669105 0.719276 -0.218664 0.430931 -0.710270 0.544923
VERTEX_POSE A83 -0.528317 0.028429 -0.880071 0.379284 -0.009899 0.899636 -0.229842 -0.216331 -0.973178
VERTEX_POSE A84 -0.634880 0.411224 -0.375704 0.765921 0.368075 0.611730 -0.164870 -0.197866 0.915062
VERTEX_POSE A85 0.906884 -0.206357 -0.556884 0.820538 -0.558058 0.356064 0.668260 -0.447142 -0.491935
VERTEX_POSE A86 -0.909498 -0.315590 0.218462 0.842469 -0.492221 0.097051 0.538521 -0.529931 -0.683895
VERTEX_POSE A87 -0.264982 0.475545 -0.145498 0.975128 0.046206 0.136445 0.645590 -0.174664 0.762285
VERTEX_POSE A88 -0.942499 -0.652587 0.839689 0.728324 -0.422048 0.244635 -0.575743 0.640076 0.700283
VERTEX_POSE A89 0.284224 0.324664 -0.634449 0.599663 0.313682 0.647902 0.349675 0.469710 -0.882797
VERTEX_POSE A90 -0.360299 -0.729340 0.698384 -0.430595 0.778192 -0.198248 0.412614 -0.880503 -0.473463
VERTEX_POSE A91 0.544795 0.788449 -0.947543 -0.132839 -0.766237 0.460698 0.513877 0.877560 -0.385761
VERTEX_POSE A92 -0.111959 -0.978736 0.826967 -0.269022 -0.953215 0.108529 -0.172236 0.957000 -0.248426
VERTEX_POSE A93 -0.828898 0.116811 0.547053 0.490799 0.405584 -0.048422 -0.870979 0.869926 -0.277305
VERTEX_POSE A94 0.686558 0.724625 -0.740822 -0.439133 0.647194 -0.365348 -0.762293 0.820782 0.006947
VERTEX_POSE A95 0.354269 0.997603 0.235045 -0.452069 0.448195 0.544082 -0.546571 -0.706830 -0.707377
VERTEX_POSE A96 -0.395281 -0.529507 -0.213966 0.600815 0.337288 0.298800 0.746155 -0.741445 0.574012
VERTEX_POSE A97 -0.751285 0.528414 0.778114 0.154954 0.811722 0.771955 -0.455186 -0.616501 -0.365941
VERTEX_POSE A98 0.854332 0.378775 0.704410 0.788357 -0.510076 0.564332 0.822211 -0.244995 0.252568
VERTEX_POSE A99 0.836818 -0.729328 0.270093 -0.798623 0.451545 0.538181 0.239916 0.269373 0.859388
VERTEX_POSE A100 0.231568 0.779684 0.558068 0.878567 -0.452730 -0.453280 -0.689939 0.150523 0.564818
VERTEX_POSE A101 -0.566373 -0.019384 0.059022 -0.601749 0.311762 -0.185226 -0.950042 -0.776910 -0.014969
VERTEX_POSE A102 -0.160946 0.608536 0.553331 0.003770 0.819101 -0.584691 -0.463563 0.811248 -0.337910
VERTEX_POSE A103 0.564339 -0.796311 -0.183938 -0.504480 0.314162 0.712108 0.678126 -0.488265 0.664414
VERTEX_POSE A104 0.547461 -0.580551 0.479368 -0.790810 -0.610787 -0.396976 0.560935 -0.465864 0.558830
VERTEX_POSE A105 0.522296 -0.337165 -0.367955 -0.078228 -0.132677 0.217670 0.964919 -0.972882 0.226557
VERTEX_POSE A106 0.773160 -0.010725 -0.736614 -0.765606 0.467492 -0.617480 -0.726728 -0.180458 0.503307
VERTEX_POSE A107 -0.202114 -0.160547 -0.335526 0.780240 0.253979 0.004087 0.911759 0.625467 -0.322785
VERTEX_POSE A108 0.290755 -0.133714 0.059202 -0.737438 -0.084678 0.306672 0.841968 -0.601779 0.532842
VERTEX_POSE A109 0.275496 0.893406 -0.031877 -0.857887 0.172259 -0.491559 -0.549544 0.149667 -0.817513
VERTEX_POSE A110 0.227036 0.153671 -0.876017 -0.528111 -0.606713 -0.567863 0.772530 -0.631372 -0.187338
VERTEX_POSE A111 -0.459442 -0.336197 0.936317 -0.544576 -0.453606 -0.189761 -0.752679 -0.816962 0.477197
VERTEX_POSE A112 -0.858881 0.197614 -0.183881 0.692919 0.538115 0.502031 -0.837809 0.517522 0.092240
VERTEX_POSE A113 -0.731964 -0.572797 -0.183543 0.640752 0.757765 -0.263690 0.368172 0.721044 -0.538741
VERTEX_POSE A114 0.012240 0.692232 -0.943754 0.412726 -0.492599 -0.386332 0.667067 -0.824867 -0.558899
VERTEX_POSE A115 -0.493761 -0.391162 0.440415 0.339764 0.940417 -0.605863 0.208051 -0.719368 0.268943
VERTEX_POSE A116 -0.825080 0.220846 0.259572 0.072570 0.641020 0.181867 0.744756 0.980642 -0.185558
VERTEX_POSE A117 0.102742 -0.623359 0.274708 -0.218192 -0.917842 0.540485 0.169266 -0.812569 0.359048
VERTEX_POSE A118 0.241257 -0.915617 -0.705083 0.285448 0.948431 0.869877 -0.316759 0.402285 0.011966
VERTEX_POSE A119 -0.767578 0.568259 0.099262 0.287467 0.619343 -0.838534 -0.205873 0.462843 -0.757648
VERTEX_POSE A120 -0.613033 0.701306 0.640259 -0.703426 -0.655161 -0.593049 0.754730 -0.391772 0.033862
VERTEX_POSE A121 0.880957 -0.644956 0.993302 0.056234 -0.984696 0.993440 0.038707 0.099568 0.169930
VERTEX_POSE A122 0.777217 0.356708 0.151719 -0.836825 0.005081 -0.221176 -0.917859 -0.500804 0.396875
VERTEX_POSE A123 0.275007 0.722569 0.467226 0.228805 -0.647180 0.100364 0.758709 0.968285 0.074287
VERTEX_POSE A124 -0.947941 0.471854 0.540354 0.458346 0.022914 -0.807275 0.428909 -0.371787 -0.903057
VERTEX_POSE A125 0.463774 0.081333 0.410897 0.226737 0.968235 0.900000 -0.166919 0.372276 -0.186171
VERTEX_POSE A126 -0.370724 0.720172 -0.297729 0.922979 0.259851 0.381888 -0.527069 0.047652 -0.809121
VERTEX_POSE A127 -0.343222 0.942348 -0.673612 -0.566782 0.665903 -0.407373 -0.738320 0.716104 0.107039
VERTEX_POSE A128 0.712489 -0.390253 0.189011 -0.422095 0.667949 -0.649549 0.248808 0.632394 0.701383
VERTEX_POSE A129 -0.516391 0.098947 -0.593319 0.138394 -0.925532 -0.924624 0.006772 0.354850 0.378608
VERTEX_POSE A130 -0.506404 -0.786980 0.596482 -0.728934 -0.678579 0.381025 -0.292352 -0.568749 0.673840
VERTEX_POSE A131 -0.055943 -0.610569 -0.252921 0.859449 -0.496588 -0.470881 -0.676484 -0.199044 -0.543847
VERTEX_POSE A132 -0.082765 -0.920437 0.465704 0.600171 0.474052 -0.411629 0.873659 0.685826 0.109519
VERTEX_POSE A133 0.332651 0.821556 0.149812 0.000345 0.116116 -0.048701 0.992059 0.998813 0.048331
VERTEX_POSE A134 -0.491604 -0.406881 0.563141 -0.354495 -0.729902 -0.517840 0.673682 0.778572 0.115742
VERTEX_POSE A135 -0.535304 -0.500988 -0.054928 0.095347 -0.164200 -0.817335 -0.575914 0.568219 -0.800850
VERTEX_POSE A136 -0.145054 -0.515609 0.781858 0.090501 0.889603 0.302015 -0.452871 0.948997 0.059288
VERTEX_POSE A137 -0.718444 0.582394 0.826528 0.221185 -0.352558 0.613871 0.774811 0.757786 -0.524758
VERTEX_POSE A138 0.262582 0.338465 0.609546 -0.174221 -0.984297 -0.460455 0.055953 0.870419 -0.167415
VERTEX_POSE A139 -0.854299 0.350676 -0.158940 0.301936 -0.816865 0.744347 -0.120115 0.595636 0.564184
VERTEX_POSE A140 0.557051 0.475800 -0.205350 -0.019610 -0.887816 -0.841251 0.263162 0.540289 0.377531
VERTEX_POSE A141 -0.510382 -0.507864 0.733529 0.770969 -0.445639 0.587936 0.223391 -0.244822 -0.866892
VERTEX_POSE A142 -0.313741 -0.985521 -0.222623 0.045497 -0.833905 0.994940 -0.011546 -0.089576 -0.551788
VERTEX_POSE A143 0.698170 -0.326586 0.610770 -0.585483 -0.565905 -0.689290 -0.029401 0.426719 -0.823946
VERTEX_POSE A144 -0.242346 -0.080661 -0.450015 0.797562 -0.599650 -0.448182 -0.516154 -0.403767 -0.611559
VERTEX_POSE A145 0.698499 0.706711 -0.166378 -0.432736 -0.707953 0.572946 0.262048 0.696041 -0.655846
VERTEX_POSE A146 -0.795591 0.282252 0.051185 0.225011 -0.415223 0.623915 0.756260 -0.748399 0.505629
VERTEX_POSE A147 -0.067425 -0.859815 0.809558 0.075116 0.142466 0.973319 0.204723 0.216815 -0.968396
VERTEX_POSE A148 -0.198758 -0.916647 -0.891670 0.508532 -0.850357 -0.252725 -0.297549 -0.823119 -0.434002
VERTEX_POSE A149 0.445666 0.366635 0.346102 -0.508420 -0.804114 0.434656 0.069199 0.743360 -0.590434
VERTEX_POSE A150 0.164996 0.708444 -0.091181 -0.483052 0.184154 -0.027140 0.974014 0.875171 0.131849
VERTEX_POSE A151 0.188208 0.784658 0.748588 0.021117 0.018231 0.825495 -0.564364 0.564014 0.825325
VERTEX_POSE A152 0.326623 0.721679 0.339404 -0.177979 -0.964518 -0.916908 0.234489 0.357216 0.121329
VERTEX_POSE A153 -0.057787 0.065152 -0.939462 0.220707 0.955544 -0.861107 0.285034 -0.458021 -0.075433
VERTEX_POSE A154 -0.536784 0.507227 0.215814 -0.504759 -0.109581 -0.554698 0.801207 -0.661460 -0.588268
VERTEX_POSE A155 0.378682 0.193533 -0.120242 0.650591 0.725930 0.698617 -0.456925 -0.297769 0.514048
VERTEX_POSE A156 -0.594013 -0.853515 0.471435 -0.513079 0.848260 0.663978 0.489080 0.543952 0.203117
VERTEX_POSE A157 0.092492 0.227399 0.918085 -0.338780 -0.701659 0.570337 0.376707 0.748294 -0.604787
VERTEX_POSE A158 -0.964539 0.135881 0.206147 0.588102 -0.139521 -0.316629 0.866672 0.744233 0.478971
VERTEX_POSE A159 -0.881523 -0.243768 -0.339553 -0.559311 0.568737 -0.778734 -0.609872 -0.284157 0.551901
VERTEX_POSE A160 0.576101 -0.673654 -0.675233 0.932816 0.272974 -0.347976 0.512730 0.093633 -0.813998
VERTEX_POSE A161 -0.470943 0.348901 -0.197372 0.696752 0.063324 0.439673 0.749338 -0.566766 0.659152
VERTEX_POSE A162 0.062534 0.145662 0.407526 0.180303 0.080300 0.385264 0.911264 -0.905021 0.403919
VERTEX_POSE A163 -0.506664 -0.594091 0.790470 -0.723408 -0.419157 0.217534 -0.892526 0.655256 -0.166450
VERTEX_POSE A164 0.861707 0.170456 0.952441 -0.073605 -0.785985 0.615132 -0.520265 0.784981 0.333995
VERTEX_POSE A165 0.570930 0.738782 -0.029333 -0.360113 0.560422 0.612101 -0.461376 0.704025 0.687793
VERTEX_POSE A166 -0.041968 -0.095079 -0.264458 0.534630 0.783310 -0.616902 0.618254 0.577583 -0.064715
VERTEX_POSE A167 -0.283346 0.654847 0.734299 -0.590401 0.278049 -0.235251 -0.957307 0.772064 -0.079070
VERTEX_POSE A168 0.852486 0.321176 -0.202805 0.735471 -0.665283 0.057460 -0.127545 0.675115 0.735616
VERTEX_POSE A169 -0.779385 -0.756614 -0.654912 -0.251230 -0.628721 0.485952 0.575620 0.837099 -0.522850
VERTEX_POSE A170 -0.137645 0.005524 -0.424642 0.212467 -0.365665 -0.678734 0.611910 -0.702978 -0.701324
VERTEX_POSE A171 0.409537 -0.203024 0.591845 -0.722570 0.688015 -0.557486 -0.637494 0.408781 0.346751
VERTEX_POSE A172 -0.289768 -0.264478 -0.921384 -0.350246 -0.385930 -0.486427 0.853611 0.800448 0.349865
VERTEX_POSE A173 0.548613 0.020003 0.352735 -0.443226 -0.606048 0.601774 -0.747279 0.664393 0.272545
VERTEX_POSE A174 0.107708 0.470390 0.202615 0.477364 -0.878499 0.780127 0.413735 -0.404384 -0.238877
VERTEX_POSE A175 0.467887 0.654861 -0.371398 -0.972270 -0.198760 0.009221 -0.559095 0.233678 -0.804927
VERTEX_POSE A176 0.247112 -0.273286 -0.813643 -0.143445 -0.935965 0.964756 -0.059820 -0.220613 0.346975
VERTEX_POSE A177 0.312116 -0.247358 -0.746200 0.285817 -0.892819 0.728739 -0.033395 0.622292 0.449177
VERTEX_POSE A178 -0.599538 0.795045 -0.561841 0.101006 -0.958726 0.858411 0.219029 -0.502920 0.181302
VERTEX_POSE A179 -0.951646 -0.189933 -0.705313 -0.127930 -0.637170 0.208339 0.731965 0.969654 -0.241334
VERTEX_POSE A180 -0.242218 -0.880722 0.599902 0.152385 0.988079 0.622427 -0.078735 -0.767700 0.132293
VERTEX_POSE A181 0.565458 0.503489 0.346979 0.624023 -0.385590 -0.454067 0.528919 -0.635939 -0.756019
VERTEX_POSE A182 0.236562 -0.405275 -0.956724 0.325393 -0.438928 0.935893 0.275950 -0.134996 0.855099
VERTEX_POSE A183 -0.915595 0.840957 -0.060694 0.440321 0.584764 -0.887214 0.166987 0.137726 -0.793830
VERTEX_POSE A184 -0.492329 -0.431360 0.407517 -0.082966 -0.781599 0.661365 0.420884 0.745462 -0.460391
VERTEX_POSE A185 0.699778 -0.898048 0.259090 0.726913 0.352153 -0.587421 -0.125842 0.355717 -0.927444
VERTEX_POSE A186 0.463088 0.034490 0.819065 0.406939 0.601853 -0.803947 -0.121158 0.433670 -0.789362
VERTEX_POSE A187 -0.086341 -0.284875 -0.121047 0.314344 -0.948091 -0.525943 -0.131770 0.790299 0.289413
VERTEX_POSE A188 -0.207730 0.329351 0.177175 -0.684800 0.647830 -0.259457 -0.644678 0.680978 0.405840
VERTEX_POSE A189 0.498548 -0.829629 0.025211 -0.356524 0.289318 0.748888 -0.480027 -0.558621 -0.828172
VERTEX_POSE A190 0.032136 0.471356 0.539400 -0.521034 -0.611051 0.639677 0.182704 -0.565099 0.770218
VERTEX_POSE A191 -0.631630 0.655697 0.501941 0.565011 0.812939 -0.161064 0.276324 -0.809210 0.512616
VERTEX_POSE A192 -0.972395 0.519272 0.827840 0.224753 0.638126 0.950011 0.024579 -0.216716 0.769539
VERTEX_POSE A193 -0.905330 -0.382981 -0.053074 -0.179971 -0.982197 0.624229 -0.071724 0.760229 -0.173625
VERTEX_POSE A194 -0.138294 -0.938394 0.292412 0.600583 0.125901 -0.795357 -0.007075 -0.081895 0.992018
VERTEX_POSE A195 0.889312 -0.310272 0.780281 -0.110683 -0.681707 -0.308353 0.715321 0.944811 0.153595
VERTEX_POSE A196 0.665600 -0.644200 0.917593 -0.036386 -0.406278 0.871801 0.433706 0.488508 -0.804262
VERTEX_POSE A197 0.819739 -0.033473 -0.972046 -0.385588 -0.297172 0.913569 -0.255610 0.129277 0.919974
VERTEX_POSE A198 -0.394034 -0.655424 0.514579 -0.268371 -0.916135 -0.478595 0.395075 0.836017 -0.067921
VERTEX_POSE A199 0.518086 0.676976 -0.285213 0.562751 0.469236 -0.526669 -0.431010 -0.637128 0.770745
VERTEX_POSE A200 -0.959647 0.209913 -0.626958 -0.676092 0.695461 -0.019527 -0.347107 0.736558 0.629166
VERTEX_POSE A201 0.468321 0.350099 -0.910063 0.594547 0.772116 -0.273437 0.456592 0.756139 -0.441995
VERTEX_POSE A202 -0.072377 -0.526048 -0.693367 -0.293402 0.944494 0.628476 0.307071 0.720370 0.116786
VERTEX_POSE A203 -0.249414 0.945435 -0.548342 0.954780 -0.170894 -0.055225 -0.905996 0.292139 0.387256
VERTEX_POSE A204 0.016934 -0.629898 0.442672 0.245793 -0.521426 0.945449 -0.056975 0.213802 0.851392
VERTEX_POSE A205 -0.964669 0.944342 0.509248 -0.356178 0.858390 0.073541 0.419631 0.931520 0.295087
VERTEX_POSE A206 -0.781528 0.600296 0.080260 0.531732 -0.458718 0.796425 0.556735 0.288042 -0.692549
VERTEX_POSE A207 -0.735954 0.096817 0.629029 0.532816 -0.683795 -0.530752 0.188808 0.659097 0.704823
VERTEX_POSE A208 0.347447 -0.303015 0.763048 -0.531643 0.381849 -0.507035 -0.858475 -0.678433 0.342361
VERTEX_POSE A209 -0.381066 0.395341 0.518419 -0.351014 0.919231 -0.874429 -0.253675 0.334907 0.301104
VERTEX_POSE A210 -0.687600 0.906884 0.923716 0.139314 0.585005 -0.184798 0.808028 0.972852 0.069715
VERTEX_POSE A211 -0.894770 -0.183737 0.362950 -0.806277 -0.317190 0.143037 -0.923576 -0.573983 0.215402
VERTEX_POSE A212 -0.815608 -0.101170 -0.134602 0.992238 0.044472 -0.107794 0.773190 -0.061994 -0.632614
VERTEX_POSE A213 0.548962 -0.498392 0.966992 -0.720609 0.286868 0.517486 0.828428 -0.461444 0.481055
VERTEX_POSE A214 -0.810365 -0.342780 -0.697744 0.162629 -0.693216 0.865651 0.441737 -0.473498 0.569491
VERTEX_POSE A215 -0.307936 0.467470 -0.727085 -0.397265 0.462411 0.658086 -0.458480 -0.639611 -0.758928
VERTEX_POSE A216 0.248740 -0.396439 0.226081 0.853798 -0.519372 -0.452609 -0.774505 -0.257243 -0.361102
VERTEX_POSE A217 0.652723 0.691710 -0.878679 0.394708 0.131407 -0.787239 0.558706 -0.473772 -0.818890
VERTEX_POSE A218 0.605722 -0.817405 0.151868 0.831551 0.554877 0.229041 -0.383835 0.506026 -0.738094
VERTEX_POSE A219 -0.958990 0.932912 -0.596744 -0.586085 0.296666 -0.714122 -0.628769 0.382798 -0.718777
VERTEX_POSE A220 0.151271 0.862081 0.146532 0.612291 -0.766944 0.168670 0.364067 0.772431 0.528443
VERTEX_POSE A221 -0.362142 0.653951 -0.308732 0.138815 -0.646625 -0.709901 -0.593063 0.690486 -0.479742
VERTEX_POSE A222 -0.590620 0.588609 0.905197 0.357174 -0.653535 0.370716 -0.556578 0.857319 0.512945
VERTEX_POSE A223 0.178876 0.381353 -0.025628 0.280048 0.121770 0.764898 0.571084 -0.580089 0.811810
VERTEX_POSE A224 -0.267472 -0.729030 0.638193 -0.759751 0.487291 -0.645260 -0.646617 0.080112 -0.586885
VERTEX_POSE A225 0.271087 0.650215 0.197609 0.474913 0.443795 -0.528189 0.834444 -0.703899 -0.326724
VERTEX_POSE A226 0.068188 -0.928918 -0.245347 0.098346 0.684818 0.994990 -0.054549 -0.017991 0.726670
VERTEX_POSE A227 -0.601872 -0.373230 0.555786 0.683177 0.517283 0.692556 -0.235098 0.231595 -0.822890
VERTEX_POSE A228 0.090825 -0.383258 0.225563 -0.615621 -0.778230 0.080669 0.094262 0.783903 -0.620865
VERTEX_POSE A229 0.674154 -0.584343 -0.730768 -0.925365 -0.193614 0.376480 -0.569845 -0.044291 -0.798618
VERTEX_POSE A230 0.916214 -0.696254 -0.729427 -0.793201 0.327730 -0.501174 0.127438 0.345915 0.936137
VERTEX_POSE A231 0.131178 0.826655 0.598604 -0.741397 -0.488335 0.573989 -0.106126 0.347659 -0.866179
VERTEX_POSE A232 0.142475 0.765756 -0.640831 -0.253252 -0.967397 -0.205439 0.051172 -0.945335 0.248042
VERTEX_POSE A233 -0.156162 -0.222302 -0.422794 0.790856 0.123132 0.403565 -0.841328 -0.460089 -0.526313
VERTEX_POSE A234 0.881764 0.772091 -0.949737 -0.160389 0.832006 0.803387 -0.202548 -0.573450 -0.516468
VERTEX_POSE A235 -0.840591 -0.864141 0.801842 -0.900209 -0.037241 0.433313 0.022148 0.043162 -0.999061
VERTEX_POSE A236 -0.120831 -0.277959 -0.913546 -0.082210 0.961966 -0.829342 -0.210983 0.552660 -0.173513
VERTEX_POSE A237 -0.899764 0.372386 0.130522 0.837739 -0.098143 0.383311 0.806321 0.388929 -0.583278
VERTEX_POSE A238 -0.576545 0.232676 0.430871 -0.524709 0.132981 -0.610139 0.630042 -0.593642 -0.765090
VERTEX_POSE A239 -0.773384 0.419026 0.849501 -0.481678 -0.875847 0.504734 -0.304900 -0.716400 0.374069
VERTEX_POSE A240 -0.280830 -0.232273 -0.351058 -0.156446 0.807681 -0.649897 -0.517597 -0.743747 0.282390
VERTEX_POSE A241 -0.264145 0.139559 0.354587 0.408863 -0.419933 -0.020513 0.883387 -0.912365 -0.208048
VERTEX_POSE A242 -0.668154 -0.764712 0.212451 0.811829 0.486376 0.209671 -0.759224 -0.544951 0.432455
VERTEX_POSE A243 -0.096438 0.666557 0.514340 0.416797 0.542236 -0.604459 -0.434105 0.678903 -0.719398
VERTEX_POSE A244 -0.715183 0.641168 0.321579 0.188405 0.480265 0.164676 0.844472 0.968187 -0.237091
VERTEX_POSE A245 -0.478520 -0.107492 0.514707 -0.667452 0.532885 0.696472 0.693906 -0.263505 0.484280
VERTEX_POSE A246 0.595626 0.134027 0.787255 -0.861562 0.310687 -0.498830 -0.664922 -0.094234 0.679230
VERTEX_POSE A247 0.533557 -0.755272 -0.452340 -0.415801 0.629043 0.295083 0.776455 -0.860253 -0.037708
VERTEX_POSE A248 -0.825797 -0.415782 0.636028 0.449761 0.487788 0.252254 0.734211 0.856786 -0.472225
VERTEX_POSE A249 0.201349 0.316622 -0.060877 0.217342 -0.305558 -0.845233 0.416106 0.488204 0.856440
VERTEX_POSE A250 0.574567 -0.822360 -0.049084 0.306784 0.858375 0.907344 -0.133298 0.287421 -0.495402
VERTEX_POSE A251 0.325474 -0.553701 -0.217439 0.649363 0.756736 -0.508537 0.505763 0.565436 -0.414190
VERTEX_POSE A252 0.839207 -0.029427 0.630390 0.629027 0.329014 -0.120863 -0.853613 0.767931 -0.403850
VERTEX_POSE A253 0.983947 0.766248 -0.143887 0.024619 0.786186 0.405307 -0.572493 0.913849 0.232730
VERTEX_POSE A254 -0.495650 0.827652 0.756933 -0.105942 0.609784 0.961809 -0.137648 0.252386 0.780523
VERTEX_POSE A255 -0.428265 0.241542 0.268583 -0.768305 0.513580 0.517190 0.849744 -0.377122 0.119041
VERTEX_POSE A256 0.255034 0.416463 -0.946278 0.790916 0.558808 -0.608756 0.759940 -0.062192 -0.331999
VERTEX_POSE A257 0.572538 0.898734 -0.488414 -0.880457 -0.472756 0.438626 -0.783328 -0.180009 0.403608
VERTEX_POSE A258 -0.030137 0.868313 -0.175631 0.032710 0.494656 0.722160 -0.612413 -0.690952 -0.616657
VERTEX_POSE A259 -0.654141 -0.966795 0.279285 -0.632788 -0.761250 -0.374746 0.140941 0.677602 -0.632956
VERTEX_POSE A260 0.246692 -0.685609 -0.219182 0.542316 0.706225 -0.837375 0.498519 -0.068528 -0.502717
VERTEX_POSE A261 -0.113923 -0.827941 0.094943 -0.772402 0.618643 0.116561 -0.084480 0.624347 0.781117
VERTEX_POSE A262 0.477037 0.859861 -0.122110 -0.511991 -0.718094 0.838969 -0.300240 -0.184383 0.627852
VERTEX_POSE A263 -0.610833 -0.919853 0.139987 0.804833 -0.182323 -0.543598 0.155506 -0.238213 -0.970864
VERTEX_POSE A264 0.729915 -0.050243 0.672149 0.720168 -0.635504 -0.643733 -0.761708 -0.258779 0.126236
VERTEX_POSE A265 0.358800 0.631951 -0.071848 0.054151 0.537004 -0.619934 0.678996 0.782783 0.500591
VERTEX_POSE A266 -0.451425 -0.783994 -0.058171 -0.359646 0.008836 0.823364 -0.467460 0.439006 0.883970
VERTEX_POSE A267 -0.390917 0.671798 0.758602 0.081740 -0.860497 -0.132171 -0.509446 -0.987851 -0.003041
VERTEX_POSE A268 0.459036 0.004338 -0.941325 -0.646909 -0.574080 -0.090940 0.711601 -0.757126 0.405038
VERTEX_POSE A269 -0.027970 0.448682 -0.627301 0.753554 0.645524 -0.007020 -0.181196 -0.657349 0.741934
VERTEX_POSE A270 -0.164300 0.090824 0.608103 0.739208 0.409380 -0.185931 -0.639133 0.647303 -0.651089
VERTEX_POSE A271 -0.821794 0.772065 -0.292384 0.009601 0.466385 -0.875292 0.431629 -0.483500 -0.772128
VERTEX_POSE A272 0.707885 -0.411759 0.727286 0.439130 0.107463 -0.897328 0.003432 -0.044368 0.994203
VERTEX_POSE A273 0.167545 0.326112 -0.179446 -0.591675 -0.388761 0.578641 -0.814775 0.561333 0.430123
VERTEX_POSE A274 0.081769 0.438622 -0.778044 -0.179234 -0.064049 0.058131 -0.996825 0.982088 0.047314
VERTEX_POSE A275 0.992703 -0.770591 0.048865 -0.255302 -0.964458 0.321294 -0.151090 0.911916 -0.216779
VERTEX_POSE A276 0.689026 -0.781380 -0.664738 -0.488756 -0.199532 0.671979 -0.706944 0.556383 0.678541
VERTEX_POSE A277 -0.322605 -0.427351 -0.990789 0.829518 -0.237568 0.526364 0.635047 0.186657 -0.735035
VERTEX_POSE A278 0.526260 -0.525863 0.596525 0.058886 0.203024 -0.695148 -0.694357 0.716451 -0.690398
VERTEX_POSE A279 0.863229 -0.197162 0.971290 0.744954 -0.143195 0.447002 -0.617869 -0.495210 -0.773132
VERTEX_POSE A280 0.878744 0.889271 -0.051666 0.973850 -0.065792 0.174160 0.830824 0.145891 -0.552633
VERTEX_POSE A281 0.100827 -0.348223 -0.452559 -0.422865 -0.902294 0.618279 -0.355013 0.662508 -0.244604
VERTEX_POSE A282 0.188703 0.249137 -0.246150 0.846258 -0.235780 0.252391 -0.612315 0.469197 0.754638
VERTEX_POSE A283 0.717950 -0.140156 -0.421276 -0.360965 -0.603137 0.243379 0.675354 0.900261 -0.424408
VERTEX_POSE A284 0.084774 -0.581975 0.403554 0.559297 -0.472077 -0.752690 -0.633621 0.347338 -0.612917
VERTEX_POSE A285 0.693052 0.076789 -0.489217 0.249598 0.649312 -0.428044 0.739444 -0.868607 -0.177811
VERTEX_POSE A286 -0.710315 -0.898614 0.847307 0.935382 -0.210810 0.076645 0.904662 -0.345232 -0.370332
VERTEX_POSE A287 -0.660192 0.834489 0.457277 -0.416277 0.426979 -0.900491 -0.071440 -0.125811 -0.901435
VERTEX_POSE A288 0.265590 -0.024477 0.022369 0.593902 0.202733 -0.529054 0.827478 -0.606120 -0.523621
VERTEX_POSE A289 0.259548 0.969698 -0.328323 0.977577 0.209931 -0.022919 0.028097 0.209328 -0.977313
VERTEX_POSE A290 -0.314334 0.867694 -0.263438 -0.939076 0.341392 -0.244615 -0.745255 0.241453 0.572753
VERTEX_POSE A291 -0.487717 0.289914 0.803186 -0.188693 -0.467675 0.799178 0.437888 -0.570710 0.767811
VERTEX_POSE A292 -0.854375 -0.858243 0.766619 0.331434 -0.566869 -0.538380 0.542821 0.774790 0.619682
VERTEX_POSE A293 -0.837297 0.727555 0.614451 0.275714 -0.924576 0.640183 0.380677 -0.717041 -0.015641
VERTEX_POSE A294 -0.098551 0.370061 -0.056826 0.449537 0.449312 -0.729920 -0.313438 0.514911 -0.836586
VERTEX_POSE A295 0.875539 0.091514 0.438768 0.019739 0.999747 0.880252 -0.012265 0.474096 -0.018853
VERTEX_POSE A296 0.521503 0.359506 -0.457396 0.927498 0.365443 -0.275873 0.811242 -0.252273 0.456440
VERTEX_POSE A297 0.450025 0.586068 0.885002 0.602648 0.584874 -0.538727 0.800075 -0.588717 -0.133424
VERTEX_POSE A298 -0.515377 -0.236688 0.197370 -0.070610 -0.414257 -0.933294 0.348541 0.352103 0.840779
VERTEX_POSE A299 -0.019460 -0.636156 -0.398722 0.466129 -0.711163 0.850076 0.524844 0.245141 -0.467746
VERTEX_POSE A300 -0.577945 0.034750 -0.742298 -0.195230 0.270332 0.597778 -0.729272 0.777526 0.628557
VERTEX_POSE A301 0.320322 0.854136 -0.194526 0.705640 -0.576405 -0.640978 -0.767168 0.302026 -0.281444
VERTEX_POSE A302 0.158746 -0.864091 0.308895 0.652939 -0.610380 -0.668349 -0.185756 -0.356343 -0.770020
VERTEX_POSE A303 -0.870060 0.622991 0.984988 -0.989183 0.079804 -0.003637 -0.852141 -0.146641 -0.517192
VERTEX_POSE A304 -0.512132 0.180248 0.626028 0.769429 0.390897 0.206625 -0.900669 -0.604388 0.189723
VERTEX_POSE A305 -0.759485 0.574532 0.530850 0.729725 0.537729 0.678734 -0.644300 -0.082593 -0.543806
VERTEX_POSE A306 -0.877357 0.852400 0.033853 -0.757854 -0.639671 -0.458594 0.382339 -0.464057 0.666811
VERTEX_POSE A307 -0.823107 0.398868 0.961290 -0.883466 -0.112033 -0.435639 -0.160765 -0.172354 0.980614
VERTEX_POSE A308 -0.082090 -0.852819 0.540061 -0.052888 0.536542 -0.673468 -0.641890 0.737322 -0.547814
VERTEX_POSE A309 0.648903 -0.673463 -0.369623 0.429114 -0.884413 -0.903237 -0.421258 -0.004890 0.200885
VERTEX_POSE A310 -0.959878 -0.798293 0.932580 -0.576199 -0.118197 0.636152 -0.686090 -0.513133 -0.717851
VERTEX_POSE A311 -0.203346 -0.963548 -0.511605 0.540707 -0.349886 -0.673228 -0.725251 -0.504381 0.592951
VERTEX_POSE A312 -0.250270 -0.021686 0.177818 0.138935 0.841113 0.937290 0.058693 0.319664 -0.537665
VERTEX_POSE A313 0.228824 0.450844 -0.313570 -0.787819 0.561435 -0.526247 -0.827233 -0.320010 -0.021814
VERTEX_POSE A314 -0.485396 -0.103705 0.067119 -0.461393 0.473392 0.496565 -0.563074 -0.735215 -0.677383
VERTEX_POSE A315 0.834503 0.396339 -0.418628 0.874977 0.255278 0.243053 0.503288 0.418737 -0.825551
VERTEX_POSE A316 -0.078123 -0.472367 0.197214 0.185279 0.934096 -0.608595 0.352905 0.771547 0.054057
VERTEX_POSE A317 -0.195711 -0.002319 -0.085573 0.647719 -0.119277 0.734365 -0.165285 0.202897 0.979007
VERTEX_POSE A318 -0.825689 0.230828 -0.961351 -0.500032 0.522708 -0.817848 -0.022853 0.284767 0.852206
VERTEX_POSE A319 -0.812533 0.503156 -0.780418 -0.791657 -0.600760 0.069689 -0.269616 -0.606978 0.752592
VERTEX_POSE A320 -0.936164 -0.032620 0.586103 0.029903 -0.939273 0.995396 -0.003175 0.091060 0.343155
VERTEX_POSE A321 -0.140023 0.098522 -0.224789 0.598692 0.513950 0.109056 0.707550 -0.793520 0.485003
VERTEX_POSE A322 -0.300251 -0.206930 -0.977231 -0.018310 0.684893 0.774300 -0.451203 -0.632554 -0.572134
VERTEX_POSE A323 -0.790539 0.109137 0.352723 0.875924 0.470236 0.229651 -0.209774 0.424284 -0.857247
VERTEX_POSE A324 0.022680 -0.173924 -0.610338 0.679825 0.067009 -0.666786 0.471088 -0.305343 -0.879537
VERTEX_POSE A325 0.601199 -0.836869 -0.034058 0.749065 -0.634936 0.656496 0.673068 0.088968 0.379257
VERTEX_POSE A326 -0.915000 -0.799349 -0.208509 -0.722298 0.211082 -0.015543 -0.956997 -0.691407 -0.199000
VERTEX_POSE A327 -0.455817 -0.814418 -0.067734 -0.560654 -0.486686 -0.827957 0.317335 0.012437 -0.813901
VERTEX_POSE A328 0.051224 0.749199 -0.149055 0.823234 -0.512783 -0.388830 -0.196657 0.413639 0.835691
VERTEX_POSE A329 -0.430377 -0.036036 0.988861 -0.677597 0.379683 0.560611 -0.287647 0.476002 0.879261
VERTEX_POSE A330 0.524723 -0.450574 0.533544 -0.026465 0.981940 -0.354304 -0.184448 0.934756 -0.042112
VERTEX_POSE A331 0.473279 -0.216052 0.108646 -0.310258 0.939272 0.694807 0.118755 0.648832 0.321971
VERTEX_POSE A332 0.889946 -0.181900 -0.205665 0.608956 -0.105543 -0.203090 0.937325 0.766764 0.332087
VERTEX_POSE A333 -0.316531 -0.314665 -0.157561 0.066364 0.996013 0.917685 -0.084381 0.391726 0.028937
VERTEX_POSE A334 0.603219 -0.593061 0.093634 -0.884353 -0.409387 -0.205491 -0.090083 -0.419157 0.907903
VERTEX_POSE A335 -0.622187 0.998348 -0.579636 -0.847237 0.389421 -0.498900 -0.816909 -0.182451 0.425453
VERTEX_POSE A336 -0.076016 -0.740133 -0.626711 -0.289891 0.733035 0.146762 -0.601279 0.945740 0.318000
VERTEX_POSE A337 0.725862 -0.740661 -0.872513 0.662051 0.193081 -0.748824 0.130639 0.030854 -0.972447
VERTEX_POSE A338 -0.445294 0.397216 -0.618346 0.811288 0.308214 -0.555930 0.143645 0.180978 -0.940410
VERTEX_POSE A339 0.841894 -0.592952 0.913351 -0.251293 0.496556 0.766269 -0.422360 -0.591340 -0.758316
VERTEX_POSE A340 0.374765 -0.414124 -0.242136 -0.671889 -0.393192 -0.151393 0.902467 -0.725014 0.175934
VERTEX_POSE A341 -0.405172 0.598923 -0.685766 0.566567 -0.526893 -0.597784 -0.791996 0.567148 -0.308425
VERTEX_POSE A342 -0.361452 -0.556500 -0.598254 -0.210411 -0.943137 0.923844 -0.277919 -0.319748 -0.182354
VERTEX_POSE A343 -0.875506 0.564190 0.935682 -0.071983 0.695274 0.911634 -0.245023 -0.404651 -0.675691
VERTEX_POSE A344 0.823652 0.049767 0.000664 0.306680 -0.093093 0.776715 0.599705 -0.550147 0.794788
VERTEX_POSE A345 0.153151 0.339795 0.468865 0.561717 0.786637 0.059875 -0.347600 0.825160 -0.510270
VERTEX_POSE A346 0.958998 -0.039471 -0.482946 -0.314670 -0.701685 -0.623972 -0.354576 -0.715292 0.617992
VERTEX_POSE A347 -0.254471 0.577400 -0.802122 0.550895 -0.484694 0.665925 -0.235400 0.503049 0.842412
VERTEX_POSE A348 0.957440 -0.662524 -0.616709 -0.224263 -0.860211 -0.440204 0.508689 -0.869440 -0.035671
VERTEX_POSE A349 -0.866691 -0.808643 -0.444297 -0.585686 0.589829 0.635566 0.759864 -0.503019 0.273328
VERTEX_POSE A350 -0.067004 0.080556 -0.582540 -0.999691 0.023628 -0.019287 -0.933004 0.015668 0.359089
VERTEX_POSE A351 -0.978723 0.304856 0.969394 0.728846 -0.197661 0.608216 0.626577 0.314415 -0.753877
VERTEX_POSE A352 -0.006714 0.289879 0.330914 -0.802458 -0.296772 0.022549 0.851849 -0.596283 0.431601
VERTEX_POSE A353 0.632745 0.873626 -0.559771 -0.679487 -0.726355 -0.020749 -0.121941 -0.733394 0.676416
VERTEX_POSE A354 -0.769263 -0.586007 0.322117 -0.850250 -0.333972 -0.153591 -0.581905 0.503473 -0.741518
VERTEX_POSE A355 -0.984034 -0.884045 0.720576 0.801512 -0.596610 0.424775 0.520441 0.420886 0.610900
VERTEX_POSE A356 0.233944 -0.963243 0.406171 0.872001 -0.064229 0.012637 -0.988070 0.489341 0.139971
VERTEX_POSE A357 -0.684262 -0.385356 -0.886392 0.212704 -0.702429 -0.950593 0.012106 -0.226118 -0.711651
VERTEX_POSE A358 -0.439850 -0.698463 -0.347158 0.598335 0.658493 0.454662 -0.748148 -0.659756 0.081613
VERTEX_POSE A359 -0.714832 0.785956 -0.742884 -0.758123 0.377791 0.069641 0.857332 -0.648382 -0.349650
VERTEX_POSE A360 -0.114639 0.578608 -0.897530 -0.365705 -0.684801 0.878974 -0.476803 -0.306048 -0.551096
VERTEX_POSE A361 -0.915128 -0.149037 -0.813614 -0.215044 0.975129 -0.950219 -0.221606 0.225478 -0.003897
VERTEX_POSE A362 0.758447 -0.430096 0.365762 -0.442865 -0.247390 -0.062976 0.967389 0.894374 -0.054382
VERTEX_POSE A363 -0.224693 -0.603293 -0.103195 -0.778134 0.529087 0.627032 0.622963 -0.036590 -0.576180
VERTEX_POSE A364 -0.231658 0.536299 0.028824 -0.522537 -0.478723 0.769227 0.092224 -0.367757 0.873109
VERTEX_POSE A365 0.361666 -0.023157 -0.540604 0.109883 0.278875 0.394132 -0.893371 0.912462 0.352302
VERTEX_POSE A366 0.153120 -0.604945 0.317169 0.898199 -0.414836 -0.322828 -0.397933 -0.298364 -0.818267
VERTEX_POSE A367 0.692326 0.796166 0.402114 -0.359526 -0.830996 -0.701892 0.540587 0.614889 0.131193
VERTEX_POSE A368 0.087528 0.236183 -0.413117 0.730251 -0.433336 -0.414077 0.334164 -0.543391 -0.836991
VERTEX_POSE A369 0.707826 0.792272 0.698822 -0.518125 0.502957 -0.632673 0.318913 -0.575562 -0.803324
VERTEX_POSE A370 0.534220 -0.796786 0.315464 -0.658067 -0.649131 0.701117 -0.713036 -0.274559 -0.264969
VERTEX_POSE A371 -0.537707 0.822059 0.344746 -0.410177 0.731872 0.475170 -0.337789 -0.778440 -0.591830
VERTEX_POSE A372 -0.697346 0.391195 -0.986944 0.589013 0.550826 -0.212402 0.811510 0.779711 -0.195044
VERTEX_POSE A373 -0.827233 -0.353287 0.717210 -0.770883 0.280250 0.223041 -0.722402 -0.596651 -0.632136
VERTEX_POSE A374 -0.413212 0.386249 0.280428 0.111415 -0.363402 -0.670098 -0.714788 0.733863 -0.597509
VERTEX_POSE A375 -0.873694 -0.559039 0.013720 -0.686216 0.319447 0.350764 -0.641729 -0.637238 -0.697235
VERTEX_POSE A376 0.325919 0.986508 0.186074 -0.318428 0.280508 -0.872073 0.287773 0.371608 0.915698
VERTEX_POSE A377 -0.454214 -0.653221 0.797482 0.671491 0.608402 -0.441139 0.786900 0.595396 -0.103132
VERTEX_POSE A378 -0.128165 -0.981639 0.211598 -0.944448 0.115744 0.137747 -0.710368 -0.298403 -0.694248
VERTEX_POSE A379 0.283359 -0.676016 0.569366 -0.059927 -0.381177 0.990963 -0.133830 0.120007 0.914764
VERTEX_POSE A380 -0.320906 -0.461864 -0.646815 -0.221792 -0.775928 0.089051 -0.619217 -0.971019 0.120443
VERTEX_POSE A381 0.804831 0.098917 0.629058 -0.839748 -0.383797 -0.125268 0.825231 -0.528329 0.414359
VERTEX_POSE A382 0.304635 0.628840 0.538760 -0.752144 -0.465120 -0.022379 0.726031 0.658618 -0.506499
VERTEX_POSE A383 0.672380 0.828015 0.684099 -0.703191 -0.529356 0.087498 0.598094 -0.705596 0.601719
VERTEX_POSE A384 0.437577 -0.027458 -0.930713 0.482819 -0.537668 0.356628 0.841631 -0.799814 0.050703
VERTEX_POSE A385 0.535373 -0.957167 -0.139123 -0.710806 0.493386 0.407076 -0.292688 0.573624 0.819087
VERTEX_POSE A386 0.688347 0.943970 0.404675 -0.326485 -0.312374 0.824540 -0.555549 0.462105 0.770576
VERTEX_POSE A387 -0.328479 0.009299 0.475458 0.209806 0.584356 0.657165 -0.677926 0.723958 0.446031
VERTEX_POSE A388 0.851111 -0.342523 -0.025515 0.866149 0.090966 0.393057 -0.731320 -0.308695 -0.675941
VERTEX_POSE A389 -0.751504 -0.754493 -0.942484 0.228000 -0.186054 -0.866758 0.408382 0.443562 0.893649
VERTEX_POSE A390 -0.043311 -0.204746 0.732574 -0.747242 0.394830 -0.171921 0.662134 -0.641929 -0.636936
VERTEX_POSE A391 -0.263528 -0.763916 0.076955 -0.673868 -0.266621 0.430442 0.616340 -0.600518 0.740971
VERTEX_POSE A392 -0.666631 0.096470 -0.756098 0.059489 0.762449 0.537167 0.519579 -0.841376 0.385628
VERTEX_POSE A393 -0.284864 0.365158 0.098336 -0.767771 -0.029332 -0.534321 -0.521976 -0.353594 0.852456
VERTEX_POSE A394 0.511778 -0.367208 0.973760 0.738511 -0.228029 -0.017066 0.934450 0.674025 0.273505
VERTEX_POSE A395 0.101710 -0.367231 0.272727 0.619171 -0.503843 0.666736 -0.067886 0.414838 0.861124
VERTEX_POSE A396 -0.923198 -0.657998 0.557732 0.133185 -0.695983 -0.988107 -0.148456 -0.076858 0.702544
VERTEX_POSE A397 -0.335102 0.027847 0.290928 -0.690862 0.506501 -0.559868 0.076702 0.457447 0.858821
VERTEX_POSE A398 -0.205964 -0.571065 -0.325160 -0.709975 -0.648284 -0.276263 0.615681 -0.647776 0.447957
VERTEX_POSE A399 0.164330 0.578184 -0.855385 -0.787152 0.541248 0.205578 0.682284 0.581489 0.491466
VERTEX_POSE A400 -0.627276 -0.179882 -0.010249 -0.569076 -0.787468 0.585484 -0.590194 -0.577374 0.177666
VERTEX_POSE A401 -0.671745 -0.367852 0.990305 -0.102643 0.405873 -0.991998 0.025710 -0.073519 -0.913568
VERTEX_POSE A402 0.626623 0.400243 0.489361 0.507502 -0.756747 0.861253 0.460038 0.026179 -0.464434
VERTEX_POSE A403 -0.324621 -0.788687 0.002807 0.155187 -0.256941 -0.151189 -0.960386 -0.976247 0.107889
VERTEX_POSE A404 -0.498978 0.278862 0.707514 0.698527 -0.607574 -0.505352 -0.044811 -0.506636 -0.792998
VERTEX_POSE A405 -0.786589 -0.213507 -0.230210 0.659544 -0.660392 0.748936 0.536684 0.064003 0.525216
VERTEX_POSE A406 -0.198315 -0.347725 -0.983473 0.829347 -0.553565 -0.554164 -0.832275 -0.071315 0.029730
VERTEX_POSE A407 0.826941 0.265370 -0.106411 0.696807 0.113501 -0.596507 0.640008 0.398296 0.759939
VERTEX_POSE A408 -0.240803 0.133271 -0.432728 -0.435507 -0.757859 -0.770832 0.035251 -0.464921 0.651466
VERTEX_POSE A409 0.673521 -0.329364 0.228125 0.789012 0.614368 -0.526098 0.672564 0.317303 -0.412565
VERTEX_POSE A410 0.110300 0.589355 -0.537046 0.539860 0.651477 -0.142120 -0.553610 0.829670 -0.518743
VERTEX_POSE A411 0.438291 0.671407 -0.079543 -0.848095 0.103047 -0.476352 0.281211 -0.231999 -0.954097
VERTEX_POSE A412 0.478352 0.769552 -0.142817 0.418009 -0.746677 0.828647 0.546829 -0.372306 0.378750
VERTEX_POSE A413 -0.585065 0.218195 -0.998286 -0.033895 -0.729663 -0.391926 -0.618918 -0.919372 0.290744
VERTEX_POSE A414 0.110671 0.499422 -0.395444 -0.887178 -0.239077 -0.454652 0.598950 0.078781 0.764265
VERTEX_POSE A415 -0.084071 -0.257906 -0.073530 -0.872933 -0.459225 -0.450282 0.628628 -0.187706 0.627646
VERTEX_POSE A416 0.950308 0.261028 -0.137408 0.118248 0.308200 -0.856051 -0.450072 -0.503184 0.838121
VERTEX_POSE A417 -0.200982 0.443392 -0.990769 -0.687922 -0.690961 -0.311417 0.557445 -0.655578 0.460248
VERTEX_POSE A418 0.587449 0.751393 -0.598071 0.619885 0.575170 -0.306099 0.803595 0.722528 -0.153019
VERTEX_POSE A419 0.801418 0.918505 0.837077 -0.126318 0.458612 -0.953807 0.187495 -0.272572 -0.868632
VERTEX_POSE A420 0.047514 0.688899 -0.933253 0.923130 0.038483 -0.270054 0.773129 0.273681 0.633080
VERTEX_POSE A421 -0.455862 -0.453352 -0.865497 0.539494 0.305443 -0.814614 0.425036 0.212955 0.852085
VERTEX_POSE A422 -0.462110 -0.845411 -0.085968 -0.427572 0.899640 -0.724271 -0.399503 -0.540938 -0.176198
VERTEX_POSE A423 0.380883 -0.214631 -0.689351 -0.678641 0.475347 -0.162626 -0.840651 0.716240 0.259520
VERTEX_POSE A424 0.259274 0.911806 0.232839 0.412527 -0.756896 0.212656 0.621078 -0.885776 -0.203397
VERTEX_POSE A425 -0.950332 -0.212619 -0.112208 0.836557 -0.517831 -0.516183 -0.635453 0.183648 0.572757
VERTEX_POSE A426 -0.517407 0.418138 0.583376 -0.630735 0.393061 0.678727 -0.138534 0.376169 0.909017
VERTEX_POSE A427 0.336076 -0.746192 -0.209429 0.158819 0.812284 -0.279555 0.582172 0.946903 0.035635
VERTEX_POSE A428 -0.285433 0.815227 -0.821280 0.787356 -0.546039 0.526301 0.353570 0.321059 0.759493
VERTEX_POSE A429 0.276628 0.847073 -0.741783 -0.560592 -0.653651 0.770728 -0.636377 -0.302845 -0.409590
VERTEX_POSE A430 -0.499594 0.831992 -0.064814 0.458073 -0.471634 0.114744 0.871920 0.881478 0.131592
VERTEX_POSE A431 0.087291 -0.364654 0.168471 0.253562 -0.621754 -0.818295 0.270655 -0.515848 -0.734961
VERTEX_POSE A432 0.604884 -0.520779 -0.751479 0.714822 -0.098922 -0.649127 0.274370 -0.260122 -0.956523
VERTEX_POSE A433 -0.872970 0.232235 -0.575453 -0.604309 0.298526 -0.647063 0.357092 0.464888 0.885081
VERTEX_POSE A434 0.762670 -0.153341 -0.828723 -0.441988 0.543943 -0.888135 -0.377009 0.125949 -0.749660
VERTEX_POSE A435 -0.894094 0.758083 0.956036 -0.173033 -0.743973 -0.860341 0.433168 -0.479451 -0.508792
VERTEX_POSE A436 -0.659559 -0.981272 0.194337 -0.244557 -0.531155 0.034469 -0.840851 0.969022 -0.104140
VERTEX_POSE A437 -0.435645 0.498934 -0.812196 0.108640 0.636647 -0.948119 0.297191 -0.298778 -0.711588
VERTEX_POSE A438 0.932847 0.023453 -0.150376 0.573937 0.817256 -0.517586 0.312953 -0.634587 0.483894
VERTEX_POSE A439 0.099637 0.151999 0.761609 0.978878 0.076877 -0.202326 0.497358 -0.029366 -0.864133
VERTEX_POSE A440 -0.762124 -0.830431 0.415929 -0.953811 0.280960 0.112677 0.006486 -0.278475 -0.959698
VERTEX_POSE A441 0.043146 -0.387192 0.312579 0.250517 -0.722274 0.745407 0.568796 -0.617745 0.393435
VERTEX_POSE A442 -0.462072 -0.176594 -0.317934 -0.403405 0.219669 0.914666 0.069750 0.025504 0.973078
VERTEX_POSE A443 0.716227 0.939121 -0.726888 -0.717898 -0.359595 -0.686854 0.505333 0.113378 0.784429
VERTEX_POSE A444 0.458081 0.831003 0.314293 0.503802 -0.348885 -0.702144 -0.698264 0.503168 -0.625066
VERTEX_POSE A445 0.648600 -0.677172 0.286622 -0.581424 0.104642 0.697136 0.575355 -0.419461 0.811182
VERTEX_POSE A446 -0.367844 -0.318784 0.199583 0.243943 0.752751 -0.961085 0.271935 -0.129645 -0.599514
VERTEX_POSE A447 0.408389 0.092030 -0.823115 0.595282 -0.778711 -0.651357 -0.323287 0.470503 0.537675
VERTEX_POSE A448 -0.552382 0.766220 0.295853 0.043133 -0.841012 -0.990221 -0.107670 -0.132673 0.530195
VERTEX_POSE A449 -0.780395 -0.567391 0.601511 0.596570 0.563405 0.747616 -0.131149 0.291848 -0.815705
VERTEX_POSE A450 0.209807 0.010535 -0.986038 -0.736244 0.663379 0.450036 0.627514 0.505383 0.407621
VERTEX_POSE A451 0.495132 0.455118 0.362600 0.593651 -0.602424 0.652194 0.748568 -0.471404 0.277006
VERTEX_POSE A452 -0.236256 -0.020744 0.736014 -0.878673 -0.341402 0.458122 -0.799684 -0.134379 -0.493913
VERTEX_POSE A453 0.747697 0.165124 -0.072006 -0.789470 0.592001 -0.535134 -0.793204 0.300613 0.142698
VERTEX_POSE A454 -0.123985 -0.759513 0.673250 -0.372200 0.817331 0.830073 0.081114 -0.415266 -0.570430
VERTEX_POSE A455 -0.976982 -0.108938 -0.031147 -0.410358 0.011163 0.601823 -0.747940 0.685139 0.663673
VERTEX_POSE A456 0.797366 0.952505 0.815786 -0.531843 -0.638877 -0.815567 0.209674 -0.228022 0.740185
VERTEX_POSE A457 0.358607 0.658626 0.256626 0.602536 0.447071 0.760221 -0.573656 0.242929 0.686328
VERTEX_POSE A458 0.359094 0.144870 0.759424 0.882447 0.443959 0.403090 -0.543209 0.242498 -0.712618
VERTEX_POSE A459 -0.488068 0.767732 0.994506 -0.141304 0.865497 0.358426 0.497235 0.922802 -0.060602
VERTEX_POSE A460 -0.364764 0.505698 0.514843 0.654733 0.692488 -0.330075 -0.098639 -0.679982 0.714655
VERTEX_POSE A461 0.859501 -0.023138 -0.305390 -0.077576 -0.657625 -0.888403 -0.295505 -0.452463 0.692970
VERTEX_POSE A462 0.599224 -0.596922 0.162977 0.543110 -0.805786 -0.541622 -0.121341 -0.641620 -0.579642
VERTEX_POSE A463 -0.759881 0.984920 0.763364 -0.040387 -0.949232 0.981717 0.020428 -0.186013 0.313912
VERTEX_POSE A464 0.986530 -0.790902 0.119158 -0.030914 -0.392055 0.702279 0.646027 0.711230 -0.654937
VERTEX_POSE A465 0.361893 0.249737 0.334254 0.572593 -0.090394 0.743999 -0.360212 0.344387 0.928481
VERTEX_POSE A466 -0.653975 0.743003 0.719399 -0.451684 -0.024693 0.573850 0.757363 0.683138 -0.652527
VERTEX_POSE A467 -0.673029 -0.772174 -0.686506 0.865533 -0.495839 -0.106166 -0.043708 -0.489470 -0.867314
VERTEX_POSE A468 0.926248 -0.251329 0.522058 -0.666041 0.557768 0.725947 0.332108 -0.171436 -0.760657
VERTEX_POSE A469 -0.721128 -0.233544 -0.430976 -0.426772 0.499132 0.017183 0.838224 0.904196 0.219656
VERTEX_POSE A470 0.426609 0.379825 -0.924897 0.413307 0.553560 -0.355339 -0.633007 -0.838398 0.541177
VERTEX_POSE A471 -0.835876 -0.081760 -0.062012 -0.159951 0.980689 -0.655011 -0.190733 -0.738496 -0.043236
VERTEX_POSE A472 0.322018 0.379264 0.881603 0.781985 0.614376 0.609652 -0.789001 -0.129710 -0.004495
VERTEX_POSE A473 0.964537 -0.796769 -0.242831 -0.635593 0.679618 0.639952 0.198437 -0.431837 -0.706216
VERTEX_POSE A474 0.880351 -0.142639 0.211100 -0.342901 -0.703577 -0.740455 -0.205285 0.578053 -0.680321
VERTEX_POSE A475 -0.219901 0.210266 0.195896 0.596053 -0.684976 -0.201193 0.377725 0.777330 0.623002
VERTEX_POSE A476 0.613137 -0.473941 -0.956208 0.518565 -0.473811 0.598716 0.795503 0.610434 -0.377729
VERTEX_POSE A477 -0.487493 0.538577 -0.589317 0.101853 0.033319 -0.879537 -0.463954 0.464802 -0.885233
VERTEX_POSE A478 -0.811512 -0.697703 0.372781 -0.050486 -0.630832 -0.924571 0.322674 0.377650 0.705644
VERTEX_POSE A479 -0.939245 -0.707721 0.339645 0.247459 -0.624814 0.095925 0.776336 0.964138 0.083127
VERTEX_POSE A480 -0.267887 0.971186 -0.987806 -0.124024 -0.462700 -0.031125 -0.882377 -0.991791 0.085552
VERTEX_POSE A481 0.398295 0.312832 0.386743 0.566649 0.477594 -0.237915 -0.685330 -0.788863 0.549751
VERTEX_POSE A482 0.555887 0.747398 -0.297755 0.890645 0.300176 -0.388289 0.892950 0.236609 0.335461
VERTEX_POSE A483 0.495856 -0.049558 0.748208 -0.753835 -0.459188 0.109591 0.617383 -0.647860 0.638736
VERTEX_POSE A484 0.145993 -0.522044 -0.685263 -0.974971 -0.222113 0.187790 -0.846347 0.119020 -0.484109
VERTEX_POSE A485 -0.568099 0.987885 -0.624505 0.660949 0.592620 0.715585 -0.682492 0.226020 0.427793
VERTEX_POSE A486 0.518874 0.841504 -0.282940 -0.511223 0.601188 -0.033558 0.700120 0.858793 0.385234
VERTEX_POSE A487 -0.056642 -0.569540 -0.869477 0.355496 -0.799762 0.533387 -0.251415 -0.767542 -0.545134
VERTEX_POSE A488 0.790509 0.646511 0.632121 0.196497 -0.678504 -0.857459 -0.469041 -0.475555 0.565361
VERTEX_POSE A489 -0.122031 -0.013625 -0.523515 0.509925 -0.673614 0.771064 0.082203 0.381362 0.734497
VERTEX_POSE A490 0.455290 -0.801807 -0.874972 -0.652538 -0.003326 -0.009733 -0.999871 0.757693 -0.015708
VERTEX_POSE A491 -0.574256 0.152209 0.146964 -0.192531 -0.753101 -0.980401 0.120324 -0.041788 0.646808
VERTEX_POSE A492 -0.262531 0.963237 0.171095 0.491031 0.382635 -0.671182 -0.406530 0.555342 -0.829653
VERTEX_POSE A493 0.054514 -0.398729 0.288005 0.042345 -0.276061 -0.505260 -0.835033 0.861928 -0.475931
VERTEX_POSE A494 -0.334136 0.137129 -0.089672 0.688169 -0.683027 0.476098 0.679641 0.547498 0.267512
VERTEX_POSE A495 -0.276000 -0.827665 -0.709748 0.066299 -0.227690 -0.996162 0.040654 0.057143 0.972885
VERTEX_POSE A496 -0.583593 0.851008 -0.377741 -0.306381 -0.877879 -0.806069 0.033600 -0.506344 0.477703
VERTEX_POSE A497 0.011889 -0.119868 -0.370273 -0.793640 0.428592 0.123685 -0.581246 0.595682 0.691710
VERTEX_POSE A498 0.050971 -0.599840 -0.396253 0.504665 -0.144705 0.513059 -0.742602 -0.694322 -0.653913
VERTEX_POSE A499 -0.657345 -0.400321 -0.855683 -0.220833 0.735037 -0.922901 0.055078 0.315414 0.675786
VERTEX_POSE A500 0.290761 0.646588 0.198751 0.901978 -0.426704 -0.427037 -0.858967 -0.063834 -0.283018
VERTEX_POSE A501 -0.522420 0.779985 -0.321150 0.188857 -0.970577 -0.458646 0.047327 0.868318 0.236096
VERTEX_POSE A502 -0.493221 0.517919 0.082305 -0.591346 0.524942 0.349419 0.850948 -0.726785 -0.018004
VERTEX_POSE A503 -0.387221 0.025851 0.080353 -0.014014 0.869447 0.433130 -0.439858 0.901222 0.224917
VERTEX_POSE A504 -0.557883 0.983216 0.436020 0.158908 -0.851200 -0.389974 0.411330 -0.907011 -0.325984
VERTEX_POSE A505 -0.612869 -0.624720 -0.706595 -0.764988 0.440275 -0.093920 0.645784 -0.637159 -0.623796
VERTEX_POSE A506 0.392879 -0.763882 -0.723751 0.242276 -0.764129 -0.846491 0.134616 0.474084 0.630861
VERTEX_POSE A507 -0.944746 -0.490724 0.479812 0.569692 -0.123583 -0.286513 -0.956473 0.770299 -0.264362
VERTEX_POSE A508 -0.100362 0.913857 -0.295912 -0.987129 0.094567 -0.022250 0.717395 0.158373 0.690218
VERTEX_POSE A509 0.581367 -0.461586 0.649030 0.728294 -0.653176 -0.299252 -0.031086 0.616471 0.756568
VERTEX_POSE A510 -0.883992 -0.198445 -0.180543 0.224750 -0.413718 0.939032 0.333733 0.260206 -0.847030
VERTEX_POSE A511 0.631750 0.885042 -0.283718 0.506823 -0.730272 0.858609 0.475064 -0.076947 0.490934
VERTEX_POSE A512 -0.020338 0.851246 0.035773 0.032186 0.970648 -0.338977 -0.213729 0.940244 -0.110280
VERTEX_POSE A513 0.671895 -0.451047 0.521702 0.375434 -0.578012 0.078464 0.798733 0.923522 0.167114
VERTEX_POSE A514 0.127607 -0.164516 -0.535510 -0.929950 -0.326332 -0.056503 0.582111 0.363318 -0.744751
VERTEX_POSE A515 -0.874345 -0.670798 0.350510 0.692074 -0.510064 -0.502302 0.167846 -0.518388 -0.843600
VERTEX_POSE A516 -0.896204 -0.463162 0.897197 0.733271 0.554232 0.412034 0.098606 0.540872 -0.826501
VERTEX_POSE A517 -0.353519 -0.323011 0.181550 -0.741880 -0.629100 -0.581281 0.430879 -0.334255 0.646975
VERTEX_POSE A518 0.069013 -0.240338 0.481033 -0.905380 -0.266713 0.396058 -0.810952 -0.153052 -0.520789
VERTEX_POSE A519 0.894305 -0.816652 0.529319 -0.555671 0.696803 0.444368 0.709966 -0.702685 -0.102048
VERTEX_POSE A520 0.524450 0.663364 0.658035 -0.546635 -0.693600 0.824669 -0.348694 0.145299 -0.630342
VERTEX_POSE A521 -0.475697 -0.042146 0.606061 -0.192694 0.735419 0.743735 0.541328 0.640099 -0.407583
VERTEX_POSE A522 -0.679951 0.335557 -0.323717 -0.222305 -0.335839 0.303305 -0.916041 0.926600 0.219276
VERTEX_POSE A523 -0.738081 0.626601 -0.170870 -0.322196 0.757782 -0.765957 -0.560906 0.556327 -0.333393
VERTEX_POSE A524 0.578817 0.559125 -0.105934 0.464722 -0.796049 0.802599 0.193747 -0.373990 -0.573383
VERTEX_POSE A525 -0.014087 -0.527314 0.586610 0.446171 -0.243818 0.693924 0.701859 -0.565156 0.669288
VERTEX_POSE A526 -0.014081 0.798935 0.119382 -0.695754 -0.694140 -0.621403 0.710623 -0.360256 0.114827
VERTEX_POSE A527 0.995224 0.410133 0.516325 0.012541 0.944321 0.847010 0.164722 0.531429 -0.284825
VERTEX_POSE A528 0.997802 0.352817 -0.783663 -0.548484 -0.285668 0.201174 -0.957307 -0.811600 -0.044235
VERTEX_POSE A529 -0.963110 -0.800904 0.723129 -0.878765 -0.228288 -0.267692 0.962800 0.395111 0.144573
VERTEX_POSE A530 -0.662120 -0.990188 0.660642 0.255274 0.681508 0.705496 0.353757 0.661143 -0.640627
VERTEX_POSE A531 0.288563 -0.000595 0.415088 -0.785590 -0.553853 0.221730 -0.668210 0.577654 -0.496732
VERTEX_POSE A532 -0.485531 0.979081 -0.598021 0.437285 -0.123405 -0.630288 0.664510 -0.641497 -0.737019
VERTEX_POSE A533 -0.155341 0.527731 -0.257052 -0.163104 0.807256 0.771090 0.462954 -0.615482 0.366076
VERTEX_POSE A534 0.901342 -0.974744 -0.504559 0.419613 0.204642 -0.811127 0.521838 -0.407429 -0.828135
VERTEX_POSE A535 -0.043414 0.962298 0.837999 0.358668 -0.526695 0.604000 0.760432 -0.711717 0.379915
VERTEX_POSE A536 0.231790 0.903011 0.036353 0.226438 -0.449739 0.974022 0.102189 0.002596 0.887295
VERTEX_POSE A537 0.294221 -0.738626 -0.228310 0.660346 -0.592298 0.714451 0.306153 -0.231307 -0.745288
VERTEX_POSE A538 0.011840 -0.528427 0.317810 0.701052 -0.508484 0.057363 -0.658629 -0.710799 -0.554663
VERTEX_POSE A539 -0.868573 0.816867 0.740441 0.608869 0.181384 -0.780301 -0.038379 0.142863 -0.982663
VERTEX_POSE A540 -0.124412 -0.200211 -0.579280 -0.501035 0.504962 0.477026 0.838756 -0.722087 0.203722
VERTEX_POSE A541 0.127848 0.273128 -0.862733 0.724454 0.688117 -0.540899 0.604136 -0.427311 0.401889
VERTEX_POSE A542 0.763178 0.701910 -0.543277 -0.637149 -0.120067 0.502559 0.684203 -0.584359 0.719341
VERTEX_POSE A543 0.855250 -0.348965 0.456493 0.731707 -0.563164 -0.040119 -0.597961 -0.680438 -0.570341
VERTEX_POSE A544 -0.200257 0.822081 0.658969 0.586705 0.804500 0.600294 -0.508741 -0.543530 0.306534
VERTEX_POSE A545 -0.109215 -0.462606 -0.078787 0.011056 -0.756482 -0.850243 0.337071 0.526274 0.560462
VERTEX_POSE A546 0.980905 -0.019764 -0.192997 0.433916 0.817858 0.359457 0.227484 0.826140 -0.528545
VERTEX_POSE A547 -0.096461 -0.641082 0.556166 0.062743 0.057628 0.661585 -0.749868 -0.747241 -0.659073
VERTEX_POSE A548 0.537266 0.214383 -0.897237 -0.854993 0.513855 0.500196 0.781167 -0.137080 -0.354586
VERTEX_POSE A549 0.049918 0.739898 -0.711965 -0.335806 0.824124 0.716143 -0.091180 0.611861 0.559022
VERTEX_POSE A550 -0.202156 -0.457734 0.085485 0.213757 -0.564255 0.929928 -0.132517 0.299235 0.814896
VERTEX_POSE A551 0.061716 -0.122253 0.760797 0.808332 -0.577514 -0.011147 0.179198 0.588622 0.796471
VERTEX_POSE A552 0.574221 -0.302248 0.894096 0.303941 0.723448 0.888963 0.018608 0.342585 -0.690128
VERTEX_POSE A553 0.117893 0.877824 0.761767 0.106824 -0.544622 -0.105639 -0.838119 0.988650 -0.030708
VERTEX_POSE A554 0.323635 -0.495653 -0.410073 -0.707119 -0.471370 0.407867 -0.880792 -0.577605 -0.044895
VERTEX_POSE A555 0.153038 -0.743123 -0.211838 0.731310 0.373876 0.116317 -0.892482 -0.672054 0.252373
VERTEX_POSE A556 -0.896194 -0.649491 0.348378 0.676888 0.688648 -0.341454 0.606643 0.652098 -0.397175
VERTEX_POSE A557 -0.690446 -0.696717 0.709309 0.443458 -0.749301 -0.893385 -0.325343 -0.072168 -0.576802
VERTEX_POSE A558 0.148262 0.667010 -0.695513 -0.512039 -0.440878 0.242711 0.748993 -0.823959 0.494607
VERTEX_POSE A559 -0.898392 0.703327 0.564715 -0.379832 0.826180 -0.549528 0.160336 -0.744142 -0.540111
VERTEX_POSE A560 -0.653556 -0.497622 0.432438 -0.671271 0.512558 0.439718 -0.306142 -0.596694 -0.802223
VERTEX_POSE A561 0.486142 0.676822 0.965130 -0.312026 -0.861275 -0.769621 0.476649 -0.557066 -0.176099
VERTEX_POSE A562 0.390170 -0.297268 -0.020197 0.294598 0.366232 0.903424 -0.407820 -0.311507 -0.836395
VERTEX_POSE A563 -0.139087 -0.518541 0.834417 0.825174 0.314054 -0.473406 -0.068998 0.308180 -0.946894
VERTEX_POSE A564 -0.669199 0.204553 -0.291923 0.301277 -0.789154 -0.926972 -0.373961 0.223505 -0.487227
VERTEX_POSE A565 0.291512 -0.272012 0.475244 0.087789 -0.647599 0.796294 0.502155 0.598506 -0.573111
VERTEX_POSE A566 0.817499 -0.556243 0.672416 -0.912080 -0.374568 0.240282 -0.158744 -0.332227 0.913509
VERTEX_POSE A567 0.562591 0.107563 0.744430 -0.540876 0.837463 -0.458916 -0.215957 0.704875 0.502014
VERTEX_POSE A568 -0.414267 -0.010638 -0.753066 -0.290569 0.751929 0.746175 -0.209079 0.598993 0.625211
VERTEX_POSE A569 -0.170661 -0.084670 -0.009774 -0.999317 0.007679 0.035356 -0.086873 -0.010786 -0.996190
VERTEX_POSE A570 0.694018 -0.075569 0.484871 -0.703708 -0.699235 0.573097 -0.663422 -0.419945 0.266348
VERTEX_POSE A571 0.461321 0.789151 -0.332346 -0.745480 -0.659404 0.454591 -0.609640 0.487449 -0.439915
VERTEX_POSE A572 0.957187 -0.811541 0.127493 0.546853 0.193381 0.529057 0.674263 0.648884 -0.712722
VERTEX_POSE A573 0.457196 -0.373660 0.941594 -0.556686 -0.558144 -0.815347 0.508945 -0.159090 -0.655325
VERTEX_POSE A574 0.316571 -0.559815 -0.875853 -0.998026 0.054377 0.031305 -0.002963 0.054444 0.998516
VERTEX_POSE A575 -0.243070 -0.989461 -0.213538 -0.882284 -0.032186 -0.396158 -0.488057 -0.254231 0.872218
VERTEX_POSE A576 -0.652019 0.163735 -0.137193 -0.384612 -0.841202 0.849089 -0.483922 0.362108 0.241243
VERTEX_POSE A577 0.297476 0.420421 -0.068850 -0.302531 0.594959 -0.146406 0.742978 -0.941828 -0.306606
VERTEX_POSE A578 0.660469 -0.630542 -0.657372 0.341268 -0.619378 0.008830 0.754278 0.939924 0.217798
VERTEX_POSE A579 0.885247 -0.621882 -0.034431 -0.151611 -0.977884 -0.936036 0.188869 -0.317570 -0.089840
VERTEX_POSE A580 -0.652606 0.160319 0.219185 -0.214219 -0.670991 -0.480806 -0.560145 0.850256 -0.485807
VERTEX_POSE A581 -0.541688 -0.088276 0.428113 -0.664007 -0.055656 -0.708543 0.365416 -0.238875 -0.929179
VERTEX_POSE A582 -0.053037 0.255865 -0.273633 0.320506 0.916603 0.189230 -0.309165 -0.928153 0.253486
VERTEX_POSE A583 0.921615 0.858072 0.113281 -0.305013 -0.710145 -0.715301 -0.269065 0.628738 -0.650614
VERTEX_POSE A584 0.576205 -0.210452 0.189880 -0.217944 0.683148 0.869299 0.460523 -0.443644 0.566769
VERTEX_POSE A585 -0.729402 0.760212 0.316294 0.446279 -0.257344 0.564921 0.823817 -0.694046 0.505074
VERTEX_POSE A586 0.074653 -0.885051 0.901443 0.443657 0.632550 0.603037 0.313327 -0.662959 0.708313
VERTEX_POSE A587 0.680011 0.140057 -0.461743 0.098302 0.123122 0.884005 0.444918 0.457026 -0.887067
VERTEX_POSE A588 -0.419847 -0.936505 0.025603 -0.329175 0.408906 0.363197 -0.777204 -0.871626 -0.478279
VERTEX_POSE A589 -0.777085 0.781960 -0.794070 0.619772 -0.279444 -0.529903 -0.838281 -0.578866 0.468184
VERTEX_POSE A590 0.781619 -0.156616 -0.897028 -0.851172 0.416796 0.240921 -0.229791 0.466330 0.879476
VERTEX_POSE A591 -0.073404 -0.434127 -0.541960 0.461169 -0.734155 -0.876115 -0.465695 0.140520 -0.494111
VERTEX_POSE A592 0.709057 0.458782 -0.828940 0.675737 -0.609731 0.726437 0.455387 0.125180 0.648729
VERTEX_POSE A593 0.171789 0.546116 0.082775 -0.872929 0.037617 -0.265812 -0.872700 0.409070 -0.486805
VERTEX_POSE A594 0.787510 0.047332 -0.707543 -0.702271 0.006423 0.705412 -0.128512 -0.095963 -0.991687
VERTEX_POSE A595 -0.960142 -0.336666 -0.120863 0.120812 0.425890 0.572735 0.707876 0.810789 -0.563498
VERTEX_POSE A596 -0.536698 -0.725896 -0.441981 0.643293 0.707156 0.668765 -0.705591 -0.372731 -0.045519
VERTEX_POSE A597 0.605009 0.491089 0.964873 -0.953493 -0.297454 0.300561 -0.926124 -0.022688 0.231980
VERTEX_POSE A598 0.602449 0.770898 -0.376433 0.072224 0.750606 0.165223 0.640409 0.983608 -0.162689
VERTEX_POSE A599 0.049035 0.263466 -0.195047 0.136790 0.891118 0.669161 0.238928 0.730419 -0.385776
VERTEX_POSE A600 -0.565652 -0.593580 -0.044901 -0.557831 -0.749505 -0.485413 -0.053747 -0.673200 0.659814
VERTEX_POSE A601 0.296467 -0.304672 -0.891562 0.256000 0.612378 0.073464 0.759191 0.963881 -0.220506
VERTEX_POSE A602 -0.489645 0.052617 0.472607 0.301779 0.902658 -0.605901 -0.066886 0.736080 -0.425130
VERTEX_POSE A603 -0.608465 -0.405122 -0.917408 -0.870082 -0.378876 0.176471 0.357818 -0.460234 0.853474
VERTEX_POSE A604 -0.246337 0.321669 -0.949967 0.412643 -0.787112 -0.341274 0.333051 0.844546 0.519164
VERTEX_POSE A605 0.826926 0.492802 0.596754 0.885882 0.450695 0.458940 -0.816822 0.067729 -0.360105
VERTEX_POSE A606 0.148464 -0.394582 -0.130946 0.672082 0.354467 -0.730476 0.461195 -0.121291 -0.813420
VERTEX_POSE A607 0.101644 -0.514597 -0.087161 -0.968540 -0.109322 0.074930 0.728543 0.237308 -0.676220
VERTEX_POSE A608 0.124402 -0.086776 -0.472096 0.307548 -0.748283 0.351133 0.663372 0.884375 -0.003165
VERTEX_POSE A609 -0.191067 -0.025125 0.211682 0.757227 -0.606685 -0.645519 -0.751603 0.099562 -0.258893
VERTEX_POSE A610 -0.013109 -0.136479 0.878409 0.557845 -0.239744 -0.465702 -0.882866 -0.686972 0.403819
VERTEX_POSE A611 0.471795 -0.926457 0.747089 0.657404 -0.700401 0.686500 0.404593 0.310704 0.587999
VERTEX_POSE A612 0.267245 0.886600 -0.360206 -0.219606 -0.915350 -0.559924 -0.165040 0.798911 -0.367283
VERTEX_POSE A613 0.933854 -0.880614 -0.395225 -0.150693 0.716624 0.953502 0.287235 -0.261008 0.635568
VERTEX_POSE A614 0.393410 0.931615 -0.139630 0.270067 0.761446 -0.884907 -0.044926 0.379477 -0.646670
VERTEX_POSE A615 -0.156549 -0.323853 0.829674 0.695889 0.453360 -0.213262 -0.610105 -0.685754 0.649797
VERTEX_POSE A616 -0.795548 0.879598 0.921069 -0.526331 -0.131680 -0.705066 0.619775 0.475245 0.773653
VERTEX_POSE A617 -0.531937 -0.953436 -0.238187 0.385366 -0.896158 -0.542008 -0.412768 0.746807 0.162861
VERTEX_POSE A618 -0.476538 0.816205 -0.632068 -0.281994 0.876308 0.957041 0.228303 -0.067462 -0.424219
VERTEX_POSE A619 -0.215395 0.943092 -0.053328 -0.361584 -0.747435 0.887305 -0.092338 0.286263 -0.657886
VERTEX_POSE A620 -0.309022 0.828524 -0.032256 0.705488 -0.702773 -0.239005 -0.114206 -0.667205 -0.702187
VERTEX_POSE A621 -0.694919 -0.340411 -0.529096 0.794436 0.507807 -0.210749 -0.283997 -0.569611 0.813313
VERTEX_POSE A622 0.711201 -0.491035 0.404712 0.602965 0.451636 -0.722823 0.658100 -0.337579 -0.602435
VERTEX_POSE A623 -0.599965 0.287306 0.138804 -0.988649 -0.148973 -0.087600 0.677016 0.122064 -0.720733
VERTEX_POSE A624 0.476870 -0.794295 0.553679 -0.873692 -0.389188 0.390541 -0.203373 0.290068 -0.898428
VERTEX_POSE A625 0.498711 0.556298 0.697170 0.531261 0.051071 0.783325 0.350647 -0.322744 0.935114
VERTEX_POSE A626 -0.560106 0.950640 -0.982059 0.395403 0.165055 0.399477 0.854908 0.827088 -0.491821
VERTEX_POSE A627 0.940172 -0.520192 -0.888302 0.779422 -0.621783 0.435300 0.625556 0.450572 0.471239
VERTEX_POSE A628 0.103720 0.047387 0.662043 0.402473 -0.331279 -0.910558 -0.048807 -0.094335 -0.942270
VERTEX_POSE A629 -0.957657 0.721538 -0.358492 -0.842896 -0.537577 0.293877 -0.423822 0.450736 -0.728962
VERTEX_POSE A630 -0.010794 0.743275 -0.083349 0.214862 0.942282 -0.646466 0.334300 -0.732063 -0.018650
VERTEX_POSE A631 0.538068 0.453807 -0.382858 0.725197 -0.350003 0.189482 -0.726469 -0.661956 -0.591389
VERTEX_POSE A632 0.338810 -0.583134 -0.250053 -0.631889 -0.144481 0.659866 0.415076 0.406562 -0.898241
VERTEX_POSE A633 0.499562 -0.204108 -0.610742 0.075057 0.626866 -0.928610 -0.239466 0.363388 -0.741414
VERTEX_POSE A634 0.929602 -0.951315 -0.300266 -0.300992 0.475256 -0.283411 0.783214 -0.910539 -0.400883
VERTEX_POSE A635 -0.907526 0.738535 -0.200021 0.323913 -0.756287 -0.740752 0.171017 -0.588530 -0.631493
VERTEX_POSE A636 0.326488 -0.711306 0.986013 -0.907951 0.418821 -0.313588 -0.655844 0.278007 0.628058
VERTEX_POSE A637 0.078067 -0.345897 0.568788 0.340880 0.655945 -0.808465 0.570126 0.479776 0.494664
VERTEX_POSE A638 0.194118 -0.776062 0.712819 0.185182 -0.975392 -0.935274 -0.137562 0.301613 0.172297
VERTEX_POSE A639 -0.549111 0.201918 -0.486084 0.159671 0.131191 0.367693 0.911908 -0.916137 0.388860
VERTEX_POSE A640 0.886999 0.628978 -0.219530 -0.504867 -0.773010 0.704143 -0.626220 0.499290 0.101507
VERTEX_POSE A641 -0.818991 0.087459 0.591227 -0.696029 0.710352 0.546125 0.429170 0.466145 0.557865
VERTEX_POSE A642 0.922685 0.275461 -0.738995 0.580244 0.707201 -0.215328 -0.345138 0.785462 -0.617047
VERTEX_POSE A643 0.154245 0.515577 0.420264 0.798328 -0.067050 -0.337886 0.772757 -0.498504 -0.631151
VERTEX_POSE A644 -0.885137 0.206844 -0.803997 -0.459391 0.386892 0.731003 0.676022 -0.504573 0.627143
VERTEX_POSE A645 0.316095 0.207076 0.121375 0.691174 0.722670 -0.700249 0.667938 0.178687 -0.177786
VERTEX_POSE A646 0.997695 -0.808275 0.249938 0.382372 0.287727 0.913023 -0.263750 0.142059 0.920679
VERTEX_POSE A647 -0.680685 0.086442 -0.882928 0.508069 -0.842964 0.857403 0.475433 -0.082012 -0.251744
VERTEX_POSE A648 0.784158 0.253640 0.883188 -0.832018 -0.188915 -0.154250 -0.824368 0.532872 -0.533599
VERTEX_POSE A649 -0.478843 -0.992071 0.617870 0.699794 -0.142698 -0.693281 0.100522 0.172192 0.984649
VERTEX_POSE A650 0.103920 0.029534 0.063744 -0.776560 0.570001 -0.575920 -0.469441 0.255482 0.674332
VERTEX_POSE A651 -0.524864 0.082164 -0.149069 0.336359 -0.930961 -0.816592 -0.213201 -0.469084 -0.296406
VERTEX_POSE A652 -0.173762 -0.332482 -0.911226 -0.788203 -0.033779 0.459018 -0.697359 -0.409925 -0.715925
VERTEX_POSE A653 -0.184879 0.538500 -0.531544 -0.684362 0.256671 -0.592387 -0.741445 -0.425119 0.619983
VERTEX_POSE A654 -0.124829 -0.630530 0.989735 0.157604 0.496917 0.676184 0.575488 0.719678 -0.649529
VERTEX_POSE A655 -0.696892 -0.126777 0.642453 -0.625222 0.622616 0.698872 0.178263 0.347384 0.761952
VERTEX_POSE A656 -0.686168 0.094797 -0.834374 0.559217 -0.662186 0.706208 0.695637 0.434218 -0.278566
VERTEX_POSE A657 0.315065 -0.679890 -0.992324 -0.391530 0.769848 -0.802048 -0.554005 -0.451025 0.316879
VERTEX_POSE A658 -0.756721 0.353031 0.754151 -0.113364 -0.967612 0.936909 -0.179667 0.330681 0.177330
VERTEX_POSE A659 0.417552 -0.857816 0.827668 -0.536623 0.608929 0.734130 -0.004416 0.416040 0.793212
VERTEX_POSE A660 0.357408 -0.958352 -0.350816 0.830917 0.508905 0.519944 -0.854120 0.198076 0.107214
VERTEX_POSE A661 0.232485 0.096306 -0.329198 -0.909697 0.391143 0.024813 -0.284108 -0.414530 -0.875380
VERTEX_POSE A662 -0.044380 0.595991 -0.555190 -0.336868 -0.876950 0.682995 0.022978 -0.648103 0.480032
VERTEX_POSE A663 -0.303782 -0.541486 0.399131 0.359107 0.291728 -0.781894 0.612692 0.509591 0.734509
VERTEX_POSE A664 -0.267953 0.892197 0.060060 -0.513607 0.093051 0.272426 -0.924979 -0.813628 -0.368449
VERTEX_POSE A665 -0.114777 0.644676 0.144544 -0.944944 0.319040 0.059020 -0.052552 0.321866 0.946283
VERTEX_POSE A666 -0.211308 -0.802951 -0.800890 -0.741878 0.546230 -0.058615 0.524947 -0.667968 -0.652735
VERTEX_POSE A667 -0.941465 -0.819109 0.046073 -0.120506 -0.766949 0.868320 -0.389164 -0.481144 -0.510236
VERTEX_POSE A668 0.963289 -0.701221 -0.286668 -0.786974 0.516080 0.584270 0.799452 -0.198243 0.307471
VERTEX_POSE A669 0.982810 -0.579014 0.911929 0.448991 0.390127 -0.724237 0.685816 -0.523343 -0.614376
VERTEX_POSE A670 -0.490576 0.382809 0.559989 -0.670112 0.628721 0.050770 -0.491467 0.740521 0.602636
VERTEX_POSE A671 0.850288 0.927757 0.493801 -0.129756 -0.958734 -0.620886 0.277478 0.773087 0.061934
VERTEX_POSE A672 -0.836181 0.508445 0.503156 -0.591771 0.066949 0.700642 -0.450090 -0.398632 -0.890470
VERTEX_POSE A673 -0.567891 -0.341730 0.820994 0.865250 -0.145683 0.500965 0.214153 -0.019432 -0.965875
VERTEX_POSE A674 0.004533 0.443334 -0.085935 0.200084 -0.642893 0.706632 0.617420 0.678703 -0.453300
VERTEX_POSE A675 -0.721319 -0.284711 0.699159 -0.482976 -0.404222 -0.210555 -0.807431 0.849942 -0.429721
VERTEX_POSE A676 0.748203 0.865346 -0.057631 -0.522195 -0.072643 0.397235 0.860963 0.754663 -0.503454
VERTEX_POSE A677 0.002228 0.635059 -0.835997 -0.636808 0.309509 0.756524 0.427606 0.148819 -0.849327
VERTEX_POSE A678 -0.402004 0.801732 0.816230 0.207451 0.617192 -0.445960 0.750207 -0.870680 -0.237200
VERTEX_POSE A679 0.532361 0.118986 -0.174443 -0.177674 0.808743 -0.069148 0.558081 -0.981657 -0.185689
VERTEX_POSE A680 0.523385 0.642988 0.781873 -0.529894 -0.113402 -0.674462 0.657129 0.514114 0.745199
VERTEX_POSE A681 0.701916 -0.168734 -0.120026 -0.549718 -0.672836 -0.790516 0.227459 -0.269989 0.703956
VERTEX_POSE A682 -0.992503 -0.798850 0.676488 -0.712749 0.220708 -0.316858 -0.948146 -0.625771 0.228706
VERTEX_POSE A683 -0.650377 -0.689493 0.870647 -0.288322 -0.701104 0.463559 0.493756 -0.837845 0.514449
VERTEX_POSE A684 -0.482963 -0.630234 0.348430 -0.407668 -0.692793 -0.831594 0.550759 -0.377172 -0.465512
VERTEX_POSE A685 -0.117332 -0.429380 0.666223 0.762434 0.647050 -0.350389 0.418802 0.543987 -0.637128
VERTEX_POSE A686 -0.347269 0.183729 0.513099 -0.641744 -0.570365 -0.573137 -0.087518 -0.509587 0.816716
VERTEX_POSE A687 -0.169131 0.464563 0.514056 0.281899 -0.354558 -0.397206 0.802715 0.873362 0.479517
VERTEX_POSE A688 -0.802267 -0.109270 0.673899 0.499813 0.023088 0.023771 0.998902 -0.865807 0.040753
VERTEX_POSE A689 -0.103990 -0.463239 0.267250 0.947838 -0.297337 0.215225 0.331194 0.235119 0.895490
VERTEX_POSE A690 -0.751578 0.606748 0.341724 0.808253 -0.584453 0.551063 0.793687 0.207500 0.168748
VERTEX_POSE A691 0.555141 -0.067621 -0.676917 0.290279 -0.955756 -0.942301 -0.276813 -0.166754 -0.099520
VERTEX_POSE A692 -0.871505 0.633066 0.938051 0.022822 0.551830 0.577715 0.673262 0.815920 -0.492141
VERTEX_POSE A693 0.204042 0.202739 0.786534 0.492558 -0.715468 -0.834028 -0.550677 0.248563 -0.429954
VERTEX_POSE A694 -0.748641 0.390893 0.722214 0.270796 -0.845651 0.827421 -0.039715 0.491980 0.532257
VERTEX_POSE A695 -0.139458 0.525264 -0.001889 0.594661 0.321441 0.388554 0.687539 0.703849 -0.651126
VERTEX_POSE A696 -0.910736 -0.152585 -0.068922 0.420499 -0.447199 -0.685095 -0.726944 0.594832 -0.521120
VERTEX_POSE A697 0.040051 0.587941 0.921324 -0.837781 0.198969 -0.418580 -0.831993 -0.350591 0.517879
VERTEX_POSE A698 -0.080923 0.706155 -0.955816 -0.700768 -0.277368 -0.275333 -0.744780 0.658115 -0.606935
VERTEX_POSE A699 -0.947447 0.146194 0.644410 -0.832669 -0.273157 0.550675 -0.500283 -0.058473 -0.821646
VERTEX_POSE A700 0.022861 -0.991072 0.833253 0.412369 -0.820610 -0.858713 -0.495163 0.304241 -0.285328
VERTEX_POSE A701 0.428501 0.088964 0.604173 -0.786919 0.419812 -0.616725 -0.511051 0.020239 0.750057
VERTEX_POSE A702 0.902842 0.073950 0.138211 -0.547358 0.559512 -0.402879 -0.827985 -0.733545 0.037250
VERTEX_POSE A703 0.186680 0.517373 0.336409 0.013388 0.996946 -0.823441 -0.032661 -0.567244 0.070941
VERTEX_POSE A704 0.860609 0.747233 0.425167 -0.101796 0.426790 -0.776630 0.530397 0.621678 0.732482
VERTEX_POSE A705 -0.092625 -0.482716 -0.947723 0.042602 -0.795537 0.762818 0.416576 -0.645208 0.439983
VERTEX_POSE A706 0.465361 -0.767338 0.035567 0.886717 -0.246962 0.085481 -0.743206 0.454340 0.621815
VERTEX_POSE A707 0.608813 0.612579 -0.632465 -0.337357 -0.899286 -0.342036 0.392563 0.877041 -0.192818
VERTEX_POSE A708 0.909603 -0.847657 -0.783720 0.421457 -0.818720 0.547822 -0.112832 0.722679 0.562998
VERTEX_POSE A709 -0.936643 -0.965606 -0.148202 -0.759988 0.629195 0.453671 0.693020 0.465404 0.351904
VERTEX_POSE A710 0.141174 -0.268435 0.193092 -0.101781 -0.874097 0.940306 -0.240394 -0.324754 -0.422097
VERTEX_POSE A711 0.432988 0.795332 0.998153 0.407133 0.913292 0.360713 -0.148873 -0.839124 0.379122
VERTEX_POSE A712 0.765273 -0.134340 0.731772 -0.434872 -0.383436 0.700588 -0.712521 -0.565741 -0.587615
VERTEX_POSE A713 0.148670 -0.067285 -0.130420 0.548433 -0.043828 -0.205043 -0.975186 0.810666 -0.217005
VERTEX_POSE A714 0.782611 -0.894162 0.868800 0.571401 0.482043 -0.459954 -0.482151 0.679664 -0.731549
VERTEX_POSE A715 -0.717690 0.235425 0.080202 0.902194 -0.195126 -0.431249 -0.425443 0.008408 -0.883699
VERTEX_POSE A716 -0.968662 0.503336 -0.464197 0.478982 0.837765 -0.674547 0.160157 0.561750 -0.522015
VERTEX_POSE A717 -0.564659 0.289568 0.381899 0.624971 -0.780481 0.346137 0.258521 0.699715 0.569224
VERTEX_POSE A718 0.113179 -0.300012 -0.405742 0.597208 0.184283 0.385378 0.787624 0.703439 -0.587953
VERTEX_POSE A719 -0.770930 -0.605934 -0.790299 -0.590407 -0.416149 0.601902 0.343815 -0.537711 0.841791
VERTEX_POSE A720 0.331351 0.826328 -0.350852 -0.493615 -0.253146 0.131893 0.923843 -0.859621 0.287109
VERTEX_POSE A721 0.361601 -0.693264 0.935983 0.106948 -0.884524 -0.094686 -0.463674 -0.989746 -0.051220
VERTEX_POSE A722 0.784211 0.326445 -0.467216 -0.362294 0.824653 0.927325 0.271981 -0.093864 -0.495958
VERTEX_POSE A723 0.459846 0.459395 -0.412800 -0.150624 0.088115 0.527818 0.849344 0.835895 -0.520433
VERTEX_POSE A724 -0.434357 0.509474 0.722517 -0.610773 0.695949 -0.515985 0.011932 0.600596 0.717992
VERTEX_POSE A725 -0.964430 -0.282663 -0.745002 -0.667642 -0.046716 0.403933 -0.861086 -0.625374 -0.506308
VERTEX_POSE A726 -0.679612 -0.015342 0.585311 -0.595599 -0.124864 -0.507705 -0.707003 0.622493 -0.696101
VERTEX_POSE A727 -0.345093 -0.643111 -0.346404 -0.412828 0.031064 -0.187858 0.975025 -0.891225 -0.219911
VERTEX_POSE A728 0.075621 -0.694721 -0.823678 0.774424 0.601473 -0.591903 0.579280 -0.223425 0.550150
VERTEX_POSE A729 0.239465 -0.309187 0.629495 0.672818 0.297754 0.613944 0.286050 0.412782 -0.910779
VERTEX_POSE A730 -0.292540 0.503083 -0.701994 0.194156 0.946519 -0.712718 -0.044392 -0.674045 0.319580
VERTEX_POSE A731 -0.901518 -0.685794 -0.990426 0.517518 0.198764 -0.659731 -0.526719 -0.544913 0.826474
VERTEX_POSE A732 -0.332034 0.779777 0.233667 0.632665 0.168354 0.573638 0.553863 0.520264 -0.815410
VERTEX_POSE A733 -0.389698 -0.422967 0.436217 0.328841 0.487276 0.931173 -0.310083 0.157415 0.816340
VERTEX_POSE A734 0.285161 0.831579 0.345983 -0.835328 0.229458 0.473163 0.762751 -0.279900 0.604616
VERTEX_POSE A735 -0.471425 0.527011 -0.341166 0.820875 -0.418434 -0.538962 -0.792692 0.188903 -0.443341
VERTEX_POSE A736 0.517677 0.094317 0.488494 -0.876500 0.153466 0.475794 0.420424 -0.073271 0.894255
VERTEX_POSE A737 -0.249478 -0.935759 -0.618450 -0.628062 0.726533 -0.303100 0.101494 0.716707 0.679595
VERTEX_POSE A738 -0.862612 0.139590 0.026370 0.178240 0.721840 -0.242033 -0.626554 -0.953756 0.293899
VERTEX_POSE A739 0.427279 0.246660 0.704774 -0.869895 -0.456781 -0.385081 0.393177 -0.308213 0.797974
VERTEX_POSE A740 -0.186121 -0.901366 0.233348 0.624392 -0.573574 0.762854 0.593686 0.167895 -0.564402
VERTEX_POSE A741 0.278562 0.871155 -0.780538 0.647870 0.425888 0.309433 -0.904757 0.696071 0.005807
VERTEX_POSE A742 -0.139733 0.041992 0.702927 0.667298 -0.574536 -0.739541 -0.586549 -0.088273 0.570849
VERTEX_POSE A743 -0.420848 -0.035706 -0.034880 -0.491574 0.545833 0.689287 -0.232311 0.532201 0.805045
VERTEX_POSE A744 -0.572768 -0.196130 0.089042 -0.983905 0.162052 0.112394 0.888826 0.138920 0.428634
VERTEX_POSE A745 -0.357122 0.147830 0.571726 0.324664 0.896685 -0.514745 0.434417 -0.793493 0.085076
VERTEX_POSE A746 -0.138538 -0.800281 -0.954678 -0.914642 -0.041261 0.161269 -0.949437 -0.370706 -0.311233
VERTEX_POSE A747 -0.541431 -0.692794 0.624844 0.089682 -0.696497 -0.881437 -0.388310 0.463709 -0.603413
VERTEX_POSE A748 0.078219 -0.562602 -0.046375 0.401590 -0.484517 0.584743 -0.517443 -0.704842 -0.705333
VERTEX_POSE A749 0.974641 -0.100292 -0.360420 0.211086 0.905552 0.319193 -0.419696 0.923882 -0.061897
VERTEX_POSE A750 -0.312360 -0.298728 0.834546 0.587737 0.181202 0.432834 0.752974 -0.683535 0.632611
VERTEX_POSE A751 -0.590430 -0.736274 0.602773 -0.351934 -0.790721 -0.216937 0.589470 0.910539 -0.165181
VERTEX_POSE A752 0.336242 0.206443 -0.424437 -0.951070 -0.051154 0.081283 0.910039 -0.298093 0.411354
VERTEX_POSE A753 -0.528149 -0.972284 -0.632670 0.875575 0.483019 -0.479088 0.866135 0.061997 -0.128465
VERTEX_POSE A754 0.869416 0.723121 -0.810027 -0.320175 -0.662626 -0.933954 0.100975 -0.158803 0.742113
VERTEX_POSE A755 0.901884 -0.284082 -0.701920 -0.966013 0.127035 -0.239333 -0.768608 -0.097667 0.626979
VERTEX_POSE A756 -0.492579 -0.254946 -0.377672 -0.322362 0.927915 -0.478316 0.011017 -0.816882 -0.372630
VERTEX_POSE A757 -0.810195 -0.292221 0.775284 0.280003 -0.768857 -0.939868 -0.341536 -0.195565 0.540567
VERTEX_POSE A758 -0.443209 0.072807 -0.048324 -0.663748 0.449794 0.059736 0.828302 -0.745567 -0.334068
VERTEX_POSE A759 0.583042 0.050332 -0.201350 -0.598840 -0.684657 0.790002 -0.419823 -0.131482 0.595813
VERTEX_POSE A760 0.429270 0.398593 0.404778 -0.699800 0.278986 0.359462 0.933065 -0.617306 0.227062
VERTEX_POSE A761 0.264252 -0.424110 0.249681 0.788435 -0.547349 -0.605843 -0.769932 0.106413 -0.328046
VERTEX_POSE A762 0.681524 0.364538 -0.191776 0.350384 -0.123887 0.916154 0.251347 0.194664 -0.959936
VERTEX_POSE A763 -0.902764 0.178370 -0.361554 -0.863934 -0.112241 -0.458217 0.579647 -0.208940 -0.807101
VERTEX_POSE A764 0.874554 0.152923 -0.314102 0.121284 0.632232 -0.222390 0.768628 -0.967385 -0.097433
VERTEX_POSE A765 -0.033315 0.196117 -0.845793 -0.506824 0.395991 -0.727565 0.279921 0.462362 0.874549
VERTEX_POSE A766 -0.374188 -0.294620 0.297280 0.082691 -0.227529 0.149689 0.965379 0.985269 -0.127572
VERTEX_POSE A767 0.392230 -0.752760 -0.825608 0.111205 0.464907 -0.168327 -0.862248 -0.979438 0.200972
VERTEX_POSE A768 0.717207 0.260358 -0.464243 0.903858 0.424661 0.296404 -0.533926 -0.308521 0.731154
VERTEX_POSE A769 -0.236800 0.844970 -0.676350 -0.400874 -0.396847 -0.763383 0.643004 0.506504 0.655026
VERTEX_POSE A770 -0.180491 0.493901 0.879166 0.822514 -0.226695 0.563225 0.452123 -0.079042 0.862667
VERTEX_POSE A771 -0.468914 0.358992 0.769105 -0.520674 -0.437337 0.627778 -0.778176 0.578614 0.450753
VERTEX_POSE A772 -0.958239 0.716125 -0.456889 -0.100282 0.510726 -0.501941 0.715020 -0.859068 -0.477394
VERTEX_POSE A773 0.679776 -0.464107 0.582093 0.819350 -0.286825 -0.268676 0.572758 -0.506437 -0.767906
VERTEX_POSE A774 0.110238 -0.676713 -0.265775 0.294091 0.811022 0.940916 -0.338615 0.167893 0.477058
VERTEX_POSE A775 -0.531007 -0.480005 0.632153 0.244391 0.392467 -0.617113 0.768298 0.747961 0.505656
VERTEX_POSE A776 -0.677346 0.683723 0.153819 -0.372685 0.744717 -0.622177 -0.643175 -0.688478 0.178108
VERTEX_POSE A777 0.971700 -0.476994 -0.220453 0.600383 -0.763228 -0.637883 -0.276945 0.482334 0.583768
VERTEX_POSE A778 -0.072437 -0.172799 0.256997 0.700692 0.712783 0.644582 -0.613702 0.305852 -0.339574
VERTEX_POSE A779 0.400873 -0.878879 -0.892556 0.129952 0.045082 -0.943041 0.314164 -0.306245 -0.948298
VERTEX_POSE A780 0.946341 0.422713 0.419127 -0.172159 0.969379 -0.864169 -0.063295 0.472834 0.237272
VERTEX_POSE A781 0.615202 0.528473 0.091543 -0.969634 0.154861 0.226197 0.862144 -0.092982 0.482417
VERTEX_POSE A782 0.810443 -0.615153 0.710217 0.136404 0.615050 0.973608 -0.228024 0.182978 0.754797
VERTEX_POSE A783 0.282583 -0.370843 0.994690 0.634595 -0.772096 0.603588 0.522620 0.482669 0.361575
VERTEX_POSE A784 -0.912947 0.556190 0.458874 -0.664511 -0.266533 0.085722 -0.955251 0.742345 -0.128280
VERTEX_POSE A785 0.679860 -0.892032 0.900190 0.735015 -0.494184 0.100698 -0.597545 -0.670532 -0.631445
VERTEX_POSE A786 0.184467 0.345074 -0.707230 0.397879 0.748553 0.908654 -0.241716 0.126647 -0.617447
VERTEX_POSE A787 -0.405526 -0.698757 -0.918798 0.252294 -0.737726 -0.474822 -0.658238 0.843144 -0.149941
VERTEX_POSE A788 0.869664 -0.184253 0.675474 0.875091 -0.408142 -0.143847 0.293735 -0.462086 -0.864373
VERTEX_POSE A789 0.741259 -0.582118 0.244446 0.338552 -0.231378 0.938574 0.151853 0.066801 -0.960940
VERTEX_POSE A790 -0.822485 0.351576 -0.120149 -0.543760 -0.196845 0.370401 0.816012 0.753079 -0.543486
VERTEX_POSE A791 0.298934 -0.785661 0.080252 0.846589 0.021799 -0.436093 -0.544415 0.305140 -0.838533
VERTEX_POSE A792 0.005510 -0.006229 -0.505873 0.466902 0.550398 -0.318904 -0.625230 -0.824805 0.553307
VERTEX_POSE A793 0.859039 -0.283886 0.688075 0.249512 0.554305 -0.229671 -0.762699 -0.940742 0.333222
VERTEX_POSE A794 0.396171 0.392709 0.718698 -0.381235 -0.879213 -0.038496 -0.293710 0.923676 -0.375125
VERTEX_POSE A795 -0.119936 -0.853306 0.180025 -0.365584 -0.401219 -0.548441 0.821903 0.752038 0.404350
VERTEX_POSE A796 -0.174276 0.912231 0.842282 -0.810782 -0.490863 0.134315 -0.686250 0.569729 -0.536763
VERTEX_POSE A797 -0.978018 -0.901910 0.015978 0.680411 -0.342515 0.679647 -0.035708 -0.274084 -0.938834
VERTEX_POSE A798 -0.727706 -0.606066 0.354418 -0.804170 0.334176 -0.360895 0.382612 -0.472298 -0.861356
VERTEX_POSE A799 -0.457069 0.172589 -0.621960 0.627503 0.164910 -0.597266 0.728936 0.499513 0.664422
VERTEX_POSE A800 -0.214818 0.943060 0.339627 0.641372 -0.003117 0.495191 0.765497 0.586027 -0.643432
VERTEX_POSE A801 0.091804 0.887835 0.233584 0.417401 0.225798 0.744155 0.471000 0.521546 -0.852745
VERTEX_POSE A802 0.074017 -0.468418 -0.852855 -0.386685 -0.442269 -0.517662 -0.622121 -0.763217 0.646037
VERTEX_POSE A803 -0.173057 0.659185 0.882739 0.577336 -0.801636 0.190108 0.316734 0.794067 0.507010
VERTEX_POSE A804 -0.228420 -0.576273 -0.184324 -0.240846 -0.845430 0.640498 -0.507470 0.729216 0.166501
VERTEX_POSE A805 -0.815745 -0.145132 -0.118631 -0.237236 -0.016331 -0.544067 0.830572 0.804805 0.556672
VERTEX_POSE A806 0.295936 -0.820819 0.514892 0.137572 -0.758993 -0.513775 -0.603995 -0.846823 0.243146
VERTEX_POSE A807 0.094234 -0.892550 0.969496 -0.730921 -0.174387 0.661685 0.055657 0.167114 -0.983103
