VERTEX_POSE A0 -0.475296 0.780891 0.000000 -0.405343 -0.363784 -0.475296 0.867529 0.780891 0.339196
VERTEX_POSE A1 0.867529 0.339196 0.000000 -0.551348 0.828316 0.797661 0.488424 -0.244445 -0.274471
VERTEX_POSE A2 0.797661 -0.244445 0.000000 0.500638 -0.784563 0.283149 0.547758 0.818039 0.290554
VERTEX_POSE A3 0.488424 -0.274471 0.000000 -0.075396 0.575263 -0.859155 0.377116 0.506130 0.725848
VERTEX_POSE A4 0.283149 0.818039 0.000000 0.015457 -0.895488 0.061641 -0.443171 0.997979 0.041243
VERTEX_POSE A5 0.547758 0.290554 0.000000 -0.560255 -0.286205 -0.546116 -0.577937 -0.622793 0.764248
VERTEX_POSE A6 -0.859155 0.506130 0.000000 -0.518841 -0.851285 0.543711 -0.258002 -0.659683 0.456891
VERTEX_POSE A7 0.377116 0.725848 0.000000 -0.072829 -0.753904 -0.960025 0.230404 0.270274 0.615258
VERTEX_POSE A8 0.061641 0.997979 0.000000 0.560623 0.433037 0.154331 0.782790 0.813562 -0.446898
VERTEX_POSE A9 -0.443171 0.041243 0.000000 0.566232 -0.717843 -0.687150 -0.139708 -0.455199 -0.682043
VERTEX_POSE A10 -0.546116 -0.622793 0.000000 0.093640 -0.317539 -0.532812 -0.816614 0.841037 -0.481985
VERTEX_POSE A11 -0.577937 0.764248 0.000000 -0.509207 -0.254554 -0.466556 -0.721072 -0.723211 0.644405
VERTEX_POSE A12 0.543711 -0.659683 0.000000 0.933040 -0.325755 -0.348099 -0.710168 0.090900 0.624136
VERTEX_POSE A13 -0.258002 0.456891 0.000000 -0.670271 -0.646567 -0.465175 -0.016401 0.578229 -0.762681
VERTEX_POSE A14 -0.960025 0.270274 0.000000 0.610105 -0.252160 0.582162 0.785729 0.537457 -0.564841
VERTEX_POSE A15 0.230404 0.615258 0.000000 0.264702 -0.564081 -0.173045 0.770122 0.948677 0.297866
VERTEX_POSE A16 0.154331 0.813562 0.000000 0.766156 0.642397 0.197597 -0.208506 0.611523 -0.737463
VERTEX_POSE A17 0.782790 -0.446898 0.000000 -0.831185 -0.289515 -0.071205 -0.791271 -0.551417 0.538582
VERTEX_POSE A18 -0.687150 -0.455199 0.000000 0.591152 -0.360494 -0.497664 0.540943 0.634721 0.759884
VERTEX_POSE A19 -0.139708 -0.682043 0.000000 -0.376215 -0.576444 0.844430 0.108879 -0.381314 0.809851
VERTEX_POSE A20 -0.532812 0.841037 0.000000 0.737875 -0.646234 -0.671903 -0.730646 0.063926 -0.220311
VERTEX_POSE A21 -0.816614 -0.481985 0.000000 -0.317955 0.928183 0.938179 0.278582 0.136841 0.246717
VERTEX_POSE A22 -0.466556 -0.723211 0.000000 -0.320667 -0.626879 -0.183488 -0.694342 0.929250 -0.353428
VERTEX_POSE A23 -0.721072 0.644405 0.000000 0.959900 -0.131992 0.160779 -0.463533 0.229659 0.876194
VERTEX_POSE A24 -0.348099 0.090900 0.000000 0.756869 0.085543 0.646059 0.051910 -0.098778 0.994981
VERTEX_POSE A25 -0.710168 0.624136 0.000000 0.255546 -0.136494 0.183177 -0.965216 -0.949285 -0.222995
VERTEX_POSE A26 -0.465175 0.578229 0.000000 -0.568785 0.267022 0.655236 0.718805 0.497142 -0.641887
VERTEX_POSE A27 -0.016401 -0.762681 0.000000 -0.006300 -0.806217 -0.444011 0.532337 -0.895999 -0.258131
VERTEX_POSE A28 0.582162 0.537457 0.000000 -0.540923 0.694378 0.581152 -0.099339 0.608001 0.712721
VERTEX_POSE A29 0.785729 -0.564841 0.000000 -0.721975 -0.494549 -0.590997 0.804470 0.359826 0.329012
VERTEX_POSE A30 -0.173045 0.948677 0.000000 -0.880515 -0.410243 -0.346766 0.899039 -0.323181 0.153068
VERTEX_POSE A31 0.770122 0.297866 0.000000 -0.942248 -0.263796 -0.012675 0.643769 0.334675 -0.718313
VERTEX_POSE A32 0.197597 0.611523 0.000000 -0.434824 -0.170567 -0.214299 -0.934090 0.874645 -0.313660
VERTEX_POSE A33 -0.208506 -0.737463 0.000000 0.411753 -0.811715 -0.635912 0.069650 0.652745 0.579886
VERTEX_POSE A34 -0.071205 -0.551417 0.000000 0.626746 0.652414 0.676991 -0.726658 -0.385840 -0.215228
VERTEX_POSE A35 -0.791271 0.538582 0.000000 -0.524789 0.240288 -0.592982 0.585072 0.610712 0.774566
VERTEX_POSE A36 -0.497664 0.634721 0.000000 -0.550347 0.604866 -0.717774 -0.694888 0.426520 -0.388931
VERTEX_POSE A37 0.540943 0.759884 0.000000 0.467164 0.352620 0.798892 0.224591 -0.378853 0.908415
VERTEX_POSE A38 0.844430 -0.381314 0.000000 0.835093 -0.006704 -0.529671 -0.279821 0.148553 -0.960029
VERTEX_POSE A39 0.108879 0.809851 0.000000 0.795832 0.542735 0.604103 -0.681364 0.041359 -0.491103
VERTEX_POSE A40 -0.671903 0.063926 0.000000 -0.390670 0.905079 0.864164 0.297727 0.317172 0.303628
VERTEX_POSE A41 -0.730646 -0.220311 0.000000 -0.646345 -0.367276 -0.577017 0.808811 0.499289 0.459275
VERTEX_POSE A42 0.938179 0.136841 0.000000 -0.220471 0.684999 -0.965146 -0.256129 0.141017 -0.682037
VERTEX_POSE A43 0.278582 0.246717 0.000000 -0.107154 0.419852 0.384407 -0.818477 -0.916924 -0.392199
VERTEX_POSE A44 -0.183488 0.929250 0.000000 0.840669 0.503619 0.440639 -0.422379 0.314821 -0.753634
VERTEX_POSE A45 -0.694342 -0.353428 0.000000 0.307661 -0.598500 0.540281 -0.530030 -0.783225 -0.600721
VERTEX_POSE A46 0.160779 0.229659 0.000000 0.532513 -0.787385 0.776971 0.309165 0.335777 0.533331
VERTEX_POSE A47 -0.463533 0.876194 0.000000 -0.541319 -0.836993 0.824718 -0.547093 0.163749 -0.011500
VERTEX_POSE A48 0.646059 -0.098778 0.000000 0.112134 -0.658704 0.292157 0.737484 -0.949774 0.149086
VERTEX_POSE A49 0.051910 0.994981 0.000000 -0.286620 -0.916189 0.747062 -0.396763 -0.599789 -0.056367
VERTEX_POSE A50 0.183177 -0.949285 0.000000 -0.623589 0.148142 -0.551447 0.612611 0.554115 0.776377
VERTEX_POSE A51 -0.965216 -0.222995 0.000000 0.787502 -0.487771 -0.512882 -0.857606 -0.341749 0.163071
VERTEX_POSE A52 0.655236 0.497142 0.000000 -0.161606 0.113309 -0.917868 0.347634 0.362493 0.930759
VERTEX_POSE A53 0.718805 -0.641887 0.000000 0.799199 -0.033223 0.594619 -0.102151 0.087801 0.994214
VERTEX_POSE A54 -0.444011 -0.895999 0.000000 -0.562435 0.584280 -0.507190 0.315025 0.653012 0.747914
VERTEX_POSE A55 0.532337 -0.258131 0.000000 -0.630380 0.052277 -0.154317 -0.986256 0.760793 -0.156734
VERTEX_POSE A56 0.581152 0.608001 0.000000 -0.376939 -0.738820 -0.915103 0.203818 -0.143189 0.642342
VERTEX_POSE A57 -0.099339 0.712721 0.000000 0.373133 0.448219 0.912718 -0.334456 -0.166488 -0.828999
VERTEX_POSE A58 -0.590997 0.359826 0.000000 -0.566756 -0.816302 -0.758513 0.464137 0.321630 -0.343842
VERTEX_POSE A59 0.804470 0.329012 0.000000 0.540758 -0.751063 0.828778 0.552746 -0.143904 0.361076
VERTEX_POSE A60 -0.346766 -0.323181 0.000000 0.489174 -0.537621 0.822784 0.545702 -0.289372 0.642785
VERTEX_POSE A61 0.899039 0.153068 0.000000 -0.379803 0.358937 -0.634214 0.569922 -0.673441 -0.739157
VERTEX_POSE A62 -0.012675 0.334675 0.000000 -0.600560 0.425225 -0.592213 -0.805549 -0.537226 0.412644
VERTEX_POSE A63 0.643769 -0.718313 0.000000 0.734839 0.672949 -0.677457 0.722263 -0.032624 0.159611
VERTEX_POSE A64 -0.214299 0.874645 0.000000 0.716957 0.494593 -0.681345 0.348098 -0.147453 0.796370
VERTEX_POSE A65 -0.934090 -0.313660 0.000000 -0.475235 0.240063 -0.618672 -0.775238 -0.625617 0.584274
VERTEX_POSE A66 -0.635912 0.652745 0.000000 -0.643625 -0.689024 0.463236 -0.004209 0.609228 -0.724726
VERTEX_POSE A67 0.069650 0.579886 0.000000 0.966124 0.123813 -0.252548 0.634235 -0.053142 -0.763162
VERTEX_POSE A68 0.676991 -0.385840 0.000000 0.662269 0.554785 -0.051169 -0.637067 -0.747517 0.535125
VERTEX_POSE A69 -0.726658 -0.215228 0.000000 0.250803 0.672218 -0.777103 0.568894 0.577242 0.473797
VERTEX_POSE A70 -0.592982 0.610712 0.000000 0.037437 0.778338 0.938127 -0.243436 0.344262 0.578731
VERTEX_POSE A71 0.585072 0.774566 0.000000 -0.221416 -0.570114 0.835441 -0.529372 -0.503004 -0.628280
VERTEX_POSE A72 -0.717774 0.426520 0.000000 -0.905016 -0.422978 -0.425271 0.902057 -0.009512 -0.085919
VERTEX_POSE A73 -0.694888 -0.388931 0.000000 -0.806300 0.119033 0.391412 -0.627044 -0.443483 -0.769835
VERTEX_POSE A74 0.798892 -0.378853 0.000000 0.630260 -0.295289 0.628193 -0.349515 0.456230 0.889182
VERTEX_POSE A75 0.224591 0.908415 0.000000 0.396307 0.096923 -0.777418 -0.493589 0.488428 -0.864277
VERTEX_POSE A76 -0.529671 0.148553 0.000000 0.637095 0.525477 -0.673051 0.022714 -0.375649 0.850504
VERTEX_POSE A77 -0.279821 -0.960029 0.000000 -0.753907 -0.618597 -0.188279 -0.119243 -0.629424 0.776608
VERTEX_POSE A78 0.604103 0.041359 0.000000 0.272199 -0.916786 -0.719751 0.007594 0.638644 0.399306
VERTEX_POSE A79 -0.681364 -0.491103 0.000000 -0.768672 -0.513655 -0.500823 0.112602 -0.397894 0.850576
VERTEX_POSE A80 0.864164 0.317172 0.000000 -0.246796 -0.968752 -0.899339 0.238467 -0.360945 0.068216
VERTEX_POSE A81 0.297727 0.303628 0.000000 0.947787 0.179145 -0.017694 -0.796488 0.318411 -0.577507
VERTEX_POSE A82 -0.577017 0.499289 0.000000 0.334828 0.914755 -0.535523 0.382150 0.775310 -0.131091
VERTEX_POSE A83 0.808811 0.459275 0.000000 0.618217 -0.336617 -0.675615 0.234237 -0.401687 -0.912043
VERTEX_POSE A84 -0.965146 0.141017 0.000000 0.477505 0.315399 0.740031 -0.647518 -0.473649 -0.693717
VERTEX_POSE A85 -0.256129 -0.682037 0.000000 -0.685161 0.318475 -0.432156 0.546220 0.586340 0.774737
VERTEX_POSE A86 0.384407 -0.916924 0.000000 0.317456 0.943772 0.609530 -0.128532 0.726426 -0.304589
VERTEX_POSE A87 -0.818477 -0.392199 0.000000 0.401074 0.486748 0.353001 -0.863846 -0.845299 -0.129796
VERTEX_POSE A88 0.440639 0.314821 0.000000 -0.682941 0.408414 -0.622911 -0.758665 0.381542 -0.507567
VERTEX_POSE A89 -0.422379 -0.753634 0.000000 -0.779438 0.485804 -0.351457 -0.861768 0.518608 0.146121
VERTEX_POSE A90 0.540281 -0.783225 0.000000 -0.345071 0.797727 0.644376 0.584450 -0.682426 0.148490
VERTEX_POSE A91 -0.530030 -0.600721 0.000000 -0.526423 -0.701479 0.424655 -0.706457 0.736577 -0.094049
VERTEX_POSE A92 0.776971 0.335777 0.000000 0.617794 0.027755 -0.646349 0.587098 0.447844 0.809040
VERTEX_POSE A93 0.309165 0.533331 0.000000 -0.843005 -0.260957 0.489335 -0.008922 0.223372 -0.965309
VERTEX_POSE A94 0.824718 0.163749 0.000000 0.533641 -0.244860 -0.439977 0.737058 0.722252 0.629912
VERTEX_POSE A95 -0.547093 -0.011500 0.000000 -0.408446 -0.780547 -0.867108 0.169862 0.285123 -0.601576
VERTEX_POSE A96 0.292157 -0.949774 0.000000 0.827412 -0.481604 0.234445 0.763625 -0.510318 -0.430040
VERTEX_POSE A97 0.737484 0.149086 0.000000 0.367257 -0.918980 0.802769 0.235243 -0.469771 -0.316443
VERTEX_POSE A98 0.747062 -0.599789 0.000000 -0.415889 0.004546 -0.153520 0.985285 0.896364 0.170859
VERTEX_POSE A99 -0.396763 -0.056367 0.000000 -0.370519 -0.560191 -0.631226 -0.433278 -0.681373 0.706014
VERTEX_POSE A100 -0.551447 0.554115 0.000000 -0.817120 -0.066968 -0.538321 0.443948 -0.206218 -0.893547
VERTEX_POSE A101 0.612611 0.776377 0.000000 0.382404 0.553869 0.582822 -0.765699 0.716998 0.327008
VERTEX_POSE A102 -0.512882 -0.341749 0.000000 -0.247674 -0.307352 -0.964222 0.170715 0.094518 0.936158
VERTEX_POSE A103 -0.857606 0.163071 0.000000 -0.241932 0.438672 -0.764116 0.463583 -0.597993 -0.769842
VERTEX_POSE A104 -0.917868 0.362493 0.000000 -0.641838 0.330786 0.737344 0.514027 -0.210636 0.791427
VERTEX_POSE A105 0.347634 0.930759 0.000000 -0.456894 -0.519224 -0.015577 0.816507 0.889385 -0.252435
VERTEX_POSE A106 0.594619 0.087801 0.000000 -0.193308 0.256788 -0.420974 -0.893495 -0.886235 0.368411
VERTEX_POSE A107 -0.102151 0.994214 0.000000 -0.030227 -0.660592 -0.919996 0.311778 0.390760 0.682945
VERTEX_POSE A108 -0.507190 0.653012 0.000000 -0.697496 0.127763 -0.690303 0.144266 -0.192306 -0.981256
VERTEX_POSE A109 0.315025 0.747914 0.000000 0.009646 0.134735 -0.890260 -0.450062 0.455350 -0.882775
VERTEX_POSE A110 -0.154317 0.760793 0.000000 -0.702660 0.408101 -0.383747 -0.907173 -0.599171 0.102423
VERTEX_POSE A111 -0.986256 -0.156734 0.000000 0.175885 0.353417 -0.266253 -0.881467 -0.947720 0.313229
VERTEX_POSE A112 -0.915103 -0.143189 0.000000 -0.175714 -0.700125 0.470278 -0.677295 -0.864849 -0.226046
VERTEX_POSE A113 0.203818 0.642342 0.000000 0.876601 -0.112659 -0.149304 0.860559 0.457470 0.496736
VERTEX_POSE A114 0.912718 -0.166488 0.000000 0.419666 -0.424263 -0.646203 -0.760468 0.637419 -0.491620
VERTEX_POSE A115 -0.334456 -0.828999 0.000000 0.399979 0.892786 -0.455420 -0.002628 0.795367 -0.450474
VERTEX_POSE A116 -0.758513 0.321630 0.000000 0.830614 0.402331 0.551863 -0.687071 0.074356 0.605032
VERTEX_POSE A117 0.464137 -0.343842 0.000000 0.590549 -0.391580 0.232170 -0.754982 -0.772884 -0.525993
VERTEX_POSE A118 0.828778 -0.143904 0.000000 0.678050 -0.434111 0.687681 0.659581 0.259506 -0.613597
VERTEX_POSE A119 0.552746 0.361076 0.000000 0.828870 0.411379 -0.553811 0.507466 0.079167 -0.757130
VERTEX_POSE A120 0.822784 -0.289372 0.000000 0.438219 -0.274423 0.183908 0.959485 0.879853 -0.063874
VERTEX_POSE A121 0.545702 0.642785 0.000000 -0.963002 -0.268966 -0.045022 0.222288 0.265707 -0.937148
VERTEX_POSE A122 -0.634214 -0.673441 0.000000 0.515587 0.420092 0.740607 0.219809 0.430896 -0.880458
VERTEX_POSE A123 0.569922 -0.739157 0.000000 0.067300 0.553360 -0.653334 0.653335 -0.754072 -0.516668
VERTEX_POSE A124 -0.592213 -0.537226 0.000000 -0.650227 0.576575 -0.753261 -0.574120 0.099009 -0.581333
VERTEX_POSE A125 -0.805549 0.412644 0.000000 -0.697244 -0.632794 -0.203324 0.625106 -0.687393 0.456962
VERTEX_POSE A126 -0.677457 -0.032624 0.000000 0.558706 0.811721 -0.723324 0.577286 0.405770 -0.088594
VERTEX_POSE A127 0.722263 0.159611 0.000000 0.714692 -0.178099 0.665154 0.472113 -0.216297 0.863360
VERTEX_POSE A128 -0.681345 -0.147453 0.000000 -0.360351 0.467951 -0.912189 -0.357692 0.195087 -0.808132
VERTEX_POSE A129 0.348098 0.796370 0.000000 -0.565371 0.669665 0.075310 -0.539482 0.821391 0.510400
VERTEX_POSE A130 -0.618672 -0.625617 0.000000 -0.742807 0.535232 0.661497 0.679372 -0.103249 0.501976
VERTEX_POSE A131 -0.775238 0.584274 0.000000 0.585165 0.763889 0.248778 0.150294 -0.771811 0.627603
VERTEX_POSE A132 0.463236 0.609228 0.000000 0.493486 0.370864 0.847150 -0.409829 -0.196997 -0.833366
VERTEX_POSE A133 -0.004209 -0.724726 0.000000 -0.477654 0.078266 0.397601 0.907443 0.783429 -0.412821
VERTEX_POSE A134 -0.252548 -0.053142 0.000000 0.329009 -0.495430 0.624481 -0.524452 -0.708362 -0.692459
VERTEX_POSE A135 0.634235 -0.763162 0.000000 0.254248 -0.191399 -0.730284 -0.680640 0.634069 -0.707174
VERTEX_POSE A136 -0.051169 -0.747517 0.000000 0.021838 0.555929 -0.996568 0.078479 0.079841 0.827517
VERTEX_POSE A137 -0.637067 0.535125 0.000000 0.894089 -0.431994 0.412156 0.690203 -0.175309 -0.580518
VERTEX_POSE A138 -0.777103 0.577242 0.000000 -0.281628 -0.935164 -0.380787 0.314437 -0.880731 0.163085
VERTEX_POSE A139 0.568894 0.473797 0.000000 -0.684753 0.351616 0.719316 0.466754 -0.117037 0.811484
VERTEX_POSE A140 0.938127 0.344262 0.000000 -0.898974 -0.196052 0.436820 -0.466949 0.032155 0.862277
VERTEX_POSE A141 -0.243436 0.578731 0.000000 0.599032 -0.673091 -0.380639 0.237169 -0.704468 -0.700499
VERTEX_POSE A142 0.835441 -0.503004 0.000000 -0.368005 0.650218 -0.637110 -0.696989 -0.677247 0.302363
VERTEX_POSE A143 -0.529372 -0.628280 0.000000 -0.895367 0.351520 -0.410924 -0.415524 -0.171640 -0.838912
VERTEX_POSE A144 -0.425271 -0.009512 0.000000 0.270106 -0.119622 0.511659 0.858384 0.815627 -0.498867
VERTEX_POSE A145 0.902057 -0.085919 0.000000 -0.364665 0.186768 -0.824862 -0.519313 0.431998 -0.833925
VERTEX_POSE A146 0.391412 -0.443483 0.000000 -0.507067 -0.679904 0.271761 -0.709371 -0.817942 0.185804
VERTEX_POSE A147 -0.627044 -0.769835 0.000000 0.337590 -0.937485 0.706885 0.193154 0.621568 0.289506
VERTEX_POSE A148 0.628193 0.456230 0.000000 0.229080 0.748374 -0.703326 0.569336 0.672945 0.340282
VERTEX_POSE A149 -0.349515 0.889182 0.000000 0.173452 -0.080719 -0.383699 0.912345 -0.907022 -0.401387
VERTEX_POSE A150 -0.777418 0.488428 0.000000 -0.319652 -0.942938 0.366939 -0.032480 0.873601 -0.331380
VERTEX_POSE A151 -0.493589 -0.864277 0.000000 0.693919 -0.401985 0.694794 0.591627 0.189046 -0.698845
VERTEX_POSE A152 -0.673051 -0.375649 0.000000 0.937950 0.169675 -0.324642 0.123112 0.121887 -0.977780
VERTEX_POSE A153 0.022714 0.850504 0.000000 0.323995 -0.694783 0.794556 0.568249 -0.513525 0.440873
VERTEX_POSE A154 -0.188279 -0.629424 0.000000 0.650857 0.378236 -0.724103 0.569851 0.228167 0.729526
VERTEX_POSE A155 -0.119243 0.776608 0.000000 0.662347 0.568514 -0.730481 0.634718 -0.166411 -0.523378
VERTEX_POSE A156 -0.719751 0.638644 0.000000 0.709775 0.558728 -0.682850 0.396143 -0.173018 0.728624
VERTEX_POSE A157 0.007594 0.399306 0.000000 -0.983481 -0.177395 0.124134 -0.805754 -0.131743 0.565059
VERTEX_POSE A158 -0.500823 -0.397894 0.000000 0.235620 -0.275446 0.753755 0.657146 -0.613463 0.701633
VERTEX_POSE A159 0.112602 0.850576 0.000000 0.923527 -0.286207 -0.360882 -0.423092 -0.129852 -0.859697
VERTEX_POSE A160 -0.899339 -0.360945 0.000000 0.654026 -0.578548 0.298507 0.789369 -0.695085 -0.205374
VERTEX_POSE A161 0.238467 0.068216 0.000000 0.624531 -0.657785 0.586701 0.039297 -0.515503 -0.752180
VERTEX_POSE A162 -0.017694 0.318411 0.000000 0.451180 -0.782990 0.791709 0.129730 -0.411866 -0.608355
VERTEX_POSE A163 -0.796488 -0.577507 0.000000 -0.402297 -0.323059 -0.539835 -0.671992 0.739415 -0.666379
VERTEX_POSE A164 -0.535523 0.775310 0.000000 0.098220 0.933655 -0.518430 -0.247435 0.849460 -0.258966
VERTEX_POSE A165 0.382150 -0.131091 0.000000 0.652560 -0.453354 -0.725343 -0.605516 -0.219188 0.654079
VERTEX_POSE A166 -0.675615 -0.401687 0.000000 0.943423 -0.132983 -0.326229 -0.536321 -0.059395 0.833472
VERTEX_POSE A167 0.234237 -0.912043 0.000000 -0.011385 0.843148 0.838708 -0.284668 -0.544463 -0.456142
VERTEX_POSE A168 0.740031 -0.473649 0.000000 -0.265188 -0.929729 0.208761 0.203337 -0.941326 0.307015
VERTEX_POSE A169 -0.647518 -0.693717 0.000000 -0.577900 -0.648702 -0.520051 0.760342 0.628950 0.032643
VERTEX_POSE A170 -0.432156 0.586340 0.000000 0.436380 0.716728 -0.794860 0.590369 -0.421627 -0.371169
VERTEX_POSE A171 0.546220 0.774737 0.000000 -0.740783 0.619203 0.023992 -0.363071 0.671316 0.696252
VERTEX_POSE A172 0.609530 0.726426 0.000000 0.415156 -0.793973 -0.396857 -0.597347 -0.818627 -0.113069
VERTEX_POSE A173 -0.128532 -0.304589 0.000000 -0.826790 -0.300449 -0.282520 0.952840 -0.486417 -0.042737
VERTEX_POSE A174 0.353001 -0.845299 0.000000 -0.573667 -0.817892 0.534657 -0.332984 -0.620522 0.469227
VERTEX_POSE A175 -0.863846 -0.129796 0.000000 -0.541972 -0.548054 -0.838973 0.308739 0.048890 -0.777378
VERTEX_POSE A176 -0.622911 0.381542 0.000000 -0.061581 -0.656359 -0.732081 -0.482370 -0.678428 0.580096
VERTEX_POSE A177 -0.758665 -0.507567 0.000000 -0.486131 0.815127 -0.725188 -0.577442 -0.487627 0.046133
VERTEX_POSE A178 -0.351457 0.518608 0.000000 0.187303 0.974851 0.589523 -0.013219 0.785736 -0.222466
VERTEX_POSE A179 -0.861768 0.146121 0.000000 -0.779902 0.367985 -0.614661 -0.602911 -0.118091 0.707874
VERTEX_POSE A180 0.644376 -0.682426 0.000000 0.032631 -0.726050 0.999218 0.008344 0.022331 0.687591
VERTEX_POSE A181 0.584450 0.148490 0.000000 0.663825 0.162253 -0.510130 -0.615615 0.546904 -0.771162
VERTEX_POSE A182 0.424655 0.736577 0.000000 0.621968 -0.252721 0.172970 -0.878765 0.763700 0.404851
VERTEX_POSE A183 -0.706457 -0.094049 0.000000 -0.244834 -0.561952 0.604452 0.548695 -0.758086 0.618986
VERTEX_POSE A184 -0.646349 0.447844 0.000000 0.974859 -0.221973 0.203347 0.850566 -0.091107 -0.476723
VERTEX_POSE A185 0.587098 0.809040 0.000000 -0.912267 0.405380 0.385018 0.799870 0.139750 0.442579
VERTEX_POSE A186 0.489335 0.223372 0.000000 -0.730068 -0.679862 0.643592 -0.649991 0.229759 -0.339559
VERTEX_POSE A187 -0.008922 -0.965309 0.000000 0.112131 0.966088 -0.855241 0.213007 -0.505953 -0.145950
VERTEX_POSE A188 -0.439977 0.722252 0.000000 -0.800820 0.011900 -0.323760 0.832520 0.503851 0.553867
VERTEX_POSE A189 0.737058 0.629912 0.000000 -0.771751 0.274623 0.167138 -0.782642 0.613567 0.558618
VERTEX_POSE A190 -0.867108 0.285123 0.000000 0.269171 -0.492847 0.793360 0.600546 0.546010 -0.629639
VERTEX_POSE A191 0.169862 -0.601576 0.000000 0.741713 0.651001 0.315121 -0.550697 0.592082 -0.522427
VERTEX_POSE A192 0.234445 -0.510318 0.000000 0.149327 -0.525725 0.198662 0.845623 -0.968625 0.092387
VERTEX_POSE A193 0.763625 -0.430040 0.000000 0.488358 0.553551 -0.863556 0.195281 -0.125611 0.809596
VERTEX_POSE A194 0.802769 -0.469771 0.000000 -0.754711 0.570815 -0.615271 -0.444735 0.227713 0.690204
VERTEX_POSE A195 0.235243 -0.316443 0.000000 -0.243660 0.559747 0.644322 -0.516956 0.724899 0.647641
VERTEX_POSE A196 -0.153520 0.896364 0.000000 0.732021 -0.355548 0.126192 0.909020 0.669493 0.217414
VERTEX_POSE A197 0.985285 0.170859 0.000000 -0.236473 0.404852 -0.428583 0.772383 0.872008 0.489407
VERTEX_POSE A198 -0.631226 -0.681373 0.000000 0.669369 0.679205 0.739676 -0.647158 -0.069460 -0.346217
VERTEX_POSE A199 -0.433278 0.706014 0.000000 0.500427 -0.144380 0.814290 -0.256467 0.294117 0.955709
VERTEX_POSE A200 -0.538321 -0.206218 0.000000 -0.139041 0.979759 -0.989852 -0.141811 0.029339 -0.141290
VERTEX_POSE A201 0.443948 -0.893547 0.000000 -0.981459 -0.094347 -0.177229 0.115180 0.072998 -0.988854
VERTEX_POSE A202 0.582822 0.716998 0.000000 -0.698413 -0.100898 0.627491 0.389804 0.344202 -0.915354
VERTEX_POSE A203 -0.765699 0.327008 0.000000 0.349742 -0.910041 -0.871049 -0.403308 0.344897 -0.095744
VERTEX_POSE A204 -0.964222 0.094518 0.000000 -0.900015 -0.005350 0.066366 0.986583 0.430778 -0.163172
VERTEX_POSE A205 0.170715 0.936158 0.000000 0.529434 0.720478 -0.497060 0.691291 -0.687482 0.055031
VERTEX_POSE A206 -0.764116 -0.597993 0.000000 0.875044 0.465715 0.235624 -0.647928 0.422823 -0.602743
VERTEX_POSE A207 0.463583 -0.769842 0.000000 -0.277051 -0.544811 0.869872 0.207658 -0.408125 0.812440
VERTEX_POSE A208 0.737344 -0.210636 0.000000 0.676105 -0.277924 -0.722492 -0.068409 0.144527 0.958164
VERTEX_POSE A209 0.514027 0.791427 0.000000 -0.401860 -0.511898 -0.913778 0.277887 0.059316 0.812858
VERTEX_POSE A210 -0.015577 0.889385 0.000000 -0.650870 0.486440 0.363429 0.873713 0.666549 -0.001386
VERTEX_POSE A211 0.816507 -0.252435 0.000000 0.686076 -0.633223 0.155981 -0.352916 0.710612 0.688824
VERTEX_POSE A212 -0.420974 -0.886235 0.000000 0.608189 -0.273447 0.574584 0.799384 -0.547686 0.534988
VERTEX_POSE A213 -0.893495 0.368411 0.000000 0.829570 0.372432 -0.523574 0.777804 0.194122 0.506276
VERTEX_POSE A214 -0.919996 0.390760 0.000000 -0.635684 0.630951 -0.565150 -0.772848 -0.525844 0.067870
VERTEX_POSE A215 0.311778 0.682945 0.000000 -0.976123 0.161967 -0.105259 -0.935580 0.190012 0.313779
VERTEX_POSE A216 -0.690303 -0.192306 0.000000 -0.033207 -0.518061 0.587151 0.681928 0.808796 -0.516320
VERTEX_POSE A217 0.144266 -0.981256 0.000000 0.953985 -0.286403 0.082972 0.536717 0.288146 0.793667
VERTEX_POSE A218 -0.890260 0.455350 0.000000 0.760237 -0.076348 -0.284453 0.853693 -0.584060 -0.515150
VERTEX_POSE A219 -0.450062 -0.882775 0.000000 0.324676 0.502867 0.711373 0.428333 -0.623325 0.750770
VERTEX_POSE A220 -0.383747 -0.599171 0.000000 0.862266 0.294863 0.325613 -0.945491 0.387909 0.138212
VERTEX_POSE A221 -0.907173 0.102423 0.000000 -0.078432 0.993748 -0.801859 -0.110246 -0.592344 0.017658
VERTEX_POSE A222 -0.266253 -0.947720 0.000000 -0.804002 -0.430510 -0.552354 0.796154 0.220195 0.425205
VERTEX_POSE A223 -0.881467 0.313229 0.000000 -0.340667 -0.659190 0.939583 -0.264188 -0.033609 -0.704041
VERTEX_POSE A224 0.470278 -0.864849 0.000000 -0.715263 -0.371934 -0.193272 -0.708321 0.671599 -0.599956
VERTEX_POSE A225 -0.677295 -0.226046 0.000000 -0.532774 -0.060784 0.429432 -0.878875 -0.729205 -0.473164
VERTEX_POSE A226 -0.149304 0.457470 0.000000 0.535363 -0.680663 0.722711 0.062742 0.437122 0.729905
VERTEX_POSE A227 0.860559 0.496736 0.000000 0.749554 0.385752 0.370541 0.428879 -0.548515 0.816859
VERTEX_POSE A228 -0.646203 0.637419 0.000000 -0.565747 0.466580 -0.251577 0.687535 0.785264 0.556416
VERTEX_POSE A229 -0.760468 -0.491620 0.000000 -0.972662 0.134667 -0.194933 -0.030679 0.126215 0.990416
VERTEX_POSE A230 -0.455420 0.795367 0.000000 -0.177415 0.022580 -0.865989 0.471363 -0.467533 -0.881650
VERTEX_POSE A231 -0.002628 -0.450474 0.000000 0.805406 0.569416 -0.201414 0.524067 0.557452 -0.633340
VERTEX_POSE A232 0.551863 0.074356 0.000000 0.888502 0.444886 0.458840 -0.858420 0.005499 -0.255328
VERTEX_POSE A233 -0.687071 0.605032 0.000000 -0.170279 0.373627 -0.328908 0.850712 0.928884 0.369720
VERTEX_POSE A234 0.232170 -0.772884 0.000000 -0.432851 -0.806383 0.879515 -0.279721 0.197721 -0.521059
VERTEX_POSE A235 -0.754982 -0.525993 0.000000 0.156021 -0.576956 0.664499 0.661852 0.730820 -0.478617
VERTEX_POSE A236 0.687681 0.259506 0.000000 -0.023973 -0.645772 -0.314704 -0.719688 0.948887 -0.255004
VERTEX_POSE A237 0.659581 -0.613597 0.000000 -0.574659 0.552073 -0.553051 -0.806100 0.603243 -0.213116
VERTEX_POSE A238 -0.553811 0.079167 0.000000 -0.760030 -0.647526 0.456844 -0.592908 0.462221 -0.478717
VERTEX_POSE A239 0.507466 -0.757130 0.000000 0.897304 -0.116583 0.357784 -0.372791 0.258526 0.920562
VERTEX_POSE A240 0.183908 0.879853 0.000000 0.296876 0.951195 -0.787841 0.194144 -0.539602 0.239865
VERTEX_POSE A241 0.959485 -0.063874 0.000000 0.781008 -0.101432 0.406979 -0.665774 -0.473704 -0.739227
VERTEX_POSE A242 -0.045022 0.265707 0.000000 -0.658111 0.730551 -0.750537 -0.655773 0.059862 -0.190412
VERTEX_POSE A243 0.222288 -0.937148 0.000000 -0.485433 -0.648186 0.556604 0.288365 0.674201 -0.704770
VERTEX_POSE A244 0.740607 0.430896 0.000000 0.028929 0.201014 -0.614075 -0.769354 -0.788718 0.606372
VERTEX_POSE A245 0.219809 -0.880458 0.000000 0.350212 0.751811 -0.735888 -0.148179 -0.579500 0.642513
VERTEX_POSE A246 -0.653334 -0.754072 0.000000 -0.656077 0.520221 -0.636374 0.008106 0.405698 0.853993
VERTEX_POSE A247 0.653335 -0.516668 0.000000 0.510817 0.805093 -0.649271 0.131433 0.563482 -0.578403
VERTEX_POSE A248 -0.753261 0.099009 0.000000 0.709310 -0.108223 0.704362 0.147312 -0.027460 0.983152
VERTEX_POSE A249 -0.574120 -0.581333 0.000000 0.424088 -0.855276 -0.231484 0.215477 0.875537 0.471245
VERTEX_POSE A250 -0.203324 -0.687393 0.000000 -0.349651 -0.818987 0.377275 -0.567598 -0.857559 0.084215
VERTEX_POSE A251 0.625106 0.456962 0.000000 -0.476554 -0.675288 -0.510824 -0.308436 -0.715510 0.669966
VERTEX_POSE A252 -0.723324 0.405770 0.000000 -0.758051 -0.185992 -0.596286 -0.190624 0.264201 -0.963882
VERTEX_POSE A253 0.577286 -0.088594 0.000000 0.753407 -0.421231 -0.493328 -0.869780 -0.434747 0.256996
VERTEX_POSE A254 0.665154 -0.216297 0.000000 0.896811 0.387898 0.179845 -0.759010 -0.404209 0.522914
VERTEX_POSE A255 0.472113 0.863360 0.000000 0.519854 -0.006661 0.277110 0.947210 -0.808061 0.320543
VERTEX_POSE A256 -0.912189 0.195087 0.000000 0.739493 0.503849 0.567237 -0.823492 -0.362481 -0.260764
VERTEX_POSE A257 -0.357692 -0.808132 0.000000 0.748359 0.036217 0.651991 0.143385 -0.121929 0.989004
VERTEX_POSE A258 0.075310 0.821391 0.000000 -0.006640 -0.721016 0.151299 0.684200 0.988466 -0.109570
VERTEX_POSE A259 -0.539482 0.510400 0.000000 -0.718898 0.446031 -0.233686 0.567266 -0.654658 -0.692290
VERTEX_POSE A260 0.661497 -0.103249 0.000000 0.215088 0.847547 -0.581683 -0.287887 -0.784463 0.445854
VERTEX_POSE A261 0.679372 0.501976 0.000000 0.926577 -0.215575 -0.369921 -0.374379 0.067921 0.901869
VERTEX_POSE A262 0.248778 -0.771811 0.000000 0.619529 0.504382 0.765959 -0.556067 0.171732 0.660597
VERTEX_POSE A263 0.150294 0.627603 0.000000 0.242274 -0.205801 0.818638 0.567845 -0.520706 0.796993
VERTEX_POSE A264 0.847150 -0.196997 0.000000 -0.877394 -0.167736 0.445725 -0.631620 0.177507 0.756915
VERTEX_POSE A265 -0.409829 -0.833366 0.000000 -0.181939 0.003978 -0.982772 0.032332 0.032516 0.999469
VERTEX_POSE A266 0.397601 0.783429 0.000000 -0.770359 0.323406 -0.636298 -0.334666 -0.040889 -0.885103
VERTEX_POSE A267 0.907443 -0.412821 0.000000 0.093594 -0.210514 0.574849 0.809439 0.812889 -0.548171
VERTEX_POSE A268 0.624481 -0.708362 0.000000 -0.419800 -0.173239 0.638434 -0.754073 -0.645113 -0.633532
VERTEX_POSE A269 -0.524452 -0.692459 0.000000 0.129143 -0.990637 0.519091 0.105582 0.844906 0.086551
VERTEX_POSE A270 -0.730284 0.634069 0.000000 -0.558274 -0.500779 -0.572979 -0.343891 0.600021 -0.794330
VERTEX_POSE A271 -0.680640 -0.707174 0.000000 0.151047 0.651100 -0.493979 0.701475 -0.856253 -0.289829
VERTEX_POSE A272 -0.996568 0.079841 0.000000 0.847417 0.211908 0.416175 -0.834454 0.329669 0.508706
VERTEX_POSE A273 0.078479 0.827517 0.000000 -0.313137 -0.563995 -0.276269 -0.715677 -0.908637 0.411966
VERTEX_POSE A274 0.412156 -0.175309 0.000000 0.740368 0.578226 -0.636301 0.438418 -0.216742 0.688072
VERTEX_POSE A275 0.690203 -0.580518 0.000000 -0.525079 0.201704 -0.541315 -0.828815 0.656712 -0.521902
VERTEX_POSE A276 -0.380787 -0.880731 0.000000 -0.301795 -0.930619 0.858019 -0.170458 -0.415600 0.323870
VERTEX_POSE A277 0.314437 0.163085 0.000000 -0.595561 -0.732231 -0.135761 0.497091 -0.791755 0.465551
VERTEX_POSE A278 0.719316 -0.117037 0.000000 0.801924 -0.561028 -0.114204 -0.481331 -0.586409 -0.673475
VERTEX_POSE A279 0.466754 0.811484 0.000000 -0.174246 0.679710 -0.838797 -0.481467 0.515808 -0.553338
VERTEX_POSE A280 0.436820 0.032155 0.000000 -0.533638 0.766747 -0.086200 -0.469045 -0.841308 -0.438287
VERTEX_POSE A281 -0.466949 0.862277 0.000000 -0.448709 -0.048305 0.256179 0.949680 -0.856173 0.309474
VERTEX_POSE A282 -0.380639 -0.704468 0.000000 0.794426 0.607163 0.443098 -0.561933 -0.415393 0.561769
VERTEX_POSE A283 0.237169 -0.700499 0.000000 0.493288 0.868506 0.010513 0.049944 -0.869802 0.493156
VERTEX_POSE A284 -0.637110 -0.677247 0.000000 -0.609148 0.666898 -0.640070 -0.093915 -0.468241 -0.739207
VERTEX_POSE A285 -0.696989 0.302363 0.000000 -0.852434 0.387876 -0.494461 -0.380180 0.169898 0.839652
VERTEX_POSE A286 -0.410924 -0.171640 0.000000 0.909368 0.386717 0.288541 -0.320913 -0.299657 0.864560
VERTEX_POSE A287 -0.415524 -0.838912 0.000000 -0.653138 0.347118 0.738945 0.097990 0.165443 0.932688
VERTEX_POSE A288 0.511659 0.815627 0.000000 -0.726284 -0.062909 0.281770 -0.935544 0.626990 0.347563
VERTEX_POSE A289 0.858384 -0.498867 0.000000 -0.762487 -0.436113 0.488135 0.097082 -0.424662 0.894640
VERTEX_POSE A290 -0.824862 0.431998 0.000000 0.862504 -0.490497 0.401710 0.813241 -0.307758 -0.313131
VERTEX_POSE A291 -0.519313 -0.833925 0.000000 0.572981 -0.626031 0.616203 0.754588 -0.540358 0.196675
VERTEX_POSE A292 0.271761 -0.817942 0.000000 0.059340 0.926064 -0.420704 -0.315355 0.905255 -0.207260
VERTEX_POSE A293 -0.709371 0.185804 0.000000 -0.330501 0.178269 0.292665 0.952952 -0.897283 0.245159
VERTEX_POSE A294 0.706885 0.621568 0.000000 0.861341 0.280104 -0.447862 0.812483 0.239816 0.511286
VERTEX_POSE A295 0.193154 0.289506 0.000000 -0.296466 -0.459762 0.817771 -0.574949 0.493314 0.676796
VERTEX_POSE A296 -0.703326 0.672945 0.000000 0.624649 0.519678 -0.593100 -0.169827 -0.507982 0.837314
VERTEX_POSE A297 0.569336 0.340282 0.000000 0.760788 -0.584562 0.519509 0.808901 0.388989 0.062974
VERTEX_POSE A298 -0.383699 -0.907022 0.000000 -0.279460 0.895545 0.203912 -0.297052 0.938255 0.331298
VERTEX_POSE A299 0.912345 -0.401387 0.000000 0.266880 0.956271 -0.385439 -0.007897 -0.883296 0.292375
VERTEX_POSE A300 0.366939 0.873601 0.000000 -0.543980 -0.319920 0.793071 0.105949 0.274088 -0.941502
VERTEX_POSE A301 -0.032480 -0.331380 0.000000 -0.788966 -0.492289 0.475470 -0.110137 0.389181 -0.863436
VERTEX_POSE A302 0.694794 0.189046 0.000000 -0.708781 0.066605 0.619981 -0.416112 -0.336531 -0.906871
VERTEX_POSE A303 0.591627 -0.698845 0.000000 -0.687542 -0.532349 0.201591 -0.793302 -0.697601 0.295427
VERTEX_POSE A304 -0.324642 0.121887 0.000000 0.687720 0.162862 0.660532 -0.544725 0.301229 0.822649
VERTEX_POSE A305 0.123112 -0.977780 0.000000 -0.015432 0.515741 0.999864 0.012920 -0.005789 0.856647
VERTEX_POSE A306 0.794556 -0.513525 0.000000 -0.756718 -0.649310 -0.369012 0.328291 -0.539637 0.686019
VERTEX_POSE A307 0.568249 0.440873 0.000000 -0.923288 0.340388 0.129913 -0.159309 -0.361471 -0.926691
VERTEX_POSE A308 -0.724103 0.228167 0.000000 -0.644092 0.304994 -0.717313 -0.559382 -0.265722 0.770760
VERTEX_POSE A309 0.569851 0.729526 0.000000 -0.534666 -0.677214 -0.830897 0.312219 0.154086 -0.666258
VERTEX_POSE A310 -0.730481 -0.166411 0.000000 -0.362669 0.335524 -0.825822 -0.548025 0.431844 -0.766219
VERTEX_POSE A311 0.634718 -0.523378 0.000000 -0.625451 -0.744013 0.127103 -0.394392 -0.769842 0.539351
VERTEX_POSE A312 -0.682850 -0.173018 0.000000 -0.515574 -0.846917 0.151113 0.059539 -0.843415 0.528382
VERTEX_POSE A313 0.396143 0.728624 0.000000 0.353826 0.555103 -0.631302 -0.452111 -0.690120 0.698181
VERTEX_POSE A314 0.124134 -0.131743 0.000000 0.395354 -0.917501 0.871366 0.359677 0.290545 0.169775
VERTEX_POSE A315 -0.805754 0.565059 0.000000 0.784574 -0.601408 0.602639 0.796874 0.145843 -0.057444
VERTEX_POSE A316 0.753755 -0.613463 0.000000 0.095540 -0.873400 0.989923 0.032992 -0.104521 -0.485885
VERTEX_POSE A317 0.657146 0.701633 0.000000 0.109851 0.961809 -0.973908 0.154551 0.198583 0.225916
VERTEX_POSE A318 -0.360882 -0.129852 0.000000 -0.404553 0.671407 0.760101 0.624397 -0.508510 0.399176
VERTEX_POSE A319 -0.423092 -0.859697 0.000000 -0.381235 -0.672375 0.736960 0.193342 -0.558167 0.714515
VERTEX_POSE A320 0.298507 -0.695085 0.000000 -0.022887 0.692741 -0.999692 -0.008919 0.009621 0.721131
VERTEX_POSE A321 0.789369 -0.205374 0.000000 0.689546 -0.246664 -0.503659 -0.838952 0.520436 -0.485094
VERTEX_POSE A322 0.586701 -0.515503 0.000000 -0.422276 0.415863 0.382652 0.887283 0.821742 -0.199469
VERTEX_POSE A323 0.039297 -0.752180 0.000000 -0.684319 -0.589765 0.725657 -0.608565 -0.071620 -0.530873
VERTEX_POSE A324 0.791709 -0.411866 0.000000 -0.633846 0.202084 -0.760168 -0.340939 -0.142772 0.918108
VERTEX_POSE A325 0.129730 -0.608355 0.000000 0.391685 0.876338 0.903847 -0.309443 0.172173 -0.369157
VERTEX_POSE A326 -0.539835 0.739415 0.000000 0.659672 0.712110 -0.474179 0.146325 -0.583084 0.686650
VERTEX_POSE A327 -0.671992 -0.666379 0.000000 -0.908554 0.101915 -0.181501 0.777186 -0.376279 -0.620964
VERTEX_POSE A328 -0.518430 0.849460 0.000000 -0.547182 0.551920 -0.586078 0.284106 0.597582 0.784007
VERTEX_POSE A329 -0.247435 -0.258966 0.000000 -0.126337 0.558972 0.162467 -0.803310 0.978593 0.205530
VERTEX_POSE A330 -0.725343 -0.219188 0.000000 -0.461239 -0.874695 -0.428847 0.072867 -0.776755 0.479166
VERTEX_POSE A331 -0.605516 0.654079 0.000000 -0.733000 0.224514 0.183471 -0.843723 0.655019 0.487571
VERTEX_POSE A332 -0.326229 -0.059395 0.000000 -0.691282 0.363881 0.473841 0.880536 0.545531 -0.303723
VERTEX_POSE A333 -0.536321 0.833472 0.000000 0.826613 -0.461328 0.389148 0.054826 -0.406540 -0.885534
VERTEX_POSE A334 0.838708 -0.544463 0.000000 0.109456 0.968428 0.444499 -0.249235 -0.889067 -0.005382
VERTEX_POSE A335 -0.284668 -0.456142 0.000000 0.281827 0.705256 -0.409222 0.701605 0.867820 0.101809
VERTEX_POSE A336 0.208761 -0.941326 0.000000 0.625264 -0.239244 0.779161 0.137466 0.044198 0.961179
VERTEX_POSE A337 0.203337 0.307015 0.000000 -0.233000 -0.918767 -0.229391 -0.266561 0.945035 -0.291226
VERTEX_POSE A338 -0.520051 0.628950 0.000000 -0.482213 -0.017828 -0.314412 -0.929663 0.817689 -0.367981
VERTEX_POSE A339 0.760342 0.032643 0.000000 -0.194415 0.839952 0.676341 -0.259306 0.710469 0.476698
VERTEX_POSE A340 -0.794860 -0.421627 0.000000 0.422210 -0.804936 -0.449214 0.213690 -0.787366 -0.553547
VERTEX_POSE A341 0.590369 -0.371169 0.000000 -0.070664 0.992462 0.450146 -0.057852 0.890155 0.108040
VERTEX_POSE A342 0.023992 0.671316 0.000000 0.880020 -0.414915 -0.384852 -0.337834 -0.278306 -0.844816
VERTEX_POSE A343 -0.363071 0.696252 0.000000 -0.649433 0.674120 -0.664666 -0.278457 0.369401 0.684123
VERTEX_POSE A344 -0.396857 -0.818627 0.000000 -0.830774 0.503428 -0.458128 -0.860719 0.316122 0.075653
VERTEX_POSE A345 -0.597347 -0.113069 0.000000 0.571699 -0.511869 -0.686930 -0.725978 -0.448651 0.459290
VERTEX_POSE A346 -0.282520 -0.486417 0.000000 -0.062128 0.518599 0.370848 -0.781243 -0.926613 -0.347440
VERTEX_POSE A347 0.952840 -0.042737 0.000000 0.873097 0.271504 -0.233067 -0.497115 -0.428230 0.824113
VERTEX_POSE A348 0.534657 -0.620522 0.000000 -0.206184 0.169091 0.726758 0.685995 -0.655218 0.707686
VERTEX_POSE A349 -0.332984 0.469227 0.000000 -0.356097 0.922841 0.527785 0.328297 0.771128 0.201459
VERTEX_POSE A350 -0.838973 0.048890 0.000000 0.004317 0.433642 -0.613259 -0.710597 -0.789870 0.554081
VERTEX_POSE A351 0.308739 -0.777378 0.000000 0.629194 -0.046997 -0.157647 -0.985139 -0.761093 0.165202
VERTEX_POSE A352 -0.732081 -0.678428 0.000000 -0.872478 -0.186466 -0.410015 0.782210 0.265840 0.594456
VERTEX_POSE A353 -0.482370 0.580096 0.000000 -0.077993 0.095664 0.243193 0.967142 -0.966837 0.235553
VERTEX_POSE A354 -0.725188 -0.487627 0.000000 0.440882 0.695696 -0.760740 -0.045690 -0.476338 0.716881
VERTEX_POSE A355 -0.577442 0.046133 0.000000 -0.687304 0.059402 -0.440753 -0.826307 -0.577365 0.560079
VERTEX_POSE A356 0.589523 0.785736 0.000000 0.905768 -0.204599 -0.419701 -0.554231 0.058616 -0.806826
VERTEX_POSE A357 -0.013219 -0.222466 0.000000 0.149194 0.979544 0.749971 -0.023096 -0.644426 0.199900
VERTEX_POSE A358 -0.614661 -0.118091 0.000000 -0.897419 0.119906 -0.308351 -0.858747 -0.315531 0.498173
VERTEX_POSE A359 -0.602911 0.707874 0.000000 0.714622 -0.487792 0.617096 0.102093 0.329407 0.866970
VERTEX_POSE A360 0.999218 0.022331 0.000000 -0.691549 0.286956 -0.650644 -0.646043 -0.313724 0.707308
VERTEX_POSE A361 0.008344 0.687591 0.000000 -0.268320 0.962946 0.808959 0.240569 0.523059 0.121912
VERTEX_POSE A362 -0.510130 0.546904 0.000000 -0.156030 -0.289961 -0.681147 -0.660704 0.715327 -0.692382
VERTEX_POSE A363 -0.615615 -0.771162 0.000000 0.484659 0.764502 0.797615 -0.585719 -0.359048 -0.269201
VERTEX_POSE A364 0.172970 0.763700 0.000000 0.569382 0.815610 -0.745108 0.459147 0.347302 -0.352086
VERTEX_POSE A365 -0.878765 0.404851 0.000000 0.693390 -0.554068 0.315962 -0.340789 0.647594 0.759521
VERTEX_POSE A366 0.604452 -0.758086 0.000000 0.758547 0.568803 0.568889 -0.340164 -0.317759 0.748833
VERTEX_POSE A367 0.548695 0.618986 0.000000 0.764442 0.463336 0.643829 -0.512694 0.033350 -0.722817
VERTEX_POSE A368 0.203347 -0.091107 0.000000 0.592269 -0.799362 -0.484811 -0.453848 0.643565 0.393755
VERTEX_POSE A369 0.850566 -0.476723 0.000000 -0.405664 0.508796 -0.897198 -0.380316 0.174562 -0.772325
VERTEX_POSE A370 0.385018 0.139750 0.000000 -0.778191 0.021963 0.627095 -0.027282 0.034221 0.999386
VERTEX_POSE A371 0.799870 0.442579 0.000000 0.135050 -0.749625 0.117186 0.661423 0.983885 0.024116
VERTEX_POSE A372 0.643592 0.229759 0.000000 -0.718082 0.176459 0.587850 0.671593 0.372546 -0.719601
VERTEX_POSE A373 -0.649991 -0.339559 0.000000 0.875660 -0.437760 -0.467179 -0.660910 -0.122327 -0.609561
VERTEX_POSE A374 -0.855241 -0.505953 0.000000 0.531062 0.808810 0.389749 -0.497857 0.752376 -0.312994
VERTEX_POSE A375 0.213007 -0.145950 0.000000 -0.525007 0.480659 0.091106 0.852257 -0.846207 -0.206456
VERTEX_POSE A376 -0.323760 0.503851 0.000000 -0.436065 0.866365 -0.517584 -0.020163 0.736176 0.499005
VERTEX_POSE A377 0.832520 0.553867 0.000000 -0.522895 0.713582 0.215688 -0.418412 0.824657 0.561900
VERTEX_POSE A378 0.167138 0.613567 0.000000 -0.545937 0.651416 -0.409055 -0.756067 0.731182 0.063404
VERTEX_POSE A379 -0.782642 0.558618 0.000000 0.366876 0.889284 -0.575247 0.447570 -0.731090 0.094098
VERTEX_POSE A380 0.793360 0.546010 0.000000 0.848115 0.523621 0.492578 -0.723160 0.195110 -0.450401
VERTEX_POSE A381 0.600546 -0.629639 0.000000 -0.425377 -0.387209 -0.900694 0.269355 -0.088341 -0.881770
VERTEX_POSE A382 0.315121 0.592082 0.000000 0.174214 0.935673 -0.795574 -0.049894 -0.580269 0.349324
VERTEX_POSE A383 -0.550697 -0.522427 0.000000 -0.670972 -0.258807 0.661528 -0.632236 -0.334929 -0.730271
VERTEX_POSE A384 0.198662 -0.968625 0.000000 -0.761805 -0.551580 -0.647503 0.664392 0.019828 0.504324
VERTEX_POSE A385 0.845623 0.092387 0.000000 0.716811 -0.352912 0.666672 0.599559 -0.204279 0.718319
VERTEX_POSE A386 -0.863556 -0.125611 0.000000 0.635618 -0.630248 -0.520238 0.077012 -0.570388 -0.772565
VERTEX_POSE A387 0.195281 0.809596 0.000000 -0.310806 0.666434 0.653985 0.667338 0.689712 -0.332454
VERTEX_POSE A388 -0.615271 0.227713 0.000000 0.800410 -0.576923 -0.479828 -0.779391 -0.359318 -0.244357
VERTEX_POSE A389 -0.444735 0.690204 0.000000 -0.883529 0.207837 -0.447877 -0.637116 0.137048 -0.742217
VERTEX_POSE A390 0.644322 0.724899 0.000000 -0.912398 -0.409269 -0.383025 0.858439 0.144299 -0.309162
VERTEX_POSE A391 -0.516956 0.647641 0.000000 -0.680434 -0.719175 -0.732409 0.673754 0.024213 0.169832
VERTEX_POSE A392 0.126192 0.669493 0.000000 -0.708148 0.141027 -0.566075 0.472237 -0.422001 -0.870117
VERTEX_POSE A393 0.909020 0.217414 0.000000 -0.512772 -0.526736 0.744897 0.119642 -0.426842 0.841567
VERTEX_POSE A394 -0.428583 0.872008 0.000000 -0.021498 0.672699 0.830765 -0.399544 0.556208 0.622769
VERTEX_POSE A395 0.772383 0.489407 0.000000 0.871654 -0.395817 -0.013287 0.570446 -0.489942 -0.719666
VERTEX_POSE A396 0.739676 -0.069460 0.000000 0.152115 -0.978356 -0.455495 0.056574 0.877146 0.199046
VERTEX_POSE A397 -0.647158 -0.346217 0.000000 -0.270834 0.248321 -0.925177 0.199717 -0.265890 -0.947866
VERTEX_POSE A398 0.814290 0.294117 0.000000 -0.831036 -0.397469 -0.431840 0.901950 0.350563 0.168834
VERTEX_POSE A399 -0.256467 0.955709 0.000000 0.623614 -0.663671 -0.754423 -0.372483 -0.204820 -0.648689
VERTEX_POSE A400 -0.989852 0.029339 0.000000 0.636821 0.289310 0.293356 0.766296 -0.713023 0.573664
VERTEX_POSE A401 -0.141811 -0.141290 0.000000 0.192467 0.534631 -0.417899 0.803370 -0.887872 -0.262233
VERTEX_POSE A402 -0.177229 0.072998 0.000000 0.674268 0.518821 0.064130 0.667814 0.735697 -0.533713
VERTEX_POSE A403 0.115180 -0.988854 0.000000 0.212237 0.457013 0.652877 0.591378 0.727123 -0.664388
VERTEX_POSE A404 0.627491 0.344202 0.000000 -0.906556 -0.001479 -0.262812 0.784473 -0.330282 -0.620162
VERTEX_POSE A405 0.389804 -0.915354 0.000000 -0.665815 -0.491322 0.667238 -0.055309 0.333892 -0.869220
VERTEX_POSE A406 -0.871049 0.344897 0.000000 -0.805231 -0.427253 0.167710 0.500998 0.568750 -0.752633
VERTEX_POSE A407 -0.403308 -0.095744 0.000000 -0.344263 -0.762999 -0.917492 0.397053 0.199225 0.510079
VERTEX_POSE A408 0.066366 0.430778 0.000000 0.133491 0.116723 -0.719313 -0.671697 -0.681739 0.731573
VERTEX_POSE A409 0.986583 -0.163172 0.000000 -0.799186 0.338771 -0.550741 -0.743623 0.240801 -0.576419
VERTEX_POSE A410 -0.497060 -0.687482 0.000000 -0.635194 -0.741391 -0.430930 0.572811 0.640958 -0.349610
VERTEX_POSE A411 0.691291 0.055031 0.000000 -0.615698 0.594211 0.781240 0.546053 -0.102861 0.590542
VERTEX_POSE A412 0.235624 0.422823 0.000000 -0.462254 0.004538 -0.495004 -0.831000 -0.735726 0.556254
VERTEX_POSE A413 -0.647928 -0.602743 0.000000 -0.230249 -0.631208 -0.830830 0.523776 0.506662 0.572044
VERTEX_POSE A414 0.869872 -0.408125 0.000000 -0.611600 -0.413227 -0.717524 -0.069570 0.333325 -0.907967
VERTEX_POSE A415 0.207658 0.812440 0.000000 -0.010284 0.798033 0.257505 0.584349 0.966222 -0.147239
VERTEX_POSE A416 -0.722492 0.144527 0.000000 0.306905 -0.633153 -0.740116 0.310626 0.598363 0.708963
VERTEX_POSE A417 -0.068409 0.958164 0.000000 0.250335 0.256080 0.806319 0.478659 -0.535894 0.839826
VERTEX_POSE A418 -0.913778 0.059316 0.000000 0.712670 -0.698928 0.303285 0.229843 0.632550 0.677254
VERTEX_POSE A419 0.277887 0.812858 0.000000 -0.372178 0.551576 -0.238226 0.720557 -0.897069 -0.420191
VERTEX_POSE A420 0.363429 0.666549 0.000000 0.765262 -0.217454 -0.166964 -0.976055 -0.621689 -0.005539
VERTEX_POSE A421 0.873713 -0.001386 0.000000 0.882783 0.469394 0.174925 -0.366080 -0.435999 0.803526
VERTEX_POSE A422 0.155981 0.710612 0.000000 -0.374973 -0.229177 -0.881937 0.386734 0.285628 0.893261
VERTEX_POSE A423 -0.352916 0.688824 0.000000 0.669077 0.502575 -0.595234 -0.078734 0.445009 -0.860941
VERTEX_POSE A424 0.574584 -0.547686 0.000000 0.476952 -0.825779 0.496486 0.535726 0.725271 0.176315
VERTEX_POSE A425 0.799384 0.534988 0.000000 0.578198 -0.175768 -0.105675 -0.984427 -0.809024 0.002967
VERTEX_POSE A426 -0.523574 0.194122 0.000000 -0.676219 0.735282 0.327775 0.355841 0.659766 0.576834
VERTEX_POSE A427 0.777804 0.506276 0.000000 -0.865222 -0.135313 0.207187 0.780350 -0.456580 0.610528
VERTEX_POSE A428 -0.565150 -0.525844 0.000000 0.101380 -0.450633 0.873980 0.466252 0.475269 -0.761274
VERTEX_POSE A429 -0.772848 0.067870 0.000000 0.935695 0.199638 -0.346284 0.677530 0.067551 0.707883
VERTEX_POSE A430 -0.105259 0.190012 0.000000 -0.478246 -0.500423 -0.719808 0.694159 -0.503147 -0.517416
VERTEX_POSE A431 -0.935580 0.313779 0.000000 -0.463777 -0.598131 0.742999 -0.664397 -0.482560 -0.448124
VERTEX_POSE A432 0.587151 0.808796 0.000000 -0.249383 0.924102 0.539935 -0.115534 -0.803915 -0.364263
VERTEX_POSE A433 0.681928 -0.516320 0.000000 -0.256452 -0.958779 0.298621 0.041816 0.919270 -0.281058
VERTEX_POSE A434 0.082972 0.288146 0.000000 -0.631715 0.254515 -0.628818 0.384153 -0.453347 -0.887496
VERTEX_POSE A435 0.536717 0.793667 0.000000 0.725788 0.631658 -0.661389 0.749664 0.189200 0.197517
VERTEX_POSE A436 -0.284453 -0.584060 0.000000 -0.646396 0.518105 0.728891 0.636347 0.225588 -0.571515
VERTEX_POSE A437 0.853693 -0.515150 0.000000 0.909453 0.208159 -0.341453 0.867882 -0.237288 -0.451056
VERTEX_POSE A438 0.711373 -0.623325 0.000000 -0.484312 0.635665 0.179718 -0.600166 -0.856238 -0.485520
VERTEX_POSE A439 0.428333 0.750770 0.000000 -0.930763 -0.270597 -0.170783 -0.272859 0.323285 -0.923215
VERTEX_POSE A440 0.325613 0.387909 0.000000 0.652620 0.574760 0.660662 -0.750683 0.370962 0.325769
VERTEX_POSE A441 -0.945491 0.138212 0.000000 0.150456 0.970212 -0.496079 -0.092037 0.855143 -0.224093
VERTEX_POSE A442 -0.801859 -0.592344 0.000000 0.949870 0.293173 0.093840 -0.598716 -0.298229 0.745378
VERTEX_POSE A443 -0.110246 0.017658 0.000000 -0.508010 -0.758572 -0.294451 -0.292237 -0.809459 0.582379
VERTEX_POSE A444 -0.552354 0.220195 0.000000 0.445209 0.884655 -0.739654 0.450496 -0.504678 0.120167
VERTEX_POSE A445 0.796154 0.425205 0.000000 0.575036 -0.814414 -0.807705 -0.580277 0.130181 -0.002885
VERTEX_POSE A446 0.939583 -0.033609 0.000000 -0.730382 0.675543 0.350811 0.497780 0.586067 0.543927
VERTEX_POSE A447 -0.264188 -0.704041 0.000000 -0.833338 0.149572 -0.542052 -0.032525 0.108290 0.988216
VERTEX_POSE A448 -0.193272 0.671599 0.000000 0.752956 0.629807 -0.528792 0.751622 -0.391709 0.195977
VERTEX_POSE A449 -0.708321 -0.599956 0.000000 0.392892 0.912266 0.711140 -0.221587 -0.583023 0.344485
VERTEX_POSE A450 0.429432 -0.729205 0.000000 0.229123 0.149554 0.802036 -0.588932 0.551580 0.794225
VERTEX_POSE A451 -0.878875 -0.473164 0.000000 0.696699 0.500872 -0.677828 0.694015 -0.234863 -0.517176
VERTEX_POSE A452 0.722711 0.437122 0.000000 -0.606662 0.777657 -0.449302 -0.506599 0.655812 0.372300
VERTEX_POSE A453 0.062742 0.729905 0.000000 0.949645 -0.073627 0.312256 0.302727 -0.025898 0.950229
VERTEX_POSE A454 0.370541 -0.548515 0.000000 -0.214781 0.853993 -0.325148 -0.520052 -0.920949 -0.015557
VERTEX_POSE A455 0.428879 0.816859 0.000000 0.816768 -0.566646 -0.363412 -0.651501 0.448131 0.504440
VERTEX_POSE A456 -0.251577 0.785264 0.000000 0.560388 -0.674010 -0.564560 0.114358 0.606001 0.729817
VERTEX_POSE A457 0.687535 0.556416 0.000000 -0.540935 0.283853 -0.175774 0.882388 -0.822492 -0.375258
VERTEX_POSE A458 -0.194933 0.126215 0.000000 -0.934809 0.204918 0.266017 0.945137 0.235303 -0.254409
VERTEX_POSE A459 -0.030679 0.990416 0.000000 0.459360 0.860251 -0.567759 0.092791 -0.683109 0.501357
VERTEX_POSE A460 -0.865989 -0.467533 0.000000 0.123969 -0.775064 0.260011 -0.577228 0.957615 0.257066
VERTEX_POSE A461 0.471363 -0.881650 0.000000 0.796955 0.599187 0.499131 -0.582007 -0.340193 0.549766
VERTEX_POSE A462 -0.201414 0.557452 0.000000 -0.564165 -0.311494 -0.609464 -0.467675 -0.557020 0.827195
VERTEX_POSE A463 0.524067 -0.633340 0.000000 -0.412839 -0.792123 0.851189 -0.511182 0.324100 0.333517
VERTEX_POSE A464 0.458840 0.005499 0.000000 0.607196 0.389327 0.786719 -0.172489 -0.111291 0.904805
VERTEX_POSE A465 -0.858420 -0.255328 0.000000 0.957252 -0.138707 0.274926 0.709064 0.089913 -0.691367
VERTEX_POSE A466 -0.328908 0.928884 0.000000 -0.544532 0.713521 0.798978 0.281348 0.255187 0.641663
VERTEX_POSE A467 0.850712 0.369720 0.000000 -0.843863 0.374940 -0.258517 -0.910939 0.470174 0.172075
VERTEX_POSE A468 0.879515 0.197721 -0.453631 -0.097620 -0.935393 0.585145 -0.330182 0.805031 0.126568
VERTEX_POSE A469 -0.279721 -0.521059 0.525941 -0.070826 -0.383540 0.832762 -0.530882 0.549082 0.755686
VERTEX_POSE A470 0.664499 0.730820 0.000000 0.916754 0.209030 -0.188380 0.977680 0.352242 -0.021162
VERTEX_POSE A471 0.661852 -0.478617 0.000000 0.214295 0.877132 -0.863674 0.375674 0.456229 0.299180
VERTEX_POSE A472 -0.314704 0.948887 0.000000 0.952285 0.048170 -0.304871 0.196717 0.014400 0.979276
VERTEX_POSE A473 -0.719688 -0.255004 0.000000 -0.293135 0.729966 -0.418619 0.482609 0.859552 0.483982
VERTEX_POSE A474 -0.553051 0.603243 0.000000 0.704523 0.670675 0.502542 -0.240604 -0.501098 0.701644
VERTEX_POSE A475 -0.806100 -0.213116 0.000000 0.952635 -0.219515 -0.304103 -0.693772 0.002712 -0.685925
VERTEX_POSE A476 0.456844 0.462221 1.000000 -0.717389 0.292574 0.535408 -0.349132 0.445748 0.890229
VERTEX_POSE A477 -0.592908 -0.478717 0.000000 -0.775870 0.247460 -0.140582 0.828923 0.615030 0.501647
VERTEX_POSE A478 0.357784 0.258526 0.000000 0.742123 -0.635473 -0.336646 -0.628363 0.579589 0.448702
VERTEX_POSE A479 -0.372791 0.920562 0.000000 -0.286856 0.921280 -0.840881 -0.373473 0.458947 -0.108448
VERTEX_POSE A480 -0.787841 -0.539602 1.000000 -0.816091 0.120120 0.508766 0.613317 0.274138 -0.780650
VERTEX_POSE A481 0.194144 0.239865 0.000000 -0.190349 -0.332383 -0.979691 0.003897 0.063036 -0.943136
VERTEX_POSE A482 0.406979 -0.473704 0.000000 -0.328031 0.817655 0.465767 0.575708 0.821862 0.000086
VERTEX_POSE A483 -0.665774 -0.739227 0.000000 -0.505731 0.787397 0.617440 0.045017 0.602498 0.614800
VERTEX_POSE A484 -0.750537 0.059862 1.000000 0.469343 0.778200 0.567607 0.096113 0.676417 -0.620619
VERTEX_POSE A485 -0.655773 -0.190412 0.000000 -0.921883 0.170586 -0.118670 -0.979029 0.368848 0.111370
VERTEX_POSE A486 0.556604 0.674201 0.000000 -0.086178 0.994136 -0.735840 -0.019313 0.671649 0.106397
VERTEX_POSE A487 0.288365 -0.704770 0.000000 -0.529150 -0.808020 0.179284 0.191928 -0.829372 0.557016
VERTEX_POSE A488 -0.614075 -0.788718 0.000000 0.932422 0.176904 -0.355129 0.609940 -0.066876 -0.772450
VERTEX_POSE A489 -0.769354 0.606372 0.000000 -0.895624 0.425867 -0.438053 -0.794297 0.077254 0.433277
VERTEX_POSE A490 -0.735888 -0.579500 8.253952 0.253370 -0.639185 -0.569805 0.507968 -0.781745 -0.577417
VERTEX_POSE A491 -0.148179 0.642513 0.000000 -0.432787 0.611472 -0.089517 0.702017 -0.897041 -0.365067
VERTEX_POSE A492 -0.636374 0.405698 0.000000 0.452431 -0.357962 -0.586599 0.570424 0.671720 0.739242
VERTEX_POSE A493 0.008106 0.853993 0.000000 -0.090721 0.683876 0.991703 0.128517 -0.091074 0.718190
VERTEX_POSE A494 -0.649271 0.563482 0.000000 -0.455943 0.627499 -0.885508 -0.391064 -0.089391 0.673286
VERTEX_POSE A495 0.131433 -0.578403 0.000000 0.617339 0.155399 0.560094 -0.775207 -0.552438 -0.612295
VERTEX_POSE A496 0.704362 -0.027460 1.000000 -0.245915 -0.452847 -0.830478 0.554367 -0.499832 -0.698289
VERTEX_POSE A497 0.147312 0.983152 0.000000 -0.730064 -0.056319 0.597836 0.430160 -0.331058 0.900994
VERTEX_POSE A498 -0.231484 0.875537 0.000000 0.682728 -0.233599 -0.709640 0.013713 0.174048 0.972236
VERTEX_POSE A499 0.215477 0.471245 0.000000 -0.831780 -0.544543 -0.450017 0.775152 0.325003 -0.320330
VERTEX_POSE A500 0.377275 -0.857559 1.000000 -0.641423 -0.019032 -0.586168 0.657119 -0.494958 -0.753547
VERTEX_POSE A501 -0.567598 0.084215 0.000000 -0.525474 -0.278937 0.783044 -0.528032 0.332745 0.802108
VERTEX_POSE A502 -0.510824 -0.715510 0.000000 -0.599880 -0.211199 -0.755345 -0.168543 0.263815 -0.962802
VERTEX_POSE A503 -0.308436 0.669966 0.000000 0.191373 -0.317409 0.933480 0.351268 0.303302 -0.880831
VERTEX_POSE A504 -0.596286 0.264201 1.000000 -0.700983 0.712887 -0.294711 -0.263528 -0.649437 -0.649881
VERTEX_POSE A505 -0.190624 -0.963882 0.000000 -0.515880 0.378922 0.801276 0.530676 0.303024 -0.758156
VERTEX_POSE A506 -0.493328 -0.434747 0.000000 0.602515 -0.293787 -0.616449 -0.761861 -0.506919 0.577285
VERTEX_POSE A507 -0.869780 0.256996 0.000000 0.727649 0.285818 -0.494841 -0.410820 0.475036 -0.865757
VERTEX_POSE A508 0.179845 -0.404209 0.000000 0.000617 -0.629756 0.753749 -0.510186 0.657163 0.585762
VERTEX_POSE A509 -0.759010 0.522914 0.000000 -0.133400 -0.824810 0.304476 -0.561699 0.943133 0.064672
VERTEX_POSE A510 0.277110 -0.808061 0.000000 0.491416 -0.522517 -0.739078 -0.673424 0.460731 -0.522950
VERTEX_POSE A511 0.947210 0.320543 0.000000 0.738483 -0.658957 -0.571256 -0.498863 0.358203 0.562949
VERTEX_POSE A512 0.567237 -0.362481 0.432647 0.208414 0.625136 0.974389 -0.066316 -0.084442 0.777694
VERTEX_POSE A513 -0.823492 -0.260764 0.559278 0.104691 -0.545485 0.567979 -0.653575 0.816357 0.524678
VERTEX_POSE A514 0.651991 -0.121929 0.000000 -0.531994 0.538251 0.081301 -0.735926 0.842836 0.410730
VERTEX_POSE A515 0.143385 0.989004 0.000000 -0.287531 -0.913949 -0.792348 0.058998 0.538062 -0.401518
VERTEX_POSE A516 0.151299 0.988466 0.000000 -0.040322 0.484743 0.494725 -0.750043 0.868113 0.449954
VERTEX_POSE A517 0.684200 -0.109570 0.000000 -0.306566 0.652187 -0.367621 -0.752985 0.877993 -0.087557
VERTEX_POSE A518 -0.233686 -0.654658 0.000000 -0.383715 -0.789305 0.336708 -0.602918 0.859878 -0.116134
VERTEX_POSE A519 0.567266 -0.692290 0.000000 -0.962144 0.250583 0.250131 0.655701 0.108231 0.712225
VERTEX_POSE A520 -0.581683 -0.784463 1.000000 0.812559 -0.503255 -0.076828 -0.592600 0.577794 0.628936
VERTEX_POSE A521 -0.287887 0.445854 0.000000 -0.503997 0.519652 -0.345191 0.611000 0.791726 0.597195
VERTEX_POSE A522 -0.369921 0.067921 0.000000 0.492196 0.829524 -0.477139 0.510640 -0.728067 0.226135
VERTEX_POSE A523 -0.374379 0.901869 0.000000 -0.226579 -0.874893 -0.731641 -0.137216 0.642933 -0.464473
VERTEX_POSE A524 0.765959 0.171732 1.000000 -0.757905 0.475402 0.647826 0.467829 0.076822 0.745070
VERTEX_POSE A525 -0.556067 0.660597 0.000000 -0.544322 0.520524 0.489593 0.833913 0.681184 -0.183423
VERTEX_POSE A526 0.818638 -0.520706 0.000000 0.445925 0.498431 0.274028 0.714698 -0.852091 0.490687
VERTEX_POSE A527 0.567845 0.796993 0.000000 0.711984 -0.094849 -0.435448 0.717677 -0.550876 -0.689886
VERTEX_POSE A528 0.445725 0.177507 1.000000 0.366103 0.227898 -0.793137 0.583528 -0.486726 -0.779460
VERTEX_POSE A529 -0.631620 0.756915 0.000000 0.113590 0.354911 0.682986 0.650433 0.721545 -0.671546
VERTEX_POSE A530 -0.982772 0.032516 0.000000 0.050669 -0.311661 0.854369 -0.478469 0.517192 0.820935
VERTEX_POSE A531 0.032332 0.999469 0.000000 0.570981 -0.817271 0.618785 0.490688 -0.539523 -0.302148
VERTEX_POSE A532 -0.636298 -0.040889 0.000000 -0.754705 -0.633748 -0.632500 0.634166 0.174250 -0.442942
VERTEX_POSE A533 -0.334666 -0.885103 0.000000 0.626183 -0.372182 0.388220 0.910871 0.676151 -0.178310
VERTEX_POSE A534 0.574849 0.812889 8.793306 -0.183803 -0.972459 -0.867464 0.229046 0.462301 0.043150
VERTEX_POSE A535 0.809439 -0.548171 0.000000 0.638577 -0.747410 0.192435 0.385705 -0.745110 -0.540934
VERTEX_POSE A536 0.638434 -0.645113 0.000000 0.370565 -0.856610 0.505375 0.510274 -0.779281 -0.076417
VERTEX_POSE A537 -0.754073 -0.633532 0.000000 0.353705 -0.822993 -0.457458 -0.566709 -0.815858 -0.039040
VERTEX_POSE A538 0.519091 0.844906 0.000000 -0.705791 -0.707857 0.165002 -0.203017 0.688937 -0.676551
VERTEX_POSE A539 0.105582 0.086551 0.000000 -0.443039 -0.894209 0.513221 -0.194368 0.735065 -0.403252
VERTEX_POSE A540 -0.572979 0.600021 1.000000 0.634330 -0.670936 -0.592510 -0.102886 0.496545 0.734343
VERTEX_POSE A541 -0.343891 -0.794330 0.000000 0.902721 0.429435 -0.278279 0.629057 0.328109 -0.647976
VERTEX_POSE A542 -0.493979 -0.856253 0.000000 0.157442 0.924664 -0.579585 -0.197741 -0.799558 0.325415
VERTEX_POSE A543 0.701475 -0.289829 0.000000 -0.333520 -0.942403 0.778474 -0.290460 -0.531736 0.165862
VERTEX_POSE A544 0.416175 0.329669 1.000000 0.417831 0.677510 0.131240 0.614256 0.898996 -0.404562
VERTEX_POSE A545 -0.834454 0.508706 0.000000 0.189460 -0.964196 -0.633680 -0.264422 0.750037 0.020156
VERTEX_POSE A546 -0.276269 -0.908637 0.000000 -0.809608 0.426647 0.161858 0.822428 -0.564213 -0.376276
VERTEX_POSE A547 -0.715677 0.411966 0.000000 -0.504014 -0.461648 -0.581907 0.806054 0.638243 0.370348
VERTEX_POSE A548 -0.636301 -0.216742 1.000000 0.383100 -0.626168 0.819811 0.569227 -0.425611 0.532818
VERTEX_POSE A549 0.438418 0.688072 0.000000 0.254937 0.429149 0.532874 -0.810119 -0.806878 -0.399423
VERTEX_POSE A550 -0.541315 0.656712 0.000000 -0.852058 0.397609 -0.351928 -0.916601 -0.387485 -0.041831
VERTEX_POSE A551 -0.828815 -0.521902 0.000000 0.852767 0.515553 0.506454 -0.855371 -0.127638 0.050459
VERTEX_POSE A552 0.858019 -0.415600 0.000000 0.459940 0.370047 0.637168 -0.770663 0.618443 0.518791
VERTEX_POSE A553 -0.170458 0.323870 0.000000 0.595279 0.803439 -0.180787 0.147648 -0.782917 0.576789
VERTEX_POSE A554 -0.135761 -0.791755 0.000000 0.731168 -0.590945 -0.033472 -0.530105 0.681376 0.608089
VERTEX_POSE A555 0.497091 0.465551 0.000000 0.540275 -0.088533 0.716294 -0.473506 0.441617 0.876330
VERTEX_POSE A556 -0.114204 -0.586409 0.317042 0.485416 0.780070 0.545539 -0.623119 0.683197 -0.056679
VERTEX_POSE A557 -0.481331 -0.673475 0.204168 -0.059903 -0.668539 -0.465336 0.675671 0.883105 0.310684
VERTEX_POSE A558 -0.838797 0.515808 0.000000 0.633238 0.248024 0.753145 -0.415664 -0.178274 -0.875047
VERTEX_POSE A559 -0.481467 -0.553338 0.000000 -0.983011 0.156171 -0.168373 -0.558113 -0.073069 -0.814936
VERTEX_POSE A560 -0.086200 -0.841308 0.000000 -0.079167 0.527463 -0.840533 0.420885 -0.535944 -0.737997
VERTEX_POSE A561 -0.469045 -0.438287 0.000000 0.758820 0.649533 0.529512 -0.658125 0.379223 -0.380761
VERTEX_POSE A562 0.256179 -0.856173 0.000000 -0.716773 0.458453 0.330699 0.886854 -0.613901 -0.057542
VERTEX_POSE A563 0.949680 0.309474 0.000000 0.422654 0.864812 0.741867 -0.501924 0.520574 0.013148
VERTEX_POSE A564 0.443098 -0.415393 1.000000 0.789889 0.280472 0.535519 0.117859 -0.298822 0.952599
VERTEX_POSE A565 -0.561933 0.561769 0.000000 0.662148 -0.431311 -0.026157 -0.830562 0.748916 0.352332
VERTEX_POSE A566 0.010513 -0.869802 0.000000 -0.925361 0.013346 0.285933 -0.631590 -0.248898 -0.775188
VERTEX_POSE A567 0.049944 0.493156 0.000000 -0.637678 0.635972 -0.512577 0.070858 -0.575006 -0.768453
VERTEX_POSE A568 -0.640070 -0.468241 1.000000 -0.573883 -0.804209 -0.588141 0.273356 0.569867 -0.527755
VERTEX_POSE A569 -0.093915 -0.739207 0.000000 0.279260 0.918416 -0.818930 0.380181 0.501366 0.109430
VERTEX_POSE A570 -0.494461 0.169898 0.000000 -0.775601 -0.348842 0.224091 -0.931299 -0.590107 0.104839
VERTEX_POSE A571 -0.380180 0.839652 0.000000 -0.245161 0.665046 -0.879132 -0.459230 -0.408684 0.588916
VERTEX_POSE A572 0.288541 -0.299657 1.000000 -0.650329 0.564299 -0.460247 0.239922 -0.604355 -0.789939
VERTEX_POSE A573 -0.320913 0.864560 0.000000 0.724756 -0.678811 -0.608691 -0.711105 0.322838 0.183156
VERTEX_POSE A574 0.738945 0.165443 0.000000 0.118198 0.775580 0.788950 0.305848 -0.602982 0.552207
VERTEX_POSE A575 0.097990 0.932688 0.000000 0.139941 0.641462 -0.256353 -0.712334 0.956399 -0.284793
VERTEX_POSE A576 0.281770 0.626990 0.802621 0.350881 -0.881991 -0.653273 -0.471260 -0.670908 -0.002404
VERTEX_POSE A577 -0.935544 0.347563 0.304407 0.321170 0.872184 -0.925690 0.371356 -0.199868 -0.318417
VERTEX_POSE A578 0.488135 -0.424662 8.620085 0.645983 -0.220946 -0.103412 -0.973701 -0.756315 -0.055579
VERTEX_POSE A579 0.097082 0.894640 0.000000 0.222659 0.528166 -0.418441 -0.707392 0.880529 -0.469721
VERTEX_POSE A580 0.401710 -0.307758 0.000000 -0.786672 -0.399021 0.075243 0.695409 -0.612769 0.597653
VERTEX_POSE A581 0.813241 -0.313131 0.000000 -0.664902 0.107783 -0.052311 -0.993824 0.745097 0.026408
VERTEX_POSE A582 0.616203 -0.540358 0.000000 0.458130 -0.475769 0.887930 0.205794 -0.041201 -0.855156
VERTEX_POSE A583 0.754588 0.196675 0.000000 -0.312977 0.678638 0.189708 -0.640832 0.930622 0.358866
VERTEX_POSE A584 -0.420704 0.905255 1.000000 -0.658813 0.668658 0.738127 0.663081 -0.145378 0.336483
VERTEX_POSE A585 -0.315355 -0.207260 0.000000 0.597755 -0.689406 0.270866 0.654040 0.754534 0.311369
VERTEX_POSE A586 0.292665 -0.897283 0.000000 0.140249 -0.924902 0.968314 0.053638 -0.206636 -0.376403
VERTEX_POSE A587 0.952952 0.245159 0.000000 -0.662881 0.697891 -0.732552 -0.679402 0.154781 -0.226631
VERTEX_POSE A588 -0.447862 0.239816 1.000000 0.811742 -0.511586 -0.093338 -0.589793 -0.576509 -0.624840
VERTEX_POSE A589 0.812483 0.511286 0.000000 0.427427 -0.861335 -0.173078 -0.376096 -0.887328 -0.341546
VERTEX_POSE A590 0.817771 0.493314 0.000000 -0.454276 -0.557043 0.475894 0.507976 -0.753099 0.657011
VERTEX_POSE A591 -0.574949 0.676796 0.000000 -0.890937 0.435729 0.309857 0.789248 -0.331993 -0.432699
VERTEX_POSE A592 -0.593100 -0.507982 1.000000 -0.633416 0.354312 -0.773242 -0.255740 0.029659 0.899478
VERTEX_POSE A593 -0.169827 0.837314 0.000000 0.562276 0.822124 0.513802 -0.431840 0.647961 -0.370979
VERTEX_POSE A594 0.519509 0.388989 0.000000 -0.665170 -0.010552 0.204815 0.958971 -0.718053 0.283308
VERTEX_POSE A595 0.808901 0.062974 0.000000 0.779448 -0.193606 -0.061827 -0.970178 0.623408 0.145848
VERTEX_POSE A596 0.203912 0.938255 0.000000 0.661191 0.736015 -0.004912 0.197902 -0.750202 0.647392
VERTEX_POSE A597 -0.297052 0.331298 0.000000 0.741157 0.394583 -0.484194 -0.246211 -0.465018 0.885260
VERTEX_POSE A598 -0.385439 -0.883296 0.000000 -0.082830 0.807046 0.351705 -0.525244 0.932439 0.269807
VERTEX_POSE A599 -0.007897 0.292375 0.000000 0.786748 -0.359894 0.056132 0.850791 -0.614717 -0.382924
VERTEX_POSE A600 0.793071 0.274088 0.926106 0.339916 0.024761 0.405872 -0.905629 0.848366 0.423347
VERTEX_POSE A601 0.105949 -0.941502 0.000000 0.085521 0.680032 -0.311125 0.712535 -0.946513 -0.172771
VERTEX_POSE A602 0.475470 0.389181 0.000000 -0.017121 -0.986037 -0.957078 0.064100 0.289325 0.153693
VERTEX_POSE A603 -0.110137 -0.863436 0.000000 -0.129841 -0.348844 -0.975202 0.214130 0.179228 0.912390
VERTEX_POSE A604 0.619981 -0.336531 4929769663206434556756106719243555299427331264920697598914398212614809753906777867120299571615017338617576122701945747643448804104216760760224974570994337550469578604739210972496564047081459696452671373312.000000 -0.227962 -0.881161 0.792816 -0.414950 0.565222 0.226651
VERTEX_POSE A605 -0.416112 -0.906871 254736390291291889030922121258850660424501441023379822259963935954914725725432940630493166131664627692932379993406330093364458701043890969258665463427181890508822414413552810983424.000000 0.231959 0.145967 0.897649 0.348751 -0.374727 0.925779
VERTEX_POSE A606 0.201591 -0.697601 0.000000 -0.795187 0.584961 -0.562291 -0.612800 0.226949 0.531316
VERTEX_POSE A607 -0.793302 0.295427 20501866451337168053189560792064226319547775958351486434605468436284037989645490279678039395484825527040722291151541508450190370438103211413438508882310610343659748866787619270098045783142774385055450559223531831296.000000 -0.429693 -0.562801 -0.666417 -0.330021 -0.609304 0.757853
VERTEX_POSE A608 0.660532 0.301229 54516411287282881103620573661049282232049455624225566907766293486944114775489419510216473978623760465169262049097688632643007058210239961430227364061010573877892109631258095084661486834624878580594535132737235168202608021438567414343105260856279040.000000 -0.002440 -0.222263 0.770956 -0.621374 0.636884 0.751328
VERTEX_POSE A609 -0.544725 0.822649 142717957228170451229169223632419449712023085313770128632411546919873682261239807686955431172197865275394498470016097032557935271454908504114485378486968050179891252175986467684330858598783887032262100137109926466652443578630334962549204381954211840.000000 -0.464226 0.405981 0.833670 -0.099895 0.299147 0.908406
VERTEX_POSE A610 0.999864 -0.005789 37316738923474115733261719628800385799184125072574718531182175390581577988623128776844964764147918527234058057349660137317923228681926050302090253616151384153984071959032999133593159702126970020036608.000000 0.477568 -0.565251 0.807794 -0.018600 -0.345541 -0.824709
VERTEX_POSE A611 0.012920 0.856647 11205294219072322049568244776645769362493385600298016939841652046102068468760269855466933301681613695326029112990759323677081957231912197895818912034902085698352900439291634758035513664142899319535452409177581814561284667489287273129426147588421760057344.000000 -0.827547 0.409326 -0.538524 -0.385436 0.158614 0.826977
VERTEX_POSE A612 -0.369012 -0.539637 1.000000 0.637510 -0.769296 0.494283 0.366558 0.590987 0.523277
VERTEX_POSE A613 0.328291 0.686019 0.000000 0.393724 -0.916320 0.661119 0.227045 0.638672 0.329862
VERTEX_POSE A614 0.129913 -0.361471 0.000000 0.544846 -0.627289 0.373073 -0.412976 -0.750972 -0.660273
VERTEX_POSE A615 -0.159309 -0.926691 0.000000 -0.321861 0.192047 0.686832 0.721344 -0.651665 0.665418
VERTEX_POSE A616 -0.717313 -0.265722 4929769663206434556756106719243555299427331264920697598914398212614809753906777867120299571615017338617576122701945747643448804104216760760224974570994337550469578604739210972496564047081459696452671373312.000000 0.069273 -0.714030 -0.705558 -0.528776 0.705258 -0.458866
VERTEX_POSE A617 -0.559382 0.770760 254736390291291889030922121258850660424501441023379822259963935954914725725432940630493166131664627692932379993406330093364458701043890969258665463427181890508822414413552810983424.000000 0.331679 -0.940083 0.153717 -0.028712 -0.930785 -0.339734
VERTEX_POSE A618 -0.830897 0.154086 0.000000 -0.575952 0.814804 0.498748 0.286146 0.647711 0.504197
VERTEX_POSE A619 0.312219 -0.666258 20501866451337168053189560792064226319547775958351486434605468436284037989645490279678039395484825527040722291151541508450190370438103211413438508882310610343659748866787619270098045783142774385055450559223531831296.000000 -0.239412 -0.908243 -0.725688 -0.067432 -0.645026 0.412974
VERTEX_POSE A620 -0.825822 0.431844 54516411287282881103620573661049282232049455624225566907766293486944114775489419510216473978623760465169262049097688632643007058210239961430227364061010573877892109631258095084661486834624878580594535132737235168202608021438567414343105260856279040.000000 0.656960 0.659229 -0.735660 0.666685 -0.164950 -0.347777
VERTEX_POSE A621 -0.548025 -0.766219 142717957228170451229169223632419449712023085313770128632411546919873682261239807686955431172197865275394498470016097032557935271454908504114485378486968050179891252175986467684330858598783887032262100137109926466652443578630334962549204381954211840.000000 0.633115 -0.574353 -0.769372 -0.393283 0.085035 0.717946
VERTEX_POSE A622 0.127103 -0.769842 37316738923474115733261719628800385799184125072574718531182175390581577988623128776844964764147918527234058057349660137317923228681926050302090253616151384153984071959032999133593159702126970020036608.000000 0.574069 -0.630772 -0.558384 0.164770 0.598876 0.758273
VERTEX_POSE A623 -0.394392 0.539351 11205294246384509166644127883276842297287657537402947028047611871085140465745766381567954266633399990095915487873800237467784510098272729471091831404070392088699980308097400203724917295607667978630242654467422520653876189206292577090929733037029001789440.000000 -0.069893 -0.493391 0.123061 0.858217 0.989935 -0.141522
VERTEX_POSE A624 0.151113 -0.843415 0.000000 0.730586 0.681410 0.000404 0.063804 0.682820 -0.729115
VERTEX_POSE A625 0.059539 0.528382 0.000000 -0.838566 0.463274 -0.541714 -0.653110 -0.057906 -0.599019
VERTEX_POSE A626 -0.631302 -0.690120 0.000000 0.598120 -0.389860 0.800405 0.246927 0.040063 0.887151
VERTEX_POSE A627 -0.452111 0.698181 0.000000 -0.391530 0.902213 0.545203 0.385805 -0.741254 -0.192784
VERTEX_POSE A628 0.871366 0.290545 4929769663206434556756106719243555299427331264920697598914398212614809753906777867120299571615017338617576122701945747643448804104216760760224974570994337550469578604739210972496564047081459696452671373312.000000 -0.655161 0.653970 -0.439715 0.077067 0.614341 0.752584
VERTEX_POSE A629 0.359677 0.169775 254736390291291889030922121258850660424501441023379822259963935954914725725432940630493166131664627692932379993406330093364458701043890969258665463427181890508822414413552810983424.000000 0.568341 -0.347959 -0.591606 -0.802600 -0.571832 0.484518
VERTEX_POSE A630 0.602639 0.145843 0.000000 0.526797 -0.486563 0.111003 -0.773548 -0.842712 -0.406053
VERTEX_POSE A631 0.796874 -0.057444 20501866451337168053189560792064226319547775958351486434605468436284037989645490279678039395484825527040722291151541508450190370438103211413438508882310610343659748866787619270098045783142774385055450559223531831296.000000 0.666053 -0.036288 0.529909 -0.679921 0.524948 0.732387
VERTEX_POSE A632 0.989923 -0.104521 54516411287282881103620573661049282232049455624225566907766293486944114775489419510216473978623760465169262049097688632643007058210239961430227364061010573877892109631258095084661486834624878580594535132737235168202608021438567414343105260856279040.000000 -0.709203 0.016772 -0.687733 0.203469 0.155094 0.978938
VERTEX_POSE A633 0.032992 -0.485885 142717957228170451229169223632419449712023085313770128632411546919873682261239807686955431172197865275394498470016097032557935271454908504114485378486968050179891252175986467684330858598783887032262100137109926466652443578630334962549204381954211840.000000 -0.116367 -0.391075 0.176285 0.896490 0.977437 -0.208244
VERTEX_POSE A634 -0.973908 0.198583 37316738923474115733261719628800385799184125072574718531182175390581577988623128776844964764147918527234058057349660137317923228681926050302090253616151384153984071959032999133593159702126970020036608.000000 -0.140835 0.446627 -0.977675 0.077830 0.155939 0.891329
VERTEX_POSE A635 0.154551 0.225916 11205294273696696283720010989907915232081929474507877116253571696068212462731262907668975231585186284865801862756841151258487062964633261046364750773238698479047060176903165649414320927072436637725032899757263226746467710923297881052433318485636243521536.000000 0.344493 -0.191665 -0.370166 -0.927357 -0.862729 0.321362
VERTEX_POSE A636 0.760101 -0.508510 1.000000 0.632905 0.746486 0.355592 -0.044606 -0.687740 0.663904
VERTEX_POSE A637 0.624397 0.399176 0.000000 -0.507125 -0.354541 0.072609 0.890658 0.858809 -0.284657
VERTEX_POSE A638 0.736960 -0.558167 0.000000 -0.927724 -0.058318 0.275171 -0.774231 0.252207 0.630210
VERTEX_POSE A639 0.193342 0.714515 0.000000 0.504705 0.736052 0.669878 -0.004293 0.544551 -0.676912
VERTEX_POSE A640 -0.999692 0.009621 4929769663206434556756106719243555299427331264920697598914398212614809753906777867120299571615017338617576122701945747643448804104216760760224974570994337550469578604739210972496564047081459696452671373312.000000 -0.109319 0.439065 0.231178 -0.861325 -0.966750 -0.255617
VERTEX_POSE A641 -0.008919 0.721131 254736390291291889030922121258850660424501441023379822259963935954914725725432940630493166131664627692932379993406330093364458701043890969258665463427181890508822414413552810983424.000000 -0.322951 -0.936463 0.945547 -0.325459 0.040554 0.130818
VERTEX_POSE A642 -0.503659 0.520436 0.000000 -0.681389 0.579321 0.696561 0.700935 -0.224747 0.416026
VERTEX_POSE A643 -0.838952 -0.485094 20501866451337168053189560792064226319547775958351486434605468436284037989645490279678039395484825527040722291151541508450190370438103211413438508882310610343659748866787619270098045783142774385055450559223531831296.000000 0.870243 0.387450 0.149227 -0.795903 0.469476 -0.465211
VERTEX_POSE A644 0.382652 0.821742 54516411287282881103620573661049282232049455624225566907766293486944114775489419510216473978623760465169262049097688632643007058210239961430227364061010573877892109631258095084661486834624878580594535132737235168202608021438567414343105260856279040.000000 0.295247 0.148947 -0.853026 -0.403797 0.430321 -0.902642
VERTEX_POSE A645 0.887283 -0.199469 142717957228170451229169223632419449712023085313770128632411546919873682261239807686955431172197865275394498470016097032557935271454908504114485378486968050179891252175986467684330858598783887032262100137109926466652443578630334962549204381954211840.000000 0.162851 0.078648 -0.653294 0.755597 0.739383 0.650298
VERTEX_POSE A646 0.725657 -0.071620 37316738923474115733261719628800385799184125072574718531182175390581577988623128776844964764147918527234058057349660137317923228681926050302090253616151384153984071959032999133593159702126970020036608.000000 0.749272 -0.288231 -0.209212 -0.957235 0.628349 0.024985
VERTEX_POSE A647 -0.608565 -0.530873 11205294301008883400795894096538988166876201411612807204459531521051284459716759433769996196536972579635688237639882065049189615830993792621637670142407004869394140045708931095103724558537205296819823145047103932839059232640303185013936903934243485253632.000000 0.469649 0.793327 0.867111 -0.332009 0.165976 -0.510296
VERTEX_POSE A648 -0.760168 -0.142772 0.000000 0.840850 -0.506740 0.234780 0.658123 -0.487698 -0.556856
VERTEX_POSE A649 -0.340939 0.918108 0.000000 -0.645005 -0.301564 -0.489547 0.868601 0.586781 0.393180
VERTEX_POSE A650 0.903847 0.172173 0.000000 -0.977028 0.145382 -0.005696 0.713098 0.213035 0.685825
VERTEX_POSE A651 -0.309443 -0.369157 0.000000 -0.562778 0.817083 0.816942 0.526706 0.126044 0.234428
VERTEX_POSE A652 -0.474179 -0.583084 4929769663206434556756106719243555299427331264920697598914398212614809753906777867120299571615017338617576122701945747643448804104216760760224974570994337550469578604739210972496564047081459696452671373312.000000 -0.814034 -0.573918 0.572637 -0.767335 0.097137 -0.286034
VERTEX_POSE A653 0.146325 0.686650 254736390291291889030922121258850660424501441023379822259963935954914725725432940630493166131664627692932379993406330093364458701043890969258665463427181890508822414413552810983424.000000 -0.383874 0.078541 0.771503 -0.520194 0.507369 0.850429
VERTEX_POSE A654 -0.181501 -0.376279 0.000000 0.376067 -0.852801 -0.575881 0.091251 0.725902 0.514202
VERTEX_POSE A655 0.777186 -0.620964 20501866451337168053189560792064226319547775958351486434605468436284037989645490279678039395484825527040722291151541508450190370438103211413438508882310610343659748866787619270098045783142774385055450559223531831296.000000 -0.363334 -0.041792 0.860297 -0.398495 -0.357600 -0.916218
VERTEX_POSE A656 -0.586078 0.597582 54516411287282881103620573661049282232049455624225566907766293486944114775489419510216473978623760465169262049097688632643007058210239961430227364061010573877892109631258095084661486834624878580594535132737235168202608021438567414343105260856279040.000000 0.260734 0.732905 0.200031 0.595762 0.944460 -0.328510
VERTEX_POSE A657 0.284106 0.784007 142717957228170451229169223632419449712023085313770128632411546919873682261239807686955431172197865275394498470016097032557935271454908504114485378486968050179891252175986467684330858598783887032262100137109926466652443578630334962549204381954211840.000000 0.242173 0.743950 0.967773 -0.139534 0.069053 -0.653505
VERTEX_POSE A658 0.162467 0.978593 37316738923474115733261719628800385799184125072574718531182175390581577988623128776844964764147918527234058057349660137317923228681926050302090253616151384153984071959032999133593159702126970020036608.000000 0.113401 -0.294396 -0.297205 0.901309 -0.948056 -0.317764
VERTEX_POSE A659 -0.803310 0.205530 11205294328321070517871777203170061101670473348717737292665491346034356456702255959871017161488758874405574612522922978839892168697354324196910589511575311259741219914514696540793128190001973955914613390336944638931650754357308488975440489382850726985728.000000 -0.866397 -0.427834 -0.102979 -0.351531 -0.488623 0.832697
VERTEX_POSE A660 -0.428847 -0.776755 1.000000 0.763835 0.558313 -0.539389 0.276715 0.354423 -0.782122
VERTEX_POSE A661 0.072867 0.479166 0.000000 0.478606 0.756129 -0.792093 0.152490 0.378847 -0.636409
VERTEX_POSE A662 0.183471 0.655019 0.000000 -0.929053 -0.125310 -0.070601 -0.863537 0.363147 -0.488469
VERTEX_POSE A663 -0.843723 0.487571 0.000000 -0.026890 -0.743875 -0.844432 -0.340608 0.534987 -0.575009
VERTEX_POSE A664 0.473841 0.545531 4929769663206434556756106719243555299427331264920697598914398212614809753906777867120299571615017338617576122701945747643448804104216760760224974570994337550469578604739210972496564047081459696452671373312.000000 -0.857231 0.414184 0.456409 0.336042 0.238422 0.845888
VERTEX_POSE A665 0.880536 -0.303723 254736390291291889030922121258850660424501441023379822259963935954914725725432940630493166131664627692932379993406330093364458701043890969258665463427181890508822414413552810983424.000000 -0.350005 -0.422773 0.726164 -0.686176 0.591762 0.591967
VERTEX_POSE A666 0.389148 -0.406540 0.000000 0.017594 0.980494 0.351954 0.177186 0.935852 -0.085069
VERTEX_POSE A667 0.054826 -0.885534 20501866451337168053189560792064226319547775958351486434605468436284037989645490279678039395484825527040722291151541508450190370438103211413438508882310610343659748866787619270098045783142774385055450559223531831296.000000 -0.672307 0.511236 0.717826 0.626968 0.180912 -0.587834
VERTEX_POSE A668 0.444499 -0.889067 54516411287282881103620573661049282232049455624225566907766293486944114775489419510216473978623760465169262049097688632643007058210239961430227364061010573877892109631258095084661486834624878580594535132737235168202608021438567414343105260856279040.000000 0.835363 -0.308394 0.226612 0.947388 0.500816 0.085724
VERTEX_POSE A669 -0.249235 -0.005382 142717957228170451229169223632419449712023085313770128632411546919873682261239807686955431172197865275394498470016097032557935271454908504114485378486968050179891252175986467684330858598783887032262100137109926466652443578630334962549204381954211840.000000 -0.386341 0.848135 -0.248923 0.282559 0.888132 0.448137
VERTEX_POSE A670 -0.409222 0.867820 37316738923474115733261719628800385799184125072574718531182175390581577988623128776844964764147918527234058057349660137317923228681926050302090253616151384153984071959032999133593159702126970020036608.000000 -0.279162 0.238049 -0.697126 -0.716482 -0.660367 0.655733
VERTEX_POSE A671 0.701605 0.101809 11205294355633257634947660309801134036464745285822667380871451171017428453687752485972038126440545169175460987405963892630594721563714855772183508880743617650088299783320461986482531821466742615009403635626785345024242276074313792936944074831457968717824.000000 -0.474695 -0.512187 -0.483313 -0.527965 0.735577 -0.677434
VERTEX_POSE A672 0.779161 0.044198 1.000000 0.145252 0.675389 0.886538 -0.413285 -0.439264 -0.610775
VERTEX_POSE A673 0.137466 0.961179 0.000000 0.748285 0.631482 0.281254 -0.579452 -0.600805 0.515234
VERTEX_POSE A674 -0.229391 0.945035 0.000000 -0.631300 0.768805 0.578302 0.554273 0.516747 0.318936
VERTEX_POSE A675 -0.266561 -0.291226 0.000000 -0.831209 -0.539230 0.555879 -0.801936 -0.009461 0.257157
VERTEX_POSE A676 -0.314412 0.817689 4929769663206434556756106719243555299427331264920697598914398212614809753906777867120299571615017338617576122701945747643448804104216760760224974570994337550469578604739210972496564047081459696452671373312.000000 0.352454 0.865532 0.126277 0.332788 0.927270 -0.374307
VERTEX_POSE A677 -0.929663 -0.367981 254736390291291889030922121258850660424501441023379822259963935954914725725432940630493166131664627692932379993406330093364458701043890969258665463427181890508822414413552810983424.000000 0.611953 0.616561 0.017651 -0.636800 -0.790697 0.462966
VERTEX_POSE A678 0.676341 0.710469 0.000000 0.368684 -0.525715 0.895812 0.421130 -0.248180 0.739103
VERTEX_POSE A679 -0.259306 0.476698 20501866451337168053189560792064226319547775958351486434605468436284037989645490279678039395484825527040722291151541508450190370438103211413438508882310610343659748866787619270098045783142774385055450559223531831296.000000 -0.151280 0.835817 0.431380 -0.424554 0.889396 0.348086
VERTEX_POSE A680 -0.449214 -0.787366 54516411287282881103620573661049282232049455624225566907766293486944114775489419510216473978623760465169262049097688632643007058210239961430227364061010573877892109631258095084661486834624878580594535132737235168202608021438567414343105260856279040.000000 0.389097 0.760793 -0.888933 0.162171 -0.241665 0.628406
VERTEX_POSE A681 0.213690 -0.553547 142717957228170451229169223632419449712023085313770128632411546919873682261239807686955431172197865275394498470016097032557935271454908504114485378486968050179891252175986467684330858598783887032262100137109926466652443578630334962549204381954211840.000000 0.888547 0.084581 0.336305 0.548455 0.312063 -0.831891
VERTEX_POSE A682 0.450146 0.890155 37316738923474115733261719628800385799184125072574718531182175390581577988623128776844964764147918527234058057349660137317923228681926050302090253616151384153984071959032999133593159702126970020036608.000000 0.334540 0.942381 0.792948 -0.280714 -0.509231 0.181984
VERTEX_POSE A683 -0.057852 0.108040 170579312608294397288425562476781478657348116557409361067516113173529313554748649852649210474915032992695019659618577779349752939921984615483773778965161769930218126055639616659548900788495293435291430151545253289952454459654116247582160622041547392834294584737033988603904.000000 -0.477004 0.309275 0.780291 0.579807 -0.404490 0.753772
VERTEX_POSE A684 -0.384852 -0.278306 0.000000 -0.354456 0.079085 -0.565370 -0.811781 0.744794 -0.578582
VERTEX_POSE A685 -0.337834 -0.844816 0.000000 0.488461 0.598237 -0.854322 0.179711 0.177594 -0.780908
VERTEX_POSE A686 -0.664666 0.369401 0.000000 -0.345170 0.810538 -0.408222 -0.583622 0.845111 0.049137
VERTEX_POSE A687 -0.278457 0.684123 0.000000 0.597070 0.587146 0.686895 -0.726150 -0.414346 -0.357724
VERTEX_POSE A688 -0.458128 0.316122 0.000000 0.075541 0.328904 0.281107 -0.912769 0.956699 0.242229
VERTEX_POSE A689 -0.860719 0.075653 0.756836 0.461972 0.817866 0.027098 -0.399625 -0.886481 0.413999
VERTEX_POSE A690 -0.686930 -0.448651 0.000000 -0.416021 0.854070 -0.883655 -0.460740 -0.214663 0.241420
VERTEX_POSE A691 -0.725978 0.459290 0.000000 0.624998 -0.707543 0.202540 0.554979 -0.753893 -0.437472
VERTEX_POSE A692 0.370848 -0.926613 48282.085574 0.812381 0.362888 0.307091 -0.931668 0.495713 -0.017544
VERTEX_POSE A693 -0.781243 -0.347440 16668.777887 0.543683 -0.074250 0.816321 -0.184658 -0.195010 -0.979994
VERTEX_POSE A694 -0.233067 -0.428230 11681.952872 0.812257 -0.200662 0.487716 -0.281409 -0.319955 -0.938373
VERTEX_POSE A695 -0.497115 0.824113 11681.952872 -0.292327 0.223070 -0.666973 0.649319 0.685341 0.727066
VERTEX_POSE A696 0.726758 -0.655218 4064.803809 0.273461 -0.815874 0.758673 -0.142656 0.591300 0.560356
VERTEX_POSE A697 0.685995 0.707686 2741.249358 0.859747 0.132925 0.225132 0.768024 0.458421 -0.626474
VERTEX_POSE A698 0.527785 0.771128 2231.446153 -0.607847 -0.241841 -0.690734 -0.308784 0.391674 -0.919872
VERTEX_POSE A699 0.328297 0.201459 2231.446153 -0.774550 0.490974 -0.130840 -0.741186 -0.618832 -0.457808
VERTEX_POSE A700 -0.613259 -0.789870 1301.860409 0.344216 0.693466 -0.644340 -0.315852 -0.682892 0.647567
VERTEX_POSE A701 -0.710597 0.554081 1205.958222 -0.578906 0.617176 -0.800072 -0.303846 0.157330 0.725790
VERTEX_POSE A702 -0.157647 -0.761093 1121.059917 0.120934 0.587485 0.589895 0.605765 -0.798373 0.536573
VERTEX_POSE A703 -0.985139 0.165202 1121.059917 0.416902 -0.498830 0.628438 -0.445778 -0.656702 -0.743270
VERTEX_POSE A704 -0.410015 0.265840 713.245026 0.275478 -0.802551 -0.893684 -0.416616 0.354175 -0.427015
VERTEX_POSE A705 0.782210 0.594456 650.586875 0.878065 -0.372284 -0.463481 -0.505214 -0.119107 -0.778565
VERTEX_POSE A706 0.243193 -0.966837 650.586875 -0.576466 0.292827 -0.355052 0.751080 -0.735952 -0.591719
VERTEX_POSE A707 0.967142 0.235553 486.551768 -0.372343 -0.599358 -0.789728 -0.196470 -0.487535 0.775996
VERTEX_POSE A708 -0.760740 -0.476338 436.995702 -0.133141 0.681584 -0.881476 0.250444 0.453071 0.687547
VERTEX_POSE A709 -0.045690 0.716881 372.674883 -0.213709 0.975633 0.471634 0.147583 0.855506 0.162356
VERTEX_POSE A710 -0.440753 -0.577365 372.674883 -0.347073 0.717092 -0.399449 0.470066 0.848517 0.514604
VERTEX_POSE A711 -0.826307 0.560079 334.376946 -0.381407 0.821530 -0.219254 -0.525782 0.898029 0.220547
VERTEX_POSE A712 -0.419701 0.058616 323.810960 -0.879133 -0.273690 -0.244094 0.961711 0.409321 -0.014322
VERTEX_POSE A713 -0.554231 -0.806826 295.400159 -0.522468 -0.513393 0.786854 0.017264 0.328464 -0.857980
VERTEX_POSE A714 0.749971 -0.644426 295.400159 0.020384 -0.405687 0.971483 -0.207917 0.236230 0.890050
VERTEX_POSE A715 -0.023096 0.199900 261.923434 0.706184 -0.611956 0.586860 0.787287 -0.396104 0.075420
VERTEX_POSE A716 -0.308351 -0.315531 253.079038 -0.871250 0.471991 0.450076 0.658713 0.195842 0.585937
VERTEX_POSE A717 -0.858747 0.498173 226.150203 -0.827129 0.214912 -0.561997 -0.309360 0.004211 0.926342
VERTEX_POSE A718 0.617096 0.329407 208.039147 0.464891 0.576670 0.738562 -0.671051 0.488266 0.465984
VERTEX_POSE A719 0.102093 0.866970 190.052881 0.448003 -0.506703 0.535734 0.811730 0.715739 -0.290424
VERTEX_POSE A720 -0.650644 -0.313724 169.331815 -0.740567 0.324458 -0.318026 -0.940658 -0.591963 0.099451
VERTEX_POSE A721 -0.646043 0.707308 169.331815 -0.663615 -0.264365 -0.667833 0.630867 -0.337065 -0.729464
VERTEX_POSE A722 0.808959 0.523059 148.456003 -0.401109 -0.422599 -0.821567 -0.226435 -0.405140 0.877575
VERTEX_POSE A723 0.240569 0.121912 148.456003 -0.681803 -0.587042 0.090806 -0.659982 -0.725878 0.468834
VERTEX_POSE A724 -0.681147 0.715327 138.704178 -0.546477 -0.665757 -0.764590 0.149086 -0.341709 0.731123
VERTEX_POSE A725 -0.660704 -0.692382 138.704178 -0.232609 0.116109 0.874403 0.459652 0.425808 -0.880476
VERTEX_POSE A726 0.797615 -0.359048 136.576266 0.593951 0.634697 -0.338936 -0.359869 0.729620 -0.683852
VERTEX_POSE A727 -0.585719 -0.269201 134.562401 -0.117380 -0.947356 0.479925 0.208496 0.869421 -0.242993
VERTEX_POSE A728 -0.745108 0.347302 130.572085 -0.172816 0.367746 -0.734703 0.569735 0.656007 0.734959
VERTEX_POSE A729 0.459147 -0.352086 121.862635 0.085441 0.730501 -0.851816 0.406305 -0.516826 -0.548894
VERTEX_POSE A730 0.315962 0.647594 121.862635 0.554493 -0.491210 -0.618423 0.296921 0.556858 0.818872
VERTEX_POSE A731 -0.340789 0.759521 114.444297 -0.347366 -0.683956 0.696049 0.270365 0.628374 -0.677575
VERTEX_POSE A732 0.568889 -0.317759 105.088141 0.920356 0.253764 0.389285 -0.521592 0.037449 -0.814583
VERTEX_POSE A733 -0.340164 0.748833 105.088141 0.369834 0.527682 -0.661990 -0.427853 0.651915 -0.733821
VERTEX_POSE A734 0.643829 0.033350 99.927079 -0.527710 -0.626640 -0.106518 0.718593 -0.842719 0.301573
VERTEX_POSE A735 -0.512694 -0.722817 99.927079 0.921871 0.225171 -0.384178 0.424832 0.050601 -0.876822
VERTEX_POSE A736 -0.484811 0.643565 98.153580 0.611175 0.578289 0.567506 0.155769 -0.551726 0.800823
VERTEX_POSE A737 -0.453848 0.393755 97.497854 0.864585 -0.186165 -0.196002 0.730319 0.462684 0.657250
VERTEX_POSE A738 -0.897198 0.174562 89.724510 -0.853329 -0.502725 0.513826 -0.855833 0.088385 0.121728
VERTEX_POSE A739 -0.380316 -0.772325 89.724510 0.697431 -0.660828 -0.665246 -0.453071 0.266527 0.598358
VERTEX_POSE A740 0.627095 0.034221 85.703930 -0.702942 -0.652319 -0.570735 0.755161 -0.424421 0.064902
VERTEX_POSE A741 -0.027282 0.999386 85.703930 0.781969 -0.570392 0.081569 0.493421 -0.617957 -0.656649
VERTEX_POSE A742 0.117186 0.983885 82.795713 0.614280 -0.462180 -0.702889 -0.688846 0.358617 -0.558463
VERTEX_POSE A743 0.661423 0.024116 82.795713 -0.950527 0.059353 -0.229146 -0.796707 -0.209737 0.601445
VERTEX_POSE A744 0.587850 0.372546 80.551084 0.467635 0.131934 -0.858965 0.301132 0.208558 0.944411
VERTEX_POSE A745 0.671593 -0.719601 80.551084 -0.434964 0.656247 -0.451422 -0.751386 0.779118 -0.068987
VERTEX_POSE A746 -0.467179 -0.122327 78.940732 0.833781 -0.423579 -0.276727 -0.875632 0.477736 0.232056
VERTEX_POSE A747 -0.660910 -0.609561 75.952010 0.720617 -0.001605 0.384833 0.832742 0.576727 -0.553659
VERTEX_POSE A748 0.389749 0.752376 69.509375 0.788219 -0.127388 -0.003355 -0.979215 0.615386 0.157828
VERTEX_POSE A749 -0.497857 -0.312994 69.509375 -0.909413 -0.074586 -0.366566 0.608474 0.196462 0.790061
VERTEX_POSE A750 0.091106 -0.846207 62.100934 0.803362 0.205815 0.428736 0.451328 0.413273 -0.868299
VERTEX_POSE A751 0.852257 -0.206456 62.100934 0.672470 0.702035 -0.339882 0.574224 -0.657468 0.421205
VERTEX_POSE A752 -0.517584 0.736176 60.267065 0.033173 0.828725 -0.239623 0.549271 0.970299 0.107314
VERTEX_POSE A753 -0.020163 0.499005 60.267065 0.801285 0.587947 0.506508 -0.765152 -0.318419 0.262413
VERTEX_POSE A754 0.215688 0.824657 59.081139 -0.928759 0.370543 0.209837 0.548384 -0.305575 -0.749648
VERTEX_POSE A755 -0.418412 0.561900 59.081139 0.972953 -0.202972 -0.230399 -0.818155 0.016692 0.537982
VERTEX_POSE A756 -0.409055 0.731182 57.842189 0.780916 0.113713 -0.234268 0.964833 0.579041 0.236994
VERTEX_POSE A757 -0.756067 0.063404 57.131885 0.298168 0.164289 0.421503 0.861165 0.856406 -0.481044
VERTEX_POSE A758 -0.575247 -0.731090 53.678035 0.529884 -0.739776 -0.502050 -0.667707 0.683497 0.083063
VERTEX_POSE A759 0.447570 0.094098 50.144786 0.601814 0.487217 -0.504457 -0.382373 -0.619148 0.785118
VERTEX_POSE A760 0.492578 0.195110 46.579390 0.958559 -0.235763 0.096754 -0.258640 0.267963 0.936761
VERTEX_POSE A761 -0.723160 -0.450401 46.579390 0.380182 0.013358 -0.661609 0.702651 -0.646324 -0.711410
VERTEX_POSE A762 -0.900694 -0.088341 46.579390 0.983350 0.042450 -0.132983 -0.494565 0.123848 -0.868103
VERTEX_POSE A763 0.269355 -0.881770 42.550086 -0.837509 0.533096 0.517548 0.844317 0.175278 0.054190
VERTEX_POSE A764 -0.795574 -0.580269 42.550086 0.833899 -0.274857 -0.489358 -0.769229 0.255229 -0.576837
VERTEX_POSE A765 -0.049894 0.349324 40.834954 -0.888747 0.129624 0.318281 -0.515787 0.329889 0.846854
VERTEX_POSE A766 0.661528 -0.334929 40.339259 -0.548661 0.775431 -0.825540 -0.561563 -0.132118 0.288710
VERTEX_POSE A767 -0.632236 -0.730271 36.117495 0.044292 0.977886 0.938472 0.029416 0.342503 -0.207059
VERTEX_POSE A768 -0.647503 0.019828 33.900553 0.769696 0.167312 0.634054 -0.087788 -0.074458 0.981988
VERTEX_POSE A769 0.664392 0.504324 31.956213 0.164469 0.779698 0.750653 -0.496292 0.639898 0.381791
VERTEX_POSE A770 0.666672 -0.204279 29.450726 -0.578334 0.688512 -0.472389 -0.719946 -0.665116 -0.087345
VERTEX_POSE A771 0.599559 0.718319 27.025761 -0.924355 0.380533 0.344988 0.802736 0.162944 0.459140
VERTEX_POSE A772 -0.520238 -0.570388 27.025761 -0.298038 0.951012 -0.649532 -0.265116 -0.699486 -0.159027
VERTEX_POSE A773 0.077012 -0.772565 27.025761 -0.099987 -0.433148 0.859653 -0.490913 -0.500999 -0.755901
VERTEX_POSE A774 0.653985 0.689712 25.979791 -0.798964 -0.331811 0.061265 0.784761 0.598250 -0.523500
VERTEX_POSE A775 0.667338 -0.332454 25.634614 -0.540591 0.374365 0.276900 -0.766460 -0.794410 -0.521910
VERTEX_POSE A776 -0.479828 -0.359318 24.258980 0.031643 0.487513 -0.303945 -0.826942 -0.952164 0.280174
VERTEX_POSE A777 -0.779391 -0.244357 24.258980 -0.584711 -0.030800 0.767012 0.304458 -0.264207 0.952028
VERTEX_POSE A778 -0.447877 0.137048 23.388667 -0.976345 -0.016814 -0.214357 0.205755 -0.028298 -0.978459
VERTEX_POSE A779 -0.637116 -0.742217 23.388667 -0.735215 0.636465 0.549929 0.358965 -0.396279 -0.682683
VERTEX_POSE A780 -0.383025 0.144299 22.903657 0.666484 -0.209259 0.744460 0.135657 0.039732 0.968405
VERTEX_POSE A781 0.858439 -0.309162 21.839216 0.243925 -0.732612 0.661633 0.604771 -0.709044 0.312300
VERTEX_POSE A782 -0.732409 0.024213 20.059568 -0.917720 -0.397183 -0.234096 0.528573 -0.320920 0.750237
VERTEX_POSE A783 0.673754 0.169832 20.059568 0.714648 -0.372501 -0.653960 -0.656168 -0.248223 0.656267
VERTEX_POSE A784 -0.566075 -0.422001 17.408512 0.556513 0.179940 -0.746912 -0.319229 0.363888 -0.930438
VERTEX_POSE A785 0.472237 -0.870117 17.408512 0.657873 -0.646481 0.095429 -0.437302 0.747059 0.625163
VERTEX_POSE A786 0.744897 -0.426842 16.777803 -0.818958 -0.547065 0.297836 -0.663318 0.490512 -0.510616
VERTEX_POSE A787 0.119642 0.841567 15.961327 0.712612 0.542878 -0.700257 0.511850 -0.042707 0.665803
VERTEX_POSE A788 0.830765 0.556208 15.213488 -0.849516 -0.422299 -0.446869 0.894581 0.280410 0.146250
VERTEX_POSE A789 -0.399544 0.622769 15.213488 -0.548996 -0.377098 -0.032775 -0.882040 -0.835182 0.282494
VERTEX_POSE A790 -0.013287 -0.489942 14.050514 -0.570649 -0.764084 0.284861 -0.527839 0.770204 -0.370893
VERTEX_POSE A791 0.570446 -0.719666 13.404269 0.955438 0.110772 -0.284303 0.594728 -0.079430 -0.796259
VERTEX_POSE A792 -0.455495 0.877146 12.748504 0.739459 -0.262114 -0.242495 0.755547 -0.628010 -0.600371
VERTEX_POSE A793 0.056574 0.199046 12.748504 -0.352316 0.935878 0.388009 0.148595 0.851659 0.319457
VERTEX_POSE A794 -0.925177 -0.265890 11.814831 0.670044 0.571373 0.737746 -0.583334 -0.082295 -0.577281
VERTEX_POSE A795 0.199717 -0.947866 11.325414 0.788061 -0.532134 -0.105479 -0.612057 0.606493 0.584995
VERTEX_POSE A796 -0.431840 0.350563 11.325414 -0.934388 -0.313707 0.307866 -0.472552 -0.179268 0.823579
VERTEX_POSE A797 0.901950 0.168834 11.182210 -0.036572 -0.561964 -0.991493 -0.082960 -0.124918 0.822991
VERTEX_POSE A798 -0.754423 -0.204820 10.354360 0.759379 -0.310567 0.569843 -0.106677 0.314042 0.944546
VERTEX_POSE A799 -0.372483 -0.648689 9.743591 -0.254780 0.436624 0.669483 0.723482 0.697768 -0.534727
VERTEX_POSE A800 0.293356 -0.713023 9.743591 0.719661 -0.068837 0.041196 -0.989087 0.693102 0.130264
VERTEX_POSE A801 0.766296 0.573664 8.890682 0.474805 -0.825481 -0.643173 -0.562161 0.600741 0.050563
VERTEX_POSE A802 -0.417899 -0.887872 8.525841 0.324109 0.048479 -0.561202 -0.794126 0.761581 -0.605816
VERTEX_POSE A803 0.803370 -0.262233 8.222006 -0.750599 0.180706 -0.474559 0.521875 -0.459777 -0.833662
VERTEX_POSE A804 0.064130 0.735697 7.911976 0.220628 -0.932422 -0.733637 -0.352009 0.642728 -0.081728
VERTEX_POSE A805 0.667814 -0.533713 7.466884 0.781319 -0.612349 0.543691 0.572794 0.306498 0.544919
VERTEX_POSE A806 0.652877 0.727123 7.248039 -0.882049 0.420980 0.401168 0.906541 -0.247091 -0.030960
VERTEX_POSE A807 0.591378 -0.664388 7.248039 0.321102 -0.934206 0.634828 0.090550 0.702771 0.345051
