VERTEX_POSE A0 0.734023 -0.953409 -0.256575 0.966524 -0.966524 -0.256575
VERTEX_POSE A1 0.364134 -0.484099 0.995229 0.097562 -0.097562 0.995229
VERTEX_POSE A2 0.806435 -0.189722 0.594017 0.804452 0.804452 -0.594017
VERTEX_POSE A3 0.617637 -0.334682 -0.302702 -0.953085 -0.953085 0.302702
VERTEX_POSE A4 0.534261 -0.134545 0.252749 0.967532 -0.967532 0.252749
VERTEX_POSE A5 0.291505 0.449403 0.968287 0.249839 -0.249839 0.968287
VERTEX_POSE A6 0.952920 -0.136592 0.320478 -0.947256 -0.947256 -0.320478
VERTEX_POSE A7 0.464202 0.899031 -0.745233 0.666805 -0.666805 -0.745233
VERTEX_POSE A8 0.906014 -0.220841 0.815223 0.579148 0.579148 -0.815223
VERTEX_POSE A9 -0.444713 -0.129806 -0.681273 0.732030 0.732030 0.681273
VERTEX_POSE A10 0.018395 0.891734 0.057598 -0.998340 -0.998340 -0.057598
VERTEX_POSE A11 0.685227 0.391057 -0.991647 0.128985 -0.128985 -0.991647
VERTEX_POSE A12 -0.378045 -0.874257 0.994955 -0.100322 0.100322 0.994955
VERTEX_POSE A13 0.708149 -0.669421 -0.440493 0.897756 -0.897756 -0.440493
VERTEX_POSE A14 0.160443 0.973289 -0.791570 0.611078 -0.611078 -0.791570
VERTEX_POSE A15 -0.191169 -0.273819 0.889221 -0.457479 -0.457479 -0.889221
VERTEX_POSE A16 -0.869180 0.612434 -0.154958 0.987921 0.987921 0.154958
VERTEX_POSE A17 -0.900283 -0.259740 -0.738444 0.674315 0.674315 0.738444
VERTEX_POSE A18 0.017517 0.155617 -0.329019 0.944323 -0.944323 -0.329019
VERTEX_POSE A19 0.167122 -0.577408 -0.184897 -0.982758 0.982758 -0.184897
VERTEX_POSE A20 0.612551 -0.279606 0.712144 -0.702033 0.702033 0.712144
VERTEX_POSE A21 0.345685 0.164171 -0.491996 -0.870597 -0.870597 0.491996
VERTEX_POSE A22 0.537009 -0.843612 0.087544 0.996161 -0.996161 0.087544
VERTEX_POSE A23 -0.386936 0.400730 0.742104 -0.670285 0.670285 0.742104
VERTEX_POSE A24 0.806592 0.709721 -0.979652 -0.200705 -0.200705 0.979652
VERTEX_POSE A25 0.945145 0.303773 0.979458 0.201650 -0.201650 0.979458
VERTEX_POSE A26 -0.338560 -0.661747 0.299260 -0.954172 -0.954172 -0.299260
VERTEX_POSE A27 -0.018053 -0.572588 -0.557851 -0.829941 -0.829941 0.557851
VERTEX_POSE A28 0.854189 -0.133619 -0.250221 0.968189 -0.968189 -0.250221
VERTEX_POSE A29 0.576354 0.858324 0.923678 -0.383169 -0.383169 -0.923678
VERTEX_POSE A30 -0.843824 0.176459 -0.841920 0.539603 0.539603 0.841920
VERTEX_POSE A31 0.588212 -0.087028 0.597043 0.802209 -0.802209 0.597043
VERTEX_POSE A32 -0.059512 -0.625775 0.072870 -0.997341 -0.997341 -0.072870
VERTEX_POSE A33 0.962611 0.986737 -0.579827 0.814740 -0.814740 -0.579827
VERTEX_POSE A34 0.205849 0.578290 0.985076 0.172119 -0.172119 0.985076
VERTEX_POSE A35 -0.525251 0.239680 -0.947980 -0.318330 0.318330 -0.947980
VERTEX_POSE A36 0.254116 0.436141 0.989775 -0.142635 0.142635 0.989775
VERTEX_POSE A37 0.158769 -0.558303 0.787553 0.616247 -0.616247 0.787553
VERTEX_POSE A38 0.938951 0.138711 -0.915983 0.401216 -0.401216 -0.915983
VERTEX_POSE A39 0.160130 -0.784700 0.753141 0.657859 0.657859 -0.753141
VERTEX_POSE A40 0.714056 0.311891 0.476167 0.879355 -0.879355 0.476167
VERTEX_POSE A41 -0.042655 0.030445 0.143065 -0.989713 0.989713 0.143065
VERTEX_POSE A42 -0.154643 0.606357 -0.113447 -0.993544 0.993544 -0.113447
VERTEX_POSE A43 -0.663989 0.437634 -0.692546 -0.721373 -0.721373 0.692546
VERTEX_POSE A44 -0.334505 0.361024 0.340779 -0.940144 0.940144 0.340779
VERTEX_POSE A45 -0.994201 0.579645 0.630537 -0.776159 -0.776159 -0.630537
VERTEX_POSE A46 0.144842 -0.836185 0.163179 0.986597 -0.986597 0.163179
VERTEX_POSE A47 -0.203686 -0.026542 0.960344 -0.278817 -0.278817 -0.960344
VERTEX_POSE A48 -0.894484 -0.680094 -0.419193 -0.907897 0.907897 -0.419193
VERTEX_POSE A49 -0.837640 0.319431 -0.997762 0.066863 -0.066863 -0.997762
VERTEX_POSE A50 0.963437 0.396051 0.191741 -0.981446 0.981446 0.191741
VERTEX_POSE A51 0.718067 0.040300 -0.740797 0.671729 0.671729 0.740797
VERTEX_POSE A52 0.508044 -0.516398 0.656493 0.754332 -0.754332 0.656493
VERTEX_POSE A53 0.500446 0.552439 -0.644857 -0.764303 -0.764303 0.644857
VERTEX_POSE A54 -0.668869 -0.558971 -0.383844 -0.923398 0.923398 -0.383844
VERTEX_POSE A55 0.314636 -0.806676 -0.995404 0.095769 0.095769 0.995404
VERTEX_POSE A56 0.445591 -0.143788 0.995916 0.090282 -0.090282 0.995916
VERTEX_POSE A57 -0.007429 -0.220717 -0.403049 0.915178 -0.915178 -0.403049
VERTEX_POSE A58 -0.703417 -0.379264 0.591054 0.806632 -0.806632 0.591054
VERTEX_POSE A59 0.299780 0.722593 0.619079 0.785329 -0.785329 0.619079
VERTEX_POSE A60 -0.431075 -0.362394 0.672811 0.739814 0.739814 -0.672811
VERTEX_POSE A61 -0.547242 0.797195 0.895822 -0.444414 0.444414 0.895822
VERTEX_POSE A62 -0.112008 -0.364435 -0.611051 0.791591 0.791591 0.611051
VERTEX_POSE A63 0.509413 0.011831 0.121295 0.992617 -0.992617 0.121295
VERTEX_POSE A64 -0.584631 0.783932 -0.971204 0.238250 0.238250 0.971204
VERTEX_POSE A65 -0.906159 -0.786146 -0.365515 0.930806 0.930806 0.365515
VERTEX_POSE A66 0.984162 -0.748490 0.157046 -0.987591 -0.987591 -0.157046
VERTEX_POSE A67 0.669485 0.220073 0.830966 -0.556323 -0.556323 -0.830966
VERTEX_POSE A68 0.252610 -0.344448 -0.797941 -0.602735 -0.602735 0.797941
VERTEX_POSE A69 0.923113 0.390221 0.330574 0.943780 0.943780 -0.330574
VERTEX_POSE A70 -0.170385 0.435372 0.448868 0.893598 -0.893598 0.448868
VERTEX_POSE A71 -0.033334 0.967443 -0.921766 -0.387746 -0.387746 0.921766
VERTEX_POSE A72 -0.119542 -0.579334 -0.915651 0.401975 0.401975 0.915651
VERTEX_POSE A73 0.674972 0.041729 0.973647 0.228061 -0.228061 0.973647
VERTEX_POSE A74 0.302678 0.405077 -0.555874 0.831267 -0.831267 -0.555874
VERTEX_POSE A75 0.545953 0.781691 -0.709146 0.705062 -0.705062 -0.709146
VERTEX_POSE A76 0.680771 -0.378626 -0.662988 -0.748630 0.748630 -0.662988
VERTEX_POSE A77 -0.552480 0.568891 -0.346394 -0.938089 -0.938089 0.346394
VERTEX_POSE A78 -0.657733 -0.244851 0.680449 0.732795 0.732795 -0.680449
VERTEX_POSE A79 0.786287 -0.058720 0.307819 0.951445 -0.951445 0.307819
VERTEX_POSE A80 -0.390120 -0.111678 0.262293 -0.964988 -0.964988 -0.262293
VERTEX_POSE A81 -0.694296 -0.848800 -0.001199 -0.999999 0.999999 -0.001199
VERTEX_POSE A82 0.504354 0.981580 0.526032 0.850465 0.850465 -0.526032
VERTEX_POSE A83 -0.882076 0.371925 -0.705945 0.708267 -0.708267 -0.705945
VERTEX_POSE A84 0.806150 0.703638 0.293837 0.955856 -0.955856 0.293837
VERTEX_POSE A85 0.835485 -0.577391 0.968004 -0.250935 -0.250935 -0.968004
VERTEX_POSE A86 0.432560 0.565249 0.638249 0.769830 -0.769830 0.638249
VERTEX_POSE A87 0.251740 -0.440150 0.548004 -0.836475 0.836475 0.548004
VERTEX_POSE A88 -0.171944 0.201892 -0.911858 0.410507 -0.410507 -0.911858
VERTEX_POSE A89 0.729143 -0.814016 -0.520729 -0.853722 -0.853722 0.520729
VERTEX_POSE A90 -0.448480 -0.717557 -0.801254 0.598324 0.598324 0.801254
VERTEX_POSE A91 0.396981 0.839498 -0.294057 -0.955788 0.955788 -0.294057
VERTEX_POSE A92 -0.818099 0.983179 -0.548713 0.836011 0.836011 0.548713
VERTEX_POSE A93 0.439512 -0.081993 0.464782 0.885425 -0.885425 0.464782
VERTEX_POSE A94 -0.093606 -0.148671 0.717830 -0.696219 -0.696219 -0.717830
VERTEX_POSE A95 -0.402730 0.767111 -0.074224 -0.997242 0.997242 -0.074224
VERTEX_POSE A96 0.533353 0.131861 0.942232 -0.334961 0.334961 0.942232
VERTEX_POSE A97 -0.109444 0.102840 -0.856431 -0.516262 0.516262 -0.856431
VERTEX_POSE A98 -0.733244 -0.012816 -0.925365 -0.379077 -0.379077 0.925365
VERTEX_POSE A99 -0.214037 0.787413 0.839578 -0.543239 -0.543239 -0.839578
VERTEX_POSE A100 -0.186331 -0.506939 0.757412 0.652938 -0.652938 0.757412
VERTEX_POSE A101 0.096371 -0.577444 0.295084 -0.955471 -0.955471 -0.295084
VERTEX_POSE A102 0.752629 0.754856 -0.828497 -0.559994 0.559994 -0.828497
VERTEX_POSE A103 0.694127 -0.086273 -0.964043 0.265747 -0.265747 -0.964043
VERTEX_POSE A104 -0.228657 0.464285 -0.932053 0.362321 -0.362321 -0.932053
VERTEX_POSE A105 0.055307 0.159932 0.981825 0.189790 0.189790 -0.981825
VERTEX_POSE A106 0.240080 -0.304582 -0.231781 0.972768 -0.972768 -0.231781
VERTEX_POSE A107 -0.547886 -0.914340 0.975743 0.218919 -0.218919 0.975743
VERTEX_POSE A108 0.502827 -0.271177 0.990707 -0.136014 0.136014 0.990707
VERTEX_POSE A109 0.582347 0.450567 -0.968721 -0.248152 -0.248152 0.968721
VERTEX_POSE A110 -0.761599 0.026939 0.549266 0.835648 -0.835648 0.549266
VERTEX_POSE A111 -0.887294 0.617146 -0.955301 -0.295634 -0.295634 0.955301
VERTEX_POSE A112 0.888050 0.601767 -0.943030 -0.332707 -0.332707 0.943030
VERTEX_POSE A113 0.742756 0.008519 0.870284 0.492551 -0.492551 0.870284
VERTEX_POSE A114 -0.769370 -0.010930 0.999951 0.009884 -0.009884 0.999951
VERTEX_POSE A115 0.694200 0.305405 0.667789 -0.744350 0.744350 0.667789
VERTEX_POSE A116 0.578241 0.431129 -0.565690 -0.824618 0.824618 -0.565690
VERTEX_POSE A117 0.663191 -0.445681 0.444362 -0.895847 -0.895847 -0.444362
VERTEX_POSE A118 -0.054060 0.865255 0.081377 0.996683 0.996683 -0.081377
VERTEX_POSE A119 -0.593703 -0.366979 0.964545 -0.263918 -0.263918 -0.964545
VERTEX_POSE A120 0.392334 -0.259697 -0.673735 -0.738973 0.738973 -0.673735
VERTEX_POSE A121 0.497461 -0.852303 0.845138 0.534549 -0.534549 0.845138
VERTEX_POSE A122 0.803278 -0.527481 -0.914992 0.403472 0.403472 0.914992
VERTEX_POSE A123 0.574235 -0.276518 -0.245510 -0.969394 0.969394 -0.245510
VERTEX_POSE A124 -0.063027 0.065704 -0.528040 -0.849219 0.849219 -0.528040
VERTEX_POSE A125 -0.290328 0.323848 0.181540 -0.983384 -0.983384 -0.181540
VERTEX_POSE A126 -0.828495 -0.509407 0.684854 0.728680 0.728680 -0.684854
VERTEX_POSE A127 -0.529675 -0.802434 0.436280 -0.899811 -0.899811 -0.436280
VERTEX_POSE A128 0.600228 -0.573313 -0.406373 -0.913707 -0.913707 0.406373
VERTEX_POSE A129 -0.561739 0.477777 0.621225 -0.783632 0.783632 0.621225
VERTEX_POSE A130 0.256288 0.984979 0.998779 0.049391 -0.049391 0.998779
VERTEX_POSE A131 -0.586103 -0.080252 0.640743 -0.767755 0.767755 0.640743
VERTEX_POSE A132 0.534632 0.900333 -0.586765 -0.809758 -0.809758 0.586765
VERTEX_POSE A133 0.008917 0.739835 0.501315 0.865265 -0.865265 0.501315
VERTEX_POSE A134 -0.891976 0.833476 0.994440 -0.105301 0.105301 0.994440
VERTEX_POSE A135 -0.694026 0.364618 -0.868187 -0.496238 0.496238 -0.868187
VERTEX_POSE A136 -0.935776 -0.100233 0.533776 0.845626 0.845626 -0.533776
VERTEX_POSE A137 0.348103 -0.471106 -0.564974 0.825109 0.825109 0.564974
VERTEX_POSE A138 -0.241912 0.450278 0.514192 0.857675 -0.857675 0.514192
VERTEX_POSE A139 0.567051 0.628590 0.983117 -0.182981 0.182981 0.983117
VERTEX_POSE A140 -0.069550 0.979461 -0.357944 -0.933743 -0.933743 0.357944
VERTEX_POSE A141 -0.003510 -0.522783 0.841471 -0.540302 -0.540302 -0.841471
VERTEX_POSE A142 0.679757 0.245735 0.745494 -0.666512 -0.666512 -0.745494
VERTEX_POSE A143 -0.181500 0.581228 0.611785 -0.791024 -0.791024 -0.611785
VERTEX_POSE A144 -0.260755 0.485737 -0.958888 -0.283785 0.283785 -0.958888
VERTEX_POSE A145 0.910387 -0.765194 -0.780967 -0.624573 -0.624573 0.780967
VERTEX_POSE A146 -0.487300 -0.113367 0.995070 -0.099172 0.099172 0.995070
VERTEX_POSE A147 -0.682514 -0.083135 0.347050 -0.937847 0.937847 0.347050
VERTEX_POSE A148 0.573578 -0.210875 0.599058 0.800705 0.800705 -0.599058
VERTEX_POSE A149 0.458640 -0.248112 0.920487 0.390774 0.390774 -0.920487
VERTEX_POSE A150 -0.276216 0.549886 -0.496571 0.867996 -0.867996 -0.496571
VERTEX_POSE A151 -0.034089 0.529428 -0.999629 -0.027245 -0.027245 0.999629
VERTEX_POSE A152 -0.043899 -0.100415 0.696531 -0.717526 -0.717526 -0.696531
VERTEX_POSE A153 -0.472938 -0.977595 0.666055 -0.745903 -0.745903 -0.666055
VERTEX_POSE A154 -0.459854 -0.747090 0.558933 -0.829213 -0.829213 -0.558933
VERTEX_POSE A155 0.893073 0.965290 0.844877 -0.534961 -0.534961 -0.844877
VERTEX_POSE A156 0.236734 0.346252 0.075778 0.997125 -0.997125 0.075778
VERTEX_POSE A157 -0.288348 -0.256496 0.971672 -0.236334 -0.236334 -0.971672
VERTEX_POSE A158 -0.636601 -0.837145 0.968178 -0.250264 0.250264 0.968178
VERTEX_POSE A159 -0.163038 0.772940 0.183730 -0.982977 0.982977 0.183730
VERTEX_POSE A160 0.149913 -0.778719 -0.939307 -0.343077 -0.343077 0.939307
VERTEX_POSE A161 0.619687 -0.852166 -0.121830 0.992551 -0.992551 -0.121830
VERTEX_POSE A162 0.250859 -0.307312 0.762533 0.646949 0.646949 -0.762533
VERTEX_POSE A163 -0.315455 -0.878386 -0.956243 0.292575 0.292575 0.956243
VERTEX_POSE A164 -0.371396 0.887669 0.811639 0.584160 0.584160 -0.811639
VERTEX_POSE A165 0.358882 -0.473836 -0.148693 0.988883 0.988883 0.148693
VERTEX_POSE A166 -0.009481 0.486232 0.957599 -0.288103 -0.288103 -0.957599
VERTEX_POSE A167 -0.307172 -0.212564 0.704530 0.709674 -0.709674 0.704530
VERTEX_POSE A168 -0.293015 0.055058 -0.677875 -0.735177 -0.735177 0.677875
VERTEX_POSE A169 0.748607 -0.063491 -0.453107 -0.891456 -0.891456 0.453107
VERTEX_POSE A170 -0.740121 -0.583975 -0.042932 -0.999078 -0.999078 0.042932
VERTEX_POSE A171 0.637435 0.034519 -0.596108 -0.802904 0.802904 -0.596108
VERTEX_POSE A172 -0.254903 0.413727 0.563701 -0.825979 0.825979 0.563701
VERTEX_POSE A173 0.939636 0.661761 0.712047 -0.702132 0.702132 0.712047
VERTEX_POSE A174 -0.544064 -0.384253 0.998989 -0.044959 -0.044959 -0.998989
VERTEX_POSE A175 0.484343 -0.100537 0.333954 0.942589 0.942589 -0.333954
VERTEX_POSE A176 0.850024 0.896567 -0.443686 0.896182 -0.896182 -0.443686
VERTEX_POSE A177 -0.031364 0.502380 0.736653 -0.676271 0.676271 0.736653
VERTEX_POSE A178 0.801829 0.816328 -0.448994 0.893535 -0.893535 -0.448994
VERTEX_POSE A179 0.423602 -0.314309 0.897639 -0.440732 0.440732 0.897639
VERTEX_POSE A180 -0.572724 -0.745732 0.712970 -0.701194 -0.701194 -0.712970
VERTEX_POSE A181 -0.474387 0.366214 0.944618 0.328173 -0.328173 0.944618
VERTEX_POSE A182 -0.610487 -0.784881 0.954409 -0.298503 0.298503 0.954409
VERTEX_POSE A183 0.383377 0.153853 -0.935563 -0.353161 0.353161 -0.935563
VERTEX_POSE A184 0.052674 0.388619 0.308497 -0.951225 0.951225 0.308497
VERTEX_POSE A185 -0.070340 -0.531971 -0.858753 0.512391 0.512391 0.858753
VERTEX_POSE A186 0.276450 0.119142 -0.740431 0.672133 -0.672133 -0.740431
VERTEX_POSE A187 -0.710592 -0.265129 -0.785344 0.619060 -0.619060 -0.785344
VERTEX_POSE A188 0.641311 0.211533 0.555354 0.831614 -0.831614 0.555354
VERTEX_POSE A189 0.639849 0.281998 -0.775796 -0.630983 -0.630983 0.775796
VERTEX_POSE A190 0.126370 -0.492189 -0.481097 0.876667 -0.876667 -0.481097
VERTEX_POSE A191 -0.208776 0.432813 0.824116 0.566420 0.566420 -0.824116
VERTEX_POSE A192 0.259536 0.429832 0.991797 -0.127823 0.127823 0.991797
VERTEX_POSE A193 -0.622772 0.200499 0.995168 0.098189 0.098189 -0.995168
VERTEX_POSE A194 0.475769 0.554427 -0.077625 0.996983 -0.996983 -0.077625
VERTEX_POSE A195 0.888141 0.317501 -0.450736 -0.892657 0.892657 -0.450736
VERTEX_POSE A196 0.736111 0.726663 0.070655 -0.997501 -0.997501 -0.070655
VERTEX_POSE A197 -0.533712 0.040659 0.028503 -0.999594 -0.999594 -0.028503
VERTEX_POSE A198 -0.419031 -0.895064 0.072325 -0.997381 -0.997381 -0.072325
VERTEX_POSE A199 -0.556904 -0.218280 0.323374 -0.946271 0.946271 0.323374
VERTEX_POSE A200 -0.785105 0.977168 -0.717479 0.696580 -0.696580 -0.717479
VERTEX_POSE A201 -0.159152 -0.479038 -0.997022 -0.077119 0.077119 -0.997022
VERTEX_POSE A202 -0.919468 0.816239 -0.924242 -0.381808 0.381808 -0.924242
VERTEX_POSE A203 -0.040007 0.390894 0.538596 0.842564 -0.842564 0.538596
VERTEX_POSE A204 -0.219515 -0.817278 0.656661 -0.754186 0.754186 0.656661
VERTEX_POSE A205 -0.463533 -0.568014 0.741809 0.670612 -0.670612 0.741809
VERTEX_POSE A206 -0.555665 -0.709643 0.979298 0.202424 0.202424 -0.979298
VERTEX_POSE A207 -0.369492 -0.920711 0.669151 -0.743127 0.743127 0.669151
VERTEX_POSE A208 0.505103 0.934366 -0.921588 0.388170 0.388170 0.921588
VERTEX_POSE A209 -0.753836 -0.893314 -0.370435 0.928859 0.928859 0.370435
VERTEX_POSE A210 -0.945890 -0.235019 -0.822443 0.568847 0.568847 0.822443
VERTEX_POSE A211 0.932379 -0.811366 0.656533 0.754297 -0.754297 0.656533
VERTEX_POSE A212 -0.228223 0.472900 0.892576 -0.450898 -0.450898 -0.892576
VERTEX_POSE A213 -0.556377 -0.019900 0.974533 -0.224245 -0.224245 -0.974533
VERTEX_POSE A214 0.315756 0.342487 0.622638 -0.782510 0.782510 0.622638
VERTEX_POSE A215 0.824451 -0.138482 -0.322577 0.946543 -0.946543 -0.322577
VERTEX_POSE A216 0.373283 0.448129 0.766117 0.642701 -0.642701 0.766117
VERTEX_POSE A217 -0.407794 -0.538371 0.304118 0.952634 -0.952634 0.304118
VERTEX_POSE A218 -0.886141 0.596389 0.696066 -0.717978 0.717978 0.696066
VERTEX_POSE A219 0.014594 -0.340338 0.695774 0.718261 -0.718261 0.695774
VERTEX_POSE A220 -0.767944 0.743626 0.743869 0.668325 0.668325 -0.743869
VERTEX_POSE A221 0.240228 -0.895800 -0.997746 -0.067100 -0.067100 0.997746
VERTEX_POSE A222 0.805819 -0.907525 0.001733 0.999998 -0.999998 0.001733
VERTEX_POSE A223 0.491592 0.173458 0.689756 0.724042 0.724042 -0.689756
VERTEX_POSE A224 0.617457 0.304699 -0.989069 -0.147455 -0.147455 0.989069
VERTEX_POSE A225 0.281588 0.646902 0.670641 0.741782 0.741782 -0.670641
VERTEX_POSE A226 0.379733 -0.509041 -0.906790 -0.421583 0.421583 -0.906790
VERTEX_POSE A227 0.353567 0.031362 -0.943799 -0.330519 -0.330519 0.943799
VERTEX_POSE A228 0.747876 -0.312440 0.952887 -0.303325 0.303325 0.952887
VERTEX_POSE A229 0.960702 -0.404105 0.760620 -0.649198 -0.649198 -0.760620
VERTEX_POSE A230 0.796663 0.813082 -0.817586 -0.575806 0.575806 -0.817586
VERTEX_POSE A231 0.962771 -0.335272 0.439875 -0.898059 -0.898059 -0.439875
VERTEX_POSE A232 -0.198449 0.116856 -0.287481 -0.957786 0.957786 -0.287481
VERTEX_POSE A233 0.877195 0.629321 -0.856020 0.516943 0.516943 0.856020
VERTEX_POSE A234 -0.077236 -0.944377 0.211938 0.977283 -0.977283 0.211938
VERTEX_POSE A235 0.582036 0.299579 -0.728583 0.684958 0.684958 0.728583
VERTEX_POSE A236 -0.586338 -0.938692 0.439961 0.898017 0.898017 -0.439961
VERTEX_POSE A237 0.367099 -0.654020 0.331558 0.943435 0.943435 -0.331558
VERTEX_POSE A238 -0.787456 0.378868 0.683446 -0.730001 0.730001 0.683446
VERTEX_POSE A239 0.918765 0.995674 -0.199987 0.979799 -0.979799 -0.199987
VERTEX_POSE A240 0.613263 -0.547334 -0.450795 -0.892628 0.892628 -0.450795
VERTEX_POSE A241 -0.733346 -0.856151 -0.036965 0.999317 -0.999317 -0.036965
VERTEX_POSE A242 0.851144 -0.815692 0.722620 0.691245 -0.691245 0.722620
VERTEX_POSE A243 -0.614961 0.925566 0.893911 0.448245 -0.448245 0.893911
VERTEX_POSE A244 -0.289723 0.123948 0.746104 0.665829 0.665829 -0.746104
VERTEX_POSE A245 0.166900 0.526794 -0.269631 -0.962964 0.962964 -0.269631
VERTEX_POSE A246 -0.790510 -0.212916 -0.992384 0.123186 -0.123186 -0.992384
VERTEX_POSE A247 -0.916440 -0.427923 -0.613137 -0.789977 0.789977 -0.613137
VERTEX_POSE A248 0.759106 0.988423 -0.179858 -0.983693 0.983693 -0.179858
VERTEX_POSE A249 -0.676652 -0.616527 -0.726860 -0.686785 -0.686785 0.726860
VERTEX_POSE A250 0.098155 0.231739 -0.771579 0.636134 0.636134 0.771579
VERTEX_POSE A251 0.991162 0.732049 -0.870779 0.491675 0.491675 0.870779
VERTEX_POSE A252 0.563577 -0.512326 -0.863539 0.504281 0.504281 0.863539
VERTEX_POSE A253 -0.096027 0.324214 -0.291061 0.956704 0.956704 0.291061
VERTEX_POSE A254 0.482754 -0.094492 0.639530 0.768766 0.768766 -0.639530
VERTEX_POSE A255 0.181033 0.792373 0.380650 -0.924719 0.924719 0.380650
VERTEX_POSE A256 -0.814439 -0.028884 -0.829251 -0.558876 -0.558876 0.829251
VERTEX_POSE A257 -0.137513 0.396466 -0.483447 0.875373 0.875373 0.483447
VERTEX_POSE A258 -0.465399 -0.176266 -0.647985 -0.761653 0.761653 -0.647985
VERTEX_POSE A259 0.933437 0.658677 -0.131508 -0.991315 -0.991315 0.131508
VERTEX_POSE A260 -0.176810 0.992361 0.953553 0.301224 0.301224 -0.953553
VERTEX_POSE A261 -0.668736 -0.363184 -0.910116 0.414354 0.414354 0.910116
VERTEX_POSE A262 0.896208 -0.676595 -0.862990 0.505221 -0.505221 -0.862990
VERTEX_POSE A263 0.624740 0.109217 -0.975433 0.220296 0.220296 0.975433
VERTEX_POSE A264 -0.791541 -0.733863 0.995019 0.099683 -0.099683 0.995019
VERTEX_POSE A265 -0.181028 -0.620972 0.460202 0.887814 0.887814 -0.460202
VERTEX_POSE A266 0.206776 -0.591204 -0.950278 0.311402 0.311402 0.950278
VERTEX_POSE A267 -0.377879 -0.672555 0.612526 -0.790451 -0.790451 -0.612526
VERTEX_POSE A268 -0.813930 -0.274992 -0.974812 0.223026 -0.223026 -0.974812
VERTEX_POSE A269 0.419320 0.787664 -0.462954 -0.886382 0.886382 -0.462954
VERTEX_POSE A270 -0.459114 -0.676881 0.397582 -0.917566 -0.917566 -0.397582
VERTEX_POSE A271 0.799333 0.177674 -0.390444 -0.920627 0.920627 -0.390444
VERTEX_POSE A272 0.685974 0.931513 -0.749265 -0.662270 -0.662270 0.749265
VERTEX_POSE A273 -0.607970 -0.492573 0.874579 0.484883 0.484883 -0.874579
VERTEX_POSE A274 -0.815628 0.103239 -0.835929 -0.548837 0.548837 -0.835929
VERTEX_POSE A275 -0.603748 0.055461 -0.133261 -0.991081 0.991081 -0.133261
VERTEX_POSE A276 0.558930 -0.965779 -0.650462 0.759539 -0.759539 -0.650462
VERTEX_POSE A277 -0.606138 0.890323 -0.994368 0.105979 -0.105979 -0.994368
VERTEX_POSE A278 -0.520188 0.627538 -0.827256 -0.561824 -0.561824 0.827256
VERTEX_POSE A279 0.318036 -0.977356 -0.833351 -0.552744 -0.552744 0.833351
VERTEX_POSE A280 -0.282789 -0.726204 0.741183 -0.671303 -0.671303 -0.741183
VERTEX_POSE A281 0.577967 -0.140723 -0.304754 -0.952431 -0.952431 0.304754
VERTEX_POSE A282 0.309198 0.754693 0.606360 0.795190 0.795190 -0.606360
VERTEX_POSE A283 -0.719213 -0.238530 -0.023208 -0.999731 0.999731 -0.023208
VERTEX_POSE A284 -0.518060 -0.816509 0.436403 0.899751 0.899751 -0.436403
VERTEX_POSE A285 -0.208047 -0.339799 0.156671 -0.987651 0.987651 0.156671
VERTEX_POSE A286 0.461821 -0.446157 0.363105 0.931748 0.931748 -0.363105
VERTEX_POSE A287 -0.332499 0.154607 0.134317 -0.990938 -0.990938 -0.134317
VERTEX_POSE A288 0.654440 -0.943333 -0.999293 -0.037585 0.037585 -0.999293
VERTEX_POSE A289 0.996422 0.377577 0.978977 -0.203972 -0.203972 -0.978977
VERTEX_POSE A290 -0.399062 -0.186716 0.502771 -0.864420 -0.864420 -0.502771
VERTEX_POSE A291 -0.522370 -0.950972 0.509018 0.860756 0.860756 -0.509018
VERTEX_POSE A292 -0.672314 -0.985607 0.997521 0.070369 -0.070369 0.997521
VERTEX_POSE A293 -0.502854 0.136689 -0.877479 -0.479615 0.479615 -0.877479
VERTEX_POSE A294 -0.897630 0.158246 -0.996338 0.085501 0.085501 0.996338
VERTEX_POSE A295 -0.463855 -0.719470 0.424478 -0.905438 0.905438 0.424478
VERTEX_POSE A296 0.316118 0.515717 -0.198081 0.980186 -0.980186 -0.198081
VERTEX_POSE A297 0.309146 0.567042 -0.990955 -0.134194 -0.134194 0.990955
VERTEX_POSE A298 0.158266 -0.392025 0.945674 -0.325116 0.325116 0.945674
VERTEX_POSE A299 0.502188 -0.759275 0.964056 -0.265700 -0.265700 -0.964056
VERTEX_POSE A300 -0.271534 0.354706 -0.578030 -0.816015 -0.816015 0.578030
VERTEX_POSE A301 0.699152 -0.068906 -0.336630 -0.941637 0.941637 -0.336630
VERTEX_POSE A302 0.301521 0.418398 -0.764958 0.644080 -0.644080 -0.764958
VERTEX_POSE A303 -0.585560 0.286218 -0.199637 -0.979870 -0.979870 0.199637
VERTEX_POSE A304 -0.908818 0.438520 -0.133663 0.991027 -0.991027 -0.133663
VERTEX_POSE A305 0.485893 -0.478362 -0.614437 0.788966 -0.788966 -0.614437
VERTEX_POSE A306 -0.189308 -0.658321 -0.775758 -0.631031 -0.631031 0.775758
VERTEX_POSE A307 0.650112 0.472741 0.826692 -0.562654 0.562654 0.826692
VERTEX_POSE A308 0.879756 -0.588039 0.053712 -0.998556 0.998556 0.053712
VERTEX_POSE A309 0.290504 0.969217 0.152477 0.988307 0.988307 -0.152477
VERTEX_POSE A310 -0.031852 0.495385 -0.081990 -0.996633 -0.996633 0.081990
VERTEX_POSE A311 -0.403034 -0.314243 0.769926 -0.638133 -0.638133 -0.769926
VERTEX_POSE A312 -0.131529 -0.171505 -0.254642 0.967035 0.967035 0.254642
VERTEX_POSE A313 -0.722654 0.250078 0.706111 0.708101 -0.708101 0.706111
VERTEX_POSE A314 -0.122246 0.447227 0.283524 0.958965 -0.958965 0.283524
VERTEX_POSE A315 0.350411 0.011986 -0.702210 0.711970 0.711970 0.702210
VERTEX_POSE A316 0.069299 0.910279 -0.960554 -0.278093 -0.278093 0.960554
VERTEX_POSE A317 -0.660425 -0.998930 -0.144264 -0.989539 0.989539 -0.144264
VERTEX_POSE A318 -0.982088 -0.833407 0.410190 0.912000 0.912000 -0.410190
VERTEX_POSE A319 -0.276261 0.966946 -0.947966 0.318372 0.318372 0.947966
VERTEX_POSE A320 -0.664004 0.378646 0.653170 0.757211 0.757211 -0.653170
VERTEX_POSE A321 -0.381150 -0.020122 -0.552857 0.833276 -0.833276 -0.552857
VERTEX_POSE A322 0.201368 -0.984025 -0.664964 -0.746875 -0.746875 0.664964
VERTEX_POSE A323 -0.336318 0.393039 0.999643 -0.026722 0.026722 0.999643
VERTEX_POSE A324 0.115996 -0.883433 -0.729077 0.684432 0.684432 0.729077
VERTEX_POSE A325 0.303739 0.174220 0.765859 -0.643009 -0.643009 -0.765859
VERTEX_POSE A326 0.199827 0.673569 0.740948 0.671563 0.671563 -0.740948
VERTEX_POSE A327 -0.567887 0.632284 -0.037198 0.999308 -0.999308 -0.037198
VERTEX_POSE A328 -0.387115 -0.258738 0.483658 -0.875257 0.875257 0.483658
VERTEX_POSE A329 -0.641907 -0.718456 -0.531574 -0.847012 -0.847012 0.531574
VERTEX_POSE A330 0.934301 0.873008 -0.833066 0.553173 -0.553173 -0.833066
VERTEX_POSE A331 0.341351 -0.904032 0.823122 0.567865 0.567865 -0.823122
VERTEX_POSE A332 -0.942756 0.212638 -0.501647 -0.865072 0.865072 -0.501647
VERTEX_POSE A333 0.235822 0.291407 0.998635 0.052228 -0.052228 0.998635
VERTEX_POSE A334 0.755791 0.382186 -0.877236 -0.480060 0.480060 -0.877236
VERTEX_POSE A335 -0.851574 -0.348841 -0.361359 -0.932427 0.932427 -0.361359
VERTEX_POSE A336 -0.278284 0.813044 -0.982355 0.187027 0.187027 0.982355
VERTEX_POSE A337 -0.433517 0.723865 -0.907379 -0.420314 0.420314 -0.907379
VERTEX_POSE A338 0.798538 -0.876100 0.697231 0.716847 0.716847 -0.697231
VERTEX_POSE A339 -0.398529 -0.774995 -0.845958 -0.533250 -0.533250 0.845958
VERTEX_POSE A340 0.856987 0.693083 0.062516 0.998044 -0.998044 0.062516
VERTEX_POSE A341 -0.233314 0.619285 0.296349 -0.955080 0.955080 0.296349
VERTEX_POSE A342 0.198438 -0.089238 -0.188209 0.982129 0.982129 0.188209
VERTEX_POSE A343 -0.274542 -0.478423 0.203598 -0.979055 -0.979055 -0.203598
VERTEX_POSE A344 0.044032 -0.130636 0.071401 -0.997448 -0.997448 -0.071401
VERTEX_POSE A345 -0.923809 -0.642011 -0.469267 0.883056 0.883056 0.469267
VERTEX_POSE A346 -0.924131 0.533563 0.830200 -0.557465 -0.557465 -0.830200
VERTEX_POSE A347 -0.886669 -0.220357 -0.339152 -0.940732 0.940732 -0.339152
VERTEX_POSE A348 -0.584234 -0.640941 0.221298 -0.975206 0.975206 0.221298
VERTEX_POSE A349 -0.906220 0.700156 0.995335 0.096480 0.096480 -0.995335
VERTEX_POSE A350 -0.162931 -0.253411 -0.459966 -0.887937 0.887937 -0.459966
VERTEX_POSE A351 -0.248238 0.737705 0.953784 0.300492 0.300492 -0.953784
VERTEX_POSE A352 -0.287370 -0.319966 0.788687 0.614794 -0.614794 0.788687
VERTEX_POSE A353 -0.961562 -0.237436 0.153725 0.988114 0.988114 -0.153725
VERTEX_POSE A354 0.415444 0.130744 0.866415 0.499325 0.499325 -0.866415
VERTEX_POSE A355 0.828626 -0.203399 -0.372533 -0.928019 -0.928019 0.372533
VERTEX_POSE A356 0.342176 0.936784 0.995753 -0.092065 0.092065 0.995753
VERTEX_POSE A357 -0.384729 -0.195686 -0.746634 -0.665235 -0.665235 0.746634
VERTEX_POSE A358 -0.739261 -0.571116 0.803915 -0.594744 -0.594744 -0.803915
VERTEX_POSE A359 0.955061 -0.321954 0.935195 -0.354132 0.354132 0.935195
VERTEX_POSE A360 -0.026636 0.085858 -0.927539 -0.373727 -0.373727 0.927539
VERTEX_POSE A361 -0.804959 -0.698107 0.855227 -0.518254 -0.518254 -0.855227
VERTEX_POSE A362 0.296412 -0.225987 -0.107658 -0.994188 -0.994188 0.107658
VERTEX_POSE A363 0.030608 -0.701504 -0.927909 0.372806 0.372806 0.927909
VERTEX_POSE A364 0.430863 0.593299 0.155336 -0.987862 0.987862 0.155336
VERTEX_POSE A365 0.052203 -0.843801 -0.657010 0.753882 0.753882 0.657010
VERTEX_POSE A366 0.179034 -0.050345 0.073746 -0.997277 -0.997277 -0.073746
VERTEX_POSE A367 -0.847421 0.406344 -0.988085 0.153911 -0.153911 -0.988085
VERTEX_POSE A368 0.618687 0.880064 -0.984798 -0.173701 0.173701 -0.984798
VERTEX_POSE A369 -0.022428 0.073555 -0.454259 0.890869 0.890869 0.454259
VERTEX_POSE A370 -0.245950 0.631349 -0.975476 0.220105 -0.220105 -0.975476
VERTEX_POSE A371 0.475674 0.573147 -0.015365 -0.999882 -0.999882 0.015365
VERTEX_POSE A372 0.744258 -0.307160 -0.715076 -0.699047 0.699047 -0.715076
VERTEX_POSE A373 0.952488 -0.457889 0.086078 -0.996288 -0.996288 -0.086078
VERTEX_POSE A374 -0.798868 -0.905276 0.831586 -0.555395 -0.555395 -0.831586
VERTEX_POSE A375 -0.211710 0.562203 -0.754997 0.655728 -0.655728 -0.754997
VERTEX_POSE A376 -0.971321 -0.099900 -0.356575 -0.934267 -0.934267 0.356575
VERTEX_POSE A377 -0.723000 0.628287 -0.485245 0.874378 -0.874378 -0.485245
VERTEX_POSE A378 -0.098379 -0.658154 -0.731626 0.681706 0.681706 0.731626
VERTEX_POSE A379 -0.555555 0.259159 -0.967149 -0.254211 -0.254211 0.967149
VERTEX_POSE A380 -0.629219 0.328443 0.813675 0.581320 0.581320 -0.813675
VERTEX_POSE A381 0.738690 0.088436 -0.355333 -0.934740 0.934740 -0.355333
VERTEX_POSE A382 0.196208 -0.003136 -0.995028 -0.099593 0.099593 -0.995028
VERTEX_POSE A383 0.083411 -0.991523 0.602174 -0.798365 0.798365 0.602174
VERTEX_POSE A384 0.777128 0.850999 0.633126 0.774049 -0.774049 0.633126
VERTEX_POSE A385 -0.388348 -0.872391 -0.633888 0.773425 0.773425 0.633888
VERTEX_POSE A386 -0.087963 -0.194922 -0.962007 0.273025 0.273025 0.962007
VERTEX_POSE A387 0.119305 0.787783 -0.842016 0.539453 0.539453 0.842016
VERTEX_POSE A388 0.226923 -0.068078 0.811356 0.584552 -0.584552 0.811356
VERTEX_POSE A389 0.172777 0.233962 0.845893 0.533353 -0.533353 0.845893
VERTEX_POSE A390 0.074366 -0.534171 -0.900665 0.434515 0.434515 0.900665
VERTEX_POSE A391 -0.799714 -0.982220 -0.764762 0.644313 0.644313 0.764762
VERTEX_POSE A392 0.367817 0.535855 -0.994362 -0.106035 -0.106035 0.994362
VERTEX_POSE A393 -0.629222 0.239842 -0.159367 -0.987219 -0.987219 0.159367
VERTEX_POSE A394 0.230894 -0.683724 0.976726 0.214490 -0.214490 0.976726
VERTEX_POSE A395 -0.201320 0.129154 0.991105 -0.133084 -0.133084 -0.991105
VERTEX_POSE A396 0.422981 0.396041 0.388546 0.921429 0.921429 -0.388546
VERTEX_POSE A397 -0.590071 0.265931 0.940745 -0.339116 0.339116 0.940745
VERTEX_POSE A398 -0.048741 -0.464502 0.273343 -0.961917 -0.961917 -0.273343
VERTEX_POSE A399 0.041668 0.276105 0.792915 -0.609333 -0.609333 -0.792915
VERTEX_POSE A400 0.387501 -0.660514 0.702572 0.711613 0.711613 -0.702572
VERTEX_POSE A401 0.705310 -0.833153 -0.546074 -0.837737 -0.837737 0.546074
VERTEX_POSE A402 -0.482659 -0.150748 -0.812004 -0.583652 -0.583652 0.812004
VERTEX_POSE A403 0.131759 0.032326 0.693495 0.720461 0.720461 -0.693495
VERTEX_POSE A404 0.657798 -0.291042 -0.973398 0.229121 0.229121 0.973398
VERTEX_POSE A405 -0.281527 -0.056024 -0.446070 -0.894998 0.894998 -0.446070
VERTEX_POSE A406 0.920049 -0.405470 -0.261312 0.965255 0.965255 0.261312
VERTEX_POSE A407 0.686477 0.609059 0.894054 0.447959 0.447959 -0.894054
VERTEX_POSE A408 -0.004526 -0.427737 0.179673 -0.983726 -0.983726 -0.179673
VERTEX_POSE A409 -0.178331 -0.063624 0.999907 0.013632 -0.013632 0.999907
VERTEX_POSE A410 -0.869077 -0.131782 0.610100 0.792324 -0.792324 0.610100
VERTEX_POSE A411 0.366255 0.900706 -0.997002 0.077379 0.077379 0.997002
VERTEX_POSE A412 -0.439640 -0.975189 -0.165412 0.986225 0.986225 0.165412
VERTEX_POSE A413 0.327130 0.865082 0.803711 0.595020 -0.595020 0.803711
VERTEX_POSE A414 -0.550334 0.909184 0.988842 0.148965 0.148965 -0.988842
VERTEX_POSE A415 -0.662512 0.875811 -0.986720 0.162430 0.162430 0.986720
VERTEX_POSE A416 0.938782 0.992691 -0.991652 0.128943 -0.128943 -0.991652
VERTEX_POSE A417 0.361703 -0.285738 0.854639 -0.519223 -0.519223 -0.854639
VERTEX_POSE A418 0.456792 0.663594 0.973949 -0.226769 -0.226769 -0.973949
VERTEX_POSE A419 0.165704 -0.075387 -0.927617 0.373534 0.373534 0.927617
VERTEX_POSE A420 -0.465520 0.948224 -0.798906 0.601456 -0.601456 -0.798906
VERTEX_POSE A421 -0.468842 -0.870577 0.937968 0.346723 -0.346723 0.937968
VERTEX_POSE A422 0.365991 -0.057607 0.567621 0.823290 0.823290 -0.567621
VERTEX_POSE A423 0.902297 0.484079 0.724876 0.688880 0.688880 -0.724876
VERTEX_POSE A424 -0.098065 0.369265 0.982483 -0.186353 -0.186353 -0.982483
VERTEX_POSE A425 -0.403115 0.258669 -0.301176 -0.953569 -0.953569 0.301176
VERTEX_POSE A426 -0.299022 -0.386767 0.863512 -0.504328 0.504328 0.863512
VERTEX_POSE A427 -0.675084 -0.234693 -0.474392 -0.880314 -0.880314 0.474392
VERTEX_POSE A428 0.006814 -0.475399 -0.925315 -0.379199 0.379199 -0.925315
VERTEX_POSE A429 0.652237 0.148732 -0.490242 0.871586 -0.871586 -0.490242
VERTEX_POSE A430 0.366584 -0.958588 -0.001969 0.999998 -0.999998 -0.001969
VERTEX_POSE A431 -0.605685 -0.135913 0.551735 -0.834019 -0.834019 -0.551735
VERTEX_POSE A432 0.357547 0.315579 0.394040 0.919093 0.919093 -0.394040
VERTEX_POSE A433 0.883925 -0.109336 0.502208 0.864747 0.864747 -0.502208
VERTEX_POSE A434 0.526074 0.896413 0.003614 -0.999993 0.999993 0.003614
VERTEX_POSE A435 0.015345 -0.975463 0.696588 0.717471 -0.717471 0.696588
VERTEX_POSE A436 -0.397601 0.834641 -0.885082 -0.465436 0.465436 -0.885082
VERTEX_POSE A437 0.446122 -0.509057 -0.982834 0.184492 0.184492 0.982834
VERTEX_POSE A438 -0.298178 0.633596 -0.745105 0.666948 -0.666948 -0.745105
VERTEX_POSE A439 0.597872 -0.593096 -0.724979 0.688771 0.688771 0.724979
VERTEX_POSE A440 -0.732208 0.427318 -0.982417 0.186699 0.186699 0.982417
VERTEX_POSE A441 -0.167256 -0.498187 0.713510 -0.700645 -0.700645 -0.713510
VERTEX_POSE A442 -0.035873 -0.692390 0.717919 -0.696127 0.696127 0.717919
VERTEX_POSE A443 -0.171848 0.452130 0.426100 0.904676 0.904676 -0.426100
VERTEX_POSE A444 -0.840126 -0.633105 0.201635 0.979461 0.979461 -0.201635
VERTEX_POSE A445 0.413793 -0.783206 0.961061 0.276335 -0.276335 0.961061
VERTEX_POSE A446 0.165639 0.327941 -0.331617 0.943414 0.943414 0.331617
VERTEX_POSE A447 -0.901344 -0.640414 -0.982759 -0.184890 -0.184890 0.982759
VERTEX_POSE A448 -0.224504 -0.068944 -0.874789 0.484504 -0.484504 -0.874789
VERTEX_POSE A449 -0.377569 -0.008465 0.016159 0.999869 0.999869 -0.016159
VERTEX_POSE A450 0.264360 0.284199 -0.815176 0.579214 0.579214 0.815176
VERTEX_POSE A451 0.309976 -0.120720 -0.105535 -0.994416 -0.994416 0.105535
VERTEX_POSE A452 0.153589 0.120958 -0.897630 -0.440749 -0.440749 0.897630
VERTEX_POSE A453 -0.369649 -0.773408 0.034499 -0.999405 -0.999405 -0.034499
VERTEX_POSE A454 0.212273 -0.636641 -0.830292 0.557329 -0.557329 -0.830292
VERTEX_POSE A455 -0.944475 -0.509777 0.994771 -0.102128 -0.102128 -0.994771
VERTEX_POSE A456 0.227236 0.485261 -0.160195 0.987085 -0.987085 -0.160195
VERTEX_POSE A457 0.913251 -0.023408 0.899426 -0.437072 0.437072 0.899426
VERTEX_POSE A458 -0.619559 0.255530 -0.887989 0.459865 -0.459865 -0.887989
VERTEX_POSE A459 -0.765950 -0.990138 0.844619 0.535368 -0.535368 0.844619
VERTEX_POSE A460 0.565488 -0.874676 -0.701217 0.712948 0.712948 0.701217
VERTEX_POSE A461 0.747025 0.296942 -0.058103 0.998311 0.998311 0.058103
VERTEX_POSE A462 -0.371636 -0.126052 -0.947008 0.321209 -0.321209 -0.947008
VERTEX_POSE A463 -0.076966 0.440903 0.769899 0.638165 -0.638165 0.769899
VERTEX_POSE A464 0.630950 -0.812393 -0.758999 0.651091 -0.651091 -0.758999
VERTEX_POSE A465 -0.845562 -0.229639 0.741220 -0.671262 -0.671262 -0.741220
VERTEX_POSE A466 0.938379 0.465439 0.337107 -0.941466 -0.941466 -0.337107
VERTEX_POSE A467 -0.766651 -0.977753 -0.304895 -0.952386 0.952386 -0.304895
VERTEX_POSE A468 0.600561 0.261304 0.856347 0.516402 0.516402 -0.856347
VERTEX_POSE A469 -0.359799 0.099035 -0.515345 0.856983 0.856983 0.515345
VERTEX_POSE A470 0.831221 -0.570849 0.793086 -0.609109 -0.609109 -0.793086
VERTEX_POSE A471 0.868353 -0.311378 -0.290969 -0.956732 0.956732 -0.290969
VERTEX_POSE A472 0.472945 0.600848 -0.900280 -0.435312 0.435312 -0.900280
VERTEX_POSE A473 -0.204652 -0.263239 -0.828122 0.560548 0.560548 0.828122
VERTEX_POSE A474 -0.303496 -0.859248 0.935249 -0.353991 -0.353991 -0.935249
VERTEX_POSE A475 0.632819 0.967744 -0.743297 -0.668962 0.668962 -0.743297
VERTEX_POSE A476 -0.790859 -0.046445 0.094928 0.995484 0.995484 -0.094928
VERTEX_POSE A477 0.862143 0.468693 -0.389371 -0.921081 0.921081 -0.389371
VERTEX_POSE A478 0.731475 -0.672670 0.267289 0.963616 0.963616 -0.267289
VERTEX_POSE A479 -0.015362 0.884611 0.945536 -0.325517 -0.325517 -0.945536
VERTEX_POSE A480 -0.515425 -0.539772 0.770989 -0.636848 -0.636848 -0.770989
VERTEX_POSE A481 -0.004165 0.611529 0.956816 -0.290694 -0.290694 -0.956816
VERTEX_POSE A482 -0.705387 -0.236110 -0.566418 -0.824118 0.824118 -0.566418
VERTEX_POSE A483 0.638164 0.581186 -0.419160 -0.907912 0.907912 -0.419160
VERTEX_POSE A484 0.626187 0.838121 0.059635 0.998220 -0.998220 0.059635
VERTEX_POSE A485 0.506886 0.127249 -0.110612 -0.993864 -0.993864 0.110612
VERTEX_POSE A486 0.693689 -0.928591 -0.993948 0.109853 -0.109853 -0.993948
VERTEX_POSE A487 -0.146577 0.323382 -0.989510 -0.144466 0.144466 -0.989510
VERTEX_POSE A488 0.420137 -0.896158 -0.908287 0.418348 -0.418348 -0.908287
VERTEX_POSE A489 -0.925870 0.326940 0.989694 -0.143199 0.143199 0.989694
VERTEX_POSE A490 0.087472 0.333243 -0.518469 -0.855096 0.855096 -0.518469
VERTEX_POSE A491 -0.014376 -0.770835 0.214516 -0.976721 -0.976721 -0.214516
VERTEX_POSE A492 0.821155 -0.376118 -0.198865 0.980027 0.980027 0.198865
VERTEX_POSE A493 0.715837 -0.792808 0.205781 -0.978598 0.978598 0.205781
VERTEX_POSE A494 0.908659 0.670068 0.695735 -0.718299 -0.718299 -0.695735
VERTEX_POSE A495 0.452105 -0.188512 0.615556 -0.788093 -0.788093 -0.615556
VERTEX_POSE A496 0.870275 -0.022447 0.064385 0.997925 -0.997925 0.064385
VERTEX_POSE A497 0.847037 0.135507 0.294641 -0.955608 0.955608 0.294641
VERTEX_POSE A498 0.685454 -0.166265 -0.996061 0.088674 0.088674 0.996061
VERTEX_POSE A499 0.470836 -0.761143 -0.976898 0.213705 0.213705 0.976898
VERTEX_POSE A500 -0.512762 -0.765458 -0.958116 -0.286380 -0.286380 0.958116
VERTEX_POSE A501 0.516676 0.262886 0.767621 -0.640903 -0.640903 -0.767621
VERTEX_POSE A502 0.339188 -0.072521 -0.277471 0.960734 0.960734 0.277471
VERTEX_POSE A503 0.960183 0.835391 0.995481 0.094964 0.094964 -0.995481
VERTEX_POSE A504 -0.687976 0.999647 -0.428739 0.903428 0.903428 0.428739
VERTEX_POSE A505 -0.964308 0.068231 0.325066 0.945691 -0.945691 0.325066
VERTEX_POSE A506 0.593002 0.803134 0.900329 0.435209 0.435209 -0.900329
VERTEX_POSE A507 -0.478834 -0.046798 -0.730252 0.683178 0.683178 0.730252
VERTEX_POSE A508 0.897836 -0.463076 -0.916747 -0.399468 -0.399468 0.916747
VERTEX_POSE A509 0.324477 -0.869536 -0.262616 -0.964901 0.964901 -0.262616
VERTEX_POSE A510 0.505803 -0.162187 0.766435 -0.642322 0.642322 0.766435
VERTEX_POSE A511 -0.617590 -0.002848 0.950006 -0.312231 -0.312231 -0.950006
VERTEX_POSE A512 -0.679688 0.741993 -0.815060 0.579376 -0.579376 -0.815060
VERTEX_POSE A513 0.800416 0.601703 -0.809644 -0.586921 -0.586921 0.809644
VERTEX_POSE A514 -0.979426 -0.421662 0.984042 -0.177935 -0.177935 -0.984042
VERTEX_POSE A515 0.946499 0.580114 0.397086 -0.917781 0.917781 0.397086
VERTEX_POSE A516 0.307303 -0.271048 -0.952034 0.305991 0.305991 0.952034
VERTEX_POSE A517 0.714263 -0.350252 0.231734 -0.972779 0.972779 0.231734
VERTEX_POSE A518 -0.200079 -0.096505 0.603857 -0.797093 -0.797093 -0.603857
VERTEX_POSE A519 -0.272560 -0.167206 -0.924071 0.382221 -0.382221 -0.924071
VERTEX_POSE A520 0.788393 0.976687 0.384159 0.923267 0.923267 -0.384159
VERTEX_POSE A521 0.887394 -0.763261 0.962351 -0.271811 0.271811 0.962351
VERTEX_POSE A522 0.713064 0.061959 0.051953 -0.998650 0.998650 0.051953
VERTEX_POSE A523 0.609548 -0.399431 -0.995646 0.093215 0.093215 0.995646
VERTEX_POSE A524 0.603231 -0.556069 0.748711 0.662897 0.662897 -0.748711
VERTEX_POSE A525 0.621723 -0.267973 -0.394312 0.918977 -0.918977 -0.394312
VERTEX_POSE A526 0.061654 0.412057 -0.064624 -0.997910 0.997910 -0.064624
VERTEX_POSE A527 0.473506 0.421484 0.961250 -0.275677 -0.275677 -0.961250
VERTEX_POSE A528 0.468760 0.867534 0.668207 -0.743976 -0.743976 -0.668207
VERTEX_POSE A529 -0.252892 -0.754208 -0.321345 0.946962 -0.946962 -0.321345
VERTEX_POSE A530 -0.055658 0.660341 0.174656 -0.984630 -0.984630 -0.174656
VERTEX_POSE A531 0.955998 -0.897923 -0.245950 0.969282 0.969282 0.245950
VERTEX_POSE A532 -0.736216 0.508679 -0.063224 -0.997999 -0.997999 0.063224
VERTEX_POSE A533 -0.716470 -0.412180 0.361090 0.932531 -0.932531 0.361090
VERTEX_POSE A534 0.916181 0.937468 -0.990745 -0.135736 0.135736 -0.990745
VERTEX_POSE A535 -0.424192 0.508326 0.446421 -0.894823 -0.894823 -0.446421
VERTEX_POSE A536 -0.680778 0.656051 -0.879648 0.475626 0.475626 0.879648
VERTEX_POSE A537 0.509182 0.740602 0.963106 -0.269122 -0.269122 -0.963106
VERTEX_POSE A538 0.096973 -0.538472 0.758051 -0.652195 0.652195 0.758051
VERTEX_POSE A539 -0.782943 -0.807024 -0.953604 0.301064 -0.301064 -0.953604
VERTEX_POSE A540 -0.166341 0.871066 -0.801780 0.597620 -0.597620 -0.801780
VERTEX_POSE A541 -0.397223 0.299340 -0.882939 -0.469489 0.469489 -0.882939
VERTEX_POSE A542 -0.400532 0.190128 -0.312530 0.949908 -0.949908 -0.312530
VERTEX_POSE A543 0.153971 0.613059 0.254332 -0.967117 -0.967117 -0.254332
VERTEX_POSE A544 -0.596807 -0.098957 -0.586207 0.810161 -0.810161 -0.586207
VERTEX_POSE A545 -0.379958 0.768466 0.359516 0.933139 0.933139 -0.359516
VERTEX_POSE A546 0.100470 0.193173 -0.195961 -0.980612 0.980612 -0.195961
VERTEX_POSE A547 0.710496 0.629996 0.618845 0.785513 -0.785513 0.618845
VERTEX_POSE A548 -0.665695 -0.581787 -0.566481 -0.824075 -0.824075 0.566481
VERTEX_POSE A549 0.900391 -0.903331 0.667938 0.744217 -0.744217 0.667938
VERTEX_POSE A550 -0.562065 -0.537211 0.995534 -0.094405 -0.094405 -0.995534
VERTEX_POSE A551 -0.877302 -0.605100 -0.998403 -0.056495 0.056495 -0.998403
VERTEX_POSE A552 0.787785 -0.666593 0.603209 0.797583 -0.797583 0.603209
VERTEX_POSE A553 -0.849001 0.524749 0.987111 0.160040 -0.160040 0.987111
VERTEX_POSE A554 0.732247 -0.004531 -0.875993 0.482323 -0.482323 -0.875993
VERTEX_POSE A555 0.391016 -0.222662 -0.470378 -0.882465 -0.882465 0.470378
VERTEX_POSE A556 0.772722 -0.743224 -0.989714 -0.143059 -0.143059 0.989714
VERTEX_POSE A557 -0.206100 -0.592474 0.172387 -0.985029 0.985029 0.172387
VERTEX_POSE A558 -0.135478 -0.801178 0.359743 -0.933051 -0.933051 -0.359743
VERTEX_POSE A559 0.241482 -0.875690 -0.754624 0.656158 -0.656158 -0.754624
VERTEX_POSE A560 0.541008 -0.346681 0.933630 0.358240 -0.358240 0.933630
VERTEX_POSE A561 0.808864 0.859162 -0.227530 -0.973771 0.973771 -0.227530
VERTEX_POSE A562 0.197480 -0.773613 0.974278 -0.225351 0.225351 0.974278
VERTEX_POSE A563 0.804792 -0.838003 0.766558 -0.642175 0.642175 0.766558
VERTEX_POSE A564 -0.907607 -0.553018 0.994394 -0.105735 0.105735 0.994394
VERTEX_POSE A565 0.113660 -0.836146 -0.862634 0.505829 0.505829 0.862634
VERTEX_POSE A566 -0.619400 0.670323 0.511198 -0.859463 -0.859463 -0.511198
VERTEX_POSE A567 -0.588385 -0.896967 -0.755044 0.655674 -0.655674 -0.755044
VERTEX_POSE A568 -0.377158 0.904456 0.697987 -0.716110 0.716110 0.697987
VERTEX_POSE A569 0.477573 -0.868149 0.140567 -0.990071 -0.990071 -0.140567
VERTEX_POSE A570 -0.371328 -0.703991 0.674353 0.738409 0.738409 -0.674353
VERTEX_POSE A571 0.456501 0.775523 -0.625655 -0.780100 0.780100 -0.625655
VERTEX_POSE A572 -0.919650 0.431191 -0.972343 0.233557 0.233557 0.972343
VERTEX_POSE A573 0.228140 0.486136 -0.002176 0.999998 0.999998 0.002176
VERTEX_POSE A574 -0.389527 0.388582 0.853038 0.521849 0.521849 -0.853038
VERTEX_POSE A575 -0.516457 -0.667765 -0.990349 -0.138597 0.138597 -0.990349
VERTEX_POSE A576 0.848182 0.254602 -0.287275 0.957848 0.957848 0.287275
VERTEX_POSE A577 0.710943 -0.418245 0.739302 -0.673374 0.673374 0.739302
VERTEX_POSE A578 -0.805961 0.962230 -0.882703 0.469932 -0.469932 -0.882703
VERTEX_POSE A579 -0.817512 0.672816 0.383392 0.923586 -0.923586 0.383392
VERTEX_POSE A580 0.611334 -0.321576 0.990623 -0.136624 -0.136624 -0.990623
VERTEX_POSE A581 -0.368026 -0.574980 0.911078 -0.412234 0.412234 0.911078
VERTEX_POSE A582 -0.694814 -0.932284 0.752667 0.658402 -0.658402 0.752667
VERTEX_POSE A583 0.399119 0.011831 -0.791489 -0.611184 0.611184 -0.791489
VERTEX_POSE A584 -0.217027 0.949768 0.936146 0.351612 0.351612 -0.936146
VERTEX_POSE A585 -0.962567 0.063185 0.570274 0.821455 0.821455 -0.570274
VERTEX_POSE A586 -0.209865 0.789169 -0.320618 0.947209 0.947209 0.320618
VERTEX_POSE A587 -0.444305 -0.793456 -0.969027 -0.246954 0.246954 -0.969027
VERTEX_POSE A588 -0.168667 0.470711 0.683668 0.729793 -0.729793 0.683668
VERTEX_POSE A589 0.654657 0.987991 -0.974587 -0.224011 0.224011 -0.974587
VERTEX_POSE A590 0.797177 -0.669146 -0.471606 -0.881809 0.881809 -0.471606
VERTEX_POSE A591 -0.627659 -0.875970 -0.999833 -0.018266 -0.018266 0.999833
VERTEX_POSE A592 0.463521 0.847153 0.702447 -0.711736 0.711736 0.702447
VERTEX_POSE A593 -0.005343 -0.442759 0.640560 -0.767908 -0.767908 -0.640560
VERTEX_POSE A594 -0.822867 -0.713973 0.201773 -0.979432 -0.979432 -0.201773
VERTEX_POSE A595 0.555914 -0.705865 0.836304 -0.548266 0.548266 0.836304
VERTEX_POSE A596 -0.891683 -0.278905 0.767940 0.640521 0.640521 -0.767940
VERTEX_POSE A597 -0.442267 0.956350 -0.963562 0.267485 -0.267485 -0.963562
VERTEX_POSE A598 0.967529 -0.602832 0.065669 -0.997841 -0.997841 -0.065669
VERTEX_POSE A599 -0.268840 -0.374448 -0.869729 -0.493529 -0.493529 0.869729
VERTEX_POSE A600 -0.964694 -0.911799 0.976498 0.215529 0.215529 -0.976498
VERTEX_POSE A601 -0.403798 -0.306823 0.704481 -0.709723 -0.709723 -0.704481
VERTEX_POSE A602 -0.812339 -0.598926 0.673068 0.739580 0.739580 -0.673068
VERTEX_POSE A603 -0.884344 0.519393 0.994126 -0.108225 0.108225 0.994126
VERTEX_POSE A604 0.824342 -0.820687 0.999100 0.042408 -0.042408 0.999100
VERTEX_POSE A605 -0.201866 0.789656 0.211954 -0.977280 -0.977280 -0.211954
VERTEX_POSE A606 -0.400801 0.851627 -0.705987 0.708225 -0.708225 -0.705987
VERTEX_POSE A607 0.672524 0.433916 0.443807 -0.896123 -0.896123 -0.443807
VERTEX_POSE A608 -0.490924 -0.628588 0.982454 -0.186505 -0.186505 -0.982454
VERTEX_POSE A609 -0.206763 0.813858 -0.995210 0.097764 0.097764 0.995210
VERTEX_POSE A610 0.855012 0.106731 -0.577104 -0.816671 0.816671 -0.577104
VERTEX_POSE A611 -0.879590 0.049836 -0.425969 0.904738 -0.904738 -0.425969
VERTEX_POSE A612 0.425211 -0.761122 0.190985 -0.981593 0.981593 0.190985
VERTEX_POSE A613 -0.839802 0.174447 0.287815 0.957686 0.957686 -0.287815
VERTEX_POSE A614 0.519529 -0.938333 -0.820497 -0.571651 0.571651 -0.820497
VERTEX_POSE A615 -0.791815 -0.811354 0.336110 0.941823 -0.941823 0.336110
VERTEX_POSE A616 -0.802369 -0.762368 -0.615619 0.788044 -0.788044 -0.615619
VERTEX_POSE A617 -0.690335 0.850836 -0.936683 0.350178 0.350178 0.936683
VERTEX_POSE A618 -0.236120 -0.604810 0.987892 0.155143 -0.155143 0.987892
VERTEX_POSE A619 0.028964 0.708344 -0.871798 -0.489865 0.489865 -0.871798
VERTEX_POSE A620 0.964322 0.838827 -0.525962 0.850508 0.850508 0.525962
VERTEX_POSE A621 -0.438942 -0.273956 0.546002 0.837784 0.837784 -0.546002
VERTEX_POSE A622 0.401305 0.832374 0.664250 -0.747510 -0.747510 -0.664250
VERTEX_POSE A623 0.427843 0.685980 0.998449 -0.055673 -0.055673 -0.998449
VERTEX_POSE A624 0.555715 0.283285 0.865599 0.500737 -0.500737 0.865599
VERTEX_POSE A625 0.578439 -0.881599 -0.758445 0.651737 -0.651737 -0.758445
VERTEX_POSE A626 -0.016243 0.980115 0.562558 -0.826758 -0.826758 -0.562558
VERTEX_POSE A627 0.664032 -0.995620 -0.012040 -0.999928 0.999928 -0.012040
VERTEX_POSE A628 -0.863828 -0.925249 -0.229451 -0.973320 0.973320 -0.229451
VERTEX_POSE A629 -0.048713 -0.622716 -0.985380 -0.170369 -0.170369 0.985380
VERTEX_POSE A630 -0.604808 -0.370069 0.443385 -0.896331 0.896331 0.443385
VERTEX_POSE A631 -0.828522 -0.837048 -0.486740 0.873547 -0.873547 -0.486740
VERTEX_POSE A632 0.547489 0.070461 0.971538 0.236884 -0.236884 0.971538
VERTEX_POSE A633 -0.417147 0.031006 0.705155 0.709053 -0.709053 0.705155
VERTEX_POSE A634 -0.712866 0.682345 -0.980084 0.198582 0.198582 0.980084
VERTEX_POSE A635 0.371831 0.249774 -0.854565 0.519344 -0.519344 -0.854565
VERTEX_POSE A636 0.380987 -0.179338 -0.917810 -0.397020 0.397020 -0.917810
VERTEX_POSE A637 -0.113667 0.533973 -0.856734 0.515759 0.515759 0.856734
VERTEX_POSE A638 0.044355 -0.316310 -0.444937 0.895562 -0.895562 -0.444937
VERTEX_POSE A639 0.890063 0.192074 0.148423 -0.988924 -0.988924 -0.148423
VERTEX_POSE A640 0.679571 0.347830 -0.013681 0.999906 -0.999906 -0.013681
VERTEX_POSE A641 -0.100633 0.790421 -0.843131 -0.537708 0.537708 -0.843131
VERTEX_POSE A642 -0.989527 -0.758090 0.326986 0.945029 0.945029 -0.326986
VERTEX_POSE A643 0.104782 0.586708 -0.550922 0.834556 0.834556 0.550922
VERTEX_POSE A644 0.059565 -0.035131 0.976674 -0.214730 -0.214730 -0.976674
VERTEX_POSE A645 0.530003 -0.696423 -0.999403 0.034542 -0.034542 -0.999403
VERTEX_POSE A646 0.312967 0.775354 0.841021 -0.541003 0.541003 0.841021
VERTEX_POSE A647 0.257196 0.202501 -0.555602 0.831449 -0.831449 -0.555602
VERTEX_POSE A648 0.839668 -0.845587 0.631290 -0.775547 -0.775547 -0.631290
VERTEX_POSE A649 -0.923153 -0.829456 -0.506392 0.862303 -0.862303 -0.506392
VERTEX_POSE A650 -0.713840 -0.089155 0.921263 -0.388939 -0.388939 -0.921263
VERTEX_POSE A651 0.803990 0.993241 -0.577336 0.816506 -0.816506 -0.577336
VERTEX_POSE A652 -0.362095 -0.103413 0.998361 -0.057230 -0.057230 -0.998361
VERTEX_POSE A653 0.687466 -0.256782 0.751197 -0.660078 -0.660078 -0.751197
VERTEX_POSE A654 0.231833 0.679221 -0.092757 -0.995689 -0.995689 0.092757
VERTEX_POSE A655 -0.806380 -0.820128 0.767728 0.640776 0.640776 -0.767728
VERTEX_POSE A656 0.265904 -0.138381 0.406806 0.913514 0.913514 -0.406806
VERTEX_POSE A657 -0.784410 0.659337 -0.968363 -0.249546 -0.249546 0.968363
VERTEX_POSE A658 0.857651 -0.815748 0.858524 0.512774 0.512774 -0.858524
VERTEX_POSE A659 0.402076 -0.063630 -0.812210 0.583365 0.583365 0.812210
VERTEX_POSE A660 0.166877 -0.963380 0.293252 -0.956035 -0.956035 -0.293252
VERTEX_POSE A661 -0.747157 -0.185817 -0.751648 -0.659565 0.659565 -0.751648
VERTEX_POSE A662 0.573555 0.099323 -0.200517 0.979690 -0.979690 -0.200517
VERTEX_POSE A663 -0.285634 0.107081 -0.658505 0.752577 -0.752577 -0.658505
VERTEX_POSE A664 -0.164304 0.845189 0.951303 0.308259 0.308259 -0.951303
VERTEX_POSE A665 0.860689 -0.218332 0.999920 -0.012675 0.012675 0.999920
VERTEX_POSE A666 -0.913803 -0.643144 -0.870641 -0.491918 0.491918 -0.870641
VERTEX_POSE A667 -0.783317 -0.334149 0.380951 0.924595 -0.924595 0.380951
VERTEX_POSE A668 -0.252978 -0.684360 0.663347 -0.748312 -0.748312 -0.663347
VERTEX_POSE A669 0.130552 0.040546 0.575660 -0.817689 -0.817689 -0.575660
VERTEX_POSE A670 -0.893254 0.857925 0.999294 0.037557 0.037557 -0.999294
VERTEX_POSE A671 -0.573407 0.663470 -0.764192 -0.644989 -0.644989 0.764192
VERTEX_POSE A672 -0.970080 -0.169033 -0.393090 -0.919500 -0.919500 0.393090
VERTEX_POSE A673 -0.882780 -0.900165 0.874704 -0.484657 -0.484657 -0.874704
VERTEX_POSE A674 0.531375 0.250178 0.762898 0.646519 0.646519 -0.762898
VERTEX_POSE A675 0.089485 0.795836 0.799714 -0.600382 0.600382 0.799714
VERTEX_POSE A676 0.647223 -0.596588 -0.899810 -0.436282 -0.436282 0.899810
VERTEX_POSE A677 -0.155658 0.025532 0.373753 0.927528 -0.927528 0.373753
VERTEX_POSE A678 -0.653318 -0.001663 -0.388485 0.921455 0.921455 0.388485
VERTEX_POSE A679 0.486890 -0.442175 0.348921 -0.937152 -0.937152 -0.348921
VERTEX_POSE A680 -0.078810 0.196076 0.501004 -0.865445 0.865445 0.501004
VERTEX_POSE A681 -0.367158 0.909181 -0.176678 0.984269 -0.984269 -0.176678
VERTEX_POSE A682 0.290880 -0.448934 -0.607022 -0.794685 0.794685 -0.607022
VERTEX_POSE A683 0.559095 -0.907337 0.527942 0.849281 -0.849281 0.527942
VERTEX_POSE A684 -0.679693 -0.347600 -0.061008 -0.998137 -0.998137 0.061008
VERTEX_POSE A685 -0.477288 -0.769713 -0.732821 -0.680421 0.680421 -0.732821
VERTEX_POSE A686 0.752714 -0.727465 0.810927 -0.585147 0.585147 0.810927
VERTEX_POSE A687 0.586212 0.514019 -0.570579 0.821243 0.821243 0.570579
VERTEX_POSE A688 -0.261698 0.889623 -0.839620 -0.543174 0.543174 -0.839620
VERTEX_POSE A689 0.610366 -0.543213 -0.724000 -0.689800 0.689800 -0.724000
VERTEX_POSE A690 -0.011712 -0.549611 -0.907387 0.420295 0.420295 0.907387
VERTEX_POSE A691 0.905179 0.926244 0.598244 -0.801314 -0.801314 -0.598244
VERTEX_POSE A692 0.863209 0.270970 -0.943731 -0.330714 0.330714 -0.943731
VERTEX_POSE A693 -0.438158 0.549712 -0.684996 -0.728546 0.728546 -0.684996
VERTEX_POSE A694 -0.380455 0.033325 -0.832036 0.554722 0.554722 0.832036
VERTEX_POSE A695 -0.301095 0.116159 -0.901825 0.432102 -0.432102 -0.901825
VERTEX_POSE A696 -0.577469 -0.668621 -0.897916 0.440166 0.440166 0.897916
VERTEX_POSE A697 -0.294258 0.390180 -0.612344 -0.790591 0.790591 -0.612344
VERTEX_POSE A698 -0.084412 0.782010 0.196886 -0.980426 -0.980426 -0.196886
VERTEX_POSE A699 0.169554 -0.352981 -0.462669 -0.886531 -0.886531 0.462669
VERTEX_POSE A700 0.836294 -0.569274 -0.686953 -0.726702 -0.726702 0.686953
VERTEX_POSE A701 0.022334 0.639934 -0.519840 0.854264 0.854264 0.519840
VERTEX_POSE A702 0.596147 -0.689510 0.039428 0.999222 0.999222 -0.039428
VERTEX_POSE A703 0.866214 0.261693 0.941626 0.336662 0.336662 -0.941626
VERTEX_POSE A704 0.139554 0.739769 0.752777 0.658275 0.658275 -0.752777
VERTEX_POSE A705 0.127522 0.560668 0.899083 -0.437779 0.437779 0.899083
VERTEX_POSE A706 -0.044301 0.057529 0.552971 -0.833200 -0.833200 -0.552971
VERTEX_POSE A707 -0.213224 -0.856819 -0.420149 0.907455 0.907455 0.420149
VERTEX_POSE A708 0.971865 -0.413800 -0.393327 0.919399 0.919399 0.393327
VERTEX_POSE A709 0.302381 -0.944135 -0.852690 0.522417 -0.522417 -0.852690
VERTEX_POSE A710 -0.726334 -0.298994 0.953076 -0.302732 0.302732 0.953076
VERTEX_POSE A711 -0.106946 0.782276 0.635826 0.771832 -0.771832 0.635826
VERTEX_POSE A712 0.935222 0.965047 -0.792743 -0.609557 -0.609557 0.792743
VERTEX_POSE A713 0.564546 0.252071 -0.517282 -0.855815 -0.855815 0.517282
VERTEX_POSE A714 -0.547851 0.874939 -0.879517 -0.475867 0.475867 -0.879517
VERTEX_POSE A715 -0.744470 -0.382554 -0.732932 -0.680302 -0.680302 0.732932
VERTEX_POSE A716 -0.912742 0.482358 0.287679 0.957727 -0.957727 0.287679
VERTEX_POSE A717 -0.795137 -0.852526 -0.778585 0.627539 -0.627539 -0.778585
VERTEX_POSE A718 0.841742 -0.868535 -0.608346 -0.793672 0.793672 -0.608346
VERTEX_POSE A719 -0.174440 0.371981 -0.236051 -0.971741 -0.971741 0.236051
VERTEX_POSE A720 0.815229 -0.395739 -0.943357 -0.331780 -0.331780 0.943357
VERTEX_POSE A721 -0.169970 -0.418146 0.719327 0.694671 -0.694671 0.719327
VERTEX_POSE A722 -0.269261 0.298225 0.013911 -0.999903 -0.999903 -0.013911
VERTEX_POSE A723 0.678438 0.875231 0.707600 -0.706613 0.706613 0.707600
VERTEX_POSE A724 0.391872 -0.868435 0.686872 0.726778 -0.726778 0.686872
VERTEX_POSE A725 0.350284 -0.668450 0.208568 0.978008 0.978008 -0.208568
VERTEX_POSE A726 -0.622657 -0.008611 -0.882522 -0.470272 0.470272 -0.882522
VERTEX_POSE A727 0.814403 -0.537055 -0.960330 -0.278865 -0.278865 0.960330
VERTEX_POSE A728 -0.943974 0.721730 -0.787342 0.616517 0.616517 0.787342
VERTEX_POSE A729 0.292931 -0.226601 -0.919357 -0.393425 -0.393425 0.919357
VERTEX_POSE A730 -0.016043 0.109964 0.443411 0.896318 -0.896318 0.443411
VERTEX_POSE A731 0.892320 -0.847544 0.864823 -0.502077 -0.502077 -0.864823
VERTEX_POSE A732 -0.684735 -0.586667 -0.742821 -0.669490 -0.669490 0.742821
VERTEX_POSE A733 -0.419896 0.420454 -0.717629 0.696425 -0.696425 -0.717629
VERTEX_POSE A734 0.758534 0.414149 0.424273 0.905534 0.905534 -0.424273
VERTEX_POSE A735 0.454818 -0.846898 0.155112 0.987897 0.987897 -0.155112
VERTEX_POSE A736 0.707626 -0.018878 0.825105 0.564980 0.564980 -0.825105
VERTEX_POSE A737 -0.285767 -0.528322 0.950552 0.310565 -0.310565 0.950552
VERTEX_POSE A738 -0.758406 -0.703717 -0.877830 0.478973 0.478973 0.877830
VERTEX_POSE A739 0.679490 0.567323 -0.631659 0.775246 0.775246 0.631659
VERTEX_POSE A740 -0.983386 -0.472457 0.355889 -0.934528 0.934528 0.355889
VERTEX_POSE A741 -0.484739 -0.002711 -0.679626 0.733559 -0.733559 -0.679626
VERTEX_POSE A742 -0.427455 0.349599 -0.734984 0.678085 0.678085 0.734984
VERTEX_POSE A743 0.951836 -0.507410 -0.884304 -0.466911 -0.466911 0.884304
VERTEX_POSE A744 -0.920194 -0.750640 -0.953058 0.302787 0.302787 0.953058
VERTEX_POSE A745 0.024694 0.224538 0.899171 -0.437596 0.437596 0.899171
VERTEX_POSE A746 -0.792634 0.110036 -0.998746 0.050064 0.050064 0.998746
VERTEX_POSE A747 -0.832936 0.731718 -0.313951 -0.949439 0.949439 -0.313951
VERTEX_POSE A748 0.229557 0.372012 -0.999895 0.014506 -0.014506 -0.999895
VERTEX_POSE A749 -0.950893 0.241501 0.205482 0.978661 0.978661 -0.205482
VERTEX_POSE A750 -0.007376 0.103700 -0.593374 0.804927 0.804927 0.593374
VERTEX_POSE A751 0.044787 0.976272 0.886358 0.463000 0.463000 -0.886358
VERTEX_POSE A752 -0.120863 0.823355 0.194314 0.980939 0.980939 -0.194314
VERTEX_POSE A753 0.723364 -0.598075 -0.528497 0.848935 -0.848935 -0.528497
VERTEX_POSE A754 -0.276776 0.851503 0.882132 0.471002 -0.471002 0.882132
VERTEX_POSE A755 -0.728991 0.954920 0.584559 -0.811351 -0.811351 -0.584559
VERTEX_POSE A756 0.073648 -0.266525 0.075986 -0.997109 -0.997109 -0.075986
VERTEX_POSE A757 0.100567 -0.157107 0.937014 0.349292 0.349292 -0.937014
VERTEX_POSE A758 -0.914588 -0.582136 0.567064 0.823673 0.823673 -0.567064
VERTEX_POSE A759 0.129674 -0.544795 -0.022906 -0.999738 -0.999738 0.022906
VERTEX_POSE A760 -0.606502 0.616291 -0.008439 -0.999964 -0.999964 0.008439
VERTEX_POSE A761 0.069369 0.527829 -0.370165 -0.928966 -0.928966 0.370165
VERTEX_POSE A762 0.021994 -0.392339 0.942840 -0.333247 -0.333247 -0.942840
VERTEX_POSE A763 -0.291238 -0.970375 0.404435 -0.914567 -0.914567 -0.404435
VERTEX_POSE A764 0.649473 -0.051717 -0.756542 -0.653945 -0.653945 0.756542
VERTEX_POSE A765 -0.219472 -0.978189 -0.868744 -0.495261 0.495261 -0.868744
VERTEX_POSE A766 -0.836419 -0.817273 0.055276 0.998471 -0.998471 0.055276
VERTEX_POSE A767 0.357099 0.929405 -0.988879 -0.148722 -0.148722 0.988879
VERTEX_POSE A768 0.494761 -0.506511 0.204343 -0.978899 0.978899 0.204343
VERTEX_POSE A769 -0.594825 -0.520990 0.194483 -0.980906 -0.980906 -0.194483
VERTEX_POSE A770 0.036590 0.496728 0.147816 0.989015 -0.989015 0.147816
VERTEX_POSE A771 0.511374 0.021032 -0.209441 0.977821 -0.977821 -0.209441
VERTEX_POSE A772 -0.079564 0.476299 -0.940213 0.340587 0.340587 0.940213
VERTEX_POSE A773 0.609134 -0.153674 -0.086528 -0.996249 0.996249 -0.086528
VERTEX_POSE A774 0.463210 0.513621 0.237487 0.971391 -0.971391 0.237487
VERTEX_POSE A775 0.000242 0.725659 -0.357270 0.934001 0.934001 0.357270
VERTEX_POSE A776 -0.366172 -0.929136 0.868182 0.496245 -0.496245 0.868182
VERTEX_POSE A777 0.670576 -0.376343 -0.640497 0.767961 -0.767961 -0.640497
VERTEX_POSE A778 0.167306 0.457377 0.252393 -0.967625 -0.967625 -0.252393
VERTEX_POSE A779 0.863386 0.442875 0.984056 0.177858 0.177858 -0.984056
VERTEX_POSE A780 0.719684 0.865158 -0.170951 0.985279 0.985279 0.170951
VERTEX_POSE A781 -0.840069 -0.438923 -0.545989 -0.837792 -0.837792 0.545989
VERTEX_POSE A782 -0.091828 0.419148 0.975231 0.221191 -0.221191 0.975231
VERTEX_POSE A783 -0.401179 0.688512 0.935567 0.353150 0.353150 -0.935567
VERTEX_POSE A784 0.883294 -0.036999 0.490332 -0.871536 0.871536 0.490332
VERTEX_POSE A785 0.631397 0.270651 0.980892 0.194552 0.194552 -0.980892
VERTEX_POSE A786 -0.130170 0.643432 -0.959444 0.281899 0.281899 0.959444
VERTEX_POSE A787 -0.043058 0.696476 -0.833202 -0.552969 -0.552969 0.833202
VERTEX_POSE A788 -0.268036 -0.886456 0.838675 0.544631 0.544631 -0.838675
VERTEX_POSE A789 -0.044758 -0.938703 -0.668552 -0.743665 -0.743665 0.668552
VERTEX_POSE A790 -0.913384 -0.848319 0.648342 -0.761349 -0.761349 -0.648342
VERTEX_POSE A791 0.125462 0.729835 0.787704 -0.616054 -0.616054 -0.787704
VERTEX_POSE A792 -0.975388 0.589125 0.259953 0.965621 -0.965621 0.259953
VERTEX_POSE A793 0.108610 -0.240658 -0.971472 -0.237153 0.237153 -0.971472
VERTEX_POSE A794 0.834225 0.759460 0.784871 -0.619659 -0.619659 -0.784871
VERTEX_POSE A795 0.674085 -0.462592 0.782051 -0.623215 -0.623215 -0.782051
VERTEX_POSE A796 0.889138 -0.218847 0.948871 -0.315664 0.315664 0.948871
VERTEX_POSE A797 0.997805 0.942187 0.358934 0.933363 -0.933363 0.358934
VERTEX_POSE A798 0.031184 -0.533187 0.368410 -0.929663 -0.929663 -0.368410
VERTEX_POSE A799 0.383898 0.274642 -0.574815 0.818283 -0.818283 -0.574815
VERTEX_POSE A800 -0.597020 -0.578803 -0.746197 -0.665725 -0.665725 0.746197
VERTEX_POSE A801 -0.932226 0.963540 0.445582 -0.895241 -0.895241 -0.445582
VERTEX_POSE A802 -0.104727 -0.704327 0.822575 0.568657 -0.568657 0.822575
VERTEX_POSE A803 0.323416 0.897496 -0.655004 -0.755625 -0.755625 0.655004
VERTEX_POSE A804 0.676908 -0.190134 0.468149 -0.883649 -0.883649 -0.468149
VERTEX_POSE A805 -0.641517 0.809295 -0.511581 -0.859235 0.859235 -0.511581
VERTEX_POSE A806 -0.676342 0.623155 0.526591 0.850119 -0.850119 0.526591
VERTEX_POSE A807 -0.689263 -0.119270 0.232360 0.972630 0.972630 -0.232360
