VERTEX_POSE A0 -0.962016 0.201997 -0.272994 -0.962016 -0.962016 0.272994
VERTEX_POSE A1 0.272994 -0.201997 -0.137618 0.990485 -0.990485 -0.137618
VERTEX_POSE A2 -0.990485 5.270369 0.676909 -0.736066 -0.736066 -0.676909
VERTEX_POSE A3 -0.137618 0.000000 0.783145 0.621839 -0.621839 0.783145
VERTEX_POSE A4 -0.736066 0.000000 -0.479536 -0.877522 0.877522 -0.479536
VERTEX_POSE A5 -0.676909 0.000000 -0.401492 -0.915863 -0.915863 0.401492
VERTEX_POSE A6 -0.621839 0.000000 0.586730 0.809783 0.809783 -0.586730
VERTEX_POSE A7 0.783145 0.000000 0.642581 0.766218 0.766218 -0.642581
VERTEX_POSE A8 0.877522 -0.114890 0.860428 0.509571 -0.509571 0.860428
VERTEX_POSE A9 -0.479536 0.114890 0.999708 0.024164 0.024164 -0.999708
VERTEX_POSE A10 -0.915863 5.273441 0.844233 0.535977 -0.535977 0.844233
VERTEX_POSE A11 0.401492 -5.273441 0.918818 0.394680 0.394680 -0.918818
VERTEX_POSE A12 0.809783 -0.019672 -0.463195 0.886256 -0.886256 -0.463195
VERTEX_POSE A13 -0.586730 0.019672 0.981023 0.193891 0.193891 -0.981023
VERTEX_POSE A14 0.766218 5.028020 -0.000891 1.000000 1.000000 0.000891
VERTEX_POSE A15 -0.642581 -5.028020 0.973890 0.227018 0.227018 -0.973890
VERTEX_POSE A16 -0.509571 -0.028639 -0.990186 0.139753 0.139753 0.990186
VERTEX_POSE A17 0.860428 0.028639 0.554596 0.832120 -0.832120 0.554596
VERTEX_POSE A18 0.024164 4.878891 0.732894 -0.680343 -0.680343 -0.732894
VERTEX_POSE A19 -0.999708 -4.878891 -0.929289 -0.369354 -0.369354 0.929289
VERTEX_POSE A20 -0.535977 -0.010163 0.009909 0.999951 0.999951 -0.009909
VERTEX_POSE A21 0.844233 0.010163 -0.749429 0.662084 0.662084 0.749429
VERTEX_POSE A22 0.394680 5.271684 -0.071507 -0.997440 -0.997440 0.071507
VERTEX_POSE A23 -0.918818 -5.271684 -0.640490 -0.767967 0.767967 -0.640490
VERTEX_POSE A24 -0.886256 -0.052282 -0.007126 -0.999975 0.999975 -0.007126
VERTEX_POSE A25 -0.463195 0.052282 0.983866 -0.178905 -0.178905 -0.983866
VERTEX_POSE A26 0.193891 5.241226 0.811035 0.584998 0.584998 -0.811035
VERTEX_POSE A27 -0.981023 -5.241226 -0.917105 -0.398645 0.398645 -0.917105
VERTEX_POSE A28 1.000000 -0.032601 -0.735935 0.677052 0.677052 0.735935
VERTEX_POSE A29 0.000891 0.032601 -0.786642 0.617409 -0.617409 -0.786642
VERTEX_POSE A30 0.227018 5.257392 0.709161 0.705047 -0.705047 0.709161
VERTEX_POSE A31 -0.973890 -5.257392 -0.905503 0.424339 0.424339 0.905503
VERTEX_POSE A32 0.139753 -0.034976 -0.650972 0.759102 0.759102 0.650972
VERTEX_POSE A33 0.990186 0.034976 0.958129 -0.286338 -0.286338 -0.958129
VERTEX_POSE A34 -0.832120 0.000000 0.183506 -0.983019 0.983019 0.183506
VERTEX_POSE A35 0.554596 0.000000 -0.631256 0.775575 0.775575 0.631256
VERTEX_POSE A36 -0.680343 0.000000 0.372978 0.927840 0.927840 -0.372978
VERTEX_POSE A37 -0.732894 0.000000 -0.993922 0.110085 -0.110085 -0.993922
VERTEX_POSE A38 -0.369354 0.000000 0.840788 -0.541364 -0.541364 -0.840788
VERTEX_POSE A39 0.929289 0.000000 0.985810 -0.167865 0.167865 0.985810
VERTEX_POSE A40 0.999951 0.000000 -0.733419 -0.679776 -0.679776 0.733419
VERTEX_POSE A41 -0.009909 0.000000 0.308741 -0.951146 0.951146 0.308741
VERTEX_POSE A42 0.662084 0.000000 0.418458 0.908236 0.908236 -0.418458
VERTEX_POSE A43 0.749429 0.000000 -0.459179 -0.888344 0.888344 -0.459179
VERTEX_POSE A44 -0.997440 0.000000 0.837528 0.546394 -0.546394 0.837528
VERTEX_POSE A45 0.071507 0.000000 0.887342 0.461112 0.461112 -0.887342
VERTEX_POSE A46 0.767967 0.000000 -0.619245 0.785198 0.785198 0.619245
VERTEX_POSE A47 -0.640490 0.000000 -0.019667 0.999807 0.999807 0.019667
VERTEX_POSE A48 0.999975 0.000000 0.649740 -0.760157 0.760157 0.649740
VERTEX_POSE A49 -0.007126 0.000000 0.739795 -0.672833 0.672833 0.739795
VERTEX_POSE A50 -0.178905 0.000000 -0.160650 -0.987011 0.987011 -0.160650
VERTEX_POSE A51 -0.983866 0.000000 -0.757020 -0.653392 -0.653392 0.757020
VERTEX_POSE A52 0.584998 0.000000 0.162477 -0.986712 -0.986712 -0.162477
VERTEX_POSE A53 -0.811035 0.000000 -0.303567 -0.952810 0.952810 -0.303567
VERTEX_POSE A54 0.398645 0.000000 -0.134801 -0.990873 0.990873 -0.134801
VERTEX_POSE A55 -0.917105 0.000000 0.610274 -0.792190 -0.792190 -0.610274
VERTEX_POSE A56 0.677052 0.000000 -0.835106 0.550090 -0.550090 -0.835106
VERTEX_POSE A57 0.735935 0.000000 -0.829429 -0.558612 -0.558612 0.829429
VERTEX_POSE A58 -0.617409 0.000000 -0.925108 0.379705 -0.379705 -0.925108
VERTEX_POSE A59 -0.786642 0.000000 -0.578235 -0.815871 -0.815871 0.578235
VERTEX_POSE A60 -0.705047 0.000000 0.063369 0.997990 -0.997990 0.063369
VERTEX_POSE A61 0.709161 0.000000 0.997183 -0.075001 0.075001 0.997183
VERTEX_POSE A62 0.424339 0.000000 0.484516 -0.874783 0.874783 0.484516
VERTEX_POSE A63 0.905503 0.000000 -0.812104 -0.583513 0.583513 -0.812104
VERTEX_POSE A64 0.759102 0.000000 -0.113174 0.993575 -0.993575 -0.113174
VERTEX_POSE A65 0.650972 0.000000 -0.268928 -0.963160 0.963160 -0.268928
VERTEX_POSE A66 -0.286338 0.000000 0.842195 0.539173 0.539173 -0.842195
VERTEX_POSE A67 -0.958129 0.000000 -0.699137 0.714988 0.714988 0.699137
VERTEX_POSE A68 0.983019 0.000000 -0.793227 0.608926 0.608926 0.793227
VERTEX_POSE A69 0.183506 0.000000 0.312602 0.949884 -0.949884 0.312602
VERTEX_POSE A70 0.775575 0.000000 0.926204 -0.377023 -0.377023 -0.926204
VERTEX_POSE A71 0.631256 0.000000 0.888971 -0.457964 -0.457964 -0.888971
VERTEX_POSE A72 0.927840 0.000000 -0.698291 -0.715814 -0.715814 0.698291
VERTEX_POSE A73 -0.372978 0.000000 -0.538709 -0.842492 -0.842492 0.538709
VERTEX_POSE A74 -0.110085 0.000000 0.077082 -0.997025 0.997025 0.077082
VERTEX_POSE A75 -0.993922 0.000000 -0.373080 0.927799 -0.927799 -0.373080
VERTEX_POSE A76 -0.541364 0.000000 -0.903532 -0.428520 -0.428520 0.903532
VERTEX_POSE A77 -0.840788 0.000000 0.364852 0.931066 0.931066 -0.364852
VERTEX_POSE A78 0.167865 0.000000 0.962237 -0.272213 -0.272213 -0.962237
VERTEX_POSE A79 0.985810 0.000000 -0.878332 0.478052 -0.478052 -0.878332
VERTEX_POSE A80 -0.679776 0.000000 0.133447 0.991056 0.991056 -0.133447
VERTEX_POSE A81 0.733419 0.000000 0.987810 -0.155666 -0.155666 -0.987810
VERTEX_POSE A82 0.951146 0.000000 0.131162 -0.991361 0.991361 0.131162
VERTEX_POSE A83 0.308741 0.000000 0.685205 0.728351 0.728351 -0.685205
VERTEX_POSE A84 0.908236 0.000000 0.838394 0.545065 -0.545065 0.838394
VERTEX_POSE A85 -0.418458 0.000000 0.315132 0.949048 0.949048 -0.315132
VERTEX_POSE A86 0.888344 0.000000 0.561870 -0.827225 -0.827225 -0.561870
VERTEX_POSE A87 -0.459179 0.000000 -0.986718 0.162443 -0.162443 -0.986718
VERTEX_POSE A88 -0.546394 0.000000 -0.394908 0.918721 0.918721 0.394908
VERTEX_POSE A89 0.837528 0.000000 -0.994282 -0.106789 -0.106789 0.994282
VERTEX_POSE A90 0.461112 0.000000 0.973529 -0.228562 0.228562 0.973529
VERTEX_POSE A91 -0.887342 0.000000 0.999632 0.027115 0.027115 -0.999632
VERTEX_POSE A92 0.785198 0.000000 -0.992807 -0.119723 -0.119723 0.992807
VERTEX_POSE A93 0.619245 0.000000 -0.834208 -0.551450 -0.551450 0.834208
VERTEX_POSE A94 0.999807 0.000000 0.999776 0.021155 -0.021155 0.999776
VERTEX_POSE A95 0.019667 0.000000 0.980605 0.195995 -0.195995 0.980605
VERTEX_POSE A96 0.760157 0.000000 0.746713 0.665146 -0.665146 0.746713
VERTEX_POSE A97 0.649740 0.000000 0.906323 -0.422586 0.422586 0.906323
VERTEX_POSE A98 0.672833 0.000000 -0.993708 -0.112003 -0.112003 0.993708
VERTEX_POSE A99 0.739795 0.000000 -0.122110 -0.992517 -0.992517 0.122110
VERTEX_POSE A100 0.987011 0.000000 -0.360497 0.932760 0.932760 0.360497
VERTEX_POSE A101 -0.160650 0.000000 -0.753520 0.657425 0.657425 0.753520
VERTEX_POSE A102 -0.653392 0.000000 -0.762143 -0.647409 0.647409 -0.762143
VERTEX_POSE A103 0.757020 0.000000 0.365413 0.930845 -0.930845 0.365413
VERTEX_POSE A104 -0.986712 0.000000 0.957481 -0.288495 0.288495 0.957481
VERTEX_POSE A105 -0.162477 0.000000 0.758080 0.652161 -0.652161 0.758080
VERTEX_POSE A106 0.952810 0.000000 -0.728108 -0.685463 0.685463 -0.728108
VERTEX_POSE A107 -0.303567 0.000000 0.798253 0.602322 0.602322 -0.798253
VERTEX_POSE A108 0.990873 0.000000 -0.111660 0.993747 -0.993747 -0.111660
VERTEX_POSE A109 -0.134801 0.000000 0.985012 0.172486 0.172486 -0.985012
VERTEX_POSE A110 -0.792190 0.000000 -0.633553 0.773699 0.773699 0.633553
VERTEX_POSE A111 -0.610274 0.000000 -0.662815 -0.748784 0.748784 -0.662815
VERTEX_POSE A112 -0.550090 0.000000 0.636163 0.771555 -0.771555 0.636163
VERTEX_POSE A113 -0.835106 0.000000 0.208348 0.978055 0.978055 -0.208348
VERTEX_POSE A114 -0.558612 0.000000 0.734194 -0.678940 0.678940 0.734194
VERTEX_POSE A115 0.829429 0.000000 0.423944 -0.905689 -0.905689 -0.423944
VERTEX_POSE A116 -0.379705 0.000000 0.999551 0.029980 -0.029980 0.999551
VERTEX_POSE A117 -0.925108 0.000000 -0.463607 -0.886041 -0.886041 0.463607
VERTEX_POSE A118 -0.815871 0.000000 0.731299 0.682057 0.682057 -0.731299
VERTEX_POSE A119 0.578235 0.000000 0.470244 0.882536 -0.882536 0.470244
VERTEX_POSE A120 -0.997990 0.000000 -0.655609 -0.755101 -0.755101 0.655609
VERTEX_POSE A121 0.063369 0.000000 0.930564 -0.366129 -0.366129 -0.930564
VERTEX_POSE A122 0.075001 0.000000 0.626320 -0.779566 -0.779566 -0.626320
VERTEX_POSE A123 0.997183 0.000000 0.993566 0.113257 0.113257 -0.993566
VERTEX_POSE A124 0.874783 0.000000 -0.997896 -0.064832 -0.064832 0.997896
VERTEX_POSE A125 0.484516 0.000000 -0.999732 0.023151 -0.023151 -0.999732
VERTEX_POSE A126 0.583513 0.000000 -0.863303 -0.504686 0.504686 -0.863303
VERTEX_POSE A127 -0.812104 0.000000 0.554969 0.831871 -0.831871 0.554969
VERTEX_POSE A128 -0.993575 0.000000 -0.999789 0.020556 -0.020556 -0.999789
VERTEX_POSE A129 -0.113174 0.000000 0.775182 -0.631738 0.631738 0.775182
VERTEX_POSE A130 0.963160 0.000000 -0.339686 -0.940539 -0.940539 0.339686
VERTEX_POSE A131 -0.268928 0.000000 -0.866789 -0.498674 -0.498674 0.866789
VERTEX_POSE A132 0.539173 0.000000 -0.750430 -0.660950 -0.660950 0.750430
VERTEX_POSE A133 -0.842195 0.000000 -0.880313 -0.474394 0.474394 -0.880313
VERTEX_POSE A134 0.714988 0.000000 0.467328 0.884084 0.884084 -0.467328
VERTEX_POSE A135 0.699137 0.000000 0.729060 -0.684450 -0.684450 -0.729060
VERTEX_POSE A136 0.608926 0.000000 -0.957112 0.289719 -0.289719 -0.957112
VERTEX_POSE A137 0.793227 0.000000 0.039506 0.999219 -0.999219 0.039506
VERTEX_POSE A138 -0.949884 0.000000 0.993414 -0.114579 0.114579 0.993414
VERTEX_POSE A139 0.312602 0.000000 -0.958736 -0.284296 -0.284296 0.958736
VERTEX_POSE A140 -0.377023 0.000000 -0.893592 -0.448879 0.448879 -0.893592
VERTEX_POSE A141 -0.926204 0.000000 -0.010285 0.999947 -0.999947 -0.010285
VERTEX_POSE A142 -0.457964 0.000000 0.859514 -0.511112 -0.511112 -0.859514
VERTEX_POSE A143 -0.888971 0.000000 -0.290350 -0.956920 -0.956920 0.290350
VERTEX_POSE A144 -0.715814 0.000000 0.740324 -0.672250 0.672250 0.740324
VERTEX_POSE A145 0.698291 0.000000 -0.543959 0.839112 0.839112 0.543959
VERTEX_POSE A146 -0.842492 0.000000 0.835765 -0.549087 -0.549087 -0.835765
VERTEX_POSE A147 0.538709 0.000000 -0.762994 0.646405 0.646405 0.762994
VERTEX_POSE A148 0.997025 0.000000 0.982959 -0.183828 0.183828 0.982959
VERTEX_POSE A149 0.077082 0.000000 -0.650406 0.759587 0.759587 0.650406
VERTEX_POSE A150 -0.927799 0.000000 -0.753566 0.657372 0.657372 0.753566
VERTEX_POSE A151 -0.373080 0.000000 0.952765 -0.303709 0.303709 0.952765
VERTEX_POSE A152 -0.428520 0.000000 -0.979232 -0.202741 -0.202741 0.979232
VERTEX_POSE A153 0.903532 0.000000 -0.981566 0.191123 -0.191123 -0.981566
VERTEX_POSE A154 0.931066 0.000000 -0.976234 0.216718 0.216718 0.976234
VERTEX_POSE A155 -0.364852 0.000000 0.132131 -0.991232 0.991232 0.132131
VERTEX_POSE A156 -0.272213 0.000000 0.985673 -0.168669 -0.168669 -0.985673
VERTEX_POSE A157 -0.962237 0.000000 0.861806 0.507238 0.507238 -0.861806
VERTEX_POSE A158 -0.478052 0.000000 -0.998584 0.053190 -0.053190 -0.998584
VERTEX_POSE A159 -0.878332 0.000000 -0.244679 -0.969604 0.969604 -0.244679
VERTEX_POSE A160 0.991056 0.000000 0.173020 0.984918 0.984918 -0.173020
VERTEX_POSE A161 -0.133447 0.000000 0.997933 0.064266 0.064266 -0.997933
VERTEX_POSE A162 -0.155666 0.000000 -0.769749 -0.638347 0.638347 -0.769749
VERTEX_POSE A163 -0.987810 0.000000 -0.124967 0.992161 0.992161 0.124967
VERTEX_POSE A164 0.991361 0.000000 0.342468 -0.939530 0.939530 0.342468
VERTEX_POSE A165 0.131162 0.000000 0.167521 -0.985869 0.985869 0.167521
VERTEX_POSE A166 0.728351 0.000000 -0.775660 0.631151 -0.631151 -0.775660
VERTEX_POSE A167 -0.685205 0.000000 0.573304 0.819343 -0.819343 0.573304
VERTEX_POSE A168 -0.545065 0.000000 -0.878761 0.477261 -0.477261 -0.878761
VERTEX_POSE A169 0.838394 0.000000 0.994714 0.102687 0.102687 -0.994714
VERTEX_POSE A170 0.949048 0.000000 -0.818629 -0.574323 -0.574323 0.818629
VERTEX_POSE A171 -0.315132 0.000000 -0.085808 0.996312 0.996312 0.085808
VERTEX_POSE A172 -0.827225 0.000000 -0.072939 0.997336 0.997336 0.072939
VERTEX_POSE A173 -0.561870 0.000000 -0.203227 -0.979132 0.979132 -0.203227
VERTEX_POSE A174 -0.162443 0.000000 0.006589 -0.999978 0.999978 0.006589
VERTEX_POSE A175 -0.986718 0.000000 -0.728886 0.684636 0.684636 0.728886
VERTEX_POSE A176 0.918721 0.000000 -0.936589 -0.350430 0.350430 -0.936589
VERTEX_POSE A177 0.394908 0.000000 -0.776804 -0.629742 0.629742 -0.776804
VERTEX_POSE A178 -0.106789 0.000000 -0.533226 0.845973 -0.845973 -0.533226
VERTEX_POSE A179 0.994282 0.000000 -0.744326 -0.667816 0.667816 -0.744326
VERTEX_POSE A180 0.228562 0.000000 0.372991 -0.927835 0.927835 0.372991
VERTEX_POSE A181 0.973529 0.000000 -0.762909 -0.646506 0.646506 -0.762909
VERTEX_POSE A182 0.027115 0.000000 -0.160584 0.987022 0.987022 0.160584
VERTEX_POSE A183 -0.999632 0.000000 0.322890 0.946437 -0.946437 0.322890
VERTEX_POSE A184 -0.119723 0.000000 0.466094 0.884735 -0.884735 0.466094
VERTEX_POSE A185 0.992807 0.000000 -0.998525 0.054291 -0.054291 -0.998525
VERTEX_POSE A186 -0.551450 0.000000 -0.060168 0.998188 0.998188 0.060168
VERTEX_POSE A187 0.834208 0.000000 0.027575 -0.999620 0.999620 0.027575
VERTEX_POSE A188 -0.021155 0.000000 0.110454 0.993881 -0.993881 0.110454
VERTEX_POSE A189 0.999776 0.000000 -0.876949 -0.480583 -0.480583 0.876949
VERTEX_POSE A190 -0.195995 0.000000 0.958219 -0.286037 0.286037 0.958219
VERTEX_POSE A191 0.980605 0.000000 0.692027 -0.721872 0.721872 0.692027
VERTEX_POSE A192 -0.665146 0.000000 0.422759 0.906242 0.906242 -0.422759
VERTEX_POSE A193 0.746713 0.000000 0.294171 0.955753 -0.955753 0.294171
VERTEX_POSE A194 0.422586 0.000000 -0.324645 0.945836 0.945836 0.324645
VERTEX_POSE A195 0.906323 0.000000 -0.709825 0.704378 0.704378 0.709825
VERTEX_POSE A196 -0.112003 0.000000 0.359438 -0.933169 -0.933169 -0.359438
VERTEX_POSE A197 0.993708 0.000000 0.927547 0.373706 0.373706 -0.927547
VERTEX_POSE A198 -0.992517 0.000000 -0.998623 -0.052467 -0.052467 0.998623
VERTEX_POSE A199 0.122110 0.000000 -0.637750 0.770243 -0.770243 -0.637750
VERTEX_POSE A200 0.932760 0.000000 0.805794 -0.592196 0.592196 0.805794
VERTEX_POSE A201 0.360497 0.000000 -0.700599 0.713556 -0.713556 -0.700599
VERTEX_POSE A202 0.657425 0.000000 -0.792813 0.609465 -0.609465 -0.792813
VERTEX_POSE A203 0.753520 0.000000 0.714316 0.699824 0.699824 -0.714316
VERTEX_POSE A204 0.647409 0.000000 -0.401562 -0.915832 -0.915832 0.401562
VERTEX_POSE A205 -0.762143 0.000000 -0.998925 0.046355 0.046355 0.998925
VERTEX_POSE A206 -0.930845 0.000000 0.991709 0.128507 0.128507 -0.991709
VERTEX_POSE A207 0.365413 0.000000 0.836230 -0.548380 -0.548380 -0.836230
VERTEX_POSE A208 0.288495 0.000000 -0.309218 -0.950991 -0.950991 0.309218
VERTEX_POSE A209 0.957481 0.000000 0.780836 -0.624737 0.624737 0.780836
VERTEX_POSE A210 -0.652161 0.000000 0.837245 -0.546828 0.546828 0.837245
VERTEX_POSE A211 0.758080 0.000000 0.653377 0.757032 -0.757032 0.653377
VERTEX_POSE A212 0.685463 0.000000 -0.955031 -0.296506 0.296506 -0.955031
VERTEX_POSE A213 -0.728108 0.000000 -0.990495 -0.137552 -0.137552 0.990495
VERTEX_POSE A214 0.602322 0.000000 0.947297 0.320356 -0.320356 0.947297
VERTEX_POSE A215 -0.798253 0.000000 -0.913695 -0.406400 -0.406400 0.913695
VERTEX_POSE A216 -0.993747 0.000000 0.758414 -0.651773 0.651773 0.758414
VERTEX_POSE A217 -0.111660 0.000000 -0.580419 0.814318 -0.814318 -0.580419
VERTEX_POSE A218 0.172486 0.000000 -0.990042 0.140773 -0.140773 -0.990042
VERTEX_POSE A219 -0.985012 0.000000 0.622557 0.782575 0.782575 -0.622557
VERTEX_POSE A220 0.773699 0.000000 -0.715498 0.698614 -0.698614 -0.715498
VERTEX_POSE A221 0.633553 0.000000 -0.395075 0.918649 0.918649 0.395075
VERTEX_POSE A222 0.748784 0.000000 -0.598842 0.800867 -0.800867 -0.598842
VERTEX_POSE A223 -0.662815 0.000000 0.842261 0.539070 0.539070 -0.842261
VERTEX_POSE A224 -0.771555 0.000000 0.390329 0.920675 -0.920675 0.390329
VERTEX_POSE A225 0.636163 0.000000 0.820811 0.571199 0.571199 -0.820811
VERTEX_POSE A226 0.978055 0.000000 0.996459 0.084081 -0.084081 0.996459
VERTEX_POSE A227 -0.208348 0.000000 0.189015 -0.981974 0.981974 0.189015
VERTEX_POSE A228 0.678940 0.000000 0.642401 0.766369 -0.766369 0.642401
VERTEX_POSE A229 0.734194 0.000000 0.847977 0.530034 0.530034 -0.847977
VERTEX_POSE A230 -0.905689 0.000000 0.950449 0.310882 -0.310882 0.950449
VERTEX_POSE A231 -0.423944 0.000000 0.999683 0.025192 0.025192 -0.999683
VERTEX_POSE A232 -0.029980 0.000000 0.857366 -0.514707 0.514707 0.857366
VERTEX_POSE A233 0.999551 0.000000 0.694696 -0.719303 0.719303 0.694696
VERTEX_POSE A234 -0.886041 0.000000 -0.581233 -0.813737 0.813737 -0.581233
VERTEX_POSE A235 0.463607 0.000000 0.041609 0.999134 0.999134 -0.041609
VERTEX_POSE A236 0.682057 0.000000 0.208591 -0.978003 -0.978003 -0.208591
VERTEX_POSE A237 -0.731299 0.000000 0.389872 0.920869 -0.920869 0.389872
VERTEX_POSE A238 -0.882536 0.000000 0.996287 -0.086094 0.086094 0.996287
VERTEX_POSE A239 0.470244 0.000000 -0.290911 0.956750 0.956750 0.290911
VERTEX_POSE A240 -0.755101 0.000000 0.760033 -0.649884 -0.649884 -0.760033
VERTEX_POSE A241 0.655609 0.000000 0.593218 0.805042 -0.805042 0.593218
VERTEX_POSE A242 -0.366129 0.000000 0.694400 -0.719589 -0.719589 -0.694400
VERTEX_POSE A243 -0.930564 0.000000 0.993027 0.117884 -0.117884 0.993027
VERTEX_POSE A244 -0.779566 0.000000 0.901135 -0.433539 0.433539 0.901135
VERTEX_POSE A245 -0.626320 0.000000 -0.884831 0.465911 -0.465911 -0.884831
VERTEX_POSE A246 0.113257 0.000000 -0.492885 -0.870095 0.870095 -0.492885
VERTEX_POSE A247 -0.993566 0.000000 -0.872810 -0.488060 0.488060 -0.872810
VERTEX_POSE A248 -0.064832 0.000000 -0.613416 0.789760 0.789760 0.613416
VERTEX_POSE A249 0.997896 0.000000 -0.319353 0.947636 0.947636 0.319353
VERTEX_POSE A250 -0.023151 0.000000 -0.661824 -0.749659 -0.749659 0.661824
VERTEX_POSE A251 -0.999732 0.000000 0.161179 0.986925 -0.986925 0.161179
VERTEX_POSE A252 0.504686 0.000000 -0.961018 -0.276487 -0.276487 0.961018
VERTEX_POSE A253 -0.863303 0.000000 -0.118418 -0.992964 0.992964 -0.118418
VERTEX_POSE A254 -0.831871 0.000000 -0.905703 -0.423913 -0.423913 0.905703
VERTEX_POSE A255 0.554969 0.000000 0.132668 -0.991160 -0.991160 -0.132668
VERTEX_POSE A256 -0.020556 0.000000 0.879952 -0.475062 -0.475062 -0.879952
VERTEX_POSE A257 -0.999789 0.000000 0.999877 0.015680 -0.015680 0.999877
VERTEX_POSE A258 0.631738 0.000000 0.999858 0.016829 -0.016829 0.999858
VERTEX_POSE A259 0.775182 0.000000 0.746190 -0.665733 -0.665733 -0.746190
VERTEX_POSE A260 -0.940539 0.000000 -0.232934 -0.972493 0.972493 -0.232934
VERTEX_POSE A261 0.339686 0.000000 0.642400 -0.766370 0.766370 0.642400
VERTEX_POSE A262 -0.498674 0.000000 -0.143061 0.989714 0.989714 0.143061
VERTEX_POSE A263 0.866789 0.000000 0.798989 -0.601345 0.601345 0.798989
VERTEX_POSE A264 -0.660950 0.000000 0.569193 0.822204 -0.822204 0.569193
VERTEX_POSE A265 0.750430 0.000000 -0.743899 0.668292 -0.668292 -0.743899
VERTEX_POSE A266 0.474394 0.000000 -0.789315 0.613988 0.613988 0.789315
VERTEX_POSE A267 -0.880313 0.000000 0.774547 -0.632516 0.632516 0.774547
VERTEX_POSE A268 0.884084 0.000000 -0.237500 -0.971387 -0.971387 0.237500
VERTEX_POSE A269 -0.467328 0.000000 -0.963164 -0.268916 -0.268916 0.963164
VERTEX_POSE A270 -0.684450 0.000000 0.517153 -0.855893 -0.855893 -0.517153
VERTEX_POSE A271 -0.729060 0.000000 0.724480 -0.689296 0.689296 0.724480
VERTEX_POSE A272 -0.289719 1.000000 0.990855 0.134928 0.134928 -0.990855
VERTEX_POSE A273 -0.957112 0.000000 0.734972 -0.678097 -0.678097 -0.734972
VERTEX_POSE A274 -0.999219 0.000000 -0.687074 0.726588 0.726588 0.687074
VERTEX_POSE A275 0.039506 0.000000 0.424759 -0.905307 0.905307 0.424759
VERTEX_POSE A276 0.114579 1.000000 0.295957 -0.955201 -0.955201 -0.295957
VERTEX_POSE A277 0.993414 0.000000 0.972450 0.233111 0.233111 -0.972450
VERTEX_POSE A278 -0.284296 0.000000 -0.966107 -0.258143 0.258143 -0.966107
VERTEX_POSE A279 0.958736 0.000000 0.329527 0.944146 -0.944146 0.329527
VERTEX_POSE A280 0.448879 0.000000 0.268501 0.963279 0.963279 -0.268501
VERTEX_POSE A281 -0.893592 0.000000 0.343368 0.939201 -0.939201 0.343368
VERTEX_POSE A282 -0.999947 7.466227 -0.660804 -0.750558 -0.750558 0.660804
VERTEX_POSE A283 -0.010285 0.000000 0.463065 0.886324 -0.886324 0.463065
VERTEX_POSE A284 -0.511112 0.000000 0.046172 -0.998933 -0.998933 -0.046172
VERTEX_POSE A285 -0.859514 0.000000 -0.337677 -0.941262 -0.941262 0.337677
VERTEX_POSE A286 -0.956920 0.000000 -0.212169 -0.977233 0.977233 -0.212169
VERTEX_POSE A287 0.290350 0.000000 0.115739 0.993280 -0.993280 0.115739
VERTEX_POSE A288 0.672250 1.000000 0.433484 -0.901161 0.901161 0.433484
VERTEX_POSE A289 0.740324 0.000000 -0.573935 0.818901 0.818901 0.573935
VERTEX_POSE A290 0.839112 0.000000 -0.999936 0.011291 0.011291 0.999936
VERTEX_POSE A291 0.543959 0.000000 -0.955127 0.296196 0.296196 0.955127
VERTEX_POSE A292 -0.549087 1.000000 0.592166 0.805816 -0.805816 0.592166
VERTEX_POSE A293 -0.835765 0.000000 0.594936 0.803773 0.803773 -0.594936
VERTEX_POSE A294 0.646405 0.000000 -0.397451 0.917623 0.917623 0.397451
VERTEX_POSE A295 0.762994 0.000000 0.001921 -0.999998 -0.999998 -0.001921
VERTEX_POSE A296 0.183828 0.000000 0.179695 -0.983722 -0.983722 -0.179695
VERTEX_POSE A297 0.982959 0.000000 0.315857 0.948807 -0.948807 0.315857
VERTEX_POSE A298 0.759587 0.000000 0.534484 0.845179 -0.845179 0.534484
VERTEX_POSE A299 0.650406 0.000000 0.518186 -0.855268 0.855268 0.518186
VERTEX_POSE A300 0.657372 0.000000 0.597552 -0.801830 -0.801830 -0.597552
VERTEX_POSE A301 0.753566 0.000000 -0.838896 0.544292 -0.544292 -0.838896
VERTEX_POSE A302 0.303709 0.000000 0.104295 -0.994546 0.994546 0.104295
VERTEX_POSE A303 0.952765 0.000000 0.132457 0.991189 0.991189 -0.132457
VERTEX_POSE A304 -0.202741 -1.251773 -0.455741 0.890112 -0.890112 -0.455741
VERTEX_POSE A305 0.979232 0.000000 0.089483 -0.995988 -0.995988 -0.089483
VERTEX_POSE A306 -0.191123 0.000000 -0.163611 0.986525 -0.986525 -0.163611
VERTEX_POSE A307 -0.981566 0.000000 -0.726245 -0.687436 -0.687436 0.726245
VERTEX_POSE A308 0.216718 0.000000 0.988618 -0.150447 -0.150447 -0.988618
VERTEX_POSE A309 0.976234 0.000000 -0.973051 0.230592 0.230592 0.973051
VERTEX_POSE A310 0.991232 0.000000 -0.373055 0.927809 0.927809 0.373055
VERTEX_POSE A311 0.132131 0.000000 -0.405778 -0.913971 0.913971 -0.405778
VERTEX_POSE A312 -0.168669 1.000000 -0.879265 -0.476333 -0.476333 0.879265
VERTEX_POSE A313 -0.985673 0.000000 -0.807206 0.590270 0.590270 0.807206
VERTEX_POSE A314 0.507238 0.000000 0.703967 0.710232 -0.710232 0.703967
VERTEX_POSE A315 -0.861806 0.000000 0.922905 -0.385028 -0.385028 -0.922905
VERTEX_POSE A316 -0.053190 1.000000 0.899981 -0.435930 0.435930 0.899981
VERTEX_POSE A317 -0.998584 0.000000 -0.769101 -0.639128 -0.639128 0.769101
VERTEX_POSE A318 0.969604 0.000000 -0.972155 0.234338 0.234338 0.972155
VERTEX_POSE A319 -0.244679 0.000000 0.052491 0.998621 -0.998621 0.052491
VERTEX_POSE A320 0.984918 1.000000 -0.583317 0.812245 -0.812245 -0.583317
VERTEX_POSE A321 -0.173020 0.000000 -0.927300 0.374318 0.374318 0.927300
VERTEX_POSE A322 0.064266 0.000000 0.695776 -0.718259 0.718259 0.695776
VERTEX_POSE A323 -0.997933 0.000000 -0.994022 -0.109182 -0.109182 0.994022
VERTEX_POSE A324 0.638347 0.000000 0.987212 -0.159414 -0.159414 -0.987212
VERTEX_POSE A325 -0.769749 0.000000 -0.937949 0.346773 0.346773 0.937949
VERTEX_POSE A326 0.992161 8.077919 0.860890 -0.508792 -0.508792 -0.860890
VERTEX_POSE A327 0.124967 0.000000 0.344420 0.938816 0.938816 -0.344420
VERTEX_POSE A328 0.939530 0.000000 0.123463 0.992349 0.992349 -0.123463
VERTEX_POSE A329 0.342468 0.000000 -0.560507 0.828150 -0.828150 -0.560507
VERTEX_POSE A330 0.985869 0.000000 0.867330 -0.497734 -0.497734 -0.867330
VERTEX_POSE A331 0.167521 0.000000 -0.989470 0.144740 -0.144740 -0.989470
VERTEX_POSE A332 -0.631151 1.000000 0.296532 -0.955023 -0.955023 -0.296532
VERTEX_POSE A333 -0.775660 0.000000 0.645747 -0.763551 0.763551 0.645747
VERTEX_POSE A334 -0.819343 0.000000 0.781321 -0.624130 0.624130 0.781321
VERTEX_POSE A335 0.573304 0.000000 -0.998409 0.056386 -0.056386 -0.998409
VERTEX_POSE A336 -0.477261 1.000000 -0.287902 -0.957660 0.957660 -0.287902
VERTEX_POSE A337 -0.878761 0.000000 -0.497487 0.867471 0.867471 0.497487
VERTEX_POSE A338 0.102687 0.000000 -0.890202 -0.455567 -0.455567 0.890202
VERTEX_POSE A339 -0.994714 0.000000 0.638929 -0.769266 -0.769266 -0.638929
VERTEX_POSE A340 -0.574323 1.000000 -0.820486 -0.571666 -0.571666 0.820486
VERTEX_POSE A341 0.818629 0.000000 0.995798 0.091580 0.091580 -0.995798
VERTEX_POSE A342 0.996312 0.000000 -0.900078 -0.435729 -0.435729 0.900078
VERTEX_POSE A343 0.085808 0.000000 -0.909279 0.416187 -0.416187 -0.909279
VERTEX_POSE A344 0.997336 0.000000 -0.851935 0.523648 0.523648 0.851935
VERTEX_POSE A345 0.072939 0.000000 -0.391829 0.920038 -0.920038 -0.391829
VERTEX_POSE A346 0.979132 0.000000 -0.509659 0.860376 -0.860376 -0.509659
VERTEX_POSE A347 -0.203227 0.000000 0.097684 -0.995217 -0.995217 -0.097684
VERTEX_POSE A348 0.999978 -1.440297 -0.994777 -0.102074 0.102074 -0.994777
VERTEX_POSE A349 0.006589 0.000000 -0.450985 0.892531 0.892531 0.450985
VERTEX_POSE A350 0.684636 0.000000 -0.949140 -0.314853 0.314853 -0.949140
VERTEX_POSE A351 0.728886 0.000000 0.010870 -0.999941 0.999941 0.010870
VERTEX_POSE A352 0.350430 0.000000 0.520297 0.853985 0.853985 -0.520297
VERTEX_POSE A353 -0.936589 0.000000 -0.748930 0.662649 -0.662649 -0.748930
VERTEX_POSE A354 0.629742 0.000000 0.945386 0.325952 -0.325952 0.945386
VERTEX_POSE A355 -0.776804 0.000000 -0.608144 -0.793827 -0.793827 0.608144
VERTEX_POSE A356 -0.845973 1.000000 -0.912973 0.408021 -0.408021 -0.912973
VERTEX_POSE A357 -0.533226 0.000000 0.370002 -0.929031 0.929031 0.370002
VERTEX_POSE A358 0.667816 0.000000 0.300048 0.953924 0.953924 -0.300048
VERTEX_POSE A359 -0.744326 0.000000 -0.999683 -0.025187 0.025187 -0.999683
VERTEX_POSE A360 0.927835 1.000000 -0.489404 0.872057 0.872057 0.489404
VERTEX_POSE A361 0.372991 0.000000 -0.934563 -0.355798 -0.355798 0.934563
VERTEX_POSE A362 0.646506 0.000000 0.370017 0.929025 -0.929025 0.370017
VERTEX_POSE A363 -0.762909 0.000000 -0.313264 0.949666 -0.949666 -0.313264
VERTEX_POSE A364 0.987022 1.000000 0.911247 0.411861 -0.411861 0.911247
VERTEX_POSE A365 0.160584 0.000000 0.001066 0.999999 -0.999999 0.001066
VERTEX_POSE A366 -0.946437 0.000000 -0.435694 0.900095 0.900095 0.435694
VERTEX_POSE A367 0.322890 0.000000 -0.633239 -0.773956 -0.773956 0.633239
VERTEX_POSE A368 -0.884735 0.000000 0.282012 -0.959411 -0.959411 -0.282012
VERTEX_POSE A369 0.466094 0.000000 -0.980934 0.194342 0.194342 0.980934
VERTEX_POSE A370 -0.054291 7.097386 -0.269105 -0.963111 0.963111 -0.269105
VERTEX_POSE A371 -0.998525 0.000000 -0.298092 0.954537 -0.954537 -0.298092
VERTEX_POSE A372 0.998188 0.000000 -0.995311 -0.096727 0.096727 -0.995311
VERTEX_POSE A373 0.060168 0.000000 -0.839288 -0.543688 -0.543688 0.839288
VERTEX_POSE A374 0.999620 0.000000 -0.066458 -0.997789 -0.997789 0.066458
VERTEX_POSE A375 0.027575 0.000000 -0.105411 -0.994429 -0.994429 0.105411
VERTEX_POSE A376 -0.993881 1.000000 -0.985349 0.170551 0.170551 0.985349
VERTEX_POSE A377 0.110454 0.000000 0.237839 0.971305 -0.971305 0.237839
VERTEX_POSE A378 -0.480583 0.000000 0.028445 -0.999595 -0.999595 -0.028445
VERTEX_POSE A379 0.876949 0.000000 0.150262 -0.988646 0.988646 0.150262
VERTEX_POSE A380 0.286037 1.000000 0.766128 -0.642688 -0.642688 -0.766128
VERTEX_POSE A381 0.958219 0.000000 -0.955399 0.295317 -0.295317 -0.955399
VERTEX_POSE A382 0.721872 0.000000 0.161504 -0.986872 0.986872 0.161504
VERTEX_POSE A383 0.692027 0.000000 0.261422 -0.965225 -0.965225 -0.261422
VERTEX_POSE A384 0.906242 1.000000 -0.997221 -0.074505 -0.074505 0.997221
VERTEX_POSE A385 -0.422759 0.000000 0.003344 0.999994 -0.999994 0.003344
VERTEX_POSE A386 -0.955753 0.000000 0.046860 -0.998901 0.998901 0.046860
VERTEX_POSE A387 0.294171 0.000000 0.886041 0.463607 0.463607 -0.886041
VERTEX_POSE A388 0.945836 0.000000 -0.866982 0.498339 0.498339 0.866982
VERTEX_POSE A389 0.324645 0.000000 -0.604928 0.796280 0.796280 0.604928
VERTEX_POSE A390 0.704378 0.000000 -0.978004 -0.208588 0.208588 -0.978004
VERTEX_POSE A391 0.709825 0.000000 0.663305 -0.748349 0.748349 0.663305
VERTEX_POSE A392 -0.933169 0.734485 0.985274 0.170982 0.170982 -0.985274
VERTEX_POSE A393 -0.359438 0.000000 0.934016 -0.357231 0.357231 0.934016
VERTEX_POSE A394 0.373706 0.000000 -0.486522 -0.873668 0.873668 -0.486522
VERTEX_POSE A395 -0.927547 0.000000 -0.983967 -0.178351 -0.178351 0.983967
VERTEX_POSE A396 -0.052467 0.000000 -0.994036 -0.109051 -0.109051 0.994036
VERTEX_POSE A397 0.998623 0.000000 0.238616 -0.971114 -0.971114 -0.238616
VERTEX_POSE A398 -0.770243 0.000000 -0.443244 -0.896401 0.896401 -0.443244
VERTEX_POSE A399 -0.637750 0.000000 0.242398 0.970177 0.970177 -0.242398
VERTEX_POSE A400 0.592196 1.000000 0.363430 -0.931622 0.931622 0.363430
VERTEX_POSE A401 0.805794 0.000000 0.666042 -0.745915 0.745915 0.666042
VERTEX_POSE A402 -0.713556 0.000000 -0.176576 -0.984287 -0.984287 0.176576
VERTEX_POSE A403 -0.700599 0.000000 0.595343 0.803472 -0.803472 0.595343
VERTEX_POSE A404 -0.609465 1.000000 -0.701365 0.712802 -0.712802 -0.701365
VERTEX_POSE A405 -0.792813 0.000000 -0.348000 -0.937494 -0.937494 0.348000
VERTEX_POSE A406 0.699824 0.000000 -0.519935 -0.854206 -0.854206 0.519935
VERTEX_POSE A407 -0.714316 0.000000 -0.656422 -0.754394 -0.754394 0.656422
VERTEX_POSE A408 -0.915832 1.000000 0.936296 -0.351213 0.351213 0.936296
VERTEX_POSE A409 0.401562 0.000000 -0.675577 -0.737290 0.737290 -0.675577
VERTEX_POSE A410 0.046355 0.000000 0.229083 0.973407 -0.973407 0.229083
VERTEX_POSE A411 0.998925 0.000000 -0.669600 0.742722 0.742722 0.669600
VERTEX_POSE A412 0.128507 0.000000 -0.752748 -0.658308 -0.658308 0.752748
VERTEX_POSE A413 -0.991709 0.000000 0.995695 -0.092692 -0.092692 -0.995695
VERTEX_POSE A414 -0.548380 7.707121 -0.920624 -0.390450 0.390450 -0.920624
VERTEX_POSE A415 -0.836230 0.000000 -0.891195 0.453621 0.453621 0.891195
VERTEX_POSE A416 -0.950991 0.000000 0.249750 -0.968310 0.968310 0.249750
VERTEX_POSE A417 0.309218 0.000000 0.977790 -0.209589 -0.209589 -0.977790
VERTEX_POSE A418 0.624737 0.000000 0.370948 -0.928654 0.928654 0.370948
VERTEX_POSE A419 0.780836 0.000000 0.850574 0.525855 0.525855 -0.850574
VERTEX_POSE A420 0.546828 1.000000 -0.744274 -0.667874 0.667874 -0.744274
VERTEX_POSE A421 0.837245 0.000000 -0.980112 0.198447 0.198447 0.980112
VERTEX_POSE A422 -0.757032 0.000000 0.998413 0.056317 0.056317 -0.998413
VERTEX_POSE A423 0.653377 0.000000 -0.607248 -0.794513 0.794513 -0.607248
VERTEX_POSE A424 0.296506 1.000000 0.658042 0.752981 -0.752981 0.658042
VERTEX_POSE A425 -0.955031 0.000000 -0.135251 -0.990811 -0.990811 0.135251
VERTEX_POSE A426 -0.137552 0.000000 0.498472 0.866906 -0.866906 0.498472
VERTEX_POSE A427 0.990495 0.000000 -0.840932 -0.541141 -0.541141 0.840932
VERTEX_POSE A428 -0.320356 1.000000 0.639081 -0.769139 0.769139 0.639081
VERTEX_POSE A429 0.947297 0.000000 0.976039 0.217597 -0.217597 0.976039
VERTEX_POSE A430 -0.406400 0.000000 0.052384 -0.998627 0.998627 0.052384
VERTEX_POSE A431 0.913695 0.000000 -0.906170 -0.422914 -0.422914 0.906170
VERTEX_POSE A432 0.651773 0.000000 -0.570755 -0.821121 0.821121 -0.570755
VERTEX_POSE A433 0.758414 0.000000 -0.549846 0.835266 0.835266 0.549846
VERTEX_POSE A434 -0.814318 0.000000 -0.109308 -0.994008 0.994008 -0.109308
VERTEX_POSE A435 -0.580419 0.000000 -0.207029 0.978335 0.978335 0.207029
VERTEX_POSE A436 -0.140773 -1.682510 0.469911 0.882714 -0.882714 0.469911
VERTEX_POSE A437 -0.990042 0.000000 0.596237 -0.802809 0.802809 0.596237
VERTEX_POSE A438 0.782575 0.000000 -0.513437 0.858127 0.858127 0.513437
VERTEX_POSE A439 -0.622557 0.000000 -0.322484 0.946575 0.946575 0.322484
VERTEX_POSE A440 -0.698614 0.000000 -0.323158 0.946345 -0.946345 -0.323158
VERTEX_POSE A441 -0.715498 0.000000 -0.139994 -0.990152 -0.990152 0.139994
VERTEX_POSE A442 0.918649 0.000000 0.422111 0.906544 -0.906544 0.422111
VERTEX_POSE A443 0.395075 0.000000 0.508770 -0.860902 0.860902 0.508770
VERTEX_POSE A444 -0.800867 1.000000 0.994360 -0.106057 0.106057 0.994360
VERTEX_POSE A445 -0.598842 0.000000 -0.816534 -0.577298 0.577298 -0.816534
VERTEX_POSE A446 0.539070 0.000000 -0.367371 0.930075 -0.930075 -0.367371
VERTEX_POSE A447 -0.842261 0.000000 -0.337396 0.941363 0.941363 0.337396
VERTEX_POSE A448 -0.920675 1.000000 0.496255 -0.868177 -0.868177 -0.496255
VERTEX_POSE A449 0.390329 0.000000 0.874459 0.485100 0.485100 -0.874459
VERTEX_POSE A450 0.571199 0.000000 0.131371 -0.991333 0.991333 0.131371
VERTEX_POSE A451 -0.820811 0.000000 0.065922 0.997825 0.997825 -0.065922
VERTEX_POSE A452 -0.084081 1.000000 0.275972 0.961166 -0.961166 0.275972
VERTEX_POSE A453 0.996459 0.000000 -0.999684 -0.025141 -0.025141 0.999684
VERTEX_POSE A454 0.981974 0.000000 0.778337 -0.627847 -0.627847 -0.778337
VERTEX_POSE A455 0.189015 0.000000 0.964524 0.263995 0.263995 -0.964524
VERTEX_POSE A456 -0.766369 0.000000 -0.589275 -0.807932 -0.807932 0.589275
VERTEX_POSE A457 0.642401 0.000000 0.358602 0.933491 0.933491 -0.358602
VERTEX_POSE A458 0.530034 7.105243 -0.136088 -0.990697 -0.990697 0.136088
VERTEX_POSE A459 -0.847977 0.000000 -0.661191 -0.750218 -0.750218 0.661191
VERTEX_POSE A460 -0.310882 0.000000 -0.992745 -0.120241 -0.120241 0.992745
VERTEX_POSE A461 0.950449 0.000000 -0.081189 0.996699 -0.996699 -0.081189
VERTEX_POSE A462 0.025192 0.000000 -0.592448 -0.805609 -0.805609 0.592448
VERTEX_POSE A463 -0.999683 0.000000 0.719226 -0.694777 -0.694777 -0.719226
VERTEX_POSE A464 0.514707 1.000000 -0.997100 -0.076108 0.076108 -0.997100
VERTEX_POSE A465 0.857366 0.000000 0.342927 0.939362 0.939362 -0.342927
VERTEX_POSE A466 0.719303 0.000000 0.226259 -0.974067 0.974067 0.226259
VERTEX_POSE A467 0.694696 0.000000 0.805250 -0.592936 0.592936 0.805250
VERTEX_POSE A468 0.813737 1.000000 0.999835 0.018174 0.018174 -0.999835
VERTEX_POSE A469 -0.581233 0.000000 0.835654 0.549256 0.549256 -0.835654
VERTEX_POSE A470 0.999134 0.000000 -0.480912 0.876769 -0.876769 -0.480912
VERTEX_POSE A471 -0.041609 0.000000 -0.767613 0.640914 -0.640914 -0.767613
VERTEX_POSE A472 -0.978003 1.000000 -0.350128 0.936702 -0.936702 -0.350128
VERTEX_POSE A473 -0.208591 0.000000 0.190925 -0.981605 0.981605 0.190925
VERTEX_POSE A474 -0.920869 0.000000 0.769667 0.638446 0.638446 -0.769667
VERTEX_POSE A475 0.389872 0.000000 0.645613 -0.763665 -0.763665 -0.645613
VERTEX_POSE A476 0.086094 0.000000 0.074621 0.997212 0.997212 -0.074621
VERTEX_POSE A477 0.996287 0.000000 -0.953435 0.301598 0.301598 0.953435
VERTEX_POSE A478 0.956750 0.000000 -0.720723 -0.693223 -0.693223 0.720723
VERTEX_POSE A479 0.290911 0.000000 0.984931 0.172948 -0.172948 0.984931
VERTEX_POSE A480 -0.649884 -1.860639 0.665736 0.746188 0.746188 -0.665736
VERTEX_POSE A481 -0.760033 0.000000 -0.483090 -0.875570 -0.875570 0.483090
VERTEX_POSE A482 -0.805042 0.000000 -0.657926 -0.753083 0.753083 -0.657926
VERTEX_POSE A483 0.593218 0.000000 -0.992081 0.125598 0.125598 0.992081
VERTEX_POSE A484 -0.719589 0.000000 0.522529 -0.852622 -0.852622 -0.522529
VERTEX_POSE A485 -0.694400 0.000000 -0.744597 -0.667515 0.667515 -0.744597
VERTEX_POSE A486 -0.117884 0.000000 0.289630 -0.957139 0.957139 0.289630
VERTEX_POSE A487 0.993027 0.000000 0.966106 0.258144 0.258144 -0.966106
VERTEX_POSE A488 0.433539 1.000000 -0.977394 -0.211428 -0.211428 0.977394
VERTEX_POSE A489 0.901135 0.000000 0.696765 0.717300 0.717300 -0.696765
VERTEX_POSE A490 -0.465911 0.000000 -0.837499 -0.546439 0.546439 -0.837499
VERTEX_POSE A491 -0.884831 0.000000 -0.421314 0.906915 -0.906915 -0.421314
VERTEX_POSE A492 0.870095 1.000000 -0.857255 -0.514892 -0.514892 0.857255
VERTEX_POSE A493 -0.492885 0.000000 0.730724 -0.682673 0.682673 0.730724
VERTEX_POSE A494 0.488060 0.000000 -0.992235 0.124380 0.124380 0.992235
VERTEX_POSE A495 -0.872810 0.000000 0.909093 0.416594 -0.416594 0.909093
VERTEX_POSE A496 0.789760 1.000000 -0.671147 -0.741324 -0.741324 0.671147
VERTEX_POSE A497 0.613416 0.000000 0.799398 0.600802 -0.600802 0.799398
VERTEX_POSE A498 0.947636 0.000000 0.266535 -0.963825 0.963825 0.266535
VERTEX_POSE A499 0.319353 0.000000 0.981568 -0.191112 0.191112 0.981568
VERTEX_POSE A500 -0.749659 0.000000 -0.774039 -0.633138 0.633138 -0.774039
VERTEX_POSE A501 0.661824 0.000000 0.239003 -0.971019 -0.971019 -0.239003
VERTEX_POSE A502 -0.986925 7.181165 -0.850314 0.526275 0.526275 0.850314
VERTEX_POSE A503 0.161179 0.000000 0.997369 -0.072490 -0.072490 -0.997369
VERTEX_POSE A504 -0.276487 0.000000 -0.995558 0.094155 -0.094155 -0.995558
VERTEX_POSE A505 0.961018 0.000000 -0.763042 -0.646349 -0.646349 0.763042
VERTEX_POSE A506 0.992964 0.000000 0.270235 0.962794 -0.962794 0.270235
VERTEX_POSE A507 -0.118418 0.000000 -0.792306 0.610124 0.610124 0.792306
VERTEX_POSE A508 -0.423913 1.000000 0.994682 -0.102996 -0.102996 -0.994682
VERTEX_POSE A509 0.905703 0.000000 -0.770817 -0.637057 -0.637057 0.770817
VERTEX_POSE A510 -0.991160 0.000000 -0.657227 -0.753693 -0.753693 0.657227
VERTEX_POSE A511 -0.132668 0.000000 0.872847 -0.487994 -0.487994 -0.872847
VERTEX_POSE A512 -0.475062 1.000000 -0.873212 0.487341 0.487341 0.873212
VERTEX_POSE A513 -0.879952 0.000000 0.775004 0.631957 0.631957 -0.775004
VERTEX_POSE A514 -0.015680 0.000000 0.744787 0.667302 0.667302 -0.744787
VERTEX_POSE A515 0.999877 0.000000 0.986724 0.162403 0.162403 -0.986724
VERTEX_POSE A516 -0.016829 1.000000 0.951881 -0.306469 -0.306469 -0.951881
VERTEX_POSE A517 0.999858 0.000000 0.869647 -0.493674 -0.493674 -0.869647
VERTEX_POSE A518 -0.665733 0.000000 0.826714 0.562623 -0.562623 0.826714
VERTEX_POSE A519 -0.746190 0.000000 0.029670 0.999560 -0.999560 0.029670
VERTEX_POSE A520 0.972493 0.000000 0.467376 -0.884058 0.884058 0.467376
VERTEX_POSE A521 -0.232934 0.000000 -0.955158 0.296096 -0.296096 -0.955158
VERTEX_POSE A522 0.766370 0.000000 0.042720 -0.999087 -0.999087 -0.042720
VERTEX_POSE A523 0.642400 0.000000 -0.938151 -0.346227 0.346227 -0.938151
VERTEX_POSE A524 0.989714 -1.660772 0.931197 0.364517 0.364517 -0.931197
VERTEX_POSE A525 0.143061 0.000000 0.702808 -0.711380 -0.711380 -0.702808
VERTEX_POSE A526 0.601345 0.000000 -0.346359 0.938102 0.938102 0.346359
VERTEX_POSE A527 0.798989 0.000000 -0.064407 0.997924 -0.997924 -0.064407
VERTEX_POSE A528 -0.822204 0.000000 -0.959890 -0.280378 0.280378 -0.959890
VERTEX_POSE A529 0.569193 0.000000 -0.996320 -0.085711 -0.085711 0.996320
VERTEX_POSE A530 -0.668292 0.000000 0.383592 0.923503 -0.923503 0.383592
VERTEX_POSE A531 -0.743899 0.000000 0.542670 0.839946 -0.839946 0.542670
VERTEX_POSE A532 0.613988 1.000000 -0.960198 -0.279319 0.279319 -0.960198
VERTEX_POSE A533 0.789315 0.000000 0.231278 0.972888 0.972888 -0.231278
VERTEX_POSE A534 0.632516 0.000000 0.993857 -0.110672 -0.110672 -0.993857
VERTEX_POSE A535 0.774547 0.000000 0.497262 0.867601 0.867601 -0.497262
VERTEX_POSE A536 -0.971387 1.000000 0.637115 0.770769 0.770769 -0.637115
VERTEX_POSE A537 0.237500 0.000000 -0.976553 0.215279 -0.215279 -0.976553
VERTEX_POSE A538 -0.268916 0.000000 -0.806072 -0.591818 0.591818 -0.806072
VERTEX_POSE A539 0.963164 0.000000 -0.794654 -0.607062 -0.607062 0.794654
VERTEX_POSE A540 -0.855893 1.000000 0.614489 0.788925 -0.788925 0.614489
VERTEX_POSE A541 -0.517153 0.000000 -0.588430 -0.808548 0.808548 -0.588430
VERTEX_POSE A542 0.689296 0.000000 -0.709276 0.704931 -0.704931 -0.709276
VERTEX_POSE A543 0.724480 0.000000 0.416401 0.909181 0.909181 -0.416401
VERTEX_POSE A544 0.134928 0.000000 0.620342 -0.784331 -0.784331 -0.620342
VERTEX_POSE A545 -0.990855 0.000000 0.645479 0.763778 0.763778 -0.645479
VERTEX_POSE A546 -0.678097 7.110519 0.858928 -0.512096 0.512096 0.858928
VERTEX_POSE A547 -0.734972 0.000000 -0.695182 0.718834 -0.718834 -0.695182
VERTEX_POSE A548 0.726588 0.000000 0.519072 -0.854730 -0.854730 -0.519072
VERTEX_POSE A549 0.687074 0.000000 0.684858 0.728676 0.728676 -0.684858
VERTEX_POSE A550 0.905307 0.000000 0.999448 0.033212 -0.033212 0.999448
VERTEX_POSE A551 0.424759 0.000000 0.364925 0.931037 0.931037 -0.364925
VERTEX_POSE A552 -0.955201 1.000000 0.472493 0.881334 0.881334 -0.472493
VERTEX_POSE A553 -0.295957 0.000000 -0.990043 0.140762 0.140762 0.990043
VERTEX_POSE A554 0.233111 0.000000 -0.914234 -0.405186 -0.405186 0.914234
VERTEX_POSE A555 -0.972450 0.000000 0.442299 -0.896868 0.896868 0.442299
VERTEX_POSE A556 0.258143 1.000000 -0.429932 0.902861 0.902861 0.429932
VERTEX_POSE A557 -0.966107 0.000000 -0.522792 0.852460 0.852460 0.522792
VERTEX_POSE A558 -0.944146 0.000000 0.568795 -0.822480 0.822480 0.568795
VERTEX_POSE A559 0.329527 0.000000 0.907269 -0.420550 0.420550 0.907269
VERTEX_POSE A560 0.963279 1.000000 -0.671894 -0.740647 0.740647 -0.671894
VERTEX_POSE A561 -0.268501 0.000000 0.628601 -0.777728 -0.777728 -0.628601
VERTEX_POSE A562 -0.939201 0.000000 -0.496081 0.868276 0.868276 0.496081
VERTEX_POSE A563 0.343368 0.000000 -0.806590 -0.591111 -0.591111 0.806590
VERTEX_POSE A564 -0.750558 0.000000 -0.293716 0.955893 0.955893 0.293716
VERTEX_POSE A565 0.660804 0.000000 0.244980 0.969528 -0.969528 0.244980
VERTEX_POSE A566 -0.886324 0.000000 0.076786 -0.997048 0.997048 0.076786
VERTEX_POSE A567 0.463065 0.000000 -0.647703 0.761893 0.761893 0.647703
VERTEX_POSE A568 -0.998933 -1.537971 -0.931366 -0.364084 0.364084 -0.931366
VERTEX_POSE A569 -0.046172 0.000000 -0.786931 -0.617041 0.617041 -0.786931
VERTEX_POSE A570 -0.941262 0.000000 0.634505 -0.772919 -0.772919 -0.634505
VERTEX_POSE A571 0.337677 0.000000 -0.966157 -0.257953 -0.257953 0.966157
VERTEX_POSE A572 0.977233 0.000000 -0.545048 0.838405 -0.838405 -0.545048
VERTEX_POSE A573 -0.212169 0.000000 -0.923632 0.383281 0.383281 0.923632
VERTEX_POSE A574 -0.993280 0.000000 0.990157 0.139963 0.139963 -0.990157
VERTEX_POSE A575 0.115739 0.000000 -0.065915 -0.997825 0.997825 -0.065915
VERTEX_POSE A576 0.901161 1.000000 0.887798 -0.460233 -0.460233 -0.887798
VERTEX_POSE A577 0.433484 0.000000 -0.948021 -0.318206 -0.318206 0.948021
VERTEX_POSE A578 0.818901 0.000000 -0.794773 -0.606906 0.606906 -0.794773
VERTEX_POSE A579 0.573935 0.000000 -0.979018 -0.203775 -0.203775 0.979018
VERTEX_POSE A580 0.011291 1.000000 -0.442004 -0.897013 -0.897013 0.442004
VERTEX_POSE A581 0.999936 0.000000 -0.764560 0.644553 -0.644553 -0.764560
VERTEX_POSE A582 0.296196 0.000000 -0.912666 0.408705 -0.408705 -0.912666
VERTEX_POSE A583 0.955127 0.000000 0.797993 0.602667 -0.602667 0.797993
VERTEX_POSE A584 -0.805816 1.000000 0.867027 0.498261 -0.498261 0.867027
VERTEX_POSE A585 0.592166 0.000000 0.136739 0.990607 0.990607 -0.136739
VERTEX_POSE A586 0.803773 0.000000 -0.725614 -0.688102 -0.688102 0.725614
VERTEX_POSE A587 -0.594936 0.000000 -0.717078 -0.696993 0.696993 -0.717078
VERTEX_POSE A588 0.917623 0.000000 0.681350 -0.731958 -0.731958 -0.681350
VERTEX_POSE A589 0.397451 0.000000 0.002801 0.999996 -0.999996 0.002801
VERTEX_POSE A590 -0.999998 7.132335 -0.972704 -0.232049 -0.232049 0.972704
VERTEX_POSE A591 -0.001921 0.000000 -0.321472 -0.946919 0.946919 -0.321472
VERTEX_POSE A592 -0.983722 0.000000 0.930421 -0.366494 -0.366494 -0.930421
VERTEX_POSE A593 -0.179695 0.000000 -0.875834 -0.482612 0.482612 -0.875834
VERTEX_POSE A594 -0.948807 0.000000 0.984694 -0.174290 -0.174290 -0.984694
VERTEX_POSE A595 0.315857 0.000000 -0.008395 -0.999965 0.999965 -0.008395
VERTEX_POSE A596 -0.845179 1.000000 0.948169 0.317765 0.317765 -0.948169
VERTEX_POSE A597 0.534484 0.000000 0.783122 -0.621868 0.621868 0.783122
VERTEX_POSE A598 0.855268 0.000000 -0.829431 -0.558609 -0.558609 0.829431
VERTEX_POSE A599 0.518186 0.000000 0.188483 -0.982076 0.982076 0.188483
VERTEX_POSE A600 -0.801830 1.000000 -0.739478 0.673181 0.673181 0.739478
VERTEX_POSE A601 -0.597552 0.000000 0.812042 -0.583599 -0.583599 -0.812042
VERTEX_POSE A602 -0.544292 0.000000 -0.049382 -0.998780 -0.998780 0.049382
VERTEX_POSE A603 -0.838896 0.000000 -0.985935 -0.167130 0.167130 -0.985935
VERTEX_POSE A604 0.994546 1.000000 0.156250 -0.987718 0.987718 0.156250
VERTEX_POSE A605 0.104295 0.000000 -0.791012 -0.611800 0.611800 -0.791012
VERTEX_POSE A606 0.991189 0.000000 -0.916700 -0.399577 0.399577 -0.916700
VERTEX_POSE A607 -0.132457 0.000000 -0.474466 -0.880274 -0.880274 0.474466
VERTEX_POSE A608 -0.890112 0.000000 -0.759489 0.650520 -0.650520 -0.759489
VERTEX_POSE A609 -0.455741 0.000000 -0.340562 -0.940222 -0.940222 0.340562
VERTEX_POSE A610 -0.995988 0.000000 -0.805695 0.592331 0.592331 0.805695
VERTEX_POSE A611 -0.089483 0.000000 0.313237 -0.949675 -0.949675 -0.313237
VERTEX_POSE A612 -0.986525 -1.742358 0.498471 -0.866907 0.866907 0.498471
VERTEX_POSE A613 -0.163611 0.000000 -0.775630 0.631188 0.631188 0.775630
VERTEX_POSE A614 -0.687436 0.000000 -0.013519 0.999909 0.999909 0.013519
VERTEX_POSE A615 0.726245 0.000000 0.532727 0.846287 -0.846287 0.532727
VERTEX_POSE A616 -0.150447 0.000000 0.019050 0.999819 -0.999819 0.019050
VERTEX_POSE A617 -0.988618 0.000000 -0.138857 -0.990312 0.990312 -0.138857
VERTEX_POSE A618 0.230592 0.000000 0.358845 0.933397 -0.933397 0.358845
VERTEX_POSE A619 0.973051 0.000000 -0.258549 -0.965998 0.965998 -0.258549
VERTEX_POSE A620 0.927809 1.000000 0.299437 -0.954116 -0.954116 -0.299437
VERTEX_POSE A621 0.373055 0.000000 0.817396 -0.576076 0.576076 0.817396
VERTEX_POSE A622 0.913971 0.000000 0.214491 -0.976726 0.976726 0.214491
VERTEX_POSE A623 -0.405778 0.000000 0.191204 0.981550 0.981550 -0.191204
VERTEX_POSE A624 -0.476333 1.000000 0.745004 0.667060 -0.667060 0.745004
VERTEX_POSE A625 0.879265 0.000000 0.517972 -0.855397 0.855397 0.517972
VERTEX_POSE A626 0.590270 0.000000 0.677165 -0.735832 0.735832 0.677165
VERTEX_POSE A627 0.807206 0.000000 0.067215 -0.997738 0.997738 0.067215
VERTEX_POSE A628 -0.710232 1.000000 -0.146777 0.989170 0.989170 0.146777
VERTEX_POSE A629 0.703967 0.000000 0.518038 -0.855358 0.855358 0.518038
VERTEX_POSE A630 -0.385028 0.000000 0.982020 0.188777 -0.188777 0.982020
VERTEX_POSE A631 -0.922905 0.000000 -0.725659 -0.688054 -0.688054 0.725659
VERTEX_POSE A632 0.435930 0.000000 0.982278 -0.187431 -0.187431 -0.982278
VERTEX_POSE A633 0.899981 0.000000 0.043268 0.999064 -0.999064 0.043268
VERTEX_POSE A634 -0.639128 7.092461 -0.953579 0.301144 -0.301144 -0.953579
VERTEX_POSE A635 0.769101 0.000000 0.998300 -0.058282 0.058282 0.998300
VERTEX_POSE A636 0.234338 0.000000 -0.989167 -0.146795 0.146795 -0.989167
VERTEX_POSE A637 0.972155 0.000000 0.803877 0.594795 0.594795 -0.803877
VERTEX_POSE A638 -0.998621 0.000000 0.301067 -0.953603 0.953603 0.301067
VERTEX_POSE A639 0.052491 0.000000 -0.983705 -0.179788 -0.179788 0.983705
VERTEX_POSE A640 -0.812245 1.000000 0.938724 -0.344671 -0.344671 -0.938724
VERTEX_POSE A641 -0.583317 0.000000 0.950631 -0.310324 -0.310324 -0.950631
VERTEX_POSE A642 0.374318 0.000000 0.603057 -0.797698 -0.797698 -0.603057
VERTEX_POSE A643 0.927300 0.000000 0.252241 0.967664 0.967664 -0.252241
VERTEX_POSE A644 0.718259 1.000000 0.500453 -0.865764 0.865764 0.500453
VERTEX_POSE A645 0.695776 0.000000 0.828628 -0.559800 0.559800 0.828628
VERTEX_POSE A646 -0.109182 0.000000 -0.544037 -0.839061 0.839061 -0.544037
VERTEX_POSE A647 0.994022 0.000000 0.880391 -0.474249 -0.474249 -0.880391
VERTEX_POSE A648 -0.159414 0.000000 -0.069641 0.997572 0.997572 0.069641
VERTEX_POSE A649 -0.987212 0.000000 -0.941459 -0.337127 0.337127 -0.941459
VERTEX_POSE A650 0.346773 0.000000 0.715508 0.698604 -0.698604 0.715508
VERTEX_POSE A651 0.937949 0.000000 0.244261 0.969710 -0.969710 0.244261
VERTEX_POSE A652 -0.508792 0.000000 0.340103 -0.940388 0.940388 0.340103
VERTEX_POSE A653 -0.860890 0.000000 0.585979 0.810326 -0.810326 0.585979
VERTEX_POSE A654 0.938816 0.000000 0.467131 -0.884188 0.884188 0.467131
VERTEX_POSE A655 -0.344420 0.000000 -0.918929 -0.394423 0.394423 -0.918929
VERTEX_POSE A656 0.992349 66765030077826369019383162950186473975158118807626892767862905309815610529247825570960820673669678124003307498604697200456689158133492807409552762863616.000000 -0.582343 0.812943 -0.812943 -0.582343
VERTEX_POSE A657 -0.123463 0.000000 0.731392 0.681957 -0.681957 0.731392
VERTEX_POSE A658 -0.828150 0.000000 0.830149 -0.557542 -0.557542 -0.830149
VERTEX_POSE A659 -0.560507 0.000000 -0.065823 0.997831 0.997831 0.065823
VERTEX_POSE A660 -0.497734 0.000000 -0.534668 0.845062 0.845062 0.534668
VERTEX_POSE A661 -0.867330 0.000000 -0.771799 0.635867 -0.635867 -0.771799
VERTEX_POSE A662 -0.144740 0.000000 0.465825 0.884877 -0.884877 0.465825
VERTEX_POSE A663 -0.989470 0.000000 -0.438126 -0.898914 -0.898914 0.438126
VERTEX_POSE A664 -0.955023 112038534409406629164611302229223941873344008581013151018656627896158787163627610310128377775791314050078021828862477461073359487537777058708218738114614774981226481534962478312796206093554391724074487588134366988324040605696.000000 0.976364 0.216131 -0.216131 0.976364
VERTEX_POSE A665 -0.296532 0.000000 -0.106731 0.994288 0.994288 0.106731
VERTEX_POSE A666 0.763551 0.000000 -0.864510 0.502616 0.502616 0.864510
VERTEX_POSE A667 0.645747 0.000000 0.829519 0.558478 0.558478 -0.829519
VERTEX_POSE A668 0.624130 0.000000 -0.995351 0.096311 0.096311 0.995351
VERTEX_POSE A669 0.781321 0.000000 -0.715242 0.698877 -0.698877 -0.715242
VERTEX_POSE A670 -0.056386 0.000000 -0.965110 0.261846 -0.261846 -0.965110
VERTEX_POSE A671 -0.998409 0.000000 0.925481 0.378793 -0.378793 0.925481
VERTEX_POSE A672 0.957660 0.000000 0.549818 0.835285 -0.835285 0.549818
VERTEX_POSE A673 -0.287902 0.000000 -0.523898 0.851781 -0.851781 -0.523898
VERTEX_POSE A674 0.867471 17101682489511869998161366604824593297016072355396365475786152685841215411832166129474772800619208379273346499888213065041877695699899885574954980923142257713044760473475368886337266602536317839353798782780623028224.000000 0.147025 -0.989133 -0.989133 -0.147025
VERTEX_POSE A675 0.497487 0.000000 -0.540525 0.841328 0.841328 0.540525
VERTEX_POSE A676 -0.455567 0.000000 0.622880 0.782317 0.782317 -0.622880
VERTEX_POSE A677 0.890202 0.000000 0.758047 0.652200 -0.652200 0.758047
VERTEX_POSE A678 -0.769266 7.083911 -0.210541 0.977585 -0.977585 -0.210541
VERTEX_POSE A679 -0.638929 0.000000 0.589487 -0.807778 -0.807778 -0.589487
VERTEX_POSE A680 -0.571666 0.000000 -0.912915 -0.408149 0.408149 -0.912915
VERTEX_POSE A681 0.820486 0.000000 0.860904 -0.508767 0.508767 0.860904
VERTEX_POSE A682 0.091580 0.000000 0.502520 0.864566 -0.864566 0.502520
VERTEX_POSE A683 -0.995798 0.000000 0.855678 0.517509 -0.517509 0.855678
VERTEX_POSE A684 -0.435729 0.000000 0.976601 0.215058 -0.215058 0.976601
VERTEX_POSE A685 0.900078 0.000000 -0.619809 -0.784753 -0.784753 0.619809
VERTEX_POSE A686 -0.416187 65473578895910770365689724729213434500598766108190280985791734504877415700556573328387374948218980910761170781967001744844530464387084773291159522902016.000000 -0.585503 -0.810670 0.810670 -0.585503
VERTEX_POSE A687 -0.909279 0.000000 -0.888424 0.459023 0.459023 0.888424
VERTEX_POSE A688 0.523648 0.000000 -0.963380 -0.268140 -0.268140 0.963380
VERTEX_POSE A689 0.851935 0.000000 0.411415 -0.911448 -0.911448 -0.411415
VERTEX_POSE A690 -0.920038 0.000000 0.442019 0.897006 0.897006 -0.442019
VERTEX_POSE A691 -0.391829 0.000000 -0.905544 -0.424253 -0.424253 0.905544
VERTEX_POSE A692 -0.860376 0.000000 0.649286 0.760545 0.760545 -0.649286
VERTEX_POSE A693 -0.509659 0.000000 0.747546 -0.664210 0.664210 0.747546
VERTEX_POSE A694 -0.995217 0.000000 -0.898057 -0.439880 0.439880 -0.898057
VERTEX_POSE A695 -0.097684 0.000000 -0.832999 0.553274 -0.553274 -0.832999
VERTEX_POSE A696 0.102074 0.000000 0.740949 -0.671561 -0.671561 -0.740949
VERTEX_POSE A697 -0.994777 0.000000 0.875707 -0.482843 -0.482843 -0.875707
VERTEX_POSE A698 0.892531 0.000000 0.803966 0.594675 -0.594675 0.803966
VERTEX_POSE A699 0.450985 0.000000 0.278665 0.960388 -0.960388 0.278665
VERTEX_POSE A700 0.314853 0.000000 -0.760324 0.649544 -0.649544 -0.760324
VERTEX_POSE A701 -0.949140 0.000000 -0.969261 -0.246036 0.246036 -0.969261
VERTEX_POSE A702 0.999941 0.000000 -0.740133 -0.672460 0.672460 -0.740133
VERTEX_POSE A703 0.010870 0.000000 -0.911149 0.412077 -0.412077 -0.911149
VERTEX_POSE A704 0.853985 0.000000 -0.056819 0.998385 -0.998385 -0.056819
VERTEX_POSE A705 -0.520297 0.000000 0.928524 -0.371273 -0.371273 -0.928524
VERTEX_POSE A706 -0.662649 0.000000 0.669142 0.743134 -0.743134 0.669142
VERTEX_POSE A707 -0.748930 0.000000 0.956997 0.290097 0.290097 -0.956997
VERTEX_POSE A708 -0.325952 0.000000 -0.115890 0.993262 0.993262 0.115890
VERTEX_POSE A709 0.945386 0.000000 -0.364989 0.931012 0.931012 0.364989
VERTEX_POSE A710 -0.793827 3991957755570352789371150089288507880577665323663889379622819501056568688739076129087315030435675279389334589494691867670429884359957337869640224514202535984758848903152575756685066410316198066763344743936642046523181696087522979835572157355117693108224.000000 -0.991390 -0.130941 0.130941 -0.991390
VERTEX_POSE A711 0.608144 0.000000 -0.588266 0.808667 0.808667 0.588266
VERTEX_POSE A712 -0.408021 0.000000 0.971194 0.238289 -0.238289 0.971194
VERTEX_POSE A713 -0.912973 0.000000 0.141485 0.989940 -0.989940 0.141485
VERTEX_POSE A714 0.929031 0.000000 -0.896785 0.442467 -0.442467 -0.896785
VERTEX_POSE A715 0.370002 0.000000 -0.953679 -0.300826 -0.300826 0.953679
VERTEX_POSE A716 0.953924 0.000000 0.991519 0.129965 0.129965 -0.991519
VERTEX_POSE A717 -0.300048 178879621810238913128094047228647726508651629328075602062644129003187629735425741312064382185220474978097578195409197926597267919812980727190147920515422490722304.000000 0.174680 0.984625 -0.984625 0.174680
VERTEX_POSE A718 0.025187 4929769663206434556756106719243555299427331264920697598914398212614809753906777867120299571615017338617576122701945747643448804104216760760224974570994337550469578604739210972496564047081459696452671373312.000000 0.588568 -0.808448 -0.808448 -0.588568
VERTEX_POSE A719 -0.999683 254736390291291889030922121258850660424501441023379822259963935954914725725432940630493166131664627692932379993406330093364458701043890969258665463427181890508822414413552810983424.000000 -0.982914 0.184066 -0.184066 -0.982914
VERTEX_POSE A720 0.872057 0.000000 0.819945 -0.572442 0.572442 0.819945
VERTEX_POSE A721 0.489404 20501866451337168053189560792064226319547775958351486434605468436284037989645490279678039395484825527040722291151541508450190370438103211413438508882310610343659748866787619270098045783142774385055450559223531831296.000000 0.881688 0.471832 -0.471832 0.881688
VERTEX_POSE A722 -0.355798 54516411287282881103620573661049282232049455624225566907766293486944114775489419510216473978623760465169262049097688632643007058210239961430227364061010573877892109631258095084661486834624878580594535132737235168202608021438567414343105260856279040.000000 0.944611 -0.328193 -0.328193 -0.944611
VERTEX_POSE A723 0.934563 142717957228170451229169223632419449712023085313770128632411546919873682261239807686955431172197865275394498470016097032557935271454908504114485378486968050179891252175986467684330858598783887032262100137109926466652443578630334962549204381954211840.000000 -0.934016 0.357231 -0.357231 -0.934016
VERTEX_POSE A724 -0.929025 37326082801859005989069496748248859995817506404557563581920001576858235704165572148132528873585496503860804716799666858664095519149195427199110675066534175248641612044126088956210929428472691064569856.000000 -0.880574 -0.473909 0.473909 -0.880574
VERTEX_POSE A725 0.370017 11205294301008883400795894096538988166876201411612807204459531521051284459716759433769996196536972579635688237639882065049189615830993792621637670142407004869394140045708931095103724558537205296819823145047103932839059232640303185013936903934243485253632.000000 -0.670517 -0.741895 0.741895 -0.670517
VERTEX_POSE A726 -0.949666 0.000000 0.723796 0.690014 -0.690014 0.723796
VERTEX_POSE A727 -0.313264 0.000000 -0.724306 0.689479 -0.689479 -0.724306
VERTEX_POSE A728 -0.411861 0.000000 -0.814294 0.580452 0.580452 0.814294
VERTEX_POSE A729 0.911247 0.000000 -0.510890 -0.859646 0.859646 -0.510890
VERTEX_POSE A730 -0.999999 0.000000 -0.091741 0.995783 -0.995783 -0.091741
VERTEX_POSE A731 0.001066 0.000000 -0.022300 -0.999751 -0.999751 0.022300
VERTEX_POSE A732 0.900095 0.000000 -0.919594 0.392869 -0.392869 -0.919594
VERTEX_POSE A733 0.435694 0.000000 -0.273735 0.961805 0.961805 0.273735
VERTEX_POSE A734 -0.773956 0.000000 0.925878 0.377824 0.377824 -0.925878
VERTEX_POSE A735 0.633239 0.000000 -0.895613 -0.444835 0.444835 -0.895613
VERTEX_POSE A736 -0.959411 0.000000 -0.314344 -0.949309 0.949309 -0.314344
VERTEX_POSE A737 -0.282012 0.000000 -0.854739 0.519058 -0.519058 -0.854739
VERTEX_POSE A738 0.194342 0.000000 0.796449 -0.604706 -0.604706 -0.796449
VERTEX_POSE A739 0.980934 0.000000 0.993765 0.111497 0.111497 -0.993765
VERTEX_POSE A740 0.963111 0.000000 0.750105 -0.661319 -0.661319 -0.750105
VERTEX_POSE A741 -0.269105 0.000000 0.010981 0.999940 0.999940 -0.010981
VERTEX_POSE A742 -0.954537 0.000000 0.879417 0.476053 0.476053 -0.879417
VERTEX_POSE A743 -0.298092 0.000000 0.216884 0.976197 0.976197 -0.216884
VERTEX_POSE A744 0.096727 0.000000 0.254943 0.966956 0.966956 -0.254943
VERTEX_POSE A745 -0.995311 0.000000 -0.971382 -0.237523 -0.237523 0.971382
VERTEX_POSE A746 -0.543688 0.000000 -0.689991 0.723818 0.723818 0.689991
VERTEX_POSE A747 0.839288 0.000000 0.782906 0.622140 -0.622140 0.782906
VERTEX_POSE A748 -0.997789 0.000000 -0.781635 0.623737 -0.623737 -0.781635
VERTEX_POSE A749 0.066458 0.000000 0.967487 0.252920 -0.252920 0.967487
VERTEX_POSE A750 -0.994429 0.000000 0.204337 -0.978901 -0.978901 -0.204337
VERTEX_POSE A751 0.105411 0.000000 -0.563624 0.826032 -0.826032 -0.563624
VERTEX_POSE A752 0.170551 66765030077826369019383162950186473975158118807626892767862905309815610529247825570960820673669678124003307498604697200456689158133492807409552762863616.000000 -0.999990 -0.004500 0.004500 -0.999990
VERTEX_POSE A753 0.985349 0.000000 0.586542 0.809919 -0.809919 0.586542
VERTEX_POSE A754 -0.971305 0.000000 0.526619 -0.850102 -0.850102 -0.526619
VERTEX_POSE A755 0.237839 0.000000 0.112985 -0.993597 0.993597 0.112985
VERTEX_POSE A756 -0.999595 1.000000 -0.173429 0.984846 0.984846 0.173429
VERTEX_POSE A757 -0.028445 0.000000 -0.700143 -0.714003 0.714003 -0.700143
VERTEX_POSE A758 0.988646 0.000000 0.379384 0.925239 0.925239 -0.379384
VERTEX_POSE A759 0.150262 0.000000 -0.593471 -0.804856 0.804856 -0.593471
VERTEX_POSE A760 -0.642688 112038534409406629164611302229223941873344008581013151018656627896158787163627610310128377775791314050078021828862477461073359487537777058708218738114614774981226481534962478312796206093554391724074487588134366988324040605696.000000 -0.452894 -0.891565 0.891565 -0.452894
VERTEX_POSE A761 -0.766128 0.000000 0.034277 0.999412 -0.999412 0.034277
VERTEX_POSE A762 -0.295317 0.000000 -0.341645 -0.939829 -0.939829 0.341645
VERTEX_POSE A763 -0.955399 0.000000 0.178874 -0.983872 0.983872 0.178874
VERTEX_POSE A764 0.986872 0.000000 0.995858 -0.090926 -0.090926 -0.995858
VERTEX_POSE A765 0.161504 0.000000 0.999931 0.011766 -0.011766 0.999931
VERTEX_POSE A766 -0.965225 0.000000 -0.443039 0.896502 -0.896502 -0.443039
VERTEX_POSE A767 -0.261422 0.000000 -0.803006 -0.595970 -0.595970 0.803006
VERTEX_POSE A768 -0.074505 0.000000 -0.795382 0.606109 -0.606109 -0.795382
VERTEX_POSE A769 0.997221 0.000000 -0.733221 -0.679991 -0.679991 0.733221
VERTEX_POSE A770 -0.999994 0.004000 -0.616096 0.787671 0.787671 0.616096
VERTEX_POSE A771 0.003344 0.006000 -0.098772 0.995110 -0.995110 -0.098772
VERTEX_POSE A772 0.998901 0.010000 -0.406996 0.913430 -0.913430 -0.406996
VERTEX_POSE A773 0.046860 0.012000 0.786353 -0.617777 0.617777 0.786353
VERTEX_POSE A774 0.463607 0.017000 -0.474660 -0.880169 0.880169 -0.474660
VERTEX_POSE A775 -0.886041 0.020000 -0.118537 0.992950 -0.992950 -0.118537
VERTEX_POSE A776 0.498339 0.022000 0.723076 0.690769 0.690769 -0.723076
VERTEX_POSE A777 0.866982 0.025000 0.787048 0.616891 -0.616891 0.787048
VERTEX_POSE A778 0.796280 0.027000 0.999992 -0.004083 0.004083 0.999992
VERTEX_POSE A779 0.604928 0.031000 0.877575 0.479440 -0.479440 0.877575
VERTEX_POSE A780 0.208588 0.036000 0.680334 -0.732902 0.732902 0.680334
VERTEX_POSE A781 -0.978004 0.040000 0.971195 0.238288 0.238288 -0.971195
VERTEX_POSE A782 0.748349 0.044000 0.200529 -0.979688 0.979688 0.200529
VERTEX_POSE A783 0.663305 0.048000 0.814365 0.580354 0.580354 -0.814365
VERTEX_POSE A784 0.170982 0.053000 0.404320 -0.914617 -0.914617 -0.404320
VERTEX_POSE A785 -0.985274 0.059000 0.579563 0.814928 0.814928 -0.579563
VERTEX_POSE A786 0.357231 0.064000 0.686377 -0.727246 -0.727246 -0.686377
VERTEX_POSE A787 0.934016 0.068000 -0.991974 0.126442 -0.126442 -0.991974
VERTEX_POSE A788 0.873668 0.073000 0.914120 -0.405444 -0.405444 -0.914120
VERTEX_POSE A789 -0.486522 0.080000 -0.269421 -0.963022 -0.963022 0.269421
VERTEX_POSE A790 -0.178351 0.086000 -0.100942 -0.994892 0.994892 -0.100942
VERTEX_POSE A791 0.983967 0.092000 0.974127 -0.226000 0.226000 0.974127
VERTEX_POSE A792 -0.109051 0.099000 0.878100 0.478478 -0.478478 0.878100
VERTEX_POSE A793 0.994036 0.107000 -0.999622 0.027507 0.027507 0.999622
VERTEX_POSE A794 -0.971114 0.116000 -0.819105 0.573643 0.573643 0.819105
VERTEX_POSE A795 -0.238616 0.125000 -0.294942 0.955515 0.955515 0.294942
VERTEX_POSE A796 0.896401 0.131000 -0.215756 -0.976447 -0.976447 0.215756
VERTEX_POSE A797 -0.443244 0.139000 -0.896915 0.442202 0.442202 0.896915
VERTEX_POSE A798 0.970177 0.151000 -0.678557 -0.734547 -0.734547 0.678557
VERTEX_POSE A799 -0.242398 0.160000 -0.309263 -0.950977 -0.950977 0.309263
VERTEX_POSE A800 0.931622 0.172000 -0.665300 0.746576 -0.746576 -0.665300
VERTEX_POSE A801 0.363430 0.182000 -0.995018 -0.099692 0.099692 -0.995018
VERTEX_POSE A802 0.745915 0.193000 0.931273 0.364322 -0.364322 0.931273
VERTEX_POSE A803 0.666042 0.201000 0.953205 0.302326 0.302326 -0.953205
VERTEX_POSE A804 -0.984287 0.210000 0.826011 0.563654 -0.563654 0.826011
VERTEX_POSE A805 0.176576 0.219000 0.940494 0.339809 0.339809 -0.940494
VERTEX_POSE A806 -0.803472 0.230000 0.941887 0.335931 0.335931 -0.941887
VERTEX_POSE A807 0.595343 0.241000 -0.998885 -0.047212 0.047212 -0.998885
