VERTEX_POSE A0 -0.745833 0.122999 0.000000 0.654679 -0.732963 -0.745833 -0.666133 0.122999 -0.137957
VERTEX_POSE A1 -0.666133 -0.137957 0.000000 0.456770 -0.214693 -0.677033 0.545602 0.577051 0.810077
VERTEX_POSE A2 -0.677033 0.577051 0.000000 -0.056009 0.592202 -0.967752 -0.230246 0.245601 -0.772194
VERTEX_POSE A3 0.545602 0.810077 0.000000 0.843738 -0.463015 0.125352 -0.321894 -0.521913 -0.825834
VERTEX_POSE A4 -0.967752 0.245601 0.000000 0.193339 -0.709126 0.620962 0.623508 0.759622 -0.329208
VERTEX_POSE A5 -0.230246 -0.772194 0.000000 0.667158 -0.264720 0.574456 0.777910 -0.474236 0.569895
VERTEX_POSE A6 0.125352 -0.521913 0.000000 -0.713962 -0.553489 -0.661446 0.734052 0.229665 0.393467
VERTEX_POSE A7 -0.321894 -0.825834 0.000000 -0.404851 -0.010493 0.419998 -0.890344 -0.812217 -0.455167
VERTEX_POSE A8 0.620962 0.759622 0.000000 -0.738797 -0.532888 -0.548447 0.119650 -0.391645 0.837684
VERTEX_POSE A9 0.623508 -0.329208 0.000000 -0.536350 -0.507361 -0.707583 0.705920 -0.460060 -0.494227
VERTEX_POSE A10 0.574456 -0.474236 0.000000 -0.368549 0.781350 0.758054 -0.060994 0.538076 0.621106
VERTEX_POSE A11 0.777910 0.569895 0.000000 0.998355 -0.046033 0.054486 0.576112 -0.017851 -0.816074
VERTEX_POSE A12 -0.661446 0.229665 0.000000 -0.129186 -0.863142 0.579983 -0.465067 0.804320 0.196719
VERTEX_POSE A13 0.734052 0.393467 0.000000 -0.008301 0.729028 -0.592686 0.547688 0.805391 0.410556
VERTEX_POSE A14 0.419998 -0.812217 0.000000 0.837962 0.500772 0.387544 -0.825882 0.384225 -0.259125
VERTEX_POSE A15 -0.890344 -0.455167 0.000000 0.365530 -0.084200 0.732990 0.639847 0.573684 -0.763876
VERTEX_POSE A16 -0.548447 -0.391645 0.000000 0.239696 -0.119629 0.105716 0.989695 0.965075 -0.078700
VERTEX_POSE A17 0.119650 0.837684 0.000000 0.391832 -0.909614 0.532543 0.346628 0.750244 0.229021
VERTEX_POSE A18 -0.707583 -0.460060 0.000000 -0.883148 0.454605 -0.120744 -0.458609 -0.453288 -0.763552
VERTEX_POSE A19 0.705920 -0.494227 0.000000 -0.518657 0.272814 0.774126 -0.252460 -0.362937 -0.928351
VERTEX_POSE A20 0.758054 0.538076 0.000000 0.646676 0.600300 -0.728646 0.303719 -0.225577 0.739861
VERTEX_POSE A21 -0.060994 0.621106 0.000000 -0.330470 0.575320 -0.875979 -0.482077 0.351355 -0.660764
VERTEX_POSE A22 0.054486 -0.017851 0.000000 0.949882 0.183363 0.051145 0.707842 0.308398 -0.682157
VERTEX_POSE A23 0.576112 -0.816074 0.000000 -0.049327 -0.704034 0.845287 0.348410 0.532030 -0.618827
VERTEX_POSE A24 0.579983 0.804320 0.000000 0.227674 0.163800 0.214979 0.952970 -0.949710 0.254985
VERTEX_POSE A25 -0.465067 0.196719 0.000000 -0.786391 0.084356 0.615973 0.181742 -0.046556 0.979721
VERTEX_POSE A26 -0.592686 0.805391 0.000000 -0.134780 0.934271 -0.950371 -0.216164 -0.280409 0.283567
VERTEX_POSE A27 0.547688 0.410556 0.000000 -0.463875 -0.777447 -0.505980 0.626048 0.727189 -0.060329
VERTEX_POSE A28 0.387544 0.384225 0.000000 0.613646 0.789528 -0.015507 0.023698 -0.789429 0.613257
VERTEX_POSE A29 -0.825882 -0.259125 0.000000 0.830170 0.482206 0.227527 -0.751236 -0.508968 0.450690
VERTEX_POSE A30 0.732990 0.573684 0.000000 0.258430 0.302703 0.773482 0.504082 -0.578740 0.808871
VERTEX_POSE A31 0.639847 -0.763876 0.000000 -0.713749 0.022307 -0.688301 -0.207325 -0.129630 0.978018
VERTEX_POSE A32 0.105716 0.965075 0.000000 0.628630 0.739528 -0.115465 0.394786 -0.769085 0.545200
VERTEX_POSE A33 0.989695 -0.078700 0.000000 -0.911001 -0.298705 -0.285263 0.954345 -0.297827 -0.000398
VERTEX_POSE A34 0.532543 0.750244 0.000000 0.431166 -0.364090 0.845208 -0.157245 0.315784 0.917994
VERTEX_POSE A35 0.346628 0.229021 0.000000 0.807860 -0.184853 -0.523014 -0.662581 0.271697 -0.725820
VERTEX_POSE A36 -0.120744 -0.453288 0.000000 -0.308325 -0.815881 -0.488547 -0.305408 0.816246 -0.490982
VERTEX_POSE A37 -0.458609 -0.763552 0.000000 -0.380873 -0.758082 -0.001354 0.572993 -0.924626 0.311431
VERTEX_POSE A38 0.774126 -0.362937 0.000000 0.407049 0.577177 -0.602742 -0.412620 -0.686304 0.704706
VERTEX_POSE A39 -0.252460 -0.928351 0.000000 -0.447463 -0.701577 -0.132934 0.665423 0.884367 -0.254954
VERTEX_POSE A40 -0.728646 -0.225577 0.000000 -0.389760 0.269933 -0.854909 -0.461499 0.342371 -0.845077
VERTEX_POSE A41 0.303719 0.739861 0.000000 0.549602 0.448480 -0.428000 -0.573408 -0.717463 0.685616
VERTEX_POSE A42 -0.875979 0.351355 0.000000 0.618734 -0.692857 0.162482 -0.348297 0.768615 0.631378
VERTEX_POSE A43 -0.482077 -0.660764 0.000000 0.883828 0.360674 -0.466972 0.642049 -0.028018 0.676526
VERTEX_POSE A44 0.051145 0.308398 0.000000 -0.534398 0.801293 0.772210 0.592239 0.343673 -0.084744
VERTEX_POSE A45 0.707842 -0.682157 0.000000 -0.637879 0.506346 -0.662726 0.022920 0.392305 0.862026
VERTEX_POSE A46 0.845287 0.532030 0.000000 -0.050496 -0.694991 -0.443520 -0.627854 -0.894841 0.350409
VERTEX_POSE A47 0.348410 -0.618827 0.000000 0.811893 -0.414521 0.423418 0.902892 0.401929 -0.113836
VERTEX_POSE A48 0.214979 -0.949710 0.000000 -0.500766 -0.544189 0.779646 -0.621388 -0.376012 -0.563681
VERTEX_POSE A49 0.952970 0.254985 0.000000 -0.599831 0.791384 0.284632 0.348828 0.747789 0.502026
VERTEX_POSE A50 0.615973 -0.046556 0.000000 0.186459 -0.550932 0.342205 0.812545 -0.920939 0.190382
VERTEX_POSE A51 0.181742 0.979721 0.000000 0.183316 0.556383 -0.031806 -0.820635 -0.982539 0.130371
VERTEX_POSE A52 -0.950371 -0.280409 0.000000 -0.087024 0.651033 -0.801881 -0.494903 0.591112 -0.575523
VERTEX_POSE A53 -0.216164 0.283567 0.000000 -0.806036 -0.534197 0.429481 -0.231644 0.407249 -0.813004
VERTEX_POSE A54 -0.505980 0.727189 0.000000 0.178688 -0.305236 0.127990 -0.935373 -0.975545 -0.178629
VERTEX_POSE A55 0.626048 -0.060329 0.000000 -0.101936 0.952748 -0.980429 -0.047517 0.168427 0.300021
VERTEX_POSE A56 -0.015507 -0.789429 0.000000 0.818416 -0.555439 -0.549976 -0.682902 0.166498 0.474481
VERTEX_POSE A57 0.023698 0.613257 0.000000 0.916879 -0.203240 0.376376 0.726839 0.132944 -0.656047
VERTEX_POSE A58 0.227527 -0.508968 0.000000 0.067611 0.441171 0.974556 0.162916 -0.213706 0.882512
VERTEX_POSE A59 -0.751236 0.450690 0.000000 0.325753 0.710654 0.804610 -0.554724 -0.496476 -0.432727
VERTEX_POSE A60 0.773482 -0.578740 0.000000 0.374990 0.818170 -0.184249 0.526574 -0.908534 0.230905
VERTEX_POSE A61 0.504082 0.808871 0.000000 0.319197 0.920310 -0.476611 0.362150 -0.819118 0.147910
VERTEX_POSE A62 -0.688301 -0.129630 0.000000 -0.620879 0.286898 0.627603 0.739540 -0.469707 0.608909
VERTEX_POSE A63 -0.207325 0.978018 0.000000 -0.497499 -0.535527 -0.281972 0.843804 -0.820357 0.034735
VERTEX_POSE A64 -0.115465 -0.769085 0.000000 0.899481 -0.420381 -0.356934 -0.549481 0.252056 0.722046
VERTEX_POSE A65 0.394786 0.545200 0.000000 -0.914737 -0.300845 0.007220 0.655264 -0.403986 0.692908
VERTEX_POSE A66 -0.285263 -0.297827 0.000000 0.712446 -0.172271 0.568458 -0.426685 -0.411432 -0.887842
VERTEX_POSE A67 0.954345 -0.000398 0.000000 0.875933 0.482347 0.347529 -0.644027 0.334612 -0.593777
VERTEX_POSE A68 0.845208 0.315784 0.000000 -0.310714 -0.918693 0.418074 0.098302 0.853622 -0.382544
VERTEX_POSE A69 -0.157245 0.917994 0.000000 0.582489 0.555233 -0.236461 -0.583010 -0.777684 0.593141
VERTEX_POSE A70 -0.523014 0.271697 0.000000 -0.373563 0.927544 0.487340 0.206020 0.789272 0.311799
VERTEX_POSE A71 -0.662581 -0.725820 0.000000 0.955217 0.264780 0.266677 -0.963780 -0.128235 -0.031937
VERTEX_POSE A72 -0.488547 0.816246 0.000000 -0.411720 -0.089041 -0.911194 0.056144 -0.014579 -0.994444
VERTEX_POSE A73 -0.305408 -0.490982 0.000000 0.406522 0.393107 0.913607 -0.182680 0.007869 0.901163
VERTEX_POSE A74 -0.001354 -0.924626 0.000000 -0.672802 0.453996 -0.616788 0.091814 0.408547 0.886261
VERTEX_POSE A75 0.572993 0.311431 0.000000 0.368540 0.035100 -0.803779 0.514067 -0.467031 -0.857031
VERTEX_POSE A76 -0.602742 -0.686304 0.000000 0.038068 -0.605125 -0.933475 -0.305535 0.356618 -0.735168
VERTEX_POSE A77 -0.412620 0.704706 0.000000 -0.531294 0.642156 -0.793164 -0.147836 0.297688 0.752183
VERTEX_POSE A78 -0.132934 0.884367 0.000000 0.672317 -0.022495 -0.506837 0.714527 0.539542 0.699246
VERTEX_POSE A79 0.665423 -0.254954 0.000000 0.700915 0.277605 -0.679582 -0.019723 -0.216535 0.960493
VERTEX_POSE A80 -0.854909 0.342371 0.000000 -0.511191 0.855374 0.601559 0.286462 0.613849 0.431596
VERTEX_POSE A81 -0.461499 -0.845077 0.000000 0.936907 -0.098948 0.335607 0.523026 0.097839 -0.846554
VERTEX_POSE A82 -0.428000 -0.717463 0.000000 -0.124259 0.817776 -0.853276 -0.377129 -0.506438 0.434760
VERTEX_POSE A83 -0.573408 0.685616 0.000000 0.479930 0.127689 0.671779 0.582828 -0.564252 0.802501
VERTEX_POSE A84 0.162482 0.768615 0.000000 0.583498 -0.781424 -0.639089 -0.609849 -0.501094 -0.132135
VERTEX_POSE A85 -0.348297 0.631378 0.000000 -0.334447 -0.507068 0.660176 0.475475 0.672542 -0.718892
VERTEX_POSE A86 -0.466972 -0.028018 0.000000 -0.547480 0.835233 0.646230 0.461082 -0.531650 -0.299649
VERTEX_POSE A87 0.642049 0.676526 0.000000 -0.164379 0.269597 0.534689 0.832695 0.828907 -0.483670
VERTEX_POSE A88 0.772210 0.343673 0.000000 -0.626251 -0.710767 -0.644863 0.703171 -0.438134 -0.019013
VERTEX_POSE A89 0.592239 -0.084744 0.000000 -0.672896 -0.378962 0.737199 -0.414623 -0.061230 -0.827330
VERTEX_POSE A90 -0.662726 0.392305 0.000000 0.930813 -0.246194 0.053462 0.822868 0.361565 0.512129
VERTEX_POSE A91 0.022920 0.862026 0.000000 0.790574 -0.123407 0.591259 -0.101117 -0.159390 -0.987191
VERTEX_POSE A92 -0.443520 -0.894841 0.000000 -0.628790 -0.274555 -0.311473 -0.768314 0.712466 -0.578198
VERTEX_POSE A93 -0.627854 0.350409 0.000000 -0.348762 -0.641807 0.448864 0.525326 -0.822731 0.558674
VERTEX_POSE A94 0.423418 0.401929 0.000000 0.704005 -0.466157 0.430934 0.880064 0.564511 -0.090472
VERTEX_POSE A95 0.902892 -0.113836 0.000000 0.590253 -0.779232 -0.795730 -0.517799 0.135700 0.353103
VERTEX_POSE A96 0.779646 -0.376012 0.000000 -0.698479 0.146685 -0.225529 0.883773 -0.679164 -0.444330
VERTEX_POSE A97 -0.621388 -0.563681 0.000000 0.008590 0.281532 -0.977580 -0.199522 0.210390 -0.938579
VERTEX_POSE A98 0.284632 0.747789 0.000000 -0.424464 -0.481177 -0.691603 0.719037 0.584393 0.501453
VERTEX_POSE A99 0.348828 0.502026 0.000000 -0.727495 0.674511 -0.443552 -0.322640 -0.523462 -0.664033
VERTEX_POSE A100 0.342205 -0.920939 0.000000 0.186126 -0.498757 -0.980474 -0.038634 -0.063464 -0.865880
VERTEX_POSE A101 0.812545 0.190382 0.000000 -0.664652 0.206516 -0.251765 0.842932 -0.703457 -0.496807
VERTEX_POSE A102 -0.031806 -0.982539 0.000000 -0.620217 0.269012 -0.719962 -0.568149 -0.311425 0.777714
VERTEX_POSE A103 -0.820635 0.130371 0.000000 -0.309317 -0.268161 0.583430 -0.811147 0.750954 0.519740
VERTEX_POSE A104 -0.801881 0.591112 0.000000 0.635306 0.772252 0.767019 -0.630429 -0.089824 0.078653
VERTEX_POSE A105 -0.494903 -0.575523 0.000000 0.451419 0.435086 0.589762 -0.800666 0.669628 0.411865
VERTEX_POSE A106 0.429481 0.407249 0.000000 0.421972 0.264235 0.607764 -0.792257 -0.672728 -0.550008
VERTEX_POSE A107 -0.231644 -0.813004 0.000000 0.120524 0.631299 0.482646 0.637125 -0.867483 0.442191
VERTEX_POSE A108 0.127990 -0.975545 0.000000 -0.850634 0.525709 -0.133676 -0.203034 -0.508480 -0.826080
VERTEX_POSE A109 -0.935373 -0.178629 0.000000 -0.805640 -0.592331 0.414965 -0.552996 0.422786 -0.585952
VERTEX_POSE A110 -0.980429 0.168427 0.000000 0.927675 0.141408 -0.114670 -0.772893 0.355344 -0.618579
VERTEX_POSE A111 -0.047517 0.300021 0.000000 -0.497286 -0.750927 -0.575921 0.660301 0.648861 0.010565
VERTEX_POSE A112 -0.549976 0.166498 0.000000 -0.441373 0.754927 0.883364 0.270578 -0.157662 -0.597388
VERTEX_POSE A113 -0.682902 0.474481 0.000000 0.228872 -0.142538 -0.358861 -0.931905 0.904896 -0.333520
VERTEX_POSE A114 0.376376 0.132944 0.000000 0.810006 0.026780 -0.513870 0.513712 -0.282539 -0.857545
VERTEX_POSE A115 0.726839 -0.656047 0.000000 -0.983491 0.179968 -0.174235 -0.913522 -0.048871 -0.364814
VERTEX_POSE A116 0.974556 -0.213706 0.000000 0.702003 0.228825 0.552193 0.423143 -0.449750 0.876692
VERTEX_POSE A117 0.162916 0.882512 0.000000 -0.539366 -0.665560 -0.468524 0.746224 0.699692 -0.013372
VERTEX_POSE A118 0.804610 -0.496476 0.000000 -0.806799 -0.029000 0.436685 -0.702043 0.397972 0.711543
VERTEX_POSE A119 -0.554724 -0.432727 0.000000 0.208234 -0.803681 -0.811982 0.175686 -0.545274 -0.568534
VERTEX_POSE A120 -0.184249 -0.908534 0.000000 -0.961530 -0.064083 0.230943 0.337966 0.148746 -0.938974
VERTEX_POSE A121 0.526574 0.230905 0.000000 0.650135 0.541188 0.250783 -0.815419 -0.717240 0.205443
VERTEX_POSE A122 -0.476611 -0.819118 0.000000 0.853060 -0.499918 -0.432870 -0.517902 -0.291397 -0.694161
VERTEX_POSE A123 0.362150 0.147910 0.000000 0.306262 -0.901490 -0.951055 -0.275854 -0.041198 -0.333496
VERTEX_POSE A124 0.627603 -0.469707 0.000000 -0.712381 0.671275 0.241818 0.508615 -0.658814 -0.539167
VERTEX_POSE A125 0.739540 0.608909 0.000000 -0.774258 0.560673 0.618659 0.768271 -0.133363 0.308876
VERTEX_POSE A126 -0.281972 -0.820357 0.000000 0.644499 0.085278 0.670890 -0.539777 -0.366779 -0.837478
VERTEX_POSE A127 0.843804 0.034735 0.000000 0.938199 0.210178 0.246580 0.151578 0.242860 -0.965841
VERTEX_POSE A128 -0.356934 0.252056 0.000000 -0.932441 0.232781 0.028376 0.809632 -0.360207 -0.538804
VERTEX_POSE A129 -0.549481 0.722046 0.000000 0.048293 -0.694071 0.597431 0.596378 -0.800465 0.403236
VERTEX_POSE A130 0.007220 -0.403986 0.000000 -0.700839 0.224820 -0.420344 -0.896916 -0.576312 0.380785
VERTEX_POSE A131 0.655264 0.692908 0.000000 0.105716 -0.948122 -0.571898 -0.304620 0.813485 -0.090942
VERTEX_POSE A132 0.568458 -0.411432 0.000000 -0.501319 0.638779 0.793112 0.069578 0.345909 0.766238
VERTEX_POSE A133 -0.426685 -0.887842 0.000000 -0.501143 -0.425452 -0.482806 -0.585205 0.718160 -0.690309
VERTEX_POSE A134 0.347529 0.334612 0.000000 -0.260089 0.622577 0.910682 0.412237 0.320955 -0.665176
VERTEX_POSE A135 -0.644027 -0.593777 0.000000 0.075126 -0.075546 0.917313 -0.385760 -0.391015 -0.919501
VERTEX_POSE A136 0.418074 0.853622 0.000000 -0.654765 0.335738 -0.504547 0.472938 -0.562774 -0.814622
VERTEX_POSE A137 0.098302 -0.382544 0.000000 -0.460683 -0.766815 -0.402564 -0.268274 0.791020 -0.583116
VERTEX_POSE A138 -0.236461 -0.777684 0.000000 0.789561 -0.433955 0.483641 0.004801 -0.377737 -0.900922
VERTEX_POSE A139 -0.583010 0.593141 0.000000 -0.452158 -0.735837 0.836474 -0.546011 0.309620 0.400521
VERTEX_POSE A140 0.487340 0.789272 0.000000 -0.765482 -0.203788 -0.639143 0.131165 0.074380 -0.970189
VERTEX_POSE A141 0.206020 0.311799 0.000000 0.835092 0.408210 -0.549884 0.638656 0.015781 0.652290
VERTEX_POSE A142 0.266677 -0.128235 0.000000 0.539902 0.730373 0.016743 0.487660 -0.841561 0.478271
VERTEX_POSE A143 -0.963780 -0.031937 0.000000 0.160946 -0.755741 0.114510 -0.624527 0.980298 0.197030
VERTEX_POSE A144 -0.911194 -0.014579 0.000000 -0.180240 -0.981740 0.594343 -0.059424 0.783754 -0.180708
VERTEX_POSE A145 0.056144 -0.994444 0.000000 -0.432249 0.647952 0.653250 -0.254436 -0.621631 -0.717928
VERTEX_POSE A146 0.913607 0.007869 0.000000 0.763298 0.584060 0.045384 -0.474844 -0.644451 0.658330
VERTEX_POSE A147 -0.182680 0.901163 0.000000 -0.712420 -0.627651 0.701753 -0.637795 0.000948 0.446400
VERTEX_POSE A148 -0.616788 0.408547 0.000000 0.340962 -0.420413 0.116033 -0.868768 0.932889 0.261714
VERTEX_POSE A149 0.091814 0.886261 0.000000 0.172664 0.900006 0.436933 -0.434142 0.882766 0.038847
VERTEX_POSE A150 -0.803779 -0.467031 0.000000 -0.578731 -0.647918 0.569157 0.114034 0.584064 -0.753126
VERTEX_POSE A151 0.514067 -0.857031 0.000000 -0.129176 -0.329707 -0.355111 0.895939 0.925856 0.297635
VERTEX_POSE A152 -0.933475 0.356618 0.000000 0.687535 0.720837 -0.569506 0.610191 0.450509 -0.328725
VERTEX_POSE A153 -0.305535 -0.735168 0.000000 -0.149603 0.186127 -0.464143 0.853966 -0.873035 -0.485899
VERTEX_POSE A154 -0.793164 0.297688 0.000000 0.869356 0.071517 -0.310440 -0.690842 -0.384509 0.719460
VERTEX_POSE A155 -0.147836 0.752183 0.000000 0.286278 0.825669 -0.655993 -0.200899 -0.698368 0.527171
VERTEX_POSE A156 -0.506837 0.539542 0.000000 0.708461 0.264206 0.245595 -0.961620 0.661639 0.074043
VERTEX_POSE A157 0.714527 0.699246 0.000000 0.514748 0.386354 -0.459216 -0.629600 0.723986 -0.674043
VERTEX_POSE A158 -0.679582 -0.216535 0.000000 0.244270 -0.465464 -0.715116 -0.678969 -0.654936 0.567754
VERTEX_POSE A159 -0.019723 0.960493 0.000000 0.237727 -0.611518 -0.813630 0.299016 -0.530558 -0.732554
VERTEX_POSE A160 0.601559 0.613849 0.000000 -0.174720 0.784118 -0.234784 -0.620545 -0.956216 0.009091
VERTEX_POSE A161 0.286462 0.431596 0.000000 0.736636 -0.306744 -0.286330 0.665943 -0.612685 -0.680021
VERTEX_POSE A162 0.335607 0.097839 0.000000 0.933967 0.294532 0.015915 -0.600036 -0.357006 0.743779
VERTEX_POSE A163 0.523026 -0.846554 0.000000 -0.372590 -0.038244 -0.329174 -0.928733 0.867652 -0.368770
VERTEX_POSE A164 -0.853276 -0.506438 0.000000 -0.870230 0.314752 0.406298 0.893598 -0.278607 0.320022
VERTEX_POSE A165 -0.377129 0.434760 0.000000 0.053748 -0.255243 0.241423 -0.934776 0.968930 0.247071
VERTEX_POSE A166 0.671779 -0.564252 0.000000 -0.562806 0.612946 0.397937 0.788964 -0.724497 -0.042804
VERTEX_POSE A167 0.582828 0.802501 0.000000 0.388819 0.514191 -0.852285 0.515877 0.349901 0.685185
VERTEX_POSE A168 -0.639089 -0.501094 0.000000 0.304726 -0.754367 0.558797 -0.352763 0.771290 0.553615
VERTEX_POSE A169 -0.609849 -0.132135 0.000000 -0.405830 0.078729 0.386511 -0.888023 -0.828197 -0.453010
VERTEX_POSE A170 0.660176 0.672542 0.000000 0.817577 0.575200 -0.343509 0.524407 0.462135 -0.627807
VERTEX_POSE A171 0.475475 -0.718892 0.000000 -0.179954 0.390624 0.052145 -0.912694 -0.982292 -0.120012
VERTEX_POSE A172 0.646230 -0.531650 0.000000 -0.154652 -0.673250 -0.827115 0.488498 0.540336 0.555072
VERTEX_POSE A173 0.461082 -0.299649 0.000000 -0.219105 -0.569866 -0.821120 -0.330751 -0.527025 0.752234
VERTEX_POSE A174 0.534689 0.828907 0.000000 -0.246926 -0.675610 0.959593 -0.070652 0.134941 -0.733866
VERTEX_POSE A175 0.832695 -0.483670 0.000000 -0.341562 0.906188 0.750164 0.103049 -0.566205 -0.410126
VERTEX_POSE A176 -0.644863 -0.438134 0.000000 0.678227 0.719003 0.680028 -0.692382 0.278514 -0.060349
VERTEX_POSE A177 0.703171 -0.019013 0.000000 0.818036 0.293405 -0.151407 -0.719917 0.554881 -0.628993
VERTEX_POSE A178 0.737199 -0.061230 0.000000 0.789948 -0.497620 0.221020 0.776088 -0.571955 -0.387378
VERTEX_POSE A179 -0.414623 -0.827330 0.000000 -0.549749 -0.708944 -0.818063 0.563903 0.168962 0.423569
VERTEX_POSE A180 0.053462 0.361565 0.000000 -0.915112 -0.041245 -0.044620 -0.978284 -0.400723 0.203122
VERTEX_POSE A181 0.822868 0.512129 0.000000 -0.457609 -0.879544 0.769765 -0.465272 0.445034 -0.099627
VERTEX_POSE A182 0.591259 -0.159390 0.000000 -0.009273 -0.666207 -0.472397 0.660196 -0.881337 -0.346856
VERTEX_POSE A183 -0.101117 -0.987191 0.000000 0.620597 -0.407970 -0.712689 -0.649612 -0.327009 0.641533
VERTEX_POSE A184 -0.311473 0.712466 0.000000 -0.328227 -0.637856 -0.659165 0.682967 -0.676586 -0.355944
VERTEX_POSE A185 -0.768314 -0.578198 0.000000 -0.009010 -0.998184 -0.834922 -0.025272 -0.550294 0.054686
VERTEX_POSE A186 0.448864 -0.822731 0.000000 -0.748473 -0.648945 -0.545074 0.484676 0.377734 -0.586481
VERTEX_POSE A187 0.525326 0.558674 0.000000 0.108774 0.644236 0.748399 -0.554319 -0.654269 -0.526963
VERTEX_POSE A188 0.430934 0.564511 0.000000 -0.563224 -0.623216 0.247233 -0.753640 -0.788451 0.208873
VERTEX_POSE A189 0.880064 -0.090472 0.000000 0.733966 0.498586 0.330412 0.331162 -0.593398 0.801089
VERTEX_POSE A190 -0.795730 0.135700 0.000000 -0.754246 0.593016 0.624372 0.780610 0.203157 -0.197434
VERTEX_POSE A191 -0.517799 0.353103 0.000000 -0.395577 -0.714797 0.788560 -0.586242 -0.470841 -0.381295
VERTEX_POSE A192 -0.225529 -0.679164 0.000000 0.487175 -0.660668 0.529707 -0.296388 0.694313 0.689690
VERTEX_POSE A193 0.883773 -0.444330 0.000000 0.937720 0.154664 -0.145911 -0.637259 0.315263 -0.754970
VERTEX_POSE A194 -0.977580 0.210390 0.000000 -0.362451 0.700046 0.882806 0.046223 -0.298802 -0.712600
VERTEX_POSE A195 -0.199522 -0.938579 0.000000 0.392226 -0.108288 -0.807551 -0.516054 -0.440477 0.849684
VERTEX_POSE A196 -0.691603 0.584393 0.000000 0.561436 -0.771026 0.816694 0.457714 0.133418 0.442737
VERTEX_POSE A197 0.719037 0.501453 0.000000 -0.250755 -0.917728 0.398517 -0.387868 -0.882217 0.085640
VERTEX_POSE A198 -0.443552 -0.523462 0.000000 -0.421367 0.606326 0.236388 0.791367 -0.875540 -0.078141
VERTEX_POSE A199 -0.322640 -0.664033 0.000000 -0.890950 -0.225748 -0.005679 0.873147 0.454066 -0.432033
VERTEX_POSE A200 -0.980474 -0.063464 0.000000 0.784365 0.576785 -0.149325 -0.181545 0.602057 -0.796468
VERTEX_POSE A201 -0.038634 -0.865880 0.000000 0.236428 -0.603856 0.522277 0.739613 0.819346 -0.297206
VERTEX_POSE A202 -0.251765 -0.703457 0.000000 -0.675979 -0.498435 0.712779 -0.255246 -0.187082 0.828500
VERTEX_POSE A203 0.842932 -0.496807 0.000000 0.656488 -0.681636 -0.597755 -0.208815 -0.460122 -0.701262
VERTEX_POSE A204 -0.719962 -0.311425 0.000000 -0.984578 -0.114609 -0.155121 0.921267 0.080896 0.371661
VERTEX_POSE A205 -0.568149 0.777714 0.000000 0.426936 -0.050287 -0.659012 0.666399 -0.619217 -0.743898
VERTEX_POSE A206 0.583430 0.750954 0.000000 -0.205959 0.696241 -0.082524 0.687830 -0.975075 -0.205276
VERTEX_POSE A207 -0.811147 0.519740 0.000000 0.058251 -0.361084 -0.941311 -0.330359 -0.332475 0.872056
VERTEX_POSE A208 0.767019 -0.089824 0.000000 -0.740688 -0.548655 -0.372779 -0.144548 -0.558943 0.823459
VERTEX_POSE A209 -0.630429 0.078653 0.000000 -0.827482 -0.429037 0.310812 -0.887244 -0.467621 0.169483
VERTEX_POSE A210 0.589762 0.669628 0.000000 -0.255568 0.771696 0.799573 0.507341 0.543477 -0.383523
VERTEX_POSE A211 -0.800666 0.411865 0.000000 0.225492 0.732226 0.327938 0.564099 -0.917393 0.381626
VERTEX_POSE A212 0.607764 -0.672728 0.000000 -0.763401 0.264711 -0.167355 0.799961 -0.623868 -0.538508
VERTEX_POSE A213 -0.792257 -0.550008 0.000000 -0.816596 0.319774 -0.570706 -0.322678 -0.086402 -0.890855
VERTEX_POSE A214 0.482646 -0.867483 0.000000 -0.815799 -0.333208 -0.351396 -0.363584 0.459339 -0.869931
VERTEX_POSE A215 0.637125 0.442191 0.000000 -0.369698 0.825706 -0.622094 0.120642 -0.690161 -0.551049
VERTEX_POSE A216 -0.133676 -0.508480 0.000000 -0.670775 0.721215 0.159097 0.367681 -0.724396 -0.587077
VERTEX_POSE A217 -0.203034 -0.826080 0.000000 -0.900160 -0.367669 0.006255 0.525170 0.435515 -0.767474
VERTEX_POSE A218 0.414965 0.422786 0.000000 0.084720 0.930422 -0.857144 -0.114413 0.508062 -0.348173
VERTEX_POSE A219 -0.552996 -0.585952 0.000000 0.286362 -0.156775 -0.692235 -0.715914 0.662425 -0.680359
VERTEX_POSE A220 -0.114670 0.355344 0.000000 0.024976 -0.229526 0.786797 -0.595905 0.616706 0.769555
VERTEX_POSE A221 -0.772893 -0.618579 0.000000 0.725831 0.510087 -0.429540 -0.187925 -0.537276 0.839342
VERTEX_POSE A222 -0.575921 0.648861 0.000000 -0.287645 -0.093708 -0.727905 -0.625384 -0.622427 0.774670
VERTEX_POSE A223 0.660301 0.010565 0.000000 -0.705351 -0.468920 0.505844 0.192396 0.496590 -0.862031
VERTEX_POSE A224 0.883364 -0.157662 0.000000 0.666833 -0.226106 0.659208 -0.265394 0.347531 0.937253
VERTEX_POSE A225 0.270578 -0.597388 0.000000 0.467292 -0.730097 0.561914 0.680659 0.682562 -0.060513
VERTEX_POSE A226 -0.358861 0.904896 0.000000 -0.566302 0.126525 0.786480 -0.212550 -0.246477 -0.968924
VERTEX_POSE A227 -0.931905 -0.333520 0.000000 -0.685921 -0.723695 0.181316 -0.068810 0.704725 -0.686681
VERTEX_POSE A228 -0.513870 -0.282539 0.000000 0.559083 -0.696580 0.815825 0.365486 -0.147833 -0.617411
VERTEX_POSE A229 0.513712 -0.857545 0.000000 0.511581 0.694311 0.850012 -0.495033 -0.125557 -0.522374
VERTEX_POSE A230 -0.174235 -0.048871 0.000000 -0.356050 0.605867 0.710431 0.670088 -0.607055 0.428844
VERTEX_POSE A231 -0.913522 -0.364814 0.000000 0.598713 0.201655 0.763289 0.149679 0.242762 -0.967952
VERTEX_POSE A232 0.552193 -0.449750 0.000000 0.375353 0.915659 0.322927 0.016233 0.868808 -0.401628
VERTEX_POSE A233 0.423143 0.876692 0.000000 0.771421 0.439105 -0.636123 0.513937 -0.016023 0.736923
VERTEX_POSE A234 -0.468524 0.699692 0.000000 0.950760 -0.230517 -0.289279 -0.420126 -0.111237 -0.877700
VERTEX_POSE A235 0.746224 -0.013372 0.000000 -0.769402 0.275849 -0.638608 -0.352185 0.014166 -0.894356
VERTEX_POSE A236 0.436685 0.397972 0.000000 0.582474 -0.528474 -0.233381 -0.836544 -0.778625 -0.144599
VERTEX_POSE A237 -0.702043 0.711543 0.000000 -0.558728 -0.499855 -0.055061 0.818559 0.827521 -0.283029
VERTEX_POSE A238 -0.811982 -0.545274 0.000000 0.892009 0.380556 0.426271 -0.887733 0.150376 0.259051
VERTEX_POSE A239 0.175686 -0.568534 0.000000 0.921029 0.070065 -0.381650 -0.034081 0.077775 -0.996960
VERTEX_POSE A240 0.230943 0.148746 0.000000 0.961358 -0.088731 -0.162962 -0.946383 0.221886 -0.310621
VERTEX_POSE A241 0.337966 -0.938974 0.000000 0.472907 -0.720791 -0.871534 -0.298081 0.129564 0.625786
VERTEX_POSE A242 0.250783 -0.717240 0.000000 -0.958675 0.283307 0.272745 0.941257 -0.080948 -0.183775
VERTEX_POSE A243 -0.815419 0.205443 0.000000 -0.094843 0.725481 0.882215 0.378493 -0.461196 0.574822
VERTEX_POSE A244 -0.432870 -0.291397 0.000000 0.510686 -0.859455 0.292184 0.198836 0.808597 0.470958
VERTEX_POSE A245 -0.517902 -0.694161 0.000000 0.219437 -0.902714 0.782059 0.389535 -0.583293 0.182672
VERTEX_POSE A246 -0.951055 -0.041198 0.000000 0.836420 0.506215 -0.198503 0.637117 -0.510880 0.581230
VERTEX_POSE A247 -0.275854 -0.333496 0.000000 0.169775 -0.149748 -0.692071 -0.721765 0.701580 -0.675745
VERTEX_POSE A248 0.241818 -0.658814 0.000000 0.318844 0.033346 -0.240483 -0.963831 -0.916792 0.264419
VERTEX_POSE A249 0.508615 -0.539167 0.000000 -0.684513 -0.025208 0.379055 0.841369 0.622703 -0.539874
VERTEX_POSE A250 0.618659 -0.133363 0.000000 -0.827575 -0.414256 0.199245 0.414143 0.524805 -0.810480
VERTEX_POSE A251 0.768271 0.308876 0.000000 0.701147 -0.461405 0.488906 -0.243832 0.519003 0.853025
VERTEX_POSE A252 0.670890 -0.366779 0.000000 0.138390 -0.735438 -0.781817 -0.492262 0.607956 -0.465628
VERTEX_POSE A253 -0.539777 -0.837478 0.000000 -0.192746 -0.782204 -0.852659 0.432319 -0.485614 -0.448617
VERTEX_POSE A254 0.246580 0.242860 0.000000 0.478778 -0.823163 -0.490576 0.037497 0.728084 0.566566
VERTEX_POSE A255 0.151578 -0.965841 0.000000 0.282986 0.945512 -0.873680 0.184850 -0.395731 0.268027
VERTEX_POSE A256 0.028376 -0.360207 0.000000 -0.190536 -0.817957 0.685458 0.284971 -0.702740 0.499738
VERTEX_POSE A257 0.809632 -0.538804 0.000000 0.706951 0.667277 0.702994 -0.626594 -0.077588 0.402644
VERTEX_POSE A258 0.597431 -0.800465 0.000000 0.452720 -0.748764 -0.058715 0.516764 -0.889718 -0.415100
VERTEX_POSE A259 0.596378 0.403236 0.000000 0.702571 -0.076343 0.653801 0.461790 -0.280958 0.883698
VERTEX_POSE A260 -0.420344 -0.576312 0.000000 -0.843648 -0.360981 -0.432733 0.019012 -0.317804 0.932380
VERTEX_POSE A261 -0.896916 0.380785 0.000000 0.393250 0.875941 -0.781686 0.478529 0.484068 0.061138
VERTEX_POSE A262 -0.571898 0.813485 0.000000 -0.577007 -0.569066 -0.430859 -0.397294 -0.693847 0.719946
VERTEX_POSE A263 -0.304620 -0.090942 0.000000 -0.333252 0.935499 0.818439 0.348853 0.468082 0.056062
VERTEX_POSE A264 0.793112 0.345909 0.000000 0.511432 -0.386858 -0.031509 -0.900775 -0.858746 -0.197345
VERTEX_POSE A265 0.069578 0.766238 0.000000 -0.516962 0.803818 -0.349684 -0.512143 0.781327 0.302633
VERTEX_POSE A266 -0.482806 0.718160 0.000000 0.967080 0.251307 -0.253444 0.937040 0.022876 -0.242488
VERTEX_POSE A267 -0.585205 -0.690309 0.000000 0.665941 -0.460094 -0.514726 -0.853158 0.539982 -0.245836
VERTEX_POSE A268 0.910682 0.320955 0.000000 -0.093476 -0.490605 -0.914054 -0.302652 0.394673 -0.817134
VERTEX_POSE A269 0.412237 -0.665176 0.000000 -0.528919 -0.574406 0.831147 -0.499422 0.171578 0.648564
VERTEX_POSE A270 0.917313 -0.391015 0.000000 -0.120073 0.493350 0.685309 -0.586667 0.718286 0.642205
VERTEX_POSE A271 -0.385760 -0.919501 0.000000 0.670499 -0.620858 0.615308 0.159480 -0.414520 -0.767529
VERTEX_POSE A272 -0.504547 -0.562774 0.000000 -0.778478 0.476637 -0.055678 0.595652 0.625197 0.646542
VERTEX_POSE A273 0.472938 -0.814622 0.000000 0.476722 0.641090 0.521201 0.344825 0.707874 -0.685638
VERTEX_POSE A274 -0.402564 0.791020 0.000000 0.876764 -0.480139 -0.118870 -0.161117 -0.465999 -0.862269
VERTEX_POSE A275 -0.268274 -0.583116 0.000000 -0.031598 0.884036 0.169285 0.464575 0.985060 -0.051481
VERTEX_POSE A276 0.483641 -0.377737 0.000000 0.378683 -0.429480 -0.299502 0.781288 -0.875727 -0.452920
VERTEX_POSE A277 0.004801 -0.900922 0.000000 0.459354 -0.799684 -0.254424 -0.535511 -0.851036 -0.271541
VERTEX_POSE A278 0.836474 0.309620 0.000000 -0.125946 -0.634018 -0.609012 -0.557714 -0.783097 0.535702
VERTEX_POSE A279 -0.546011 0.400521 0.000000 -0.026914 -0.978358 0.619110 0.144821 -0.784843 0.147790
VERTEX_POSE A280 -0.639143 0.074380 0.000000 0.847068 0.508626 0.172206 -0.537120 -0.502813 0.672905
VERTEX_POSE A281 0.131165 -0.970189 0.000000 -0.627179 -0.256085 0.525685 0.557684 -0.574719 0.789563
VERTEX_POSE A282 -0.549884 0.015781 0.000000 0.643810 0.525240 -0.464843 -0.309171 -0.607807 0.792803
VERTEX_POSE A283 0.638656 0.652290 0.000000 0.124701 -0.100201 0.842092 -0.515455 -0.524719 -0.851038
VERTEX_POSE A284 0.016743 -0.841561 0.000000 -0.544564 0.777160 0.222270 0.496319 0.808731 0.386898
VERTEX_POSE A285 0.487660 0.478271 0.000000 0.937213 -0.348474 0.106404 0.247237 0.332131 0.904124
VERTEX_POSE A286 0.114510 0.980298 0.000000 0.652253 0.514134 0.682070 -0.077534 0.330675 -0.854198
VERTEX_POSE A287 -0.624527 0.197030 0.000000 0.103253 0.749373 -0.542503 -0.508717 0.833684 -0.423848
VERTEX_POSE A288 0.594343 0.783754 0.000000 -0.218184 -0.309675 -0.482886 0.858349 0.848067 0.409070
VERTEX_POSE A289 -0.059424 -0.180708 0.000000 0.499647 -0.647265 0.864659 0.412665 0.052130 -0.640902
VERTEX_POSE A290 0.653250 -0.621631 0.000000 0.456690 -0.627978 -0.234461 0.598317 0.858174 0.497654
VERTEX_POSE A291 -0.254436 -0.717928 0.000000 -0.852305 0.521973 -0.192462 -0.253460 0.486348 0.814434
VERTEX_POSE A292 0.045384 -0.644451 0.000000 0.374034 0.721791 0.268676 0.516653 -0.887644 0.460530
VERTEX_POSE A293 -0.474844 0.658330 0.000000 0.664929 0.562372 0.366418 0.327853 0.650851 -0.759112
VERTEX_POSE A294 0.701753 0.000948 0.000000 -0.501463 -0.862893 -0.821484 0.497677 0.271477 -0.087945
VERTEX_POSE A295 -0.637795 0.446400 0.000000 -0.918222 0.395982 0.122383 0.264007 0.376685 0.879488
VERTEX_POSE A296 0.116033 0.932889 0.000000 0.104283 -0.700686 0.992829 0.115045 -0.058441 0.704133
VERTEX_POSE A297 -0.868768 0.261714 0.000000 -0.828587 0.297989 -0.077607 -0.899544 0.554455 0.319411
VERTEX_POSE A298 0.436933 0.882766 0.000000 -0.822969 0.333434 0.359100 -0.322018 0.440192 0.886073
VERTEX_POSE A299 -0.434142 0.038847 0.000000 -0.927039 0.221562 -0.043743 -0.865148 0.372405 0.449921
VERTEX_POSE A300 0.569157 0.584064 0.000000 0.316614 0.643055 -0.661870 0.676359 0.679473 0.359192
VERTEX_POSE A301 0.114034 -0.753126 0.000000 -0.869051 -0.020813 0.316086 0.745234 0.380577 -0.666478
VERTEX_POSE A302 -0.355111 0.925856 0.000000 -0.145244 0.423786 -0.318622 -0.875519 0.936688 -0.232103
VERTEX_POSE A303 0.895939 0.297635 0.000000 -0.420658 0.830931 -0.650772 0.003284 0.632094 0.556365
VERTEX_POSE A304 -0.569506 0.450509 0.000000 -0.289415 0.557068 0.195387 -0.761705 0.937050 0.330880
VERTEX_POSE A305 0.610191 -0.328725 0.000000 -0.730314 0.682376 -0.383999 -0.448448 0.564966 0.577284
VERTEX_POSE A306 -0.464143 -0.873035 0.000000 -0.228031 -0.818642 0.178099 0.497152 0.957227 -0.287516
VERTEX_POSE A307 0.853966 -0.485899 0.000000 0.693345 0.640808 -0.007814 -0.450684 0.720563 -0.621490
VERTEX_POSE A308 -0.310440 -0.384509 0.000000 -0.995431 -0.036195 -0.037998 -0.698769 0.087596 -0.714431
VERTEX_POSE A309 -0.690842 0.719460 0.000000 0.457275 -0.542744 0.842351 0.010274 -0.285209 -0.839835
VERTEX_POSE A310 -0.655993 -0.698368 0.000000 -0.137123 0.765874 0.928543 -0.121480 0.344970 0.631411
VERTEX_POSE A311 -0.200899 0.527171 0.000000 -0.613557 -0.441682 -0.660548 0.741301 -0.432695 -0.505361
VERTEX_POSE A312 0.245595 0.661639 0.000000 -0.330154 -0.569712 0.942902 -0.236195 0.043975 0.787172
VERTEX_POSE A313 -0.961620 0.074043 0.000000 0.382571 -0.173499 0.809072 0.537196 0.446141 -0.825421
VERTEX_POSE A314 -0.459216 0.723986 0.000000 0.366745 0.839078 0.649471 -0.540152 0.666097 0.064683
VERTEX_POSE A315 -0.629600 -0.674043 0.000000 0.570980 -0.392209 0.444982 0.886113 -0.689908 0.246933
VERTEX_POSE A316 -0.715116 -0.654936 0.000000 0.144489 0.936750 -0.392692 0.349993 -0.908249 -0.002300
VERTEX_POSE A317 -0.678969 0.567754 0.000000 -0.034751 -0.756327 0.629116 0.491344 -0.776534 0.431914
VERTEX_POSE A318 -0.813630 -0.530558 0.000000 0.647795 -0.128332 -0.117945 0.956929 0.752629 0.260418
VERTEX_POSE A319 0.299016 -0.732554 0.000000 0.823743 0.542059 -0.326826 0.214465 -0.463284 0.812512
VERTEX_POSE A320 -0.234784 -0.956216 0.000000 0.220851 -0.934703 0.841252 0.038091 -0.493477 -0.353383
VERTEX_POSE A321 -0.620545 0.009091 0.000000 0.631624 0.351473 0.616013 0.313662 0.470722 -0.882090
VERTEX_POSE A322 -0.286330 -0.612685 0.000000 -0.434586 -0.401262 -0.190196 -0.834184 0.880318 -0.378320
VERTEX_POSE A323 0.665943 -0.680021 0.000000 0.030378 -0.167997 0.323291 0.934439 -0.945812 0.314007
VERTEX_POSE A324 0.015915 -0.357006 0.000000 0.699399 -0.384203 0.422509 0.902370 0.576478 -0.195235
VERTEX_POSE A325 -0.600036 0.743779 0.000000 0.787523 -0.214024 -0.396773 0.541480 0.471570 0.813015
VERTEX_POSE A326 -0.329174 0.867652 0.000000 -0.537340 0.597277 -0.746905 -0.664893 -0.391660 0.448529
VERTEX_POSE A327 -0.928733 -0.368770 0.000000 0.794168 -0.386346 0.315381 -0.397775 0.519453 0.832173
VERTEX_POSE A328 0.406298 -0.278607 0.000000 0.535648 -0.844334 -0.800493 -0.512779 0.268873 0.155427
VERTEX_POSE A329 0.893598 0.320022 0.000000 0.677976 0.069715 0.414505 0.785871 -0.607070 0.614448
VERTEX_POSE A330 0.241423 0.968930 0.000000 -0.640574 0.755093 0.441811 0.511144 -0.628067 -0.410568
VERTEX_POSE A331 -0.934776 0.247071 0.000000 0.698363 0.276011 0.600266 -0.728385 -0.389832 -0.627115
VERTEX_POSE A332 0.397937 -0.724497 0.000000 0.847870 0.345239 0.034425 0.721507 0.529086 -0.600197
VERTEX_POSE A333 0.788964 -0.042804 0.000000 0.297195 0.114731 0.527674 -0.847114 0.795761 0.518878
VERTEX_POSE A334 -0.852285 0.349901 0.000000 -0.624527 0.363762 0.203800 -0.778346 -0.753944 -0.511717
VERTEX_POSE A335 0.515877 0.685185 0.000000 -0.597367 0.220194 0.786022 0.351555 0.159131 -0.909903
VERTEX_POSE A336 0.558797 0.771290 0.000000 0.117184 -0.729854 0.990311 0.136761 0.074515 -0.669784
VERTEX_POSE A337 -0.352763 0.553615 0.000000 -0.467716 0.840514 -0.513484 -0.510205 -0.719427 -0.182283
VERTEX_POSE A338 0.386511 -0.828197 0.000000 0.606215 0.790929 0.638090 -0.421203 0.474706 -0.443869
VERTEX_POSE A339 -0.888023 -0.453010 0.000000 -0.119437 -0.643437 -0.638713 -0.533266 0.760119 -0.549196
VERTEX_POSE A340 -0.343509 0.462135 0.000000 0.576077 -0.783404 -0.813389 -0.577636 0.080836 -0.229379
VERTEX_POSE A341 0.524407 -0.627807 0.000000 0.314616 -0.535380 -0.889916 -0.453663 -0.330253 0.712431
VERTEX_POSE A342 0.052145 -0.982292 0.000000 0.638700 0.022575 0.695608 0.410354 -0.328926 0.911647
VERTEX_POSE A343 -0.912694 -0.120012 0.000000 -0.374786 0.901286 0.611868 0.416547 0.696530 0.119044
VERTEX_POSE A344 -0.827115 0.540336 0.000000 0.571982 -0.268449 0.816598 0.275619 0.077487 -0.923022
VERTEX_POSE A345 0.488498 0.555072 0.000000 -0.381719 0.916183 0.888095 0.326973 -0.256081 -0.231728
VERTEX_POSE A346 -0.821120 -0.527025 0.000000 -0.918434 0.038909 0.235033 0.854123 -0.318179 0.518614
VERTEX_POSE A347 -0.330751 0.752234 0.000000 0.228234 -0.675678 0.865990 0.469917 0.444940 -0.568011
VERTEX_POSE A348 0.959593 0.134941 0.000000 0.686236 -0.524581 0.116907 0.763271 0.717922 0.377137
VERTEX_POSE A349 -0.070652 -0.733866 0.000000 0.585996 -0.810189 -0.583306 -0.433962 0.562461 0.394045
VERTEX_POSE A350 0.750164 -0.566205 0.000000 0.063377 -0.948261 -0.557299 0.224970 0.827890 0.224031
VERTEX_POSE A351 0.103049 -0.410126 0.000000 0.242384 -0.170408 0.177489 -0.960050 -0.953807 -0.221956
VERTEX_POSE A352 0.680028 0.278514 0.000000 -0.623154 0.642376 -0.726675 -0.686467 0.289176 -0.340757
VERTEX_POSE A353 -0.692382 -0.060349 0.000000 -0.321357 0.526730 -0.169484 0.785616 -0.931668 -0.324598
VERTEX_POSE A354 -0.151407 0.554881 0.000000 0.388500 0.435851 -0.919692 0.129037 -0.056868 0.890721
VERTEX_POSE A355 -0.719917 -0.628993 0.000000 -0.570141 -0.014646 -0.621130 -0.646726 0.537715 -0.762582
VERTEX_POSE A356 0.221020 -0.571955 0.000000 0.348333 -0.528389 0.937344 0.202569 -0.007060 0.824482
VERTEX_POSE A357 0.776088 -0.387378 0.000000 0.316309 0.496842 0.437615 0.679409 0.841690 -0.539955
VERTEX_POSE A358 -0.818063 0.168962 0.000000 0.426244 -0.503757 0.900603 0.158240 0.085033 0.849228
VERTEX_POSE A359 0.563903 0.423569 0.000000 0.657635 -0.737836 0.573417 0.359383 -0.488579 -0.571351
VERTEX_POSE A360 -0.044620 -0.400723 0.000000 0.578161 -0.790854 0.262405 0.413135 0.772576 0.451519
VERTEX_POSE A361 -0.978284 0.203122 0.000000 0.979010 -0.144130 -0.094773 -0.947884 -0.180435 -0.284151
VERTEX_POSE A362 0.769765 0.445034 0.000000 0.552502 0.119016 -0.758690 -0.338045 -0.345155 0.933574
VERTEX_POSE A363 -0.465272 -0.099627 0.000000 0.077379 0.339727 -0.995604 0.076100 -0.052779 -0.937440
VERTEX_POSE A364 -0.472397 -0.881337 0.000000 0.568053 -0.821125 -0.806594 -0.542099 0.163468 0.178556
VERTEX_POSE A365 0.660196 -0.346856 0.000000 0.258168 -0.954189 0.565440 0.022306 0.783343 0.298373
VERTEX_POSE A366 -0.712689 -0.327009 0.000000 -0.481732 0.034362 0.802590 -0.383875 -0.351828 -0.922745
VERTEX_POSE A367 -0.649612 0.641533 0.000000 0.410293 -0.085168 -0.121737 -0.991834 -0.903792 0.094933
VERTEX_POSE A368 -0.659165 -0.676586 0.000000 -0.675605 -0.394268 -0.588646 0.797238 -0.443908 -0.457126
VERTEX_POSE A369 0.682967 -0.355944 0.000000 -0.305908 0.582567 -0.584220 0.509649 0.751736 0.633146
VERTEX_POSE A370 -0.834922 -0.550294 0.000000 0.791056 -0.556219 0.023869 -0.387901 0.611278 0.734951
VERTEX_POSE A371 -0.025272 0.054686 0.000000 0.063408 0.232905 -0.717783 -0.664944 0.693374 -0.709651
VERTEX_POSE A372 -0.545074 0.377734 0.000000 0.214625 -0.371788 0.645533 -0.639949 0.732955 0.672487
VERTEX_POSE A373 0.484676 -0.586481 0.000000 -0.326723 -0.898642 -0.924981 0.367635 0.194066 0.239346
VERTEX_POSE A374 0.748399 -0.654269 0.000000 0.420458 0.693326 0.787878 -0.598890 0.449959 0.400787
VERTEX_POSE A375 -0.554319 -0.526963 0.000000 -0.677409 0.594134 -0.276820 0.340388 0.681533 0.728795
VERTEX_POSE A376 0.247233 -0.788451 0.000000 -0.998019 0.022056 -0.014467 0.830956 -0.061222 -0.555901
VERTEX_POSE A377 -0.753640 0.208873 0.000000 -0.706446 0.187128 0.086595 -0.934317 -0.702450 -0.303372
VERTEX_POSE A378 0.330412 -0.593398 0.000000 0.600359 0.121380 0.285622 0.890684 -0.746987 0.438121
VERTEX_POSE A379 0.331162 0.801089 0.000000 0.380523 -0.732697 0.915643 0.384029 -0.129616 0.561851
VERTEX_POSE A380 0.624372 0.203157 0.000000 0.045798 -0.998506 -0.978634 -0.038859 -0.200446 -0.038417
VERTEX_POSE A381 0.780610 -0.197434 0.000000 0.027726 0.607107 -0.259926 -0.762735 -0.965230 0.222835
VERTEX_POSE A382 0.788560 -0.470841 0.000000 -0.009944 -0.387937 -0.924098 0.355687 -0.382025 -0.850289
VERTEX_POSE A383 -0.586242 -0.381295 0.000000 0.129505 0.988841 -0.556665 0.133954 -0.820580 0.065188
VERTEX_POSE A384 0.529707 0.694313 0.000000 -0.359044 -0.063486 0.734175 -0.635210 -0.576259 -0.769726
VERTEX_POSE A385 -0.296388 0.689690 0.000000 0.947573 -0.308641 -0.282300 -0.687269 -0.149707 -0.657573
VERTEX_POSE A386 -0.145911 0.315263 0.000000 0.653118 -0.523606 0.211510 0.819807 0.727118 0.231846
VERTEX_POSE A387 -0.637259 -0.754970 0.000000 0.891900 0.294857 -0.085041 -0.635338 -0.444166 0.713726
VERTEX_POSE A388 0.882806 -0.298802 0.000000 0.253715 0.748745 -0.952875 0.302321 0.166310 0.589901
VERTEX_POSE A389 0.046223 -0.712600 0.000000 -0.100202 -0.475445 0.775292 -0.587880 -0.623604 -0.654484
VERTEX_POSE A390 -0.807551 -0.440477 0.000000 0.715277 0.582337 0.646554 -0.341623 0.265229 -0.737684
VERTEX_POSE A391 -0.516054 0.849684 0.000000 0.722785 -0.689075 0.199578 0.135391 -0.661627 -0.711930
VERTEX_POSE A392 0.816694 0.133418 0.000000 -0.421011 -0.713492 -0.882346 0.465287 -0.210275 -0.523868
VERTEX_POSE A393 0.457714 0.442737 0.000000 0.905496 0.347490 -0.176532 0.830419 0.385894 -0.435495
VERTEX_POSE A394 0.398517 -0.882217 0.000000 0.457434 -0.834728 -0.024924 -0.356649 -0.888894 -0.419559
VERTEX_POSE A395 -0.387868 0.085640 0.000000 -0.357354 -0.927913 0.208309 0.031639 -0.910442 0.371451
VERTEX_POSE A396 0.236388 -0.875540 0.000000 -0.213740 0.531434 0.832330 0.538337 0.511412 -0.654042
VERTEX_POSE A397 0.791367 -0.078141 0.000000 0.568515 -0.406596 -0.393807 -0.897758 0.722293 -0.169443
VERTEX_POSE A398 -0.005679 0.454066 0.000000 -0.842856 -0.346157 0.252185 0.422306 -0.475390 0.837754
VERTEX_POSE A399 0.873147 -0.432033 0.000000 0.587589 -0.436761 0.507394 -0.456864 0.630310 0.774930
VERTEX_POSE A400 -0.149325 0.602057 0.000000 0.096962 0.725948 -0.693385 -0.441502 -0.714014 0.527329
VERTEX_POSE A401 -0.181545 -0.796468 0.000000 0.759492 -0.612995 -0.011187 0.322356 0.650421 0.721334
VERTEX_POSE A402 0.522277 0.819346 0.000000 0.736066 -0.643117 -0.285144 -0.577560 -0.613921 -0.502816
VERTEX_POSE A403 0.739613 -0.297206 0.000000 0.647645 -0.331269 0.606665 -0.320654 0.460992 0.887379
VERTEX_POSE A404 0.712779 -0.187082 0.000000 -0.782782 0.586342 0.512421 0.417256 -0.353097 -0.694334
VERTEX_POSE A405 -0.255246 0.828500 0.000000 0.240302 -0.659475 -0.275285 0.657360 0.930846 0.364651
VERTEX_POSE A406 -0.597755 -0.460122 0.000000 -0.316654 0.128090 -0.671147 -0.730439 -0.670292 0.670859
VERTEX_POSE A407 -0.208815 -0.701262 0.000000 -0.805033 -0.535472 -0.083592 -0.323713 0.587311 -0.780051
VERTEX_POSE A408 -0.155121 0.080896 0.000000 0.317646 -0.693707 0.061121 -0.665340 -0.946237 -0.275850
VERTEX_POSE A409 0.921267 0.371661 0.000000 -0.678485 -0.727753 -0.397157 0.478092 0.618000 -0.491735
VERTEX_POSE A410 -0.659012 -0.619217 0.000000 -0.897342 -0.330748 -0.006715 0.672245 -0.441285 0.662339
VERTEX_POSE A411 0.666399 -0.743898 0.000000 -0.879183 0.447358 -0.294234 -0.238937 0.374783 0.861847
VERTEX_POSE A412 -0.082524 -0.975075 0.000000 -0.599475 -0.646677 0.572284 -0.758267 -0.559571 -0.082701
VERTEX_POSE A413 0.687830 -0.205276 0.000000 0.419534 -0.876453 -0.247822 -0.360980 -0.873256 -0.318627
VERTEX_POSE A414 -0.941311 -0.332475 0.000000 -0.528279 0.431094 0.711582 -0.245222 -0.463219 -0.868345
VERTEX_POSE A415 -0.330359 0.872056 0.000000 -0.360495 0.813874 0.666744 0.566486 -0.652300 0.129240
VERTEX_POSE A416 -0.372779 -0.558943 0.000000 -0.429701 -0.762502 0.758753 -0.014499 0.489541 -0.646824
VERTEX_POSE A417 -0.144548 0.823459 0.000000 -0.816590 -0.444338 0.097067 -0.734913 -0.568998 0.512315
VERTEX_POSE A418 0.310812 -0.467621 0.000000 -0.760575 -0.597120 0.342352 -0.035266 -0.551653 0.801376
VERTEX_POSE A419 -0.887244 0.169483 0.000000 0.521572 -0.168334 -0.771141 0.326508 -0.365109 -0.930084
VERTEX_POSE A420 0.799573 0.543477 0.000000 0.275260 -0.705434 -0.299126 0.582818 -0.913650 -0.403343
VERTEX_POSE A421 0.507341 -0.383523 0.000000 0.344578 -0.938736 -0.124692 -0.039092 -0.930440 -0.342412
VERTEX_POSE A422 0.327938 -0.917393 0.000000 0.472375 0.404005 0.512338 0.597330 -0.717197 0.692803
VERTEX_POSE A423 0.564099 0.381626 0.000000 -0.375137 -0.926417 0.858281 -0.334093 0.350181 -0.173588
VERTEX_POSE A424 -0.167355 -0.623868 0.000000 0.529146 0.734040 0.596089 -0.678583 -0.603889 -0.026630
VERTEX_POSE A425 0.799961 -0.538508 0.000000 -0.073283 -0.916522 -0.995256 0.041907 0.063999 -0.397783
VERTEX_POSE A426 -0.570706 -0.086402 0.000000 -0.653941 0.105886 -0.738994 0.122639 -0.162014 -0.986787
VERTEX_POSE A427 -0.322678 -0.890855 0.000000 -0.767379 -0.144425 0.309119 0.770272 -0.561760 0.621146
VERTEX_POSE A428 -0.351396 0.459339 0.000000 -0.125645 -0.973388 0.822731 -0.210183 -0.554371 -0.091315
VERTEX_POSE A429 -0.363584 -0.869931 0.000000 0.272722 0.867095 -0.662534 -0.144910 -0.697618 0.476599
VERTEX_POSE A430 -0.622094 -0.690161 0.000000 0.692428 -0.633165 -0.261298 -0.666952 0.672508 0.392781
VERTEX_POSE A431 0.120642 -0.551049 0.000000 0.356706 -0.751851 0.052221 -0.576580 -0.932756 -0.319804
VERTEX_POSE A432 0.159097 -0.724396 0.000000 -0.768729 0.190908 -0.019908 -0.961092 0.639265 0.199640
VERTEX_POSE A433 0.367681 -0.587077 0.000000 -0.029169 -0.069316 -0.964330 0.264522 -0.263092 -0.961885
VERTEX_POSE A434 0.006255 0.435515 0.000000 0.846298 -0.529298 0.523916 0.806556 0.096389 0.263268
VERTEX_POSE A435 0.525170 -0.767474 0.000000 0.823676 -0.138413 0.381728 0.852462 -0.419336 0.504133
VERTEX_POSE A436 -0.857144 0.508062 0.000000 -0.512834 -0.065277 -0.087825 -0.987884 0.853984 -0.140795
VERTEX_POSE A437 -0.114413 -0.348173 0.000000 0.242103 0.826608 -0.552702 -0.312860 0.797438 -0.467801
VERTEX_POSE A438 -0.692235 0.662425 0.000000 -0.112582 -0.777400 -0.447847 -0.516263 -0.886994 0.359335
VERTEX_POSE A439 -0.715914 -0.680359 0.000000 -0.707732 -0.649483 0.217428 -0.574650 0.672191 -0.497945
VERTEX_POSE A440 0.786797 0.616706 0.000000 0.589729 0.196110 -0.476504 0.867714 -0.652046 -0.456742
VERTEX_POSE A441 -0.595905 0.769555 0.000000 -0.135345 -0.986159 0.674072 -0.020805 0.726160 -0.164492
VERTEX_POSE A442 -0.429540 -0.537276 0.000000 -0.726917 0.438271 -0.550067 0.089290 -0.411117 -0.894397
VERTEX_POSE A443 -0.187925 0.839342 0.000000 -0.154607 0.635826 0.047359 0.769282 -0.986840 -0.062696
VERTEX_POSE A444 -0.727905 -0.622427 0.000000 0.288559 0.583704 0.717710 0.392805 0.633740 -0.710629
VERTEX_POSE A445 -0.625384 0.774670 0.000000 0.986986 -0.123926 0.006716 -0.604929 -0.160665 -0.786577
VERTEX_POSE A446 0.505844 0.496590 0.000000 0.643843 -0.677832 0.547092 0.732154 0.534936 0.067040
VERTEX_POSE A447 0.192396 -0.862031 0.000000 0.169963 0.974905 0.976441 -0.146923 -0.132948 0.167255
VERTEX_POSE A448 0.659208 0.347531 0.000000 -0.528575 -0.388234 0.407531 0.664054 -0.744666 0.638989
VERTEX_POSE A449 -0.265394 0.937253 0.000000 -0.000138 0.991646 0.990183 -0.017895 0.139777 0.127744
VERTEX_POSE A450 0.561914 0.682562 0.000000 -0.692809 -0.325510 0.372581 0.602417 -0.617414 0.728791
VERTEX_POSE A451 0.680659 -0.060513 0.000000 0.463114 -0.444013 -0.125696 -0.889618 -0.877340 -0.106922
VERTEX_POSE A452 0.786480 -0.246477 0.000000 0.581070 -0.413568 -0.811775 -0.356038 -0.058130 0.837973
VERTEX_POSE A453 -0.212550 -0.968924 0.000000 0.137619 -0.955722 -0.979524 -0.170280 -0.146949 0.239999
VERTEX_POSE A454 0.181316 0.704725 0.000000 -0.847297 0.508949 0.344576 0.744329 -0.404172 -0.432372
VERTEX_POSE A455 -0.068810 -0.686681 0.000000 -0.463126 -0.465374 0.086156 -0.870662 0.882095 -0.159295
VERTEX_POSE A456 0.815825 -0.147833 0.000000 0.155884 0.806299 0.649278 -0.518974 -0.744405 -0.283809
VERTEX_POSE A457 0.365486 -0.617411 0.000000 -0.501413 0.397615 0.070768 0.904018 0.862309 0.157014
VERTEX_POSE A458 0.850012 -0.125557 0.000000 -0.791320 0.365926 0.595937 0.640673 -0.136644 0.675009
VERTEX_POSE A459 -0.495033 -0.522374 0.000000 0.207260 -0.788957 0.841734 -0.157492 -0.498525 -0.593922
VERTEX_POSE A460 0.710431 -0.607055 0.000000 -0.503455 -0.863779 0.352581 -0.227044 -0.788809 0.449820
VERTEX_POSE A461 0.670088 0.428844 0.000000 0.327903 -0.599641 0.915594 0.011348 -0.232738 -0.800189
VERTEX_POSE A462 0.763289 0.242762 0.000000 0.114584 -0.493748 -0.797133 -0.563532 -0.592832 0.662303
VERTEX_POSE A463 0.149679 -0.967952 0.000000 -0.820256 0.427504 -0.551815 -0.766345 0.150599 -0.479537
VERTEX_POSE A464 0.322927 0.868808 0.000000 -0.274250 0.222132 -0.886302 -0.435939 0.373170 -0.872132
VERTEX_POSE A465 0.016233 -0.401628 0.000000 -0.250569 0.645372 0.116710 0.760083 0.961038 0.075960
VERTEX_POSE A466 -0.636123 -0.016023 0.000000 0.482007 -0.454184 -0.553508 0.505052 -0.679189 -0.733920
VERTEX_POSE A467 0.513937 0.736923 0.000000 -0.315223 0.518142 0.301036 -0.739939 0.900007 0.428973
VERTEX_POSE A468 -0.289279 -0.111237 -0.453631 -0.326314 0.333370 -0.265360 -0.930424 0.907250 -0.152233
VERTEX_POSE A469 -0.420126 -0.877700 0.525941 0.694145 0.372702 -0.008311 -0.851319 0.719787 -0.369254
VERTEX_POSE A470 -0.638608 0.014166 0.000000 -0.921127 0.048700 0.105475 -0.923801 0.374699 0.379763
VERTEX_POSE A471 -0.352185 -0.894356 0.000000 0.837293 0.495122 -0.528863 0.625782 0.138724 -0.602702
VERTEX_POSE A472 -0.233381 -0.778625 0.000000 -0.677885 -0.695355 -0.555887 0.697249 -0.481104 0.174139
VERTEX_POSE A473 -0.836544 -0.144599 0.000000 -0.435040 0.300389 0.870563 0.381039 -0.229915 0.874400
VERTEX_POSE A474 -0.055061 0.827521 0.000000 0.890519 -0.385256 0.452926 0.700690 0.042825 0.600509
VERTEX_POSE A475 0.818559 -0.283029 0.000000 0.123913 -0.467465 -0.178794 -0.878164 0.976052 -0.101516
VERTEX_POSE A476 0.426271 0.150376 1.000000 -0.299037 -0.638327 -0.414623 -0.582568 0.859456 -0.503143
VERTEX_POSE A477 -0.887733 0.259051 0.000000 -0.129584 0.689577 0.990745 0.119318 -0.040395 0.714315
VERTEX_POSE A478 -0.381650 0.077775 0.000000 -0.791819 0.499280 -0.160218 -0.725591 -0.589366 -0.473537
VERTEX_POSE A479 -0.034081 -0.996960 0.000000 0.036255 0.700886 0.950808 0.195253 -0.307653 0.686029
VERTEX_POSE A480 -0.162962 0.221886 1.000000 -0.314482 -0.774095 -0.787863 0.535704 -0.529502 -0.337340
VERTEX_POSE A481 -0.946383 -0.310621 0.000000 -0.126166 -0.632812 -0.860233 -0.313743 0.494045 -0.707894
VERTEX_POSE A482 -0.871534 0.129564 0.000000 -0.812629 -0.047363 0.216714 -0.949776 -0.540989 -0.309325
VERTEX_POSE A483 -0.298081 0.625786 0.000000 0.926628 -0.042688 -0.234801 -0.841673 0.293647 -0.538298
VERTEX_POSE A484 0.272745 -0.080948 1.000000 -0.601712 0.676090 0.236084 0.659188 0.763025 0.329201
VERTEX_POSE A485 0.941257 -0.183775 0.000000 -0.716663 -0.656064 -0.694717 0.701386 0.061329 0.278634
VERTEX_POSE A486 0.882215 -0.461196 0.000000 -0.593529 -0.520025 0.747868 -0.638352 -0.297351 -0.567522
VERTEX_POSE A487 0.378493 0.574822 0.000000 -0.750947 -0.436201 0.577173 -0.798340 0.320858 0.415189
VERTEX_POSE A488 0.292184 0.808597 0.000000 0.169058 -0.051597 0.513843 0.856789 0.841062 -0.513080
VERTEX_POSE A489 0.198836 0.470958 0.000000 0.715626 -0.196125 -0.680874 -0.410028 0.155854 -0.890737
VERTEX_POSE A490 0.782059 -0.583293 8.253952 0.030845 -0.748844 0.751351 -0.419441 -0.659181 -0.513130
VERTEX_POSE A491 0.389535 0.182672 0.000000 0.981870 0.176526 0.081616 -0.722530 -0.171082 0.668423
VERTEX_POSE A492 -0.198503 -0.510880 0.000000 -0.570162 -0.326719 -0.331380 -0.748100 0.751733 -0.577582
VERTEX_POSE A493 0.637117 0.581230 0.000000 0.956866 -0.290169 0.182601 0.561912 0.225974 0.774634
VERTEX_POSE A494 -0.692071 0.701580 0.000000 -0.665537 -0.394353 -0.711339 0.592181 -0.225959 -0.702715
VERTEX_POSE A495 -0.721765 -0.675745 0.000000 -0.177030 -0.878954 -0.698277 -0.204914 0.693592 -0.430639
VERTEX_POSE A496 -0.240483 -0.916792 1.000000 -0.811351 0.466121 -0.269504 0.237229 -0.518726 -0.852323
VERTEX_POSE A497 -0.963831 0.264419 0.000000 0.046060 -0.256815 0.317127 -0.912638 0.947264 0.318022
VERTEX_POSE A498 0.379055 0.622703 0.000000 -0.824720 0.390114 0.493613 0.849887 0.276012 -0.354263
VERTEX_POSE A499 0.841369 -0.539874 0.000000 0.489894 -0.770901 -0.735681 -0.616108 0.467737 -0.161627
VERTEX_POSE A500 0.199245 0.524805 1.000000 -0.111671 -0.662280 0.521483 -0.673703 -0.845922 -0.327887
VERTEX_POSE A501 0.414143 -0.810480 0.000000 0.320471 0.577808 -0.443455 0.791734 -0.837046 -0.198230
VERTEX_POSE A502 0.488906 0.519003 0.000000 -0.588141 0.668504 -0.798581 -0.569035 -0.127901 0.478854
VERTEX_POSE A503 -0.243832 0.853025 0.000000 -0.705892 0.708288 0.446776 0.452539 -0.549643 -0.541790
VERTEX_POSE A504 -0.781817 0.607956 1.000000 -0.082312 0.688186 -0.494790 0.599647 -0.865106 -0.408441
VERTEX_POSE A505 -0.492262 -0.465628 0.000000 -0.509470 0.859626 0.723876 0.452357 -0.465235 -0.237522
VERTEX_POSE A506 -0.852659 -0.485614 0.000000 0.039300 -0.913272 -0.000737 -0.405791 0.999227 0.035620
VERTEX_POSE A507 0.432319 -0.448617 0.000000 0.131486 0.346302 0.572600 0.738349 -0.809222 0.578719
VERTEX_POSE A508 -0.490576 0.728084 0.000000 -0.513392 -0.765784 0.224117 0.316011 0.828372 -0.560100
VERTEX_POSE A509 0.037497 0.566566 0.000000 -0.759450 0.286491 0.642742 0.469244 0.100595 -0.835304
VERTEX_POSE A510 -0.873680 -0.395731 0.000000 0.060954 0.281303 -0.579977 0.790855 -0.812349 -0.543523
VERTEX_POSE A511 0.184850 0.268027 0.000000 0.608412 0.773578 -0.720342 0.632016 0.333081 -0.046194
VERTEX_POSE A512 0.685458 -0.702740 0.432647 -0.233625 -0.264052 0.118362 0.947539 -0.965096 0.180129
VERTEX_POSE A513 0.284971 0.499738 0.559278 -0.669175 0.084994 0.668752 0.502026 -0.324000 0.860666
VERTEX_POSE A514 0.702994 -0.077588 0.000000 0.751395 0.311570 -0.507521 0.836235 0.421697 0.451260
VERTEX_POSE A515 -0.626594 0.402644 0.000000 -0.750238 -0.395913 0.575373 0.003593 -0.325713 0.918281
VERTEX_POSE A516 -0.058715 -0.889718 0.000000 -0.656332 0.321925 0.426669 -0.587515 -0.622239 -0.742422
VERTEX_POSE A517 0.516764 -0.415100 0.000000 -0.863589 -0.485994 -0.377533 0.799784 -0.334190 0.352356
VERTEX_POSE A518 0.653801 -0.280958 0.000000 -0.027493 -0.601945 -0.299699 -0.756676 0.953637 -0.255154
VERTEX_POSE A519 0.461790 0.883698 0.000000 -0.464793 0.295352 0.854452 0.396761 0.232118 -0.869108
VERTEX_POSE A520 -0.432733 -0.317804 1.000000 -0.764898 -0.338040 -0.626577 0.192972 0.149440 -0.921135
VERTEX_POSE A521 0.019012 0.932380 0.000000 0.129451 -0.636032 -0.938649 -0.325918 -0.319658 0.699457
VERTEX_POSE A522 -0.781686 0.484068 0.000000 0.542324 -0.748083 -0.567603 -0.661830 0.619445 0.048506
VERTEX_POSE A523 0.478529 0.061138 0.000000 0.796619 -0.264091 -0.593786 -0.173411 0.113210 0.948781
VERTEX_POSE A524 -0.430859 -0.693847 1.000000 0.511552 -0.551013 -0.109641 0.719185 0.852229 0.423271
VERTEX_POSE A525 -0.397294 0.719946 0.000000 0.054181 -0.829703 -0.149604 0.543361 -0.987260 -0.127873
VERTEX_POSE A526 0.818439 0.468082 0.000000 0.662610 0.747132 0.463993 -0.464379 -0.587928 0.475548
VERTEX_POSE A527 0.348853 0.056062 0.000000 0.783958 -0.593137 0.142232 -0.115799 -0.604301 -0.796730
VERTEX_POSE A528 -0.031509 -0.858746 1.000000 -0.251027 0.818069 0.685831 -0.226924 -0.683097 -0.528458
VERTEX_POSE A529 -0.900775 -0.197345 0.000000 -0.454126 -0.464093 0.844064 -0.497341 -0.285177 -0.732987
VERTEX_POSE A530 -0.349684 0.781327 0.000000 0.393955 -0.660990 -0.706183 0.227083 -0.588307 -0.715210
VERTEX_POSE A531 -0.512143 0.302633 0.000000 0.168855 0.820666 -0.646739 0.510192 0.743785 0.257316
VERTEX_POSE A532 -0.253444 0.022876 0.000000 0.617265 0.520426 0.783887 -0.470810 -0.067128 -0.712387
VERTEX_POSE A533 0.937040 -0.242488 0.000000 -0.436678 -0.890435 0.771235 -0.443912 -0.463151 0.100340
VERTEX_POSE A534 -0.514726 0.539982 8.793306 0.756163 0.223803 -0.650329 0.152571 0.072729 -0.962618
VERTEX_POSE A535 -0.853158 -0.245836 0.000000 -0.926840 0.108139 0.229160 -0.595631 -0.297411 -0.795946
VERTEX_POSE A536 -0.914054 0.394673 0.000000 -0.978350 -0.203162 -0.112049 0.680217 -0.173999 0.704293
VERTEX_POSE A537 -0.302652 -0.817134 0.000000 -0.704726 0.597094 0.270718 -0.272935 -0.655799 -0.754311
VERTEX_POSE A538 0.831147 0.171578 0.000000 0.539270 -0.818458 0.815968 0.566060 0.208289 -0.098505
VERTEX_POSE A539 -0.499422 0.648564 0.000000 -0.561635 -0.671076 0.551751 0.132106 0.616553 -0.729523
VERTEX_POSE A540 0.685309 0.718286 1.000000 -0.325498 0.436509 0.897648 -0.136086 0.297117 0.889348
VERTEX_POSE A541 -0.586667 0.642205 0.000000 -0.335935 -0.708203 -0.320111 0.705880 -0.885820 0.013490
VERTEX_POSE A542 0.615308 -0.414520 0.000000 0.524398 0.686435 -0.272360 0.695820 0.806738 -0.211285
VERTEX_POSE A543 0.159480 -0.767529 0.000000 -0.162956 0.634452 -0.982357 -0.033110 0.091759 0.772252
VERTEX_POSE A544 -0.055678 0.625197 1.000000 0.902997 -0.258678 -0.132083 -0.926913 0.408841 0.271880
VERTEX_POSE A545 0.595652 0.646542 0.000000 0.517027 0.357365 0.717324 -0.676697 -0.467042 -0.643717
VERTEX_POSE A546 0.521201 0.707874 0.000000 0.739539 -0.567753 0.217919 0.710189 0.636862 0.416279
VERTEX_POSE A547 0.344825 -0.685638 0.000000 0.652580 0.070205 -0.375049 0.895100 0.658390 0.440304
VERTEX_POSE A548 -0.118870 -0.465999 1.000000 -0.784609 -0.617940 -0.466912 0.535460 -0.407899 0.575702
VERTEX_POSE A549 -0.161117 -0.862269 0.000000 0.367819 0.866717 -0.466365 -0.141516 -0.804496 0.478303
VERTEX_POSE A550 0.169285 0.985060 0.000000 0.503709 0.444681 0.032466 -0.866478 -0.863263 0.226882
VERTEX_POSE A551 0.464575 -0.051481 0.000000 0.205127 0.587639 0.190171 0.760524 -0.960082 0.276195
VERTEX_POSE A552 -0.299502 -0.875727 0.000000 -0.125494 0.661565 0.991751 0.103251 0.026089 -0.742745
VERTEX_POSE A553 0.781288 -0.452920 0.000000 -0.434721 -0.790667 -0.893681 0.437830 -0.111134 -0.427961
VERTEX_POSE A554 -0.254424 -0.851036 0.000000 0.823696 -0.088868 -0.204542 -0.967714 0.528854 -0.235865
VERTEX_POSE A555 -0.535511 -0.271541 0.000000 -0.858409 -0.485938 0.448468 -0.555434 -0.249021 0.674802
VERTEX_POSE A556 -0.609012 -0.783097 0.317042 -0.529059 0.187344 -0.422007 -0.904254 -0.736211 0.383701
VERTEX_POSE A557 -0.557714 0.535702 0.204168 -0.196254 -0.725151 0.978015 -0.096365 0.070500 -0.681813
VERTEX_POSE A558 0.619110 -0.784843 0.000000 -0.016340 0.381881 -0.750357 0.606132 0.660831 0.697690
VERTEX_POSE A559 0.144821 0.147790 0.000000 0.528222 -0.481710 -0.634157 -0.771428 -0.564647 0.415757
VERTEX_POSE A560 0.172206 -0.502813 0.000000 0.161130 0.653325 -0.973760 0.227292 -0.160710 -0.722153
VERTEX_POSE A561 -0.537120 0.672905 0.000000 -0.742003 0.578820 0.333212 0.756211 0.581722 0.305142
VERTEX_POSE A562 0.525685 -0.574719 0.000000 -0.350032 0.914465 0.643869 0.392319 -0.680375 -0.099196
VERTEX_POSE A563 0.557684 0.789563 0.000000 -0.314415 -0.051480 0.581464 -0.799730 -0.750362 -0.598149
VERTEX_POSE A564 -0.464843 -0.607807 1.000000 0.798726 -0.433131 0.110882 -0.576283 -0.591390 -0.693033
VERTEX_POSE A565 -0.309171 0.792803 0.000000 -0.119822 0.493340 -0.065344 -0.869834 -0.990643 -0.002296
VERTEX_POSE A566 0.842092 -0.524719 0.000000 0.302624 -0.640563 -0.785434 -0.587074 0.539918 -0.494998
VERTEX_POSE A567 -0.515455 -0.851038 0.000000 0.098497 -0.803975 -0.551073 -0.534773 -0.828624 0.260081
VERTEX_POSE A568 0.222270 0.808731 1.000000 0.677764 0.725024 0.576307 -0.627175 -0.456624 0.284589
VERTEX_POSE A569 0.496319 0.386898 0.000000 -0.823293 -0.186827 -0.559516 0.426081 -0.095558 -0.885184
VERTEX_POSE A570 0.106404 0.332131 0.000000 0.248608 -0.379374 -0.510338 0.730731 -0.823255 -0.567546
VERTEX_POSE A571 0.247237 0.904124 0.000000 0.098151 -0.975784 -0.653882 0.084840 -0.750203 -0.201612
VERTEX_POSE A572 0.682070 0.330675 1.000000 0.609545 0.620834 0.023015 0.607727 0.792417 -0.495210
VERTEX_POSE A573 -0.077534 -0.854198 0.000000 -0.854400 -0.163450 -0.446760 0.715802 0.265340 0.678905
VERTEX_POSE A574 -0.542503 0.833684 0.000000 0.507504 0.806889 0.785583 -0.289177 -0.353977 0.515080
VERTEX_POSE A575 -0.508717 -0.423848 0.000000 0.677368 -0.669320 0.696231 0.449280 -0.237559 -0.591742
VERTEX_POSE A576 -0.482886 0.848067 0.802621 0.681344 0.674158 -0.323164 -0.072421 0.656761 -0.735028
VERTEX_POSE A577 0.858349 0.409070 0.304407 -0.653552 -0.417114 0.735114 -0.548495 0.180217 0.724686
VERTEX_POSE A578 0.864659 0.052130 8.620085 0.719486 0.040431 -0.666445 0.321100 0.195423 0.946182
VERTEX_POSE A579 0.412665 -0.640902 0.000000 0.730747 0.591782 -0.211672 0.670352 -0.649002 0.447684
VERTEX_POSE A580 -0.234461 0.858174 0.000000 0.279415 -0.857619 0.430604 0.513840 -0.858200 -0.021405
VERTEX_POSE A581 0.598317 0.497654 0.000000 -0.564059 -0.612476 -0.823359 0.468016 0.062590 0.637051
VERTEX_POSE A582 -0.192462 0.486348 0.000000 -0.673365 0.739298 -0.719946 -0.656995 -0.168096 -0.147633
VERTEX_POSE A583 -0.253460 0.814434 0.000000 -0.555000 -0.765994 -0.824304 0.454018 -0.111792 0.455106
VERTEX_POSE A584 0.268676 -0.887644 1.000000 0.667385 -0.422802 0.105688 -0.761104 -0.737175 -0.491893
VERTEX_POSE A585 0.516653 0.460530 0.000000 0.455220 -0.163634 0.664936 0.716197 0.592144 -0.678443
VERTEX_POSE A586 0.366418 0.650851 0.000000 0.746327 -0.222467 0.619488 0.576807 -0.243373 0.786004
VERTEX_POSE A587 0.327853 -0.759112 0.000000 -0.511862 0.505411 -0.835807 -0.479883 0.198555 -0.717127
VERTEX_POSE A588 -0.821484 0.271477 1.000000 -0.332237 0.033041 -0.144747 0.985762 -0.932023 -0.164871
VERTEX_POSE A589 0.497677 -0.087945 0.000000 -0.286702 -0.955851 -0.728164 0.261123 0.622559 -0.134772
VERTEX_POSE A590 0.122383 0.376685 0.000000 -0.112309 0.578383 -0.526586 0.654931 -0.842671 -0.486352
VERTEX_POSE A591 0.264007 0.879488 0.000000 -0.718745 -0.338871 -0.692008 0.264123 -0.067316 0.902998
VERTEX_POSE A592 0.992829 -0.058441 1.000000 0.743873 -0.528355 -0.099695 -0.693245 -0.660844 -0.490155
VERTEX_POSE A593 0.115045 0.704133 0.000000 -0.470027 0.849746 0.477607 0.472334 0.742271 0.234164
VERTEX_POSE A594 -0.077607 0.554455 0.000000 0.286854 -0.571716 0.692311 -0.430880 -0.662133 -0.698200
VERTEX_POSE A595 -0.899544 0.319411 0.000000 -0.908505 -0.417796 -0.310765 0.688405 0.279362 -0.592912
VERTEX_POSE A596 0.359100 0.440192 0.000000 -0.506050 0.268548 -0.849241 0.010872 0.150676 0.963205
VERTEX_POSE A597 -0.322018 0.886073 0.000000 -0.696977 -0.713819 0.447204 -0.507294 -0.560564 0.482820
VERTEX_POSE A598 -0.043743 0.372405 0.000000 0.064899 0.196248 0.634172 0.748902 -0.770463 0.632955
VERTEX_POSE A599 -0.865148 0.449921 0.000000 -0.111306 -0.449025 -0.931008 -0.264930 0.347612 -0.853340
VERTEX_POSE A600 -0.661870 0.679473 0.926106 0.244174 -0.955938 -0.774130 -0.090931 0.584039 0.279131
VERTEX_POSE A601 0.676359 0.359192 0.000000 0.613329 0.560504 -0.762351 0.604329 -0.206517 -0.566234
VERTEX_POSE A602 0.316086 0.380577 0.000000 0.578438 -0.751276 -0.154598 0.281558 -0.800942 -0.596916
VERTEX_POSE A603 0.745234 -0.666478 0.000000 -0.392362 0.887093 -0.749525 -0.461574 -0.533165 -0.003940
VERTEX_POSE A604 -0.318622 0.936688 4929769663206434556756106719243555299427331264920697598914398212614809753906777867120299571615017338617576122701945747643448804104216760760224974570994337550469578604739210972496564047081459696452671373312.000000 -0.014664 0.684717 0.368921 -0.673619 -0.929345 -0.278209
VERTEX_POSE A605 -0.875519 -0.232103 254736390291291889030922121258850660424501441023379822259963935954914725725432940630493166131664627692932379993406330093364458701043890969258665463427181890508822414413552810983424.000000 -0.460839 -0.842605 0.063852 0.281682 0.885184 -0.458990
VERTEX_POSE A606 -0.650772 0.632094 0.000000 0.965869 0.134595 -0.188716 0.950903 0.177438 0.278688
VERTEX_POSE A607 0.003284 0.556365 20501866451337168053189560792064226319547775958351486434605468436284037989645490279678039395484825527040722291151541508450190370438103211413438508882310610343659748866787619270098045783142774385055450559223531831296.000000 -0.751165 -0.648715 -0.581937 0.563425 -0.311609 0.511587
VERTEX_POSE A608 0.195387 0.937050 54516411287282881103620573661049282232049455624225566907766293486944114775489419510216473978623760465169262049097688632643007058210239961430227364061010573877892109631258095084661486834624878580594535132737235168202608021438567414343105260856279040.000000 0.716401 0.595611 -0.298819 0.732537 0.630457 -0.329602
VERTEX_POSE A609 -0.761705 0.330880 142717957228170451229169223632419449712023085313770128632411546919873682261239807686955431172197865275394498470016097032557935271454908504114485378486968050179891252175986467684330858598783887032262100137109926466652443578630334962549204381954211840.000000 0.972988 -0.230694 -0.142215 -0.569355 -0.181852 -0.789060
VERTEX_POSE A610 -0.383999 0.564966 37316738923474115733261719628800385799184125072574718531182175390581577988623128776844964764147918527234058057349660137317923228681926050302090253616151384153984071959032999133593159702126970020036608.000000 0.637562 -0.091484 -0.693848 0.363314 0.334796 0.927164
VERTEX_POSE A611 -0.448448 0.577284 11205294219072322049568244776645769362493385600298016939841652046102068468760269855466933301681613695326029112990759323677081957231912197895818912034902085698352900439291634758035513664142899319535452409177581814561284667489287273129426147588421760057344.000000 0.451809 0.892012 0.805931 -0.401618 -0.382550 0.207405
VERTEX_POSE A612 0.178099 0.957227 1.000000 0.708943 0.590244 -0.123098 0.642499 0.694440 -0.488680
VERTEX_POSE A613 0.497152 -0.287516 0.000000 -0.854815 -0.019997 -0.516790 -0.057928 -0.047119 0.998120
VERTEX_POSE A614 -0.007814 0.720563 0.000000 -0.160898 0.513537 0.652394 -0.585467 -0.740603 -0.627302
VERTEX_POSE A615 -0.450684 -0.621490 0.000000 0.726491 -0.006992 0.567792 0.569355 -0.387070 0.822062
VERTEX_POSE A616 -0.037998 0.087596 4929769663206434556756106719243555299427331264920697598914398212614809753906777867120299571615017338617576122701945747643448804104216760760224974570994337550469578604739210972496564047081459696452671373312.000000 0.819788 0.496916 -0.571711 0.738882 0.033093 0.455112
VERTEX_POSE A617 -0.698769 -0.714431 254736390291291889030922121258850660424501441023379822259963935954914725725432940630493166131664627692932379993406330093364458701043890969258665463427181890508822414413552810983424.000000 -0.106835 -0.730385 -0.088257 0.682800 0.990352 -0.017942
VERTEX_POSE A618 0.842351 -0.285209 0.000000 0.511475 0.617353 0.134970 0.629238 0.848632 -0.472159
VERTEX_POSE A619 0.010274 -0.839835 20501866451337168053189560792064226319547775958351486434605468436284037989645490279678039395484825527040722291151541508450190370438103211413438508882310610343659748866787619270098045783142774385055450559223531831296.000000 -0.392329 -0.156996 0.595650 -0.794189 -0.700913 -0.587040
VERTEX_POSE A620 0.928543 0.344970 54516411287282881103620573661049282232049455624225566907766293486944114775489419510216473978623760465169262049097688632643007058210239961430227364061010573877892109631258095084661486834624878580594535132737235168202608021438567414343105260856279040.000000 0.275992 -0.210065 -0.898233 -0.403650 0.342061 -0.890471
VERTEX_POSE A621 -0.121480 0.631411 142717957228170451229169223632419449712023085313770128632411546919873682261239807686955431172197865275394498470016097032557935271454908504114485378486968050179891252175986467684330858598783887032262100137109926466652443578630334962549204381954211840.000000 -0.304565 -0.566724 0.949287 -0.114729 0.078067 -0.815881
VERTEX_POSE A622 -0.660548 -0.432695 37316738923474115733261719628800385799184125072574718531182175390581577988623128776844964764147918527234058057349660137317923228681926050302090253616151384153984071959032999133593159702126970020036608.000000 0.729717 0.301547 -0.559238 0.779602 0.393403 0.548900
VERTEX_POSE A623 0.741301 -0.505361 11205294246384509166644127883276842297287657537402947028047611871085140465745766381567954266633399990095915487873800237467784510098272729471091831404070392088699980308097400203724917295607667978630242654467422520653876189206292577090929733037029001789440.000000 0.288872 -0.353736 -0.515959 -0.840262 0.806436 -0.410890
VERTEX_POSE A624 0.942902 0.043975 0.000000 -0.313583 -0.021199 0.750953 0.606331 0.581150 -0.794930
VERTEX_POSE A625 -0.236195 0.787172 0.000000 0.960913 -0.275790 -0.256900 -0.855686 -0.103191 -0.437882
VERTEX_POSE A626 0.809072 0.446141 0.000000 0.738286 -0.345040 -0.258890 0.648468 0.622824 0.678555
VERTEX_POSE A627 0.537196 -0.825421 0.000000 -0.740198 0.584341 -0.381483 -0.772351 0.553695 0.249036
VERTEX_POSE A628 0.649471 0.666097 4929769663206434556756106719243555299427331264920697598914398212614809753906777867120299571615017338617576122701945747643448804104216760760224974570994337550469578604739210972496564047081459696452671373312.000000 0.280326 -0.865055 -0.421089 0.278675 -0.862613 -0.417157
VERTEX_POSE A629 -0.540152 0.064683 254736390291291889030922121258850660424501441023379822259963935954914725725432940630493166131664627692932379993406330093364458701043890969258665463427181890508822414413552810983424.000000 -0.787809 -0.596843 0.424742 -0.705293 0.446040 -0.382546
VERTEX_POSE A630 0.444982 -0.689908 0.000000 0.630204 -0.468539 0.753112 0.174924 0.188853 0.865952
VERTEX_POSE A631 0.886113 0.246933 20501866451337168053189560792064226319547775958351486434605468436284037989645490279678039395484825527040722291151541508450190370438103211413438508882310610343659748866787619270098045783142774385055450559223531831296.000000 0.587836 0.723452 0.292754 -0.607420 -0.754151 0.328112
VERTEX_POSE A632 -0.392692 -0.908249 54516411287282881103620573661049282232049455624225566907766293486944114775489419510216473978623760465169262049097688632643007058210239961430227364061010573877892109631258095084661486834624878580594535132737235168202608021438567414343105260856279040.000000 0.703825 0.644594 -0.216524 -0.205603 0.676571 -0.736360
VERTEX_POSE A633 0.349993 -0.002300 142717957228170451229169223632419449712023085313770128632411546919873682261239807686955431172197865275394498470016097032557935271454908504114485378486968050179891252175986467684330858598783887032262100137109926466652443578630334962549204381954211840.000000 -0.974181 -0.214595 0.210611 -0.975724 0.081330 -0.043722
VERTEX_POSE A634 0.629116 -0.776534 37316738923474115733261719628800385799184125072574718531182175390581577988623128776844964764147918527234058057349660137317923228681926050302090253616151384153984071959032999133593159702126970020036608.000000 0.690243 -0.421699 -0.692601 -0.620271 -0.209447 0.661387
VERTEX_POSE A635 0.491344 0.431914 11205294273696696283720010989907915232081929474507877116253571696068212462731262907668975231585186284865801862756841151258487062964633261046364750773238698479047060176903165649414320927072436637725032899757263226746467710923297881052433318485636243521536.000000 0.731207 -0.096752 -0.676439 -0.230722 0.088126 -0.968198
VERTEX_POSE A636 -0.117945 0.752629 1.000000 0.675624 -0.311189 0.663734 0.651360 0.320920 -0.692020
VERTEX_POSE A637 0.956929 0.260418 0.000000 0.307143 0.207162 0.567553 -0.823327 -0.763903 -0.528409
VERTEX_POSE A638 -0.326826 -0.463284 0.000000 0.644667 -0.341002 0.468493 -0.531005 0.604085 0.775727
VERTEX_POSE A639 0.214465 0.812512 0.000000 -0.724318 -0.295794 -0.491534 0.854969 0.483485 0.426068
VERTEX_POSE A640 0.841252 -0.493477 4929769663206434556756106719243555299427331264920697598914398212614809753906777867120299571615017338617576122701945747643448804104216760760224974570994337550469578604739210972496564047081459696452671373312.000000 0.306419 -0.660825 0.294898 -0.618451 -0.905065 -0.425239
VERTEX_POSE A641 0.038091 -0.353383 254736390291291889030922121258850660424501441023379822259963935954914725725432940630493166131664627692932379993406330093364458701043890969258665463427181890508822414413552810983424.000000 -0.454371 0.244101 0.594254 -0.633402 -0.663633 -0.734313
VERTEX_POSE A642 0.616013 0.470722 0.000000 0.359321 -0.278636 0.683333 0.728543 -0.635566 0.625769
VERTEX_POSE A643 0.313662 -0.882090 20501866451337168053189560792064226319547775958351486434605468436284037989645490279678039395484825527040722291151541508450190370438103211413438508882310610343659748866787619270098045783142774385055450559223531831296.000000 -0.666745 -0.440349 0.184432 -0.879178 0.722105 -0.182040
VERTEX_POSE A644 -0.190196 0.880318 54516411287282881103620573661049282232049455624225566907766293486944114775489419510216473978623760465169262049097688632643007058210239961430227364061010573877892109631258095084661486834624878580594535132737235168202608021438567414343105260856279040.000000 0.576567 -0.196956 0.076447 -0.953249 -0.813466 -0.229182
VERTEX_POSE A645 -0.834184 -0.378320 142717957228170451229169223632419449712023085313770128632411546919873682261239807686955431172197865275394498470016097032557935271454908504114485378486968050179891252175986467684330858598783887032262100137109926466652443578630334962549204381954211840.000000 -0.585232 0.652207 -0.709683 -0.124561 0.392241 0.747737
VERTEX_POSE A646 0.323291 -0.945812 37316738923474115733261719628800385799184125072574718531182175390581577988623128776844964764147918527234058057349660137317923228681926050302090253616151384153984071959032999133593159702126970020036608.000000 0.375632 0.626455 0.210515 0.660003 -0.902543 0.414669
VERTEX_POSE A647 0.934439 0.314007 11205294301008883400795894096538988166876201411612807204459531521051284459716759433769996196536972579635688237639882065049189615830993792621637670142407004869394140045708931095103724558537205296819823145047103932839059232640303185013936903934243485253632.000000 -0.856299 -0.408524 -0.011651 0.626968 0.516349 -0.663339
VERTEX_POSE A648 0.422509 0.576478 0.000000 0.659715 0.113367 -0.436897 -0.746484 0.611471 -0.655675
VERTEX_POSE A649 0.902370 -0.195235 0.000000 0.452551 0.457250 0.890125 -0.180004 0.053625 -0.870931
VERTEX_POSE A650 -0.396773 0.471570 0.000000 0.902118 0.385260 0.071895 -0.578249 0.425458 -0.719168
VERTEX_POSE A651 0.541480 0.813015 0.000000 -0.467695 0.640148 0.591860 -0.285327 -0.656478 -0.713302
VERTEX_POSE A652 -0.746905 -0.391660 4929769663206434556756106719243555299427331264920697598914398212614809753906777867120299571615017338617576122701945747643448804104216760760224974570994337550469578604739210972496564047081459696452671373312.000000 0.557793 0.588499 -0.632708 0.757880 -0.537166 -0.281580
VERTEX_POSE A653 -0.664893 0.448529 254736390291291889030922121258850660424501441023379822259963935954914725725432940630493166131664627692932379993406330093364458701043890969258665463427181890508822414413552810983424.000000 -0.498707 0.529948 -0.427103 0.538335 0.754238 0.655248
VERTEX_POSE A654 0.315381 0.519453 0.000000 -0.779157 0.145952 0.440653 0.819190 -0.445802 0.554639
VERTEX_POSE A655 -0.397775 0.832173 20501866451337168053189560792064226319547775958351486434605468436284037989645490279678039395484825527040722291151541508450190370438103211413438508882310610343659748866787619270098045783142774385055450559223531831296.000000 -0.794217 0.484757 0.492072 0.866848 0.356489 -0.116553
VERTEX_POSE A656 -0.800493 0.268873 54516411287282881103620573661049282232049455624225566907766293486944114775489419510216473978623760465169262049097688632643007058210239961430227364061010573877892109631258095084661486834624878580594535132737235168202608021438567414343105260856279040.000000 -0.076155 -0.421510 0.644490 -0.712303 0.760811 0.561207
VERTEX_POSE A657 -0.512779 0.155427 142717957228170451229169223632419449712023085313770128632411546919873682261239807686955431172197865275394498470016097032557935271454908504114485378486968050179891252175986467684330858598783887032262100137109926466652443578630334962549204381954211840.000000 -0.249130 -0.792180 -0.968098 0.219635 -0.026822 -0.569395
VERTEX_POSE A658 0.414505 -0.607070 37316738923474115733261719628800385799184125072574718531182175390581577988623128776844964764147918527234058057349660137317923228681926050302090253616151384153984071959032999133593159702126970020036608.000000 0.470804 0.228585 -0.844213 -0.163777 0.256220 -0.959649
VERTEX_POSE A659 0.785871 0.614448 11205294328321070517871777203170061101670473348717737292665491346034356456702255959871017161488758874405574612522922978839892168697354324196910589511575311259741219914514696540793128190001973955914613390336944638931650754357308488975440489382850726985728.000000 -0.847655 -0.055506 0.525915 0.043242 -0.069965 0.997522
VERTEX_POSE A660 0.441811 -0.628067 1.000000 -0.991796 0.127679 0.126825 0.988945 -0.016020 -0.075407
VERTEX_POSE A661 0.511144 -0.410568 0.000000 0.870853 -0.374273 -0.491306 -0.682877 -0.015246 0.627375
VERTEX_POSE A662 0.600266 -0.389832 0.000000 0.099901 -0.730588 0.841298 -0.300446 -0.531260 -0.613167
VERTEX_POSE A663 -0.728385 -0.627115 0.000000 0.914188 0.349230 0.397746 -0.675608 0.077839 -0.649301
VERTEX_POSE A664 0.034425 0.529086 4929769663206434556756106719243555299427331264920697598914398212614809753906777867120299571615017338617576122701945747643448804104216760760224974570994337550469578604739210972496564047081459696452671373312.000000 0.999895 -0.010146 0.013657 0.898929 0.004867 -0.437976
VERTEX_POSE A665 0.721507 -0.600197 254736390291291889030922121258850660424501441023379822259963935954914725725432940630493166131664627692932379993406330093364458701043890969258665463427181890508822414413552810983424.000000 0.948151 0.220998 0.313190 -0.771922 -0.054052 -0.596067
VERTEX_POSE A666 0.527674 0.795761 0.000000 -0.204014 -0.923000 -0.834664 -0.010162 -0.511580 0.384666
VERTEX_POSE A667 -0.847114 0.518878 20501866451337168053189560792064226319547775958351486434605468436284037989645490279678039395484825527040722291151541508450190370438103211413438508882310610343659748866787619270098045783142774385055450559223531831296.000000 -0.048470 -0.597383 -0.112826 -0.793028 0.992432 -0.119333
VERTEX_POSE A668 0.203800 -0.753944 54516411287282881103620573661049282232049455624225566907766293486944114775489419510216473978623760465169262049097688632643007058210239961430227364061010573877892109631258095084661486834624878580594535132737235168202608021438567414343105260856279040.000000 0.598840 0.702597 -0.423086 0.685052 0.679992 -0.192512
VERTEX_POSE A669 -0.778346 -0.511717 142717957228170451229169223632419449712023085313770128632411546919873682261239807686955431172197865275394498470016097032557935271454908504114485378486968050179891252175986467684330858598783887032262100137109926466652443578630334962549204381954211840.000000 -0.673035 0.732995 -0.683634 -0.565603 -0.282258 -0.377904
VERTEX_POSE A670 0.786022 0.159131 37316738923474115733261719628800385799184125072574718531182175390581577988623128776844964764147918527234058057349660137317923228681926050302090253616151384153984071959032999133593159702126970020036608.000000 -0.014831 -0.707541 0.798307 -0.433844 0.602068 0.557822
VERTEX_POSE A671 0.351555 -0.909903 11205294355633257634947660309801134036464745285822667380871451171017428453687752485972038126440545169175460987405963892630594721563714855772183508880743617650088299783320461986482531821466742615009403635626785345024242276074313792936944074831457968717824.000000 0.343662 0.311818 0.935070 -0.200839 0.086832 0.928673
VERTEX_POSE A672 0.990311 0.074515 1.000000 0.183665 -0.702183 0.872664 0.438590 0.452465 -0.560872
VERTEX_POSE A673 0.136761 -0.669784 0.000000 0.655823 -0.714356 -0.499331 -0.653006 -0.566184 -0.251554
VERTEX_POSE A674 -0.513484 -0.719427 0.000000 -0.411215 -0.906253 -0.636996 0.208775 -0.652027 0.367586
VERTEX_POSE A675 -0.510205 -0.182283 0.000000 -0.001063 0.224576 0.597720 0.781369 -0.801704 0.582261
VERTEX_POSE A676 0.638090 0.474706 4929769663206434556756106719243555299427331264920697598914398212614809753906777867120299571615017338617576122701945747643448804104216760760224974570994337550469578604739210972496564047081459696452671373312.000000 0.611303 -0.082329 0.590524 0.709585 -0.526869 0.699793
VERTEX_POSE A677 -0.421203 -0.443869 254736390291291889030922121258850660424501441023379822259963935954914725725432940630493166131664627692932379993406330093364458701043890969258665463427181890508822414413552810983424.000000 -0.590797 -0.765928 0.798338 -0.600414 0.116681 0.229905
VERTEX_POSE A678 -0.638713 0.760119 0.000000 0.184373 -0.772155 -0.460003 0.478966 -0.868564 -0.417574
VERTEX_POSE A679 -0.533266 -0.549196 20501866451337168053189560792064226319547775958351486434605468436284037989645490279678039395484825527040722291151541508450190370438103211413438508882310610343659748866787619270098045783142774385055450559223531831296.000000 -0.239420 0.035225 -0.482979 0.862603 0.842265 0.504654
VERTEX_POSE A680 -0.813389 0.080836 54516411287282881103620573661049282232049455624225566907766293486944114775489419510216473978623760465169262049097688632643007058210239961430227364061010573877892109631258095084661486834624878580594535132737235168202608021438567414343105260856279040.000000 0.359830 -0.224898 0.841898 0.496582 0.402156 -0.838348
VERTEX_POSE A681 -0.577636 -0.229379 142717957228170451229169223632419449712023085313770128632411546919873682261239807686955431172197865275394498470016097032557935271454908504114485378486968050179891252175986467684330858598783887032262100137109926466652443578630334962549204381954211840.000000 -0.213480 0.537755 -0.712110 0.485905 0.668824 0.688996
VERTEX_POSE A682 -0.889916 -0.330253 37316738923474115733261719628800385799184125072574718531182175390581577988623128776844964764147918527234058057349660137317923228681926050302090253616151384153984071959032999133593159702126970020036608.000000 0.128151 0.991381 -0.852157 0.096040 0.507352 -0.089102
VERTEX_POSE A683 -0.453663 0.712431 170579312608294397288425562476781478657348116557409361067516113173529313554748649852649210474915032992695019659618577779349752939921984615483773778965161769930218126055639616659548900788495293435291430151545253289952454459654116247582160622041547392834294584737033988603904.000000 -0.577667 -0.236652 -0.674356 -0.400905 -0.459939 0.885026
VERTEX_POSE A684 0.695608 -0.328926 0.000000 0.540899 -0.533697 -0.096574 -0.807193 0.835525 0.252204
VERTEX_POSE A685 0.410354 0.911647 0.000000 -0.498810 0.690936 -0.020609 -0.613011 0.866467 0.383179
VERTEX_POSE A686 0.611868 0.696530 0.000000 0.066890 0.921847 0.843181 -0.256780 0.533452 0.290279
VERTEX_POSE A687 0.416547 0.119044 0.000000 0.314325 0.871098 0.557590 0.152288 0.768305 -0.466901
VERTEX_POSE A688 0.816598 0.077487 0.000000 0.741248 -0.156643 -0.487084 0.543531 0.461845 0.824643
VERTEX_POSE A689 0.275619 -0.923022 0.756836 -0.864571 0.013527 0.502444 0.007029 -0.008164 -0.999884
VERTEX_POSE A690 0.888095 -0.256081 0.000000 -0.594297 0.694785 0.156339 -0.394258 0.788904 0.601527
VERTEX_POSE A691 0.326973 -0.231728 0.000000 -0.873179 -0.173703 0.370167 -0.844163 0.317072 0.507165
VERTEX_POSE A692 0.235033 -0.318179 48282.085574 -0.711891 -0.128338 -0.491187 -0.611699 0.501942 -0.780611
VERTEX_POSE A693 0.854123 0.518614 16668.777887 -0.750480 0.611374 -0.597378 -0.465070 0.282700 0.640259
VERTEX_POSE A694 0.865990 0.444940 11681.952872 -0.306786 0.323841 -0.900659 -0.402805 0.307728 -0.856081
VERTEX_POSE A695 0.469917 -0.568011 11681.952872 -0.072460 0.756720 -0.696886 0.427610 -0.713512 -0.494495
VERTEX_POSE A696 0.116907 0.717922 4064.803809 0.920743 0.000184 -0.329652 -0.534570 0.208716 -0.845124
VERTEX_POSE A697 0.763271 0.377137 2741.249358 0.708501 -0.087531 0.629989 -0.368718 -0.318026 -0.925411
VERTEX_POSE A698 -0.583306 0.562461 2231.446153 0.526858 -0.849824 0.794345 0.498528 0.302385 0.171085
VERTEX_POSE A699 -0.433962 0.394045 2231.446153 0.436726 -0.606361 0.119004 -0.693264 0.891689 0.389502
VERTEX_POSE A700 -0.557299 0.827890 1301.860409 -0.187559 -0.613254 -0.782275 -0.379152 -0.594026 0.692938
VERTEX_POSE A701 0.224970 0.224031 1205.958222 -0.981407 -0.051223 0.100747 0.682816 -0.163369 0.728792
VERTEX_POSE A702 0.177489 -0.953807 1121.059917 -0.966824 0.168350 0.249164 0.787246 -0.056285 0.593214
VERTEX_POSE A703 -0.960050 -0.221956 1121.059917 0.601162 -0.716041 -0.202539 0.292976 -0.773035 -0.633601
VERTEX_POSE A704 -0.726675 0.289176 713.245026 -0.604741 0.541033 0.237763 -0.577724 0.760103 0.611162
VERTEX_POSE A705 -0.686467 -0.340757 650.586875 0.285380 -0.086272 -0.305207 -0.952272 -0.908519 0.292806
VERTEX_POSE A706 -0.169484 -0.931668 650.586875 0.873126 0.428336 -0.250993 -0.014331 -0.417915 0.903506
VERTEX_POSE A707 0.785616 -0.324598 486.551768 0.192818 0.509849 -0.944077 0.329294 -0.267471 -0.794745
VERTEX_POSE A708 -0.919692 -0.056868 436.995702 -0.833515 0.200016 0.552091 0.337227 -0.021158 0.919930
VERTEX_POSE A709 0.129037 0.890721 372.674883 0.102760 -0.194198 0.837320 0.546327 0.536969 -0.814748
VERTEX_POSE A710 -0.621130 0.537715 372.674883 -0.608964 0.771832 -0.743453 -0.475040 -0.276480 -0.422625
VERTEX_POSE A711 -0.646726 -0.762582 334.376946 -0.797220 -0.593140 0.461351 -0.478558 -0.389353 0.647431
VERTEX_POSE A712 0.937344 -0.007060 323.810960 -0.056659 -0.843354 -0.861154 -0.229535 -0.505176 0.485867
VERTEX_POSE A713 0.202569 0.824482 295.400159 0.490695 -0.602407 0.308103 -0.555872 0.815040 0.572811
VERTEX_POSE A714 0.437615 0.841690 295.400159 -0.795334 0.170685 -0.585597 -0.464226 -0.156593 0.869115
VERTEX_POSE A715 0.679409 -0.539955 261.923434 -0.718542 0.282511 -0.682500 -0.462172 -0.133760 0.840586
VERTEX_POSE A716 0.900603 0.085033 253.079038 0.743965 -0.664589 0.465169 0.589811 0.479722 0.458743
VERTEX_POSE A717 0.158240 0.849228 226.150203 -0.455361 0.571048 -0.849805 -0.507552 0.265476 -0.645209
VERTEX_POSE A718 0.573417 -0.488579 208.039147 -0.910727 -0.372682 -0.042886 0.513989 -0.410776 0.772608
VERTEX_POSE A719 0.359383 -0.571351 190.052881 0.635096 -0.596175 0.434602 -0.249862 -0.638572 -0.762983
VERTEX_POSE A720 0.262405 0.772576 169.331815 -0.914124 0.389343 0.404638 0.858638 -0.025405 -0.333395
VERTEX_POSE A721 0.413135 0.451519 169.331815 0.789721 0.498469 0.602372 -0.519728 -0.116139 0.693839
VERTEX_POSE A722 -0.094773 -0.180435 148.456003 -0.752364 -0.543490 -0.047382 0.608264 -0.657041 0.578475
VERTEX_POSE A723 -0.947884 -0.284151 148.456003 0.194082 -0.203458 0.364212 -0.893389 0.910869 0.400575
VERTEX_POSE A724 -0.758690 -0.345155 138.704178 -0.757173 -0.327274 -0.572777 0.748700 0.314030 0.576490
VERTEX_POSE A725 -0.338045 0.933574 138.704178 0.590102 -0.142115 0.805258 0.033142 -0.057792 -0.989295
VERTEX_POSE A726 -0.995604 -0.052779 136.576266 -0.445031 -0.443969 0.789826 -0.603886 0.422047 0.661976
VERTEX_POSE A727 0.076100 -0.937440 134.562401 0.583494 0.396540 0.166849 -0.912606 0.794793 -0.099537
VERTEX_POSE A728 -0.806594 0.163468 130.572085 -0.296387 -0.081754 0.910536 -0.324876 0.288235 0.942217
VERTEX_POSE A729 -0.542099 0.178556 121.862635 0.182068 0.180207 -0.977065 0.143560 -0.110428 -0.973096
VERTEX_POSE A730 0.565440 0.783343 121.862635 -0.521080 0.656744 0.628584 -0.136762 0.577371 0.741609
VERTEX_POSE A731 0.022306 0.298373 114.444297 -0.221197 0.846213 0.965748 0.259213 0.135657 -0.465544
VERTEX_POSE A732 0.802590 -0.351828 105.088141 -0.583074 0.169556 0.569183 -0.612581 -0.579703 -0.772007
VERTEX_POSE A733 -0.383875 -0.922745 105.088141 0.375910 -0.886813 0.537228 0.444917 -0.755035 -0.124948
VERTEX_POSE A734 -0.121737 -0.903792 99.927079 0.435715 0.865018 0.586608 -0.482546 0.682674 -0.137454
VERTEX_POSE A735 -0.991834 0.094933 99.927079 -0.334846 0.882946 0.743642 0.462095 0.578683 -0.082917
VERTEX_POSE A736 -0.588646 -0.443908 98.153580 -0.077949 0.886039 -0.597141 -0.408575 0.798340 -0.219094
VERTEX_POSE A737 0.797238 -0.457126 97.497854 0.680986 0.081351 0.715944 0.134883 0.153889 -0.987516
VERTEX_POSE A738 -0.584220 0.751736 89.724510 -0.673699 -0.033525 -0.568322 0.662050 -0.472376 -0.748709
VERTEX_POSE A739 0.509649 0.633146 89.724510 -0.557402 -0.378652 0.825976 -0.162799 -0.084066 0.911109
VERTEX_POSE A740 0.023869 0.611278 85.703930 0.128101 0.753963 -0.545197 0.596224 -0.828462 -0.275784
VERTEX_POSE A741 -0.387901 0.734951 85.703930 -0.549431 0.821745 -0.684712 -0.339112 -0.478847 -0.457972
VERTEX_POSE A742 -0.717783 0.693374 82.795713 -0.812354 -0.571978 -0.389056 0.386354 -0.434415 0.723582
VERTEX_POSE A743 -0.664944 -0.709651 82.795713 -0.320730 -0.157036 -0.845409 -0.397221 -0.427102 0.904187
VERTEX_POSE A744 0.645533 0.732955 80.551084 -0.216109 0.953191 -0.749431 -0.300773 0.625820 -0.031025
VERTEX_POSE A745 -0.639949 0.672487 80.551084 -0.703042 0.395411 0.382239 0.911007 0.599687 -0.117113
VERTEX_POSE A746 -0.924981 0.194066 78.940732 0.452881 -0.885877 -0.188670 -0.205501 -0.871379 -0.415921
VERTEX_POSE A747 0.367635 0.239346 75.952010 0.412036 0.874253 -0.441506 -0.054904 0.797056 -0.482356
VERTEX_POSE A748 0.787878 0.449959 69.509375 0.962661 -0.163501 -0.011711 0.771106 0.270455 0.615356
VERTEX_POSE A749 -0.598890 0.400787 69.509375 0.614227 0.680453 0.573136 -0.036557 -0.542440 0.731879
VERTEX_POSE A750 -0.276820 0.681533 62.100934 -0.618959 -0.629367 -0.752689 0.304395 -0.224385 0.715011
VERTEX_POSE A751 0.340388 0.728795 62.100934 0.139029 0.673080 -0.761320 0.541729 -0.633296 -0.503480
VERTEX_POSE A752 -0.014467 -0.061222 60.267065 -0.892555 0.378284 -0.313773 -0.911930 -0.323870 -0.159015
VERTEX_POSE A753 0.830956 -0.555901 60.267065 0.190382 -0.931041 -0.490729 -0.364908 -0.850259 0.002138
VERTEX_POSE A754 0.086595 -0.702450 59.081139 0.911130 0.122863 0.394860 -0.533592 0.118013 0.836770
VERTEX_POSE A755 -0.934317 -0.303372 59.081139 -0.584877 0.468905 0.737783 0.646596 -0.337039 0.601699
VERTEX_POSE A756 0.285622 -0.746987 57.842189 0.428021 0.798652 -0.690805 0.590917 -0.582741 -0.113892
VERTEX_POSE A757 0.890684 0.438121 57.131885 -0.363644 0.590697 -0.730909 -0.660314 0.577524 -0.463748
VERTEX_POSE A758 0.915643 -0.129616 53.678035 -0.934081 0.055920 0.202528 -0.730435 -0.294066 -0.680689
VERTEX_POSE A759 0.384029 0.561851 50.144786 -0.887510 0.386206 0.080458 0.666956 -0.453710 -0.637193
VERTEX_POSE A760 -0.978634 -0.200446 46.579390 0.205563 -0.669402 -0.677240 -0.623894 0.706463 -0.403308
VERTEX_POSE A761 -0.038859 -0.038417 46.579390 0.262383 -0.268138 0.918769 0.363079 0.294989 -0.892343
VERTEX_POSE A762 -0.259926 -0.965230 46.579390 -0.820560 -0.497207 0.128011 -0.640550 0.557041 -0.585219
VERTEX_POSE A763 -0.762735 0.222835 42.550086 -0.080423 -0.884932 -0.867399 -0.164599 0.491072 -0.435663
VERTEX_POSE A764 -0.924098 -0.382025 42.550086 0.576214 -0.426895 -0.564349 -0.824637 -0.591175 0.371126
VERTEX_POSE A765 0.355687 -0.850289 40.834954 0.545996 -0.672114 0.385117 -0.328824 -0.744025 -0.663429
VERTEX_POSE A766 -0.556665 -0.820580 40.339259 -0.289360 0.139488 0.684396 0.721827 0.669233 -0.677870
VERTEX_POSE A767 0.133954 0.065188 36.117495 -0.619286 -0.149921 -0.697323 0.556168 0.360866 0.817435
VERTEX_POSE A768 0.734175 -0.576259 33.900553 -0.721807 0.198539 0.651242 -0.129416 0.234261 0.971511
VERTEX_POSE A769 -0.635210 -0.769726 31.956213 0.307374 -0.814236 -0.876326 -0.040479 -0.370911 -0.579122
VERTEX_POSE A770 -0.282300 -0.149707 29.450726 -0.456727 0.707782 0.325665 -0.430729 0.827854 0.559926
VERTEX_POSE A771 -0.687269 -0.657573 27.025761 0.528813 0.795889 0.086482 0.295022 0.844321 -0.528699
VERTEX_POSE A772 0.211510 0.727118 27.025761 0.503090 0.788670 -0.818666 0.303864 -0.276922 0.534477
VERTEX_POSE A773 0.819807 0.231846 27.025761 -0.280647 0.673553 0.942207 0.329154 -0.182985 0.661803
VERTEX_POSE A774 -0.085041 -0.444166 25.979791 0.464739 -0.254801 0.575062 -0.641377 0.673291 0.723680
VERTEX_POSE A775 -0.635338 0.713726 25.634614 0.328792 -0.438210 0.593926 0.784673 -0.734267 0.438475
VERTEX_POSE A776 -0.952875 0.166310 24.258980 -0.190281 -0.977067 0.093083 0.078953 -0.977307 0.197754
VERTEX_POSE A777 0.302321 0.589901 24.258980 0.200561 0.558847 0.372677 -0.803114 0.906028 0.206637
VERTEX_POSE A778 0.775292 -0.623604 23.388667 0.036911 0.968285 0.425550 0.208504 0.904182 -0.137660
VERTEX_POSE A779 -0.587880 -0.654484 23.388667 -0.948426 -0.299148 -0.088646 0.567918 -0.304352 0.766798
VERTEX_POSE A780 0.646554 0.265229 22.903657 -0.617366 0.537680 0.064447 -0.692944 -0.784031 -0.480343
VERTEX_POSE A781 -0.341623 -0.737684 21.839216 0.702068 0.151150 -0.651838 -0.257054 -0.286720 0.954504
VERTEX_POSE A782 0.199578 -0.661627 20.059568 -0.229459 0.659870 -0.951465 -0.306968 0.205093 -0.685815
VERTEX_POSE A783 0.135391 -0.711930 20.059568 -0.903301 -0.366530 -0.127747 0.725901 0.409546 -0.581999
VERTEX_POSE A784 -0.882346 -0.210275 17.408512 0.392977 0.863771 0.262348 0.223410 0.881330 -0.451650
VERTEX_POSE A785 0.465287 -0.523868 17.408512 0.300039 0.704934 -0.478347 -0.471716 -0.825324 0.529673
VERTEX_POSE A786 -0.176532 0.385894 16.777803 0.633891 -0.711458 0.402819 0.638497 -0.660241 -0.293511
VERTEX_POSE A787 0.830419 -0.435495 15.961327 0.572952 -0.341171 0.268058 0.937240 0.774513 -0.071994
VERTEX_POSE A788 -0.024924 -0.888894 15.213488 -0.592481 -0.451209 -0.178596 0.881380 0.785538 -0.139932
VERTEX_POSE A789 -0.356649 -0.419559 15.213488 -0.052819 0.402355 0.787369 -0.546157 0.614215 0.734726
VERTEX_POSE A790 0.208309 -0.910442 14.050514 0.389414 -0.766039 -0.910651 -0.403460 -0.138100 0.500404
VERTEX_POSE A791 0.031639 0.371451 13.404269 -0.773285 -0.032172 0.453119 0.670560 0.443524 -0.741158
VERTEX_POSE A792 0.832330 0.511412 12.748504 -0.287749 0.948703 -0.942785 -0.304656 -0.168398 0.084541
VERTEX_POSE A793 0.538337 -0.654042 12.748504 -0.543613 0.838351 0.617246 0.366482 -0.568764 -0.403557
VERTEX_POSE A794 -0.393807 0.722293 11.814831 0.355800 -0.917076 -0.605530 -0.372876 -0.711856 -0.141192
VERTEX_POSE A795 -0.897758 -0.169443 11.325414 -0.457040 0.759670 -0.124139 0.460548 -0.880741 -0.459127
VERTEX_POSE A796 0.252185 -0.475390 11.325414 -0.790586 -0.484945 -0.475745 0.870860 0.385539 0.080190
VERTEX_POSE A797 0.422306 0.837754 11.182210 -0.389189 0.297103 -0.858576 0.225940 -0.333735 -0.927729
VERTEX_POSE A798 0.507394 0.630310 10.354360 -0.620914 -0.332162 0.781688 -0.194700 0.058565 -0.922909
VERTEX_POSE A799 -0.456864 0.774930 9.743591 0.705991 0.699431 -0.547902 0.439877 -0.448754 0.563298
VERTEX_POSE A800 -0.693385 -0.714014 9.743591 -0.747539 0.128610 0.533075 0.701446 -0.396253 0.701022
VERTEX_POSE A801 -0.441502 0.527329 8.890682 0.228713 0.958828 0.931077 -0.164963 -0.284228 0.231162
VERTEX_POSE A802 -0.011187 0.650421 8.525841 0.285786 -0.024674 0.385947 0.917973 0.877138 -0.395875
VERTEX_POSE A803 0.322356 0.721334 8.222006 -0.614319 0.202990 -0.464629 -0.874105 -0.637755 0.441289
VERTEX_POSE A804 -0.285144 -0.613921 7.911976 0.496980 0.203088 0.392429 -0.919730 0.773958 0.335933
VERTEX_POSE A805 -0.577560 -0.502816 7.466884 0.564538 0.800054 -0.695749 0.328911 0.444107 -0.501729
VERTEX_POSE A806 0.606665 0.460992 7.248039 0.834521 0.393519 0.512428 -0.811529 -0.202464 -0.431930
VERTEX_POSE A807 -0.320654 0.887379 7.248039 0.867817 -0.454920 0.115983 0.576560 0.483158 0.678694
