VERTEX_POSE A0 -0.151212 0.614952 0.000000 -0.773931 0.455263 -0.151212 0.542146 0.614952 0.706268
VERTEX_POSE A1 0.542146 0.706268 0.000000 -0.685057 -0.266079 0.182324 -0.963907 0.705304 -0.009268
VERTEX_POSE A2 0.182324 0.705304 0.000000 -0.697927 -0.437707 -0.529516 -0.217524 -0.482194 0.872408
VERTEX_POSE A3 -0.963907 -0.009268 0.000000 -0.765454 0.642741 0.468194 0.589389 0.441446 0.489392
VERTEX_POSE A4 -0.529516 -0.482194 0.000000 -0.837223 0.148884 -0.387605 -0.840338 0.385772 -0.521216
VERTEX_POSE A5 -0.217524 0.872408 0.000000 0.429651 0.832131 0.876115 -0.290105 -0.218684 0.472650
VERTEX_POSE A6 0.468194 0.441446 0.000000 0.630889 0.696408 0.700831 -0.322354 0.332890 -0.641174
VERTEX_POSE A7 0.589389 0.489392 0.000000 0.910279 -0.405154 0.172789 0.185000 0.376214 0.895335
VERTEX_POSE A8 -0.387605 0.385772 0.000000 0.952881 -0.175346 0.286805 0.786546 -0.098801 0.592115
VERTEX_POSE A9 -0.840338 -0.521216 0.000000 0.370519 -0.921358 0.927767 0.373160 0.044319 -0.108861
VERTEX_POSE A10 0.876115 -0.218684 0.000000 0.270040 0.522614 -0.610404 -0.556614 0.744637 -0.645799
VERTEX_POSE A11 -0.290105 0.472650 0.000000 0.567717 0.682879 -0.405370 -0.254184 0.716500 -0.684885
VERTEX_POSE A12 0.700831 0.332890 0.000000 -0.428876 0.899237 -0.640007 -0.369832 -0.637539 -0.233658
VERTEX_POSE A13 -0.322354 -0.641174 0.000000 -0.840134 -0.068796 0.409207 -0.731434 -0.355983 -0.678433
VERTEX_POSE A14 0.172789 0.376214 0.000000 0.402135 -0.776537 0.873210 0.165984 -0.275303 -0.607816
VERTEX_POSE A15 0.185000 0.895335 0.000000 0.357982 0.879630 -0.190282 -0.259674 0.914135 -0.398522
VERTEX_POSE A16 0.286805 -0.098801 0.000000 0.519349 -0.141494 0.372301 -0.850223 0.769200 0.507050
VERTEX_POSE A17 0.786546 0.592115 0.000000 -0.901368 0.385732 0.331986 0.323635 -0.278065 -0.863986
VERTEX_POSE A18 0.927767 0.044319 0.000000 0.987562 0.152563 0.135134 -0.700028 0.080369 -0.697628
VERTEX_POSE A19 0.373160 -0.108861 0.000000 0.513888 -0.641226 0.008670 -0.660375 -0.857813 -0.390812
VERTEX_POSE A20 -0.610404 0.744637 0.000000 -0.546218 -0.774274 -0.837083 0.518505 -0.030619 -0.362840
VERTEX_POSE A21 -0.556614 -0.645799 0.000000 -0.708805 0.701437 -0.370831 -0.460621 -0.600066 -0.543889
VERTEX_POSE A22 -0.405370 0.716500 0.000000 0.465406 -0.577401 0.779313 0.626634 0.419605 -0.523391
VERTEX_POSE A23 -0.254184 -0.684885 0.000000 -0.250668 0.631337 0.739383 -0.364478 -0.624882 -0.684521
VERTEX_POSE A24 -0.640007 -0.637539 0.000000 0.255500 -0.948870 0.617756 0.307724 0.743705 0.070375
VERTEX_POSE A25 -0.369832 -0.233658 0.000000 0.724143 -0.522913 -0.591065 -0.806503 0.355329 -0.275889
VERTEX_POSE A26 0.409207 -0.355983 0.000000 0.453730 0.699089 0.598465 -0.698531 0.660279 0.152736
VERTEX_POSE A27 -0.731434 -0.678433 0.000000 0.669369 -0.308969 -0.357097 -0.931281 0.651480 -0.193011
VERTEX_POSE A28 0.873210 -0.275303 0.000000 0.256197 -0.634780 0.593580 -0.491900 -0.762907 -0.595893
VERTEX_POSE A29 0.165984 -0.607816 0.000000 0.008964 -0.851168 -0.815848 0.297246 -0.578196 -0.432618
VERTEX_POSE A30 -0.190282 0.914135 0.000000 -0.240120 -0.889798 0.919856 -0.336296 -0.310174 -0.308487
VERTEX_POSE A31 -0.259674 -0.398522 0.000000 -0.716356 0.518174 -0.671668 -0.693465 0.188936 -0.500602
VERTEX_POSE A32 0.372301 0.769200 0.000000 0.650658 -0.681972 0.684513 0.336311 -0.328764 -0.649468
VERTEX_POSE A33 -0.850223 0.507050 0.000000 0.109090 0.356834 0.991064 0.033024 -0.076753 0.933584
VERTEX_POSE A34 0.331986 -0.278065 0.000000 0.079830 -0.828749 0.976103 -0.047677 0.202115 0.557586
VERTEX_POSE A35 0.323635 -0.863986 0.000000 0.749970 0.661147 0.368027 -0.443104 -0.549638 0.605428
VERTEX_POSE A36 0.135134 0.080369 0.000000 0.091220 -0.710128 0.102473 0.704033 -0.990544 0.007437
VERTEX_POSE A37 -0.700028 -0.697628 0.000000 0.477449 -0.868038 -0.155022 0.069371 0.864876 0.491628
VERTEX_POSE A38 0.008670 -0.857813 0.000000 -0.648219 -0.502411 0.750104 -0.550583 -0.130984 -0.666665
VERTEX_POSE A39 -0.660375 -0.390812 0.000000 0.382194 0.207171 -0.672409 0.730836 -0.633872 -0.650353
VERTEX_POSE A40 -0.837083 -0.030619 0.000000 -0.394819 0.399723 0.663358 -0.498941 0.635668 0.768947
VERTEX_POSE A41 0.518505 -0.362840 0.000000 0.610399 -0.770585 0.754975 0.495973 0.239636 0.400262
VERTEX_POSE A42 -0.370831 -0.600066 0.000000 0.892374 0.238644 0.398221 -0.815734 -0.212340 -0.526903
VERTEX_POSE A43 -0.460621 -0.543889 0.000000 -0.213302 -0.640716 0.560795 -0.698468 0.800007 0.318786
VERTEX_POSE A44 0.779313 0.419605 0.000000 0.759918 -0.596824 0.636066 0.764402 0.133956 -0.243908
VERTEX_POSE A45 0.626634 -0.523391 0.000000 0.110687 0.709097 -0.785998 -0.366356 -0.608239 0.602465
VERTEX_POSE A46 0.739383 -0.624882 0.000000 -0.913660 0.177231 0.146904 -0.695137 0.379004 0.696688
VERTEX_POSE A47 -0.364478 -0.684521 0.000000 0.564572 0.825235 0.168808 -0.096873 -0.807937 0.556419
VERTEX_POSE A48 0.617756 0.743705 0.000000 0.244173 -0.954155 0.597715 0.007512 -0.763621 -0.299217
VERTEX_POSE A49 0.307724 0.070375 0.000000 0.133434 0.144009 0.587004 0.785682 0.798512 -0.601636
VERTEX_POSE A50 -0.591065 0.355329 0.000000 -0.146186 -0.089161 0.760845 0.626385 -0.632254 0.774398
VERTEX_POSE A51 -0.806503 -0.275889 0.000000 -0.386690 0.816740 -0.872945 -0.174422 -0.297384 -0.550011
VERTEX_POSE A52 0.598465 0.660279 0.000000 0.223970 -0.951263 0.654447 -0.014376 -0.722174 -0.308046
VERTEX_POSE A53 -0.698531 0.152736 0.000000 -0.677983 0.732682 0.448060 0.475866 0.582736 0.486548
VERTEX_POSE A54 -0.357097 0.651480 0.000000 -0.667824 0.418601 0.719368 0.575291 -0.191107 0.702719
VERTEX_POSE A55 -0.931281 -0.193011 0.000000 -0.842601 -0.491138 -0.101551 0.547772 0.528877 -0.677296
VERTEX_POSE A56 0.593580 -0.762907 0.000000 -0.166112 0.910064 -0.811595 -0.344894 0.560107 -0.229852
VERTEX_POSE A57 -0.491900 -0.595893 0.000000 -0.361877 -0.928885 -0.222261 0.003828 0.905342 -0.370348
VERTEX_POSE A58 -0.815848 -0.578196 0.000000 -0.073461 0.774834 0.339626 -0.572515 0.937687 0.268065
VERTEX_POSE A59 0.297246 -0.432618 0.000000 -0.376491 -0.666674 0.464474 -0.736624 0.801573 0.113709
VERTEX_POSE A60 0.919856 -0.310174 0.000000 0.381976 -0.512728 0.162368 0.856277 -0.909797 -0.062452
VERTEX_POSE A61 -0.336296 -0.308487 0.000000 -0.717389 -0.691387 -0.284103 0.402602 -0.636113 0.599914
VERTEX_POSE A62 -0.671668 0.188936 0.000000 0.619445 0.773273 -0.640395 0.597508 0.454074 -0.212210
VERTEX_POSE A63 -0.693465 -0.500602 0.000000 -0.932018 0.346285 -0.355057 -0.813342 0.072643 0.467506
VERTEX_POSE A64 0.684513 -0.328764 0.000000 -0.761232 0.322083 -0.280972 -0.946053 0.584449 -0.035306
VERTEX_POSE A65 0.336311 -0.649468 0.000000 0.681084 0.043650 0.549476 -0.690234 -0.483943 -0.722269
VERTEX_POSE A66 0.991064 -0.076753 0.000000 -0.881964 -0.450129 0.441565 -0.892806 -0.164801 0.016780
VERTEX_POSE A67 0.033024 0.933584 0.000000 -0.230491 0.663834 -0.762705 -0.577301 -0.604281 0.475445
VERTEX_POSE A68 0.976103 0.202115 0.000000 -0.374541 -0.566679 -0.105285 -0.760391 0.921213 -0.317301
VERTEX_POSE A69 -0.047677 0.557586 0.000000 -0.593091 0.703641 -0.746241 -0.297943 -0.302269 -0.645073
VERTEX_POSE A70 0.368027 -0.549638 0.000000 -0.660584 0.049892 -0.726763 0.207718 -0.188265 -0.976916
VERTEX_POSE A71 -0.443104 0.605428 0.000000 -0.718297 0.461504 -0.691945 -0.395854 -0.072535 -0.793923
VERTEX_POSE A72 0.102473 -0.990544 0.000000 -0.289143 0.520809 0.927290 0.360774 0.237761 -0.773693
VERTEX_POSE A73 0.704033 0.007437 0.000000 0.596982 0.719034 0.564712 -0.691654 -0.569836 0.067853
VERTEX_POSE A74 -0.155022 0.864876 0.000000 0.614450 -0.595495 0.565084 -0.125588 0.550573 0.793482
VERTEX_POSE A75 0.069371 0.491628 0.000000 -0.912986 -0.384439 -0.169794 0.662490 0.370980 -0.642895
VERTEX_POSE A76 0.750104 -0.130984 0.000000 -0.593104 -0.734994 0.140188 0.307687 0.792827 -0.604245
VERTEX_POSE A77 -0.550583 -0.666665 0.000000 0.089514 0.964659 0.021413 0.246907 0.995755 -0.092028
VERTEX_POSE A78 -0.672409 -0.633872 0.000000 -0.781967 0.595351 0.444691 0.740390 -0.436782 -0.312056
VERTEX_POSE A79 0.730836 -0.650353 0.000000 0.514084 -0.809840 0.490571 0.547891 -0.703603 -0.209702
VERTEX_POSE A80 0.663358 0.635668 0.000000 0.071479 -0.840759 0.377820 0.520776 0.923116 -0.148046
VERTEX_POSE A81 -0.498941 0.768947 0.000000 0.125722 0.626214 0.933624 -0.336955 -0.335469 -0.703077
VERTEX_POSE A82 0.754975 0.239636 0.000000 0.373672 0.895963 0.353818 -0.376903 -0.857428 0.234937
VERTEX_POSE A83 0.495973 0.400262 0.000000 -0.575485 -0.772689 0.655619 -0.240082 -0.488856 0.587633
VERTEX_POSE A84 0.398221 -0.212340 0.000000 -0.532377 -0.095550 -0.061958 -0.986546 0.844237 -0.132656
VERTEX_POSE A85 -0.815734 -0.526903 0.000000 0.914101 -0.317406 -0.031314 0.565185 -0.404276 -0.761459
VERTEX_POSE A86 0.560795 0.800007 0.000000 0.769376 -0.637667 0.604454 0.707499 0.206631 0.304674
VERTEX_POSE A87 -0.698468 0.318786 0.000000 -0.387098 -0.294569 0.730853 -0.675754 -0.562147 -0.675712
VERTEX_POSE A88 0.636066 0.133956 0.000000 -0.058718 -0.978563 -0.823708 -0.064218 0.563966 -0.195678
VERTEX_POSE A89 0.764402 -0.243908 0.000000 -0.796192 -0.205364 -0.450362 0.829305 0.404045 0.519692
VERTEX_POSE A90 -0.785998 -0.608239 0.000000 0.121853 -0.023648 -0.540661 0.836799 -0.832369 -0.547000
VERTEX_POSE A91 -0.366356 0.602465 0.000000 0.599474 0.593122 0.367959 0.392078 0.710800 -0.703193
VERTEX_POSE A92 0.146904 0.379004 0.000000 0.621340 0.352206 -0.722249 -0.088899 -0.303798 0.931691
VERTEX_POSE A93 -0.695137 0.696688 0.000000 0.692319 0.344780 -0.593191 0.772132 0.410876 0.533797
VERTEX_POSE A94 0.168808 -0.807937 0.000000 0.504099 -0.859328 -0.655954 -0.445920 -0.561790 -0.250420
VERTEX_POSE A95 -0.096873 0.556419 0.000000 -0.754836 0.654152 0.356947 0.348223 -0.550284 -0.671436
VERTEX_POSE A96 0.597715 -0.763621 0.000000 0.447091 0.357188 0.418775 0.726544 0.790403 -0.586984
VERTEX_POSE A97 0.007512 -0.299217 0.000000 0.188478 -0.143762 -0.925245 -0.357630 -0.329239 0.922731
VERTEX_POSE A98 0.587004 0.798512 0.000000 -0.034812 0.820169 -0.627638 -0.462610 0.777726 -0.336622
VERTEX_POSE A99 0.785682 -0.601636 0.000000 -0.207442 0.957575 0.157048 0.234441 0.965559 0.167595
VERTEX_POSE A100 0.760845 -0.632254 0.000000 -0.845736 0.473400 -0.108632 -0.604514 0.522426 0.640668
VERTEX_POSE A101 0.626385 0.774398 0.000000 -0.446171 -0.508677 -0.022037 0.828757 0.894677 -0.233261
VERTEX_POSE A102 -0.872945 -0.297384 0.000000 0.340487 0.236262 0.928561 -0.236632 0.147790 0.942436
VERTEX_POSE A103 -0.174422 -0.550011 0.000000 0.293809 -0.146642 -0.665113 0.678347 -0.686514 -0.719959
VERTEX_POSE A104 0.654447 -0.722174 0.000000 0.197970 0.654356 -0.944840 0.325589 -0.260931 -0.682502
VERTEX_POSE A105 -0.014376 -0.308046 0.000000 0.242994 -0.841042 0.603828 -0.258806 -0.759174 -0.475046
VERTEX_POSE A106 0.448060 0.582736 0.000000 -0.084391 0.424322 -0.961494 0.202819 0.261549 0.882505
VERTEX_POSE A107 0.475866 0.486548 0.000000 -0.518100 -0.463484 -0.696824 -0.258646 0.495993 -0.847517
VERTEX_POSE A108 0.719368 -0.191107 0.000000 -0.209729 -0.974569 -0.967452 0.218530 0.141599 0.049592
VERTEX_POSE A109 0.575291 0.702719 0.000000 -0.619760 0.712883 -0.454864 -0.667059 0.639528 0.216402
VERTEX_POSE A110 -0.101551 0.528877 0.000000 -0.098098 -0.619102 0.652820 0.550908 0.751135 -0.559655
VERTEX_POSE A111 0.547772 -0.677296 0.000000 0.336314 -0.908693 0.636370 0.025688 0.694209 0.416674
VERTEX_POSE A112 -0.811595 0.560107 0.000000 0.995026 -0.079615 -0.099600 -0.806634 0.001916 -0.585664
VERTEX_POSE A113 -0.344894 -0.229852 0.000000 0.330312 -0.916650 0.788845 0.399022 -0.518283 0.023127
VERTEX_POSE A114 -0.222261 0.905342 0.000000 -0.703616 -0.351896 -0.560879 -0.258362 0.436279 -0.899676
VERTEX_POSE A115 0.003828 -0.370348 0.000000 -0.665585 0.212557 -0.548248 0.511148 -0.506380 -0.832795
VERTEX_POSE A116 0.339626 0.937687 0.000000 0.791056 -0.349539 -0.235690 0.583187 -0.564518 -0.733291
VERTEX_POSE A117 -0.572515 0.268065 0.000000 0.892916 -0.190790 -0.004683 -0.909658 0.450199 0.368946
VERTEX_POSE A118 0.464474 0.801573 0.000000 -0.586423 0.344464 0.749925 -0.111183 -0.306139 -0.932193
VERTEX_POSE A119 -0.736624 0.113709 0.000000 0.450992 0.575657 -0.211972 -0.673258 0.866991 -0.464051
VERTEX_POSE A120 0.162368 -0.909797 0.000000 -0.101138 0.099976 -0.806806 -0.590377 -0.582096 0.800912
VERTEX_POSE A121 0.856277 -0.062452 0.000000 -0.628400 0.674846 -0.213339 -0.627819 0.748064 0.387848
VERTEX_POSE A122 -0.284103 -0.636113 0.000000 -0.308233 -0.456773 0.604760 0.583038 0.734342 -0.671882
VERTEX_POSE A123 0.402602 0.599914 0.000000 -0.843064 0.241455 0.207900 0.970405 0.496004 0.003658
VERTEX_POSE A124 -0.640395 0.454074 0.000000 -0.166664 -0.984223 -0.547544 0.042277 -0.820012 0.171809
VERTEX_POSE A125 0.597508 -0.212210 0.000000 -0.316386 -0.945073 -0.743742 0.300827 -0.588853 0.127825
VERTEX_POSE A126 -0.355057 0.072643 0.000000 -0.579658 0.013917 -0.462926 0.817212 0.670594 0.576170
VERTEX_POSE A127 -0.813342 0.467506 0.000000 -0.586932 0.727052 -0.516740 -0.675120 -0.623291 -0.124931
VERTEX_POSE A128 -0.280972 0.584449 0.000000 0.288499 0.538417 0.281900 0.742499 -0.915041 0.398499
VERTEX_POSE A129 -0.946053 -0.035306 0.000000 -0.345091 0.716064 0.078846 -0.622078 0.935252 0.316659
VERTEX_POSE A130 0.549476 -0.483943 0.000000 -0.946184 -0.322547 -0.251109 0.680173 0.204156 -0.658277
VERTEX_POSE A131 -0.690234 -0.722269 0.000000 0.034164 -0.790925 0.434694 0.562222 -0.899930 0.241544
VERTEX_POSE A132 0.441565 -0.164801 0.000000 -0.952298 -0.104092 -0.091225 -0.799945 -0.291215 0.590977
VERTEX_POSE A133 -0.892806 0.016780 0.000000 0.049867 -0.989076 -0.830651 -0.118189 -0.554556 0.088091
VERTEX_POSE A134 -0.762705 -0.604281 0.000000 0.708941 -0.138464 0.688785 0.346684 0.151586 -0.927706
VERTEX_POSE A135 -0.577301 0.475445 0.000000 -0.835240 0.042923 -0.335043 0.750798 0.436027 0.659135
VERTEX_POSE A136 -0.105285 0.921213 0.000000 0.614413 -0.341641 0.384221 0.916844 -0.689109 0.206588
VERTEX_POSE A137 -0.760391 -0.317301 0.000000 -0.492526 -0.617128 -0.818723 0.089428 0.295146 -0.781764
VERTEX_POSE A138 -0.746241 -0.302269 0.000000 0.551736 -0.759616 -0.003121 0.410986 -0.834013 -0.504057
VERTEX_POSE A139 -0.297943 -0.645073 0.000000 0.970919 -0.238215 0.083660 0.431020 -0.224315 -0.870331
VERTEX_POSE A140 -0.726763 -0.188265 0.000000 -0.135188 -0.844699 -0.635632 -0.327019 -0.760064 0.423723
VERTEX_POSE A141 0.207718 -0.976916 0.000000 -0.614848 0.729111 -0.034111 0.356213 0.787907 0.584388
VERTEX_POSE A142 -0.691945 -0.072535 0.000000 0.845665 0.326380 -0.533641 0.530155 -0.008823 -0.782567
VERTEX_POSE A143 -0.395854 -0.793923 0.000000 0.841181 0.378274 0.337461 -0.925590 -0.422533 0.013835
VERTEX_POSE A144 0.927290 0.237761 0.000000 -0.278072 -0.887272 0.938371 -0.169052 0.205272 -0.429151
VERTEX_POSE A145 0.360774 -0.773693 0.000000 -0.263922 0.659977 -0.250330 -0.751138 -0.931493 0.014868
VERTEX_POSE A146 0.564712 -0.569836 0.000000 -0.199174 -0.663631 -0.896794 0.420079 -0.395084 -0.618973
VERTEX_POSE A147 -0.691654 0.067853 0.000000 0.315954 0.026436 0.828781 -0.494276 0.461839 0.868903
VERTEX_POSE A148 0.565084 0.550573 0.000000 0.129405 -0.561184 -0.659838 -0.664147 0.740182 -0.493945
VERTEX_POSE A149 -0.125588 0.793482 0.000000 0.566705 -0.190346 0.632307 0.724256 -0.528236 0.662738
VERTEX_POSE A150 -0.169794 0.370980 0.000000 -0.576928 0.738265 0.278231 -0.224620 -0.767946 -0.636011
VERTEX_POSE A151 0.662490 -0.642895 0.000000 0.699764 -0.186979 0.262545 -0.830283 0.664380 0.525042
VERTEX_POSE A152 0.140188 0.792827 0.000000 -0.683010 -0.668349 -0.418439 0.688662 0.598670 -0.281166
VERTEX_POSE A153 0.307687 -0.604245 0.000000 -0.563730 0.664874 0.821880 0.392657 0.081980 0.635423
VERTEX_POSE A154 0.021413 0.995755 0.000000 -0.585987 -0.567209 -0.292255 -0.518157 0.755782 -0.640147
VERTEX_POSE A155 0.246907 -0.092028 0.000000 -0.090333 0.819425 0.296976 0.564653 -0.950602 0.098535
VERTEX_POSE A156 0.444691 -0.436782 0.000000 0.378436 0.258618 0.699275 -0.708980 0.606466 0.656098
VERTEX_POSE A157 0.740390 -0.312056 0.000000 0.663305 -0.093994 -0.432684 -0.857615 0.610583 -0.505631
VERTEX_POSE A158 0.490571 -0.703603 0.000000 -0.674019 -0.441196 0.063036 -0.833482 0.736019 -0.332647
VERTEX_POSE A159 0.547891 -0.209702 0.000000 0.596757 0.748434 -0.746521 0.650068 0.294258 0.131368
VERTEX_POSE A160 0.377820 0.923116 0.000000 0.549888 0.241639 -0.672510 -0.439591 -0.495332 0.865084
VERTEX_POSE A161 0.520776 -0.148046 0.000000 0.325193 -0.828749 0.586836 -0.200805 0.741534 0.522354
VERTEX_POSE A162 0.933624 -0.335469 0.000000 -0.190577 -0.890062 -0.190250 0.447309 -0.963060 0.087767
VERTEX_POSE A163 -0.336955 -0.703077 0.000000 0.378260 -0.437276 0.871420 -0.129176 0.312325 0.890002
VERTEX_POSE A164 0.353818 -0.857428 0.000000 -0.078355 -0.054495 0.661249 0.744404 -0.746063 0.665502
VERTEX_POSE A165 -0.376903 0.234937 0.000000 0.320453 0.844310 -0.459403 -0.257976 0.828407 -0.469668
VERTEX_POSE A166 0.655619 -0.488856 0.000000 -0.481169 0.460278 -0.236393 -0.887668 -0.844153 -0.013781
VERTEX_POSE A167 -0.240082 0.587633 0.000000 -0.806666 0.512357 -0.156279 0.295783 0.569971 0.806227
VERTEX_POSE A168 -0.061958 0.844237 0.000000 0.459136 -0.048011 -0.572204 -0.779799 0.679542 -0.624186
VERTEX_POSE A169 -0.986546 -0.132656 0.000000 -0.225932 -0.972772 -0.373719 0.037572 0.899605 -0.228700
VERTEX_POSE A170 -0.031314 -0.404276 0.000000 0.926212 0.217961 -0.369214 0.689413 0.076234 0.690799
VERTEX_POSE A171 0.565185 -0.761459 0.000000 -0.938664 0.321254 -0.190070 -0.785243 -0.287720 -0.529329
VERTEX_POSE A172 0.604454 0.206631 0.000000 -0.522533 0.682086 0.749105 0.080720 0.407188 0.726803
VERTEX_POSE A173 0.707499 0.304674 0.000000 0.741059 0.547081 -0.654505 0.459192 -0.149847 0.699889
VERTEX_POSE A174 0.730853 -0.562147 0.000000 -0.345820 0.624178 0.556306 -0.464871 -0.755600 -0.627930
VERTEX_POSE A175 -0.675754 -0.675712 0.000000 0.419747 -0.830986 -0.581735 -0.555049 -0.696704 -0.037193
VERTEX_POSE A176 -0.823708 0.563966 0.000000 -0.482812 -0.726795 0.189802 -0.631445 0.854908 -0.270270
VERTEX_POSE A177 -0.064218 -0.195678 0.000000 -0.686993 -0.329678 -0.549270 0.819046 -0.475756 -0.469549
VERTEX_POSE A178 -0.450362 0.404045 0.000000 0.115807 0.887081 0.617173 0.288230 -0.778258 0.360571
VERTEX_POSE A179 0.829305 0.519692 0.000000 0.171352 0.883632 -0.540281 -0.285530 0.823854 -0.371035
VERTEX_POSE A180 -0.540661 -0.832369 0.000000 -0.139348 -0.884777 -0.521034 0.447396 0.842084 0.130410
VERTEX_POSE A181 0.836799 -0.547000 0.000000 0.518528 0.280246 0.817023 0.116266 -0.252195 0.952861
VERTEX_POSE A182 0.367959 0.710800 0.000000 0.248646 0.922019 0.520174 -0.385547 -0.817064 0.035131
VERTEX_POSE A183 0.392078 -0.703193 0.000000 -0.594457 -0.194134 -0.588254 0.766615 0.548250 0.612057
VERTEX_POSE A184 -0.722249 -0.303798 0.000000 0.183980 0.730605 0.152952 0.639537 -0.970957 0.239182
VERTEX_POSE A185 -0.088899 0.931691 0.000000 0.098003 -0.315242 -0.171661 0.928931 -0.980269 -0.194188
VERTEX_POSE A186 -0.593191 0.410876 0.000000 -0.762570 0.617440 -0.282394 -0.049282 -0.582015 -0.785073
VERTEX_POSE A187 0.772132 0.533797 0.000000 0.439547 0.189779 -0.731494 -0.491597 0.521263 -0.849892
VERTEX_POSE A188 -0.655954 -0.561790 0.000000 0.171328 0.094746 -0.946816 -0.259343 0.272371 -0.961127
VERTEX_POSE A189 -0.445920 -0.250420 0.000000 -0.122973 0.816095 -0.514286 0.434233 0.848757 0.381354
VERTEX_POSE A190 0.356947 -0.550284 0.000000 -0.468750 0.724241 0.137015 -0.505968 -0.872640 -0.468478
VERTEX_POSE A191 0.348223 -0.671436 0.000000 0.736960 0.670803 0.519265 -0.483091 0.432729 -0.562714
VERTEX_POSE A192 0.418775 0.790403 0.000000 0.846529 -0.418633 -0.417083 -0.137716 -0.330802 -0.897653
VERTEX_POSE A193 0.726544 -0.586984 0.000000 0.527934 -0.672198 -0.629989 -0.719841 -0.569561 0.173144
VERTEX_POSE A194 -0.925245 -0.329239 0.000000 -0.555068 -0.740337 -0.623777 0.068888 0.550275 -0.668697
VERTEX_POSE A195 -0.357630 0.922731 0.000000 -0.864262 -0.165501 0.464143 -0.626471 0.193963 0.761671
VERTEX_POSE A196 -0.627638 0.777726 0.000000 -0.451108 0.478973 -0.848154 -0.492664 0.277734 -0.726545
VERTEX_POSE A197 -0.462610 -0.336622 0.000000 -0.630996 0.245111 -0.564574 0.505631 0.532072 0.827199
VERTEX_POSE A198 0.157048 0.965559 0.000000 -0.047971 -0.982716 0.937894 0.017259 0.343590 -0.184313
VERTEX_POSE A199 0.234441 0.167595 0.000000 -0.562675 -0.610919 0.804234 -0.560449 0.191325 0.559173
VERTEX_POSE A200 -0.108632 0.522426 0.000000 0.495640 0.411870 0.610345 -0.791539 0.617915 0.451474
VERTEX_POSE A201 -0.604514 0.640668 0.000000 0.324061 -0.891932 -0.478436 -0.442078 -0.816139 -0.095001
VERTEX_POSE A202 -0.022037 0.894677 0.000000 0.358420 -0.428100 0.744838 -0.404604 -0.562807 -0.808100
VERTEX_POSE A203 0.828757 -0.233261 0.000000 0.597797 -0.793486 0.482356 0.469718 0.640291 0.386968
VERTEX_POSE A204 0.928561 0.147790 0.000000 0.605274 0.706394 0.199574 0.311590 -0.770593 0.635546
VERTEX_POSE A205 -0.236632 0.942436 0.000000 -0.748326 -0.353771 0.339528 -0.930980 -0.569850 -0.090125
VERTEX_POSE A206 -0.665113 -0.686514 0.000000 0.314477 -0.777806 -0.731183 0.167103 -0.605372 -0.605884
VERTEX_POSE A207 0.678347 -0.719959 0.000000 -0.985691 0.124625 -0.157507 -0.441113 0.060042 0.888757
VERTEX_POSE A208 -0.944840 -0.260931 0.000000 -0.259052 0.705200 -0.905844 -0.414508 -0.335171 0.575218
VERTEX_POSE A209 0.325589 -0.682502 0.000000 0.423838 -0.453364 0.382401 -0.695199 -0.821055 -0.557817
VERTEX_POSE A210 0.603828 -0.759174 0.000000 0.747160 -0.303930 -0.625450 -0.020635 0.224866 0.952471
VERTEX_POSE A211 -0.258806 -0.475046 0.000000 0.479592 -0.820658 -0.129481 -0.416346 0.867886 0.391378
VERTEX_POSE A212 -0.961494 0.261549 0.000000 -0.234310 0.882653 0.628439 -0.182260 -0.741730 -0.433249
VERTEX_POSE A213 0.202819 0.882505 0.000000 0.563515 -0.583111 -0.534252 0.283052 0.630100 0.761487
VERTEX_POSE A214 -0.696824 0.495993 0.000000 0.701074 -0.537367 0.606146 0.795336 0.375608 -0.280495
VERTEX_POSE A215 -0.258646 -0.847517 0.000000 -0.022931 0.825673 -0.997991 0.014404 0.059062 0.563965
VERTEX_POSE A216 -0.967452 0.141599 0.000000 0.418702 0.869392 -0.688905 0.115826 -0.591692 0.480356
VERTEX_POSE A217 0.218530 0.049592 0.000000 -0.633322 -0.148122 0.745787 -0.378912 -0.206654 -0.913502
VERTEX_POSE A218 -0.454864 0.639528 0.000000 -0.489250 0.607329 0.829738 0.103063 0.268644 0.787737
VERTEX_POSE A219 -0.667059 0.216402 0.000000 -0.492291 -0.832456 -0.424627 -0.025349 -0.759830 0.553511
VERTEX_POSE A220 0.652820 0.751135 0.000000 0.952264 0.303021 -0.273223 0.791895 0.136169 -0.530170
VERTEX_POSE A221 0.550908 -0.559655 0.000000 -0.343269 -0.912020 0.797209 -0.156554 -0.496612 0.379093
VERTEX_POSE A222 0.636370 0.694209 0.000000 0.232329 0.143589 -0.576600 -0.776177 -0.783298 0.613947
VERTEX_POSE A223 0.025688 0.416674 0.000000 0.386694 0.916151 0.740734 -0.376719 -0.549346 0.136929
VERTEX_POSE A224 -0.099600 0.001916 0.000000 -0.539652 -0.791354 0.626144 -0.605380 0.562779 -0.085292
VERTEX_POSE A225 -0.806634 -0.585664 0.000000 0.922037 -0.383752 0.327459 0.843240 0.206443 0.376406
VERTEX_POSE A226 0.788845 -0.518283 0.000000 -0.947549 0.239099 0.165147 0.934415 -0.273637 -0.264006
VERTEX_POSE A227 0.399022 0.023127 0.000000 -0.342108 -0.426762 -0.921794 0.325329 -0.182369 -0.843822
VERTEX_POSE A228 -0.560879 0.436279 0.000000 -0.812650 -0.514555 -0.037923 -0.421730 0.581516 -0.746577
VERTEX_POSE A229 -0.258362 -0.899676 0.000000 0.266080 -0.852892 -0.471146 -0.521608 -0.840966 0.022375
VERTEX_POSE A230 -0.548248 -0.506380 0.000000 -0.348370 0.908791 -0.838642 -0.411621 -0.418710 0.068321
VERTEX_POSE A231 0.511148 -0.832795 0.000000 -0.616460 -0.692931 0.652834 -0.715309 -0.440211 -0.090441
VERTEX_POSE A232 -0.235690 -0.564518 0.000000 0.648665 -0.752549 0.658713 0.629898 -0.381224 -0.192091
VERTEX_POSE A233 0.583187 -0.733291 0.000000 0.605318 -0.738658 0.669551 0.270990 0.430456 0.617210
VERTEX_POSE A234 -0.004683 0.450199 0.000000 0.722034 0.621617 0.133692 -0.556108 -0.678818 0.551667
VERTEX_POSE A235 -0.909658 0.368946 0.000000 -0.097206 -0.070641 -0.566675 0.823935 0.818187 0.562263
VERTEX_POSE A236 0.749925 -0.306139 0.000000 -0.415544 0.907639 -0.700287 -0.277650 -0.580450 -0.314805
VERTEX_POSE A237 -0.111183 -0.932193 0.000000 0.350049 0.913491 -0.895409 0.261282 0.275150 -0.311875
VERTEX_POSE A238 -0.211972 0.866991 0.000000 0.201874 0.176181 0.140007 0.968394 -0.969353 0.176559
VERTEX_POSE A239 -0.673258 -0.464051 0.000000 -0.245481 0.896887 -0.635849 -0.435420 0.731734 -0.077477
VERTEX_POSE A240 -0.806806 -0.582096 0.000000 0.822478 0.320646 -0.477376 0.838214 -0.309259 -0.441115
VERTEX_POSE A241 -0.590377 0.800912 0.000000 -0.373082 0.588345 0.139201 -0.728979 -0.917296 -0.349915
VERTEX_POSE A242 -0.213339 0.748064 0.000000 -0.878867 0.200909 -0.062973 0.850205 0.472892 0.486608
VERTEX_POSE A243 -0.627819 0.387848 0.000000 -0.181299 -0.283723 0.144142 -0.954805 -0.972807 -0.088598
VERTEX_POSE A244 0.604760 0.734342 0.000000 0.541154 0.827092 -0.716231 0.358683 0.440642 -0.432743
VERTEX_POSE A245 0.583038 -0.671882 0.000000 0.235289 0.737455 -0.539324 -0.442823 0.808560 -0.509968
VERTEX_POSE A246 0.207900 0.496004 0.000000 0.751240 0.112586 -0.488142 -0.568436 0.444247 -0.814988
VERTEX_POSE A247 0.970405 0.003658 0.000000 -0.950065 0.311807 -0.169938 -0.550198 0.261720 0.774635
VERTEX_POSE A248 -0.547544 -0.820012 0.000000 0.145535 0.263440 -0.929345 -0.294186 0.339319 -0.918724
VERTEX_POSE A249 0.042277 0.171809 0.000000 -0.684279 0.237960 0.664356 -0.186297 0.300657 0.953241
VERTEX_POSE A250 -0.743742 -0.588853 0.000000 0.177378 0.000324 -0.730119 -0.670485 -0.659896 0.741923
VERTEX_POSE A251 0.300827 0.127825 0.000000 0.512870 -0.754125 -0.775975 -0.611619 0.367189 -0.239202
VERTEX_POSE A252 -0.462926 0.670594 0.000000 -0.352079 0.600972 -0.190238 0.704683 -0.916433 -0.377165
VERTEX_POSE A253 0.817212 0.576170 0.000000 -0.646218 0.563093 0.743241 0.617547 0.173188 -0.549146
VERTEX_POSE A254 -0.516740 -0.623291 0.000000 -0.585735 0.402917 0.278264 0.914911 -0.761238 0.024413
VERTEX_POSE A255 -0.675120 -0.124931 0.000000 0.614063 -0.623357 0.636990 0.753581 0.466015 -0.208669
VERTEX_POSE A256 0.281900 -0.915041 0.000000 -0.498487 -0.810220 0.021525 0.343969 0.866630 -0.474584
VERTEX_POSE A257 0.742499 0.398499 0.000000 -0.736239 0.441904 -0.311399 -0.893635 0.600818 0.078342
VERTEX_POSE A258 0.078846 0.935252 0.000000 0.306670 0.085669 0.699812 0.654763 0.645149 -0.750964
VERTEX_POSE A259 -0.622078 0.316659 0.000000 0.240292 -0.865904 -0.849704 -0.406147 -0.469322 0.291983
VERTEX_POSE A260 -0.251109 0.204156 0.000000 0.641544 -0.744196 -0.334372 -0.053082 -0.690374 -0.665849
VERTEX_POSE A261 0.680173 -0.658277 0.000000 -0.574254 -0.069700 0.815501 -0.136381 0.072044 0.988201
VERTEX_POSE A262 0.434694 -0.899930 0.000000 0.709895 -0.614928 0.129938 -0.364829 -0.692217 -0.699116
VERTEX_POSE A263 0.562222 0.241544 0.000000 -0.709992 0.590661 0.347553 0.767476 0.612469 0.249197
VERTEX_POSE A264 -0.091225 -0.291215 0.000000 0.814820 -0.577271 0.393381 0.483223 0.425816 0.658220
VERTEX_POSE A265 -0.799945 0.590977 0.000000 0.896394 -0.163333 -0.373339 -0.779340 -0.238946 0.604939
VERTEX_POSE A266 -0.830651 -0.554556 0.000000 0.620157 0.625242 -0.747727 0.288429 0.237296 -0.725177
VERTEX_POSE A267 -0.118189 0.088091 0.000000 -0.400236 -0.843017 -0.037008 0.406677 -0.915665 0.352045
VERTEX_POSE A268 0.688785 0.151586 0.000000 -0.726406 -0.477032 -0.294354 -0.434562 -0.621039 0.763935
VERTEX_POSE A269 0.346684 -0.927706 0.000000 -0.849548 -0.203791 -0.008377 -0.917035 0.527445 -0.342807
VERTEX_POSE A270 -0.335043 0.436027 0.000000 -0.474324 0.851588 -0.838900 -0.514102 -0.266952 0.102459
VERTEX_POSE A271 0.750798 0.659135 0.000000 0.156019 -0.030642 -0.965964 0.204051 -0.206327 -0.978481
VERTEX_POSE A272 0.384221 -0.689109 0.000000 -0.836375 0.496614 -0.390960 -0.837169 0.384223 0.229178
VERTEX_POSE A273 0.916844 0.206588 0.000000 0.591442 0.346801 0.385268 0.671535 -0.708353 0.654805
VERTEX_POSE A274 -0.818723 0.295146 0.000000 -0.809875 0.379060 0.552267 0.749974 0.197747 -0.542081
VERTEX_POSE A275 0.089428 -0.781764 0.000000 0.837042 -0.037852 -0.378853 -0.759859 -0.394756 0.648985
VERTEX_POSE A276 -0.003121 -0.834013 0.000000 0.208502 -0.974904 -0.511553 -0.176713 -0.833571 -0.135407
VERTEX_POSE A277 0.410986 -0.504057 0.000000 0.622869 -0.596869 0.631383 0.765245 0.461942 -0.241137
VERTEX_POSE A278 0.083660 -0.224315 0.000000 -0.403664 0.870057 0.903416 0.427914 -0.144548 0.244723
VERTEX_POSE A279 0.431020 -0.870331 0.000000 -0.027242 -0.709339 -0.272358 -0.672678 0.961810 -0.210575
VERTEX_POSE A280 -0.635632 -0.760064 0.000000 -0.991674 -0.028094 -0.072405 0.928685 -0.106491 -0.369805
VERTEX_POSE A281 -0.327019 0.423723 0.000000 0.326604 0.841531 -0.506185 -0.228734 0.798189 -0.489395
VERTEX_POSE A282 -0.034111 0.787907 0.000000 -0.573207 0.746247 0.759074 0.328026 -0.308610 -0.579235
VERTEX_POSE A283 0.356213 0.584388 0.000000 0.319521 0.468902 -0.141964 -0.835487 0.936884 -0.286517
VERTEX_POSE A284 -0.533641 -0.008823 0.000000 -0.203329 0.664808 -0.588747 0.503579 0.782326 0.551759
VERTEX_POSE A285 0.530155 -0.782567 0.000000 -0.553364 -0.376828 -0.459565 -0.605661 0.694686 -0.700839
VERTEX_POSE A286 0.337461 -0.422533 0.000000 0.582752 0.675055 -0.513664 -0.125440 -0.629722 0.727025
VERTEX_POSE A287 -0.925590 0.013835 0.000000 0.658779 0.604016 -0.586548 0.039005 0.471139 -0.796017
VERTEX_POSE A288 0.938371 0.205272 0.000000 -0.197618 0.572181 -0.286369 -0.810252 -0.937518 0.126886
VERTEX_POSE A289 -0.169052 -0.429151 0.000000 0.483615 -0.451411 -0.870998 -0.163542 0.086484 0.877201
VERTEX_POSE A290 -0.250330 -0.931493 0.000000 0.318825 -0.120907 0.900896 0.346846 0.294511 -0.930097
VERTEX_POSE A291 -0.751138 0.014868 0.000000 0.770366 0.429435 -0.309209 -0.394815 0.557608 -0.812223
VERTEX_POSE A292 -0.896794 -0.395084 0.000000 0.017290 0.529535 0.377446 -0.788933 -0.925870 -0.311733
VERTEX_POSE A293 0.420079 -0.618973 0.000000 -0.673437 0.594189 -0.717085 -0.669640 -0.179641 0.445557
VERTEX_POSE A294 0.828781 0.461839 0.000000 0.140666 0.785539 -0.006079 0.609338 -0.990038 0.107869
VERTEX_POSE A295 -0.494276 0.868903 0.000000 0.743961 0.375403 -0.260132 0.924723 0.615511 -0.062933
VERTEX_POSE A296 -0.659838 0.740182 0.000000 -0.754347 0.150479 -0.178464 0.889709 0.631752 0.431015
VERTEX_POSE A297 -0.664147 -0.493945 0.000000 0.461243 0.617416 -0.422666 -0.478564 0.780133 -0.624319
VERTEX_POSE A298 0.632307 -0.528236 0.000000 0.024114 -0.582923 -0.297288 0.771472 0.954483 0.255013
VERTEX_POSE A299 0.724256 0.662738 0.000000 -0.498368 0.697464 -0.224380 0.469966 0.837427 0.540996
VERTEX_POSE A300 0.278231 -0.767946 0.000000 -0.941700 0.302341 0.196712 0.850701 0.272958 0.429997
VERTEX_POSE A301 -0.224620 -0.636011 0.000000 -0.598735 -0.774498 -0.618645 0.285313 -0.508718 0.564579
VERTEX_POSE A302 0.262545 0.664380 0.000000 -0.036109 -0.718449 -0.768033 -0.424777 -0.639391 0.550813
VERTEX_POSE A303 -0.830283 0.525042 0.000000 0.496481 0.799524 -0.568734 0.593804 -0.655781 0.090323
VERTEX_POSE A304 -0.418439 0.598670 0.000000 -0.920822 0.020755 -0.362805 -0.411851 -0.143038 0.911015
VERTEX_POSE A305 0.688662 -0.281166 0.000000 -0.272079 0.420990 0.712702 -0.516025 -0.646552 -0.745980
VERTEX_POSE A306 0.821880 0.081980 0.000000 0.932180 0.330527 0.109639 -0.646441 0.344993 -0.687653
VERTEX_POSE A307 0.392657 0.635423 0.000000 0.621831 -0.667856 -0.417372 0.159309 -0.662666 -0.727041
VERTEX_POSE A308 -0.292255 0.755782 0.000000 -0.718446 0.456208 -0.695395 -0.488607 -0.016153 0.743732
VERTEX_POSE A309 -0.518157 -0.640147 0.000000 -0.575366 0.672893 0.511994 0.739621 0.637822 0.013293
VERTEX_POSE A310 0.296976 -0.950602 0.000000 0.117621 -0.985513 -0.577955 -0.167987 0.807548 0.023316
VERTEX_POSE A311 0.564653 0.098535 0.000000 0.189739 0.650313 0.428765 0.619105 -0.883267 0.440230
VERTEX_POSE A312 0.699275 0.606466 0.000000 0.130769 -0.641238 -0.915164 -0.371384 -0.381281 0.671481
VERTEX_POSE A313 -0.708980 0.656098 0.000000 0.231340 0.912628 -0.919930 0.092479 0.316561 -0.398193
VERTEX_POSE A314 -0.432684 0.610583 0.000000 -0.055207 0.972931 0.965049 0.109660 0.256190 -0.203422
VERTEX_POSE A315 -0.857615 -0.505631 0.000000 -0.385819 0.922189 -0.325558 -0.163136 -0.863224 -0.350648
VERTEX_POSE A316 0.063036 0.736019 0.000000 -0.116563 0.990178 -0.328759 0.034879 -0.937193 -0.135389
VERTEX_POSE A317 -0.833482 -0.332647 0.000000 0.401844 -0.817323 -0.619771 0.089198 -0.674096 -0.569234
VERTEX_POSE A318 -0.746521 0.294258 0.000000 0.653860 0.158606 0.566271 -0.751066 -0.501801 -0.640893
VERTEX_POSE A319 0.650068 0.131368 0.000000 -0.573735 -0.508036 -0.214519 -0.663788 0.790449 -0.548894
VERTEX_POSE A320 -0.672510 -0.495332 0.000000 -0.743130 -0.378534 -0.083791 -0.765483 0.663880 -0.520335
VERTEX_POSE A321 -0.439591 0.865084 0.000000 0.588909 -0.682505 -0.653986 -0.087740 0.474856 0.725595
VERTEX_POSE A322 0.586836 0.741534 0.000000 0.166428 -0.376151 -0.914353 -0.404919 -0.369135 0.833397
VERTEX_POSE A323 -0.200805 0.522354 0.000000 0.075405 0.856408 0.718251 -0.401957 -0.691686 -0.324032
VERTEX_POSE A324 -0.190250 -0.963060 0.000000 0.804312 0.266086 -0.594197 0.365589 -0.003605 -0.891932
VERTEX_POSE A325 0.447309 0.087767 0.000000 0.273690 -0.786574 -0.627208 -0.582262 0.729180 -0.205603
VERTEX_POSE A326 0.871420 0.312325 0.000000 0.200647 -0.398027 -0.833977 0.410040 0.514026 0.820635
VERTEX_POSE A327 -0.129176 0.890002 0.000000 -0.625081 -0.181285 -0.771086 -0.007668 0.121243 -0.983401
VERTEX_POSE A328 0.661249 -0.746063 0.000000 -0.702517 0.641610 -0.675110 -0.463941 0.225158 0.610815
VERTEX_POSE A329 0.744404 0.665502 0.000000 -0.793981 0.604321 0.564336 0.773170 -0.226095 -0.192366
VERTEX_POSE A330 -0.459403 0.828407 0.000000 0.124352 0.400990 0.313513 -0.883722 -0.941406 -0.241336
VERTEX_POSE A331 -0.257976 -0.469668 0.000000 0.566716 -0.592705 -0.738919 -0.672894 0.364462 -0.442622
VERTEX_POSE A332 -0.236393 -0.844153 0.000000 0.036204 -0.790102 0.415947 -0.544834 0.908668 0.280881
VERTEX_POSE A333 -0.887668 -0.013781 0.000000 -0.970191 -0.062674 0.214606 -0.670934 0.112578 0.738864
VERTEX_POSE A334 -0.156279 0.569971 0.000000 -0.880741 -0.178086 0.280814 0.549780 0.381364 -0.816105
VERTEX_POSE A335 0.295783 0.806227 0.000000 -0.056487 -0.736472 -0.430061 -0.591386 -0.901031 0.328438
VERTEX_POSE A336 -0.572204 0.679542 0.000000 0.534982 -0.448485 0.757121 0.630569 -0.374916 0.633438
VERTEX_POSE A337 -0.779799 -0.624186 0.000000 -0.611100 0.227624 0.676465 0.647526 0.411037 -0.727254
VERTEX_POSE A338 -0.373719 0.899605 0.000000 0.015339 0.782339 -0.669698 0.470460 0.742476 0.408183
VERTEX_POSE A339 0.037572 -0.228700 0.000000 -0.333464 -0.223686 -0.860729 -0.324106 0.384639 -0.919195
VERTEX_POSE A340 -0.369214 0.076234 0.000000 -0.329840 0.858814 -0.363502 -0.498737 0.871247 0.117050
VERTEX_POSE A341 0.689413 0.690799 0.000000 0.153733 -0.979705 0.631713 0.197540 0.759806 0.033989
VERTEX_POSE A342 -0.190070 -0.287720 0.000000 -0.464223 0.387258 -0.799016 0.204973 0.382192 0.898898
VERTEX_POSE A343 -0.785243 -0.529329 0.000000 -0.964764 0.019871 0.102103 -0.890732 -0.242500 -0.454094
VERTEX_POSE A344 0.749105 0.407188 0.000000 -0.213560 -0.598544 0.892566 -0.440826 0.397137 0.668892
VERTEX_POSE A345 0.080720 0.726803 0.000000 -0.182797 0.621713 -0.933165 0.134149 0.309497 0.771672
VERTEX_POSE A346 -0.654505 -0.149847 0.000000 0.672846 -0.693600 -0.000486 -0.348204 -0.739783 -0.630613
VERTEX_POSE A347 0.459192 0.699889 0.000000 -0.910200 -0.308338 -0.046001 -0.588263 -0.411608 0.747579
VERTEX_POSE A348 0.556306 -0.755600 0.000000 -0.405459 -0.171831 0.475506 -0.878477 0.780703 0.445817
VERTEX_POSE A349 -0.464871 -0.627930 0.000000 0.778442 -0.505565 -0.275784 -0.807909 0.563890 0.302799
VERTEX_POSE A350 -0.581735 -0.696704 0.000000 0.736668 -0.650214 0.268130 0.533138 0.620827 0.541281
VERTEX_POSE A351 -0.555049 -0.037193 0.000000 -0.046921 0.487259 0.760243 -0.548830 -0.647942 -0.679238
VERTEX_POSE A352 0.189802 0.854908 0.000000 -0.318549 0.947904 -0.457822 -0.151998 0.830015 0.279954
VERTEX_POSE A353 -0.631445 -0.270270 0.000000 -0.549864 -0.810888 -0.760829 0.585199 -0.344658 0.001861
VERTEX_POSE A354 -0.549270 -0.475756 0.000000 0.489259 0.030578 -0.872039 0.032308 -0.013226 -0.999010
VERTEX_POSE A355 0.819046 -0.469549 0.000000 -0.124921 -0.661714 -0.908617 -0.222981 0.398510 -0.715831
VERTEX_POSE A356 0.617173 -0.778258 0.000000 0.580040 -0.767335 0.646971 0.637900 0.494956 0.065425
VERTEX_POSE A357 0.288230 0.360571 0.000000 -0.558272 0.516226 0.829347 0.368644 0.022688 -0.773054
VERTEX_POSE A358 -0.540281 0.823854 0.000000 -0.988338 -0.049267 0.138929 0.095610 -0.062337 0.994199
VERTEX_POSE A359 -0.285530 -0.371035 0.000000 -0.471487 -0.350001 0.871400 -0.325940 -0.135506 -0.878216
VERTEX_POSE A360 -0.521034 0.842084 0.000000 0.217147 0.431139 0.731129 0.522603 0.646759 -0.735530
VERTEX_POSE A361 0.447396 0.130410 0.000000 -0.505473 0.203286 0.812220 -0.215882 -0.291196 -0.955023
VERTEX_POSE A362 0.817023 -0.252195 0.000000 0.562165 -0.826728 -0.799657 -0.536528 -0.210996 -0.169286
VERTEX_POSE A363 0.116266 0.952861 0.000000 0.646473 -0.669080 0.215349 0.621015 -0.731914 -0.408255
VERTEX_POSE A364 0.520174 -0.817064 0.000000 0.594668 0.423384 -0.141942 -0.781461 -0.791343 0.458328
VERTEX_POSE A365 -0.385547 0.035131 0.000000 -0.110970 0.007148 -0.722265 -0.687461 0.682656 -0.726186
VERTEX_POSE A366 -0.588254 0.548250 0.000000 -0.671325 -0.363596 0.622664 0.195970 -0.402010 0.910710
VERTEX_POSE A367 0.766615 0.612057 0.000000 -0.818635 0.137710 0.319773 -0.697126 -0.477056 -0.703599
VERTEX_POSE A368 0.152952 -0.970957 0.000000 0.812665 -0.057084 -0.291529 0.821873 0.504566 0.566804
VERTEX_POSE A369 0.639537 0.239182 0.000000 0.556599 0.636349 0.780926 -0.181395 0.283466 -0.749770
VERTEX_POSE A370 -0.171661 -0.980269 0.000000 0.770718 -0.442815 -0.293056 -0.884827 0.565785 0.144899
VERTEX_POSE A371 0.928931 -0.194188 0.000000 0.693043 -0.025653 0.341314 -0.868582 -0.634977 -0.494880
VERTEX_POSE A372 -0.282394 -0.582015 0.000000 -0.078434 -0.813017 0.599959 0.423688 -0.796176 0.399364
VERTEX_POSE A373 -0.049282 -0.785073 0.000000 -0.783329 -0.378632 0.620426 -0.525100 0.038301 0.762173
VERTEX_POSE A374 -0.731494 0.521263 0.000000 0.295647 -0.076460 -0.877128 0.373181 0.378469 0.924602
VERTEX_POSE A375 -0.491597 -0.849892 0.000000 0.600453 -0.258992 0.041988 -0.934583 0.798557 0.243882
VERTEX_POSE A376 -0.946816 0.272371 0.000000 -0.176728 -0.621145 -0.445567 0.742171 -0.877632 -0.251715
VERTEX_POSE A377 -0.259343 -0.961127 0.000000 0.585807 -0.803330 0.758479 0.590028 -0.285552 -0.080802
VERTEX_POSE A378 -0.514286 0.848757 0.000000 -0.361766 0.882761 -0.901282 -0.413380 0.238360 -0.223273
VERTEX_POSE A379 0.434233 0.381354 0.000000 -0.894645 -0.241567 0.404014 -0.078276 -0.190745 0.967222
VERTEX_POSE A380 0.137015 -0.872640 0.000000 -0.361285 0.152164 -0.064616 0.980138 -0.930214 -0.127183
VERTEX_POSE A381 -0.505968 -0.468478 0.000000 0.251810 -0.188564 0.649590 -0.694121 0.717374 0.694723
VERTEX_POSE A382 0.519265 0.432729 0.000000 0.285415 0.838437 0.948523 -0.177729 0.137270 -0.515204
VERTEX_POSE A383 -0.483091 -0.562714 0.000000 -0.860662 0.258599 -0.076685 0.785773 -0.503369 -0.561861
VERTEX_POSE A384 -0.417083 -0.330802 0.000000 -0.930262 -0.189223 -0.238609 -0.338801 -0.278709 0.921634
VERTEX_POSE A385 -0.137716 -0.897653 0.000000 -0.667895 -0.741048 -0.635487 0.519563 -0.387391 0.425325
VERTEX_POSE A386 -0.629989 -0.569561 0.000000 0.936123 -0.349602 0.345925 0.934911 -0.063316 -0.060986
VERTEX_POSE A387 -0.719841 0.173144 0.000000 0.035500 -0.578381 -0.737378 -0.565604 -0.674547 0.587849
VERTEX_POSE A388 -0.623777 0.550275 0.000000 -0.491539 0.226314 0.368660 0.928923 -0.788973 0.293059
VERTEX_POSE A389 0.068888 -0.668697 0.000000 0.624612 0.520234 0.144986 0.655585 -0.767358 0.547326
VERTEX_POSE A390 0.464143 0.193963 0.000000 -0.972779 0.206340 0.078417 -0.135192 -0.218064 -0.969096
VERTEX_POSE A391 -0.626471 0.761671 0.000000 -0.497432 -0.281648 -0.410275 -0.756987 -0.764353 0.589615
VERTEX_POSE A392 -0.848154 0.277734 0.000000 0.565975 0.748434 -0.634646 0.663189 -0.526210 0.005139
VERTEX_POSE A393 -0.492664 -0.726545 0.000000 -0.594481 -0.802089 0.523517 -0.439839 -0.610346 0.403974
VERTEX_POSE A394 -0.564574 0.532072 0.000000 0.205059 -0.368350 -0.821299 0.439180 0.532370 0.819414
VERTEX_POSE A395 0.505631 0.827199 0.000000 -0.078488 0.806780 0.994064 0.107733 0.075343 -0.580947
VERTEX_POSE A396 0.937894 0.343590 0.000000 -0.710109 -0.698773 -0.628783 0.684570 -0.316822 0.207558
VERTEX_POSE A397 0.017259 -0.184313 0.000000 -0.223742 0.179898 0.596609 0.802452 -0.770713 0.568953
VERTEX_POSE A398 0.804234 0.191325 0.000000 0.584572 -0.106067 -0.609753 -0.711463 0.535236 -0.694672
VERTEX_POSE A399 -0.560449 0.559173 0.000000 -0.276697 0.650038 0.788771 0.574309 -0.548889 0.497613
VERTEX_POSE A400 0.610345 0.617915 0.000000 -0.806435 0.211623 0.115276 0.972115 -0.579978 -0.101036
VERTEX_POSE A401 -0.791539 0.451474 0.000000 -0.643794 -0.599652 0.555857 -0.793405 0.525882 0.104525
VERTEX_POSE A402 -0.478436 -0.816139 0.000000 0.226492 -0.146308 0.954567 -0.163228 0.193660 0.975680
VERTEX_POSE A403 -0.442078 -0.095001 0.000000 0.479260 0.866858 -0.253552 -0.013081 -0.840250 0.498384
VERTEX_POSE A404 0.744838 -0.562807 0.000000 -0.877965 -0.374589 0.307356 -0.918464 0.367028 -0.126912
VERTEX_POSE A405 -0.404604 -0.808100 0.000000 0.625241 -0.427659 -0.596395 -0.801359 0.503376 -0.418248
VERTEX_POSE A406 0.482356 0.640291 0.000000 0.937418 0.341771 0.068275 0.007230 -0.341446 0.939755
VERTEX_POSE A407 0.469718 0.386968 0.000000 -0.094759 0.764475 -0.741074 0.373518 0.664703 0.525416
VERTEX_POSE A408 0.199574 -0.770593 0.000000 0.475409 0.381655 -0.439209 -0.677727 -0.762287 0.628511
VERTEX_POSE A409 0.311590 0.635546 0.000000 -0.562218 -0.527646 0.824899 -0.303092 0.058764 -0.793552
VERTEX_POSE A410 0.339528 -0.569850 0.000000 -0.902245 -0.068762 0.301874 0.604252 0.307938 -0.793821
VERTEX_POSE A411 -0.930980 -0.090125 0.000000 -0.468949 -0.316832 0.844606 0.112137 0.258316 -0.941829
VERTEX_POSE A412 -0.731183 -0.605372 0.000000 0.968775 0.184533 -0.131649 0.948803 0.210102 -0.256361
VERTEX_POSE A413 0.167103 -0.605884 0.000000 0.511809 0.271691 0.364626 0.790291 0.777882 -0.549203
VERTEX_POSE A414 -0.157507 0.060042 0.000000 0.638268 0.635962 -0.679845 0.201313 0.361144 -0.745000
VERTEX_POSE A415 -0.441113 0.888757 0.000000 -0.512675 -0.784655 -0.831073 0.351582 -0.215598 0.510594
VERTEX_POSE A416 -0.905844 -0.335171 0.000000 -0.687396 0.289084 -0.140524 0.847098 -0.712559 -0.445932
VERTEX_POSE A417 -0.414508 0.575218 0.000000 -0.459622 -0.726065 -0.857711 0.213500 0.230392 -0.653642
VERTEX_POSE A418 0.382401 -0.821055 0.000000 -0.899093 -0.375189 0.169157 0.177410 -0.403754 0.909812
VERTEX_POSE A419 -0.695199 -0.557817 0.000000 0.478788 -0.524676 -0.691836 -0.719085 -0.540486 0.455666
VERTEX_POSE A420 -0.625450 0.224866 0.000000 0.795684 0.465762 0.424217 0.027821 -0.432350 0.884473
VERTEX_POSE A421 -0.020635 0.952471 0.000000 -0.643538 0.740227 -0.389849 -0.535936 0.658693 0.406001
VERTEX_POSE A422 -0.129481 0.867886 0.000000 -0.081015 0.636378 0.962965 -0.148603 0.257166 0.756928
VERTEX_POSE A423 -0.416346 0.391378 0.000000 -0.139645 -0.817917 0.934638 -0.295034 0.327035 0.493930
VERTEX_POSE A424 0.628439 -0.741730 0.000000 0.738522 0.541805 -0.610561 0.284951 0.286008 -0.790728
VERTEX_POSE A425 -0.182260 -0.433249 0.000000 -0.360856 0.582155 0.453215 0.792264 0.815094 -0.182792
VERTEX_POSE A426 -0.534252 0.630100 0.000000 -0.563506 0.215827 -0.208897 0.896672 -0.799264 -0.386521
VERTEX_POSE A427 0.283052 0.761487 0.000000 0.948651 0.315546 -0.299936 0.919556 -0.100495 0.234195
VERTEX_POSE A428 0.606146 0.375608 0.000000 -0.749244 0.601627 -0.313181 -0.690247 0.583567 0.401999
VERTEX_POSE A429 0.795336 -0.280495 0.000000 -0.120135 0.991412 0.258679 0.081506 -0.958464 -0.102267
VERTEX_POSE A430 -0.997991 0.059062 0.000000 0.634199 -0.764844 0.772361 0.633408 0.035371 -0.117504
VERTEX_POSE A431 0.014404 0.563965 0.000000 -0.805678 -0.584235 -0.180374 0.084809 -0.564224 0.807141
VERTEX_POSE A432 -0.688905 -0.591692 0.000000 0.291122 -0.730306 0.900847 -0.008193 0.322059 0.683071
VERTEX_POSE A433 0.115826 0.480356 0.000000 -0.265981 0.513663 -0.801407 -0.588100 -0.535724 0.624731
VERTEX_POSE A434 0.745787 -0.206654 0.000000 0.074125 -0.612705 0.929589 -0.243215 -0.361068 -0.751956
VERTEX_POSE A435 -0.378912 -0.913502 0.000000 0.974862 -0.222170 0.062504 0.345428 0.213864 0.911768
VERTEX_POSE A436 0.829738 0.268644 0.000000 0.313661 -0.863565 0.104581 0.444678 0.943758 0.237732
VERTEX_POSE A437 0.103063 0.787737 0.000000 -0.470937 -0.867108 0.676532 -0.236923 0.566148 -0.438167
VERTEX_POSE A438 -0.424627 -0.759830 0.000000 0.715500 -0.068897 0.698609 0.073715 0.002213 -0.994897
VERTEX_POSE A439 -0.025349 0.553511 0.000000 -0.684579 0.131910 0.585079 -0.487175 -0.434780 -0.863284
VERTEX_POSE A440 -0.273223 0.136169 0.000000 -0.811850 -0.020535 -0.561157 0.303453 -0.161253 -0.952625
VERTEX_POSE A441 0.791895 -0.530170 0.000000 -0.796156 -0.403765 -0.535840 0.816450 -0.281088 -0.412776
VERTEX_POSE A442 0.797209 -0.496612 0.000000 0.878880 -0.110941 -0.408335 0.327897 0.246643 0.938177
VERTEX_POSE A443 -0.156554 0.379093 0.000000 -0.448949 0.882522 0.582665 0.170349 -0.677455 -0.438333
VERTEX_POSE A444 -0.576600 -0.783298 0.000000 -0.678984 0.564760 -0.671548 -0.219605 -0.296654 -0.795499
VERTEX_POSE A445 -0.776177 0.613947 0.000000 0.837987 0.248494 -0.335530 -0.467478 -0.430345 0.848361
VERTEX_POSE A446 0.740734 -0.549346 0.000000 -0.872386 0.479027 0.214746 0.554471 0.439121 0.680511
VERTEX_POSE A447 -0.376719 0.136929 0.000000 -0.976630 -0.213999 0.104802 -0.393043 0.187646 -0.894271
VERTEX_POSE A448 0.626144 0.562779 0.000000 -0.712401 -0.514351 -0.693599 0.412530 -0.106797 0.751839
VERTEX_POSE A449 -0.605380 -0.085292 0.000000 0.497564 0.867239 0.502840 -0.271379 0.706811 -0.417433
VERTEX_POSE A450 0.327459 0.206443 0.000000 -0.332857 -0.791908 0.437766 -0.610624 0.835205 0.004452
VERTEX_POSE A451 0.843240 0.376406 0.000000 -0.374379 0.728209 0.576603 -0.302022 0.726202 0.615218
VERTEX_POSE A452 0.165147 -0.273637 0.000000 -0.059541 -0.744859 0.704334 0.440412 -0.707367 0.501221
VERTEX_POSE A453 0.934415 -0.264006 0.000000 0.857204 -0.436909 0.388116 0.896025 -0.338478 -0.079056
VERTEX_POSE A454 -0.921794 -0.182369 0.000000 0.376013 -0.889327 -0.486254 0.049673 0.788778 0.454566
VERTEX_POSE A455 0.325329 -0.843822 0.000000 0.745568 -0.442069 -0.579398 -0.060235 -0.329281 -0.894956
VERTEX_POSE A456 -0.037923 0.581516 0.000000 -0.002789 -0.587124 -0.996589 -0.065131 -0.082475 0.806873
VERTEX_POSE A457 -0.421730 -0.746577 0.000000 0.897121 -0.369560 -0.281724 -0.056491 0.340301 0.927488
VERTEX_POSE A458 -0.471146 -0.840966 0.000000 0.092630 -0.941647 -0.519769 -0.322937 0.849270 -0.094938
VERTEX_POSE A459 -0.521608 0.022375 0.000000 -0.418800 -0.132340 -0.254078 -0.932732 -0.871809 0.335407
VERTEX_POSE A460 -0.838642 -0.418710 0.000000 -0.449332 -0.892672 0.772873 -0.368677 0.448071 -0.259257
VERTEX_POSE A461 -0.411621 0.068321 0.000000 -0.929864 -0.322408 0.350977 -0.632962 0.110308 -0.703856
VERTEX_POSE A462 0.652834 -0.440211 0.000000 -0.914314 0.118240 0.008809 -0.950403 -0.404911 -0.287670
VERTEX_POSE A463 -0.715309 -0.090441 0.000000 0.605073 -0.606569 -0.369175 -0.787651 -0.705405 -0.108077
VERTEX_POSE A464 0.658713 -0.381224 0.000000 0.072713 -0.539532 0.753546 -0.521246 -0.653362 -0.661217
VERTEX_POSE A465 0.629898 -0.192091 0.000000 -0.952064 0.224481 0.276821 0.343176 -0.130170 -0.912052
VERTEX_POSE A466 0.669551 0.430456 0.000000 -0.095933 -0.728852 0.482357 -0.629790 0.870706 0.268589
VERTEX_POSE A467 0.270990 0.617210 0.000000 0.065603 0.980123 0.699610 -0.178969 0.711506 0.085606
VERTEX_POSE A468 0.133692 -0.678818 -0.453631 -0.112244 0.992805 0.706035 0.050140 -0.699225 -0.108743
VERTEX_POSE A469 -0.556108 0.551667 0.525941 -0.258697 0.278338 -0.476898 -0.869548 -0.840027 0.407940
VERTEX_POSE A470 -0.566675 0.818187 0.000000 0.709606 -0.437002 -0.105315 0.709839 0.696683 0.552412
VERTEX_POSE A471 0.823935 0.562263 0.000000 0.695058 -0.718537 0.283064 0.242211 -0.660885 -0.651950
VERTEX_POSE A472 -0.700287 -0.580450 0.000000 -0.656884 0.674411 -0.751428 -0.622401 -0.062131 0.397224
VERTEX_POSE A473 -0.277650 -0.314805 0.000000 -0.020631 0.954516 -0.735823 -0.215911 -0.676859 0.205625
VERTEX_POSE A474 -0.895409 0.275150 0.000000 0.606941 0.367153 0.542227 -0.839714 -0.581044 -0.400100
VERTEX_POSE A475 0.261282 -0.311875 0.000000 -0.472809 0.656663 0.365707 -0.460442 0.801692 0.597316
VERTEX_POSE A476 0.140007 -0.969353 1.000000 0.930771 0.365601 0.322899 -0.823262 0.171466 -0.434254
VERTEX_POSE A477 0.968394 0.176559 0.000000 -0.512083 0.439662 0.386072 0.885211 -0.767281 0.151981
VERTEX_POSE A478 -0.635849 0.731734 0.000000 0.757309 0.653023 -0.603325 0.703513 0.249966 -0.280411
VERTEX_POSE A479 -0.435420 -0.077477 0.000000 -0.927776 -0.204976 -0.040330 -0.775626 -0.370953 0.596984
VERTEX_POSE A480 -0.477376 -0.309259 1.000000 -0.789324 -0.460430 -0.611077 0.653351 -0.059606 -0.600947
VERTEX_POSE A481 0.838214 -0.441115 0.000000 -0.705454 0.286375 0.557035 0.789615 0.438231 -0.542677
VERTEX_POSE A482 0.139201 -0.917296 0.000000 0.089015 0.742642 -0.912311 0.328214 0.399707 0.583745
VERTEX_POSE A483 -0.728979 -0.349915 0.000000 0.550306 -0.497629 0.095432 -0.760245 0.829492 0.417604
VERTEX_POSE A484 -0.062973 0.472892 1.000000 0.024356 -0.561350 -0.538031 -0.704767 -0.842573 0.433808
VERTEX_POSE A485 0.850205 0.486608 0.000000 0.907994 -0.005410 -0.315947 0.647887 0.275181 0.761717
VERTEX_POSE A486 0.144142 -0.972807 0.000000 -0.670283 0.741841 0.718100 0.641639 0.187223 0.194864
VERTEX_POSE A487 -0.954805 -0.088598 0.000000 0.563176 0.588666 -0.066961 0.731996 0.823619 -0.343008
VERTEX_POSE A488 -0.716231 0.440642 0.000000 0.155620 -0.553852 -0.952842 0.134222 -0.260528 -0.821725
VERTEX_POSE A489 0.358683 -0.432743 0.000000 0.235023 -0.971455 -0.774880 -0.167241 0.586792 0.168241
VERTEX_POSE A490 -0.539324 0.808560 8.253952 -0.735149 0.571870 0.535382 0.819181 -0.415839 0.043682
VERTEX_POSE A491 -0.442823 -0.509968 0.000000 -0.667543 -0.622214 0.589676 -0.106450 -0.454608 0.775576
VERTEX_POSE A492 -0.488142 0.444247 0.000000 -0.059220 -0.581371 -0.538267 -0.666008 0.840691 -0.467376
VERTEX_POSE A493 -0.568436 -0.814988 0.000000 0.598115 -0.778949 -0.250938 -0.405302 0.761110 0.478506
VERTEX_POSE A494 -0.169938 0.261720 0.000000 -0.656754 -0.753216 -0.628278 0.519673 0.417063 -0.403244
VERTEX_POSE A495 -0.550198 0.774635 0.000000 -0.469245 0.204871 0.656168 -0.570080 -0.590977 -0.795636
VERTEX_POSE A496 -0.929345 0.339319 1.000000 -0.745648 -0.248470 0.664083 -0.200789 -0.054802 0.947600
VERTEX_POSE A497 -0.294186 -0.918724 0.000000 -0.769856 0.457038 -0.127638 0.573623 -0.625324 -0.679760
VERTEX_POSE A498 0.664356 0.300657 0.000000 -0.383568 0.593127 0.797807 0.598892 0.465166 -0.538079
VERTEX_POSE A499 -0.186297 0.953241 0.000000 -0.587169 0.763730 -0.720869 -0.342623 0.368212 0.547107
VERTEX_POSE A500 -0.730119 -0.659896 1.000000 0.591954 -0.797883 -0.596692 -0.338847 -0.541802 -0.498563
VERTEX_POSE A501 -0.670485 0.741923 0.000000 -0.601346 -0.605759 -0.769299 0.615077 0.215780 0.504715
VERTEX_POSE A502 -0.775975 0.367189 0.000000 0.489858 -0.863959 -0.367091 -0.325805 0.790749 0.383961
VERTEX_POSE A503 -0.611619 -0.239202 0.000000 -0.735817 -0.412675 0.583289 0.016547 0.344016 -0.910728
VERTEX_POSE A504 -0.190238 -0.916433 1.000000 0.095330 0.778211 0.699958 -0.495779 0.707793 0.385476
VERTEX_POSE A505 0.704683 -0.377165 0.000000 0.501797 -0.194422 0.849719 -0.071464 0.161793 0.978311
VERTEX_POSE A506 0.743241 0.173188 0.000000 0.066056 0.682010 -0.753857 0.512329 -0.653710 -0.521901
VERTEX_POSE A507 0.617547 -0.549146 0.000000 0.359530 -0.883724 -0.766088 -0.096214 0.532774 0.458012
VERTEX_POSE A508 0.278264 -0.761238 0.000000 -0.665675 0.049581 0.746224 0.051057 -0.005108 0.997464
VERTEX_POSE A509 0.914911 0.024413 0.000000 -0.743490 -0.202252 0.485207 -0.819090 -0.460214 -0.536829
VERTEX_POSE A510 0.636990 0.466015 0.000000 0.237945 0.435718 -0.256374 -0.833860 0.936832 -0.338862
VERTEX_POSE A511 0.753581 -0.208669 0.000000 0.843616 0.470030 0.503907 -0.860006 -0.185447 -0.198648
VERTEX_POSE A512 0.021525 0.866630 0.432647 -0.898816 -0.333537 -0.107552 0.796814 -0.424927 0.503826
VERTEX_POSE A513 0.343969 -0.474584 0.559278 0.626585 -0.492553 0.760377 0.216393 -0.170930 -0.842951
VERTEX_POSE A514 -0.311399 0.600818 0.000000 -0.890050 0.042678 0.390711 -0.441505 -0.234854 -0.896243
VERTEX_POSE A515 -0.893635 0.078342 0.000000 0.308124 -0.937923 0.591775 0.320028 0.744891 0.133727
VERTEX_POSE A516 0.699812 0.645149 0.000000 -0.912862 0.249152 -0.225341 -0.968080 -0.340448 -0.027296
VERTEX_POSE A517 0.654763 -0.750964 0.000000 -0.111177 -0.802437 0.880910 0.193520 0.460040 -0.564486
VERTEX_POSE A518 -0.849704 -0.469322 0.000000 0.301238 0.012314 0.145052 0.987688 0.942452 -0.155950
VERTEX_POSE A519 -0.406147 0.291983 0.000000 -0.100046 0.950394 -0.979198 -0.146564 -0.176530 0.274356
VERTEX_POSE A520 -0.334372 -0.690374 1.000000 -0.750145 -0.642286 0.378802 -0.612381 0.542026 -0.460931
VERTEX_POSE A521 -0.053082 -0.665849 0.000000 -0.455082 0.710265 0.887634 0.409774 -0.070759 0.572371
VERTEX_POSE A522 0.815501 0.072044 0.000000 -0.589915 0.716942 0.576004 0.696047 -0.565879 -0.038894
VERTEX_POSE A523 -0.136381 0.988201 0.000000 0.748050 -0.301130 -0.459358 0.408206 0.478969 0.861794
VERTEX_POSE A524 0.129938 -0.692217 1.000000 0.162963 -0.528625 -0.425133 0.724324 -0.890340 -0.442618
VERTEX_POSE A525 -0.364829 -0.699116 0.000000 0.386672 -0.506738 0.629055 0.755891 0.674370 -0.414543
VERTEX_POSE A526 0.347553 0.612469 0.000000 0.724370 0.161225 -0.371540 -0.727703 0.580729 -0.666675
VERTEX_POSE A527 0.767476 0.249197 0.000000 -0.811556 0.473866 0.579490 0.578087 -0.074626 -0.664279
VERTEX_POSE A528 0.393381 0.425816 1.000000 0.529214 0.848481 -0.547434 0.338264 -0.648266 0.407010
VERTEX_POSE A529 0.483223 0.658220 0.000000 -0.749157 0.195893 -0.390249 -0.902408 -0.535229 0.383779
VERTEX_POSE A530 -0.373339 -0.238946 0.000000 0.736752 0.260225 0.555350 0.293640 0.385724 -0.919814
VERTEX_POSE A531 -0.779340 0.604939 0.000000 0.569947 0.800103 0.747220 -0.409984 0.341794 -0.437890
VERTEX_POSE A532 -0.747727 0.237296 0.000000 -0.780715 -0.521492 -0.093537 0.642269 0.617847 -0.561726
VERTEX_POSE A533 0.288429 -0.725177 0.000000 -0.934460 -0.113468 0.275310 -0.831349 0.225805 0.544043
VERTEX_POSE A534 -0.037008 -0.915665 8.793306 0.582637 -0.039733 0.417847 -0.842045 0.697092 0.537942
VERTEX_POSE A535 0.406677 0.352045 0.000000 0.461973 0.699015 -0.125150 -0.557931 -0.878020 0.447315
VERTEX_POSE A536 -0.294354 -0.621039 0.000000 0.413409 -0.483324 -0.745181 -0.666611 -0.523257 0.567475
VERTEX_POSE A537 -0.434562 0.763935 0.000000 0.259683 -0.631741 -0.639274 0.454430 -0.723805 -0.628010
VERTEX_POSE A538 -0.008377 0.527445 0.000000 -0.771938 0.502748 -0.555986 -0.237230 -0.308205 -0.831244
VERTEX_POSE A539 -0.917035 -0.342807 0.000000 -0.095774 0.554541 0.141735 0.829580 -0.985261 0.065434
VERTEX_POSE A540 -0.838900 -0.266952 1.000000 0.755549 -0.242603 -0.586429 -0.664481 -0.291969 0.706830
VERTEX_POSE A541 -0.514102 0.102459 0.000000 0.966097 -0.034569 -0.223101 0.386958 0.129934 0.921449
VERTEX_POSE A542 -0.965964 -0.206327 0.000000 0.988960 0.126822 -0.015103 -0.428244 0.147409 -0.894720
VERTEX_POSE A543 0.204051 -0.978481 0.000000 0.193034 0.971106 0.025445 -0.147925 0.980862 -0.187276
VERTEX_POSE A544 -0.390960 0.384223 1.000000 0.432811 0.140237 -0.620292 -0.670475 0.654151 -0.728558
VERTEX_POSE A545 -0.837169 0.229178 0.000000 0.095745 0.489829 0.289129 0.819327 -0.952490 0.297945
VERTEX_POSE A546 0.385268 -0.708353 0.000000 -0.871916 -0.478101 0.160589 -0.075206 -0.462572 0.875079
VERTEX_POSE A547 0.671535 0.654805 0.000000 -0.304334 -0.802457 0.877488 -0.026498 0.370669 -0.596121
VERTEX_POSE A548 0.552267 0.197747 1.000000 -0.237531 0.360091 -0.368750 0.825804 -0.898667 -0.434030
VERTEX_POSE A549 0.749974 -0.542081 0.000000 0.578707 0.590020 -0.799137 0.548006 0.162723 0.592930
VERTEX_POSE A550 -0.378853 -0.394756 0.000000 -0.448694 0.162247 0.876120 0.273871 -0.176316 0.947982
VERTEX_POSE A551 -0.759859 0.648985 0.000000 0.069844 -0.838396 0.910242 -0.168149 -0.408144 -0.518477
VERTEX_POSE A552 -0.511553 -0.833571 0.000000 0.500418 0.048208 0.665522 -0.660044 0.553771 0.749678
VERTEX_POSE A553 -0.176713 -0.135407 0.000000 -0.559217 0.661828 -0.775527 -0.630456 0.292976 -0.405597
VERTEX_POSE A554 0.631383 0.461942 0.000000 -0.561924 0.031176 0.463440 0.839595 -0.685175 0.542318
VERTEX_POSE A555 0.765245 -0.241137 0.000000 0.355921 -0.715584 0.657717 0.648715 0.663874 -0.259055
VERTEX_POSE A556 0.903416 -0.144548 0.317042 0.934588 0.353415 0.330565 -0.820705 0.131425 -0.448933
VERTEX_POSE A557 0.427914 0.244723 0.204168 0.762457 0.573236 0.075247 -0.539215 -0.642649 0.616967
VERTEX_POSE A558 -0.272358 0.961810 0.000000 -0.847218 -0.501426 0.504085 -0.654513 0.167689 -0.565849
VERTEX_POSE A559 -0.672678 -0.210575 0.000000 0.137879 -0.981682 0.413007 0.177649 -0.900230 -0.068853
VERTEX_POSE A560 -0.072405 -0.106491 0.000000 -0.081605 0.878605 -0.563865 -0.429982 -0.821825 0.207773
VERTEX_POSE A561 0.928685 -0.369805 0.000000 0.515546 0.704516 -0.217252 0.658066 -0.828863 0.265718
VERTEX_POSE A562 -0.506185 0.798189 0.000000 -0.893154 0.098591 0.382052 -0.348474 -0.237300 -0.932119
VERTEX_POSE A563 -0.228734 -0.489395 0.000000 0.907121 -0.338641 0.371788 0.923053 0.197245 -0.182471
VERTEX_POSE A564 0.759074 -0.308610 1.000000 -0.862800 0.474837 -0.504389 -0.785347 -0.034162 -0.397190
VERTEX_POSE A565 0.328026 -0.579235 0.000000 -0.640073 -0.612023 0.734754 -0.310879 -0.224595 0.727174
VERTEX_POSE A566 -0.141964 0.936884 0.000000 -0.411344 -0.530496 0.622318 0.430688 -0.665970 0.730125
VERTEX_POSE A567 -0.835487 -0.286517 0.000000 0.254389 -0.701529 -0.749518 0.291974 -0.611154 -0.650083
VERTEX_POSE A568 -0.588747 0.782326 1.000000 0.747848 -0.111748 0.591982 -0.333889 0.300467 0.935965
VERTEX_POSE A569 0.503579 0.551759 0.000000 -0.776812 -0.627317 0.253847 -0.231851 -0.576303 0.743451
VERTEX_POSE A570 -0.459565 0.694686 0.000000 -0.538740 0.477573 -0.839798 -0.370011 0.067070 -0.796879
VERTEX_POSE A571 -0.605661 -0.700839 0.000000 -0.532426 0.634891 -0.228678 0.528918 -0.815003 -0.563169
VERTEX_POSE A572 -0.513664 -0.629722 1.000000 -0.781531 0.621051 0.622297 0.782774 -0.044221 0.039506
VERTEX_POSE A573 -0.125440 0.727025 0.000000 0.389874 -0.126190 -0.821160 -0.495953 -0.416767 0.859132
VERTEX_POSE A574 -0.586548 0.471139 0.000000 0.365505 -0.926091 -0.897394 -0.377300 0.247163 -0.000389
VERTEX_POSE A575 0.039005 -0.796017 0.000000 0.129428 0.441534 0.976414 -0.212797 0.172813 0.871645
VERTEX_POSE A576 -0.286369 -0.937518 0.802621 -0.540732 -0.758095 0.613584 -0.651917 0.575434 -0.017239
VERTEX_POSE A577 -0.810252 0.126886 0.304407 -0.064709 -0.385854 0.989318 -0.145519 -0.130620 -0.911011
VERTEX_POSE A578 -0.870998 0.086484 8.620085 0.349331 -0.115293 0.793291 0.564530 0.498655 -0.817321
VERTEX_POSE A579 -0.163542 0.877201 0.000000 0.837792 0.095418 -0.347939 -0.665483 0.420765 -0.740289
VERTEX_POSE A580 0.900896 0.294511 0.000000 -0.466981 -0.115791 0.724915 0.517601 -0.506386 0.847751
VERTEX_POSE A581 0.346846 -0.930097 0.000000 -0.597520 0.799702 -0.259747 -0.262310 0.758618 0.540065
VERTEX_POSE A582 -0.309209 0.557608 0.000000 0.777915 0.208558 0.204624 0.807817 0.594119 -0.551303
VERTEX_POSE A583 -0.394815 -0.812223 0.000000 -0.767506 -0.012299 0.442238 -0.733954 0.464069 0.679087
VERTEX_POSE A584 0.377446 -0.925870 1.000000 0.687733 -0.170454 -0.703145 -0.398200 -0.180585 0.901323
VERTEX_POSE A585 -0.788933 -0.311733 0.000000 0.848728 -0.459266 -0.053105 -0.567275 0.526156 0.683574
VERTEX_POSE A586 -0.717085 -0.179641 0.000000 -0.543571 0.601729 0.659362 0.737532 -0.519396 0.306544
VERTEX_POSE A587 -0.669640 0.445557 0.000000 -0.489893 -0.866178 -0.583492 0.409898 -0.647721 0.285867
VERTEX_POSE A588 -0.006079 -0.990038 1.000000 0.642176 0.524036 0.683106 -0.722368 -0.347816 -0.451189
VERTEX_POSE A589 0.609338 0.107869 0.000000 0.007116 0.544547 0.949472 0.259495 -0.313772 0.797578
VERTEX_POSE A590 -0.260132 0.615511 0.000000 -0.815700 -0.281066 0.461421 0.211016 -0.348891 0.936202
VERTEX_POSE A591 0.924723 -0.062933 0.000000 -0.008728 -0.997753 -0.770612 0.049041 0.637245 0.045640
VERTEX_POSE A592 -0.178464 0.631752 1.000000 -0.628645 -0.743283 -0.769539 0.637016 -0.112319 -0.204306
VERTEX_POSE A593 0.889709 0.431015 0.000000 -0.163585 0.612033 0.924253 0.369324 0.344959 -0.699297
VERTEX_POSE A594 -0.422666 0.780133 0.000000 -0.095841 -0.248276 0.877431 -0.478352 -0.470031 -0.842341
VERTEX_POSE A595 -0.478564 -0.624319 0.000000 0.109791 0.677977 0.851182 0.313477 -0.513260 0.664890
VERTEX_POSE A596 -0.297288 0.954483 0.000000 0.715420 -0.588069 -0.617108 -0.278608 -0.327646 -0.759311
VERTEX_POSE A597 0.771472 0.255013 0.000000 0.080958 0.109120 -0.964886 -0.240618 -0.249882 0.964467
VERTEX_POSE A598 -0.224380 0.837427 0.000000 -0.765167 -0.138412 0.576878 -0.581048 -0.285888 -0.802013
VERTEX_POSE A599 0.469966 0.540996 0.000000 -0.852483 0.463860 -0.292540 -0.805470 0.433236 0.368853
VERTEX_POSE A600 0.196712 0.272958 0.926106 0.608683 0.734532 -0.029795 -0.356618 -0.792854 0.577310
VERTEX_POSE A601 0.850701 0.429997 0.000000 -0.852904 0.501037 -0.263245 -0.170108 -0.450840 -0.848543
VERTEX_POSE A602 -0.618645 -0.508718 0.000000 0.509131 -0.742333 -0.780426 -0.611572 0.362935 -0.273718
VERTEX_POSE A603 0.285313 0.564579 0.000000 0.658447 0.206873 -0.548600 -0.526314 0.515254 -0.824740
VERTEX_POSE A604 -0.768033 -0.639391 4929769663206434556756106719243555299427331264920697598914398212614809753906777867120299571615017338617576122701945747643448804104216760760224974570994337550469578604739210972496564047081459696452671373312.000000 -0.971768 0.097949 0.206110 0.795194 0.114831 -0.598392
VERTEX_POSE A605 -0.424777 0.550813 254736390291291889030922121258850660424501441023379822259963935954914725725432940630493166131664627692932379993406330093364458701043890969258665463427181890508822414413552810983424.000000 0.248615 -0.840163 0.582219 -0.268060 -0.774087 -0.471455
VERTEX_POSE A606 -0.568734 -0.655781 0.000000 0.206632 -0.437910 0.614173 0.754172 -0.761639 0.489347
VERTEX_POSE A607 0.593804 0.090323 20501866451337168053189560792064226319547775958351486434605468436284037989645490279678039395484825527040722291151541508450190370438103211413438508882310610343659748866787619270098045783142774385055450559223531831296.000000 -0.540618 0.834058 0.752353 0.537793 0.376428 0.122989
VERTEX_POSE A608 -0.362805 -0.143038 54516411287282881103620573661049282232049455624225566907766293486944114775489419510216473978623760465169262049097688632643007058210239961430227364061010573877892109631258095084661486834624878580594535132737235168202608021438567414343105260856279040.000000 -0.708062 0.706105 0.591920 0.599674 -0.385070 -0.376572
VERTEX_POSE A609 -0.411851 0.911015 142717957228170451229169223632419449712023085313770128632411546919873682261239807686955431172197865275394498470016097032557935271454908504114485378486968050179891252175986467684330858598783887032262100137109926466652443578630334962549204381954211840.000000 0.971508 0.085288 0.169373 0.402793 -0.165783 0.911309
VERTEX_POSE A610 0.712702 -0.646552 37316738923474115733261719628800385799184125072574718531182175390581577988623128776844964764147918527234058057349660137317923228681926050302090253616151384153984071959032999133593159702126970020036608.000000 -0.637907 -0.389534 -0.748524 0.110792 -0.181069 0.914324
VERTEX_POSE A611 -0.516025 -0.745980 11205294219072322049568244776645769362493385600298016939841652046102068468760269855466933301681613695326029112990759323677081957231912197895818912034902085698352900439291634758035513664142899319535452409177581814561284667489287273129426147588421760057344.000000 -0.528587 0.848452 -0.847573 -0.525751 -0.047066 -0.060947
VERTEX_POSE A612 0.109639 0.344993 1.000000 0.241681 -0.796397 0.895001 0.403692 -0.374917 0.450316
VERTEX_POSE A613 -0.646441 -0.687653 0.000000 -0.132509 0.769860 0.337913 0.627214 -0.931803 0.117976
VERTEX_POSE A614 -0.417372 -0.662666 0.000000 0.191991 0.203338 0.343680 -0.930282 0.919252 0.305335
VERTEX_POSE A615 0.159309 -0.727041 0.000000 0.555514 -0.270608 0.664152 0.713333 -0.500307 0.646473
VERTEX_POSE A616 -0.695395 -0.016153 4929769663206434556756106719243555299427331264920697598914398212614809753906777867120299571615017338617576122701945747643448804104216760760224974570994337550469578604739210972496564047081459696452671373312.000000 0.094712 0.950637 -0.121184 -0.283613 0.988101 -0.125904
VERTEX_POSE A617 -0.488607 0.743732 254736390291291889030922121258850660424501441023379822259963935954914725725432940630493166131664627692932379993406330093364458701043890969258665463427181890508822414413552810983424.000000 -0.612656 0.117137 -0.306125 0.876590 0.728657 0.466764
VERTEX_POSE A618 0.511994 0.637822 0.000000 -0.436035 -0.828344 0.682879 -0.559114 0.586131 0.035180
VERTEX_POSE A619 0.739621 0.013293 20501866451337168053189560792064226319547775958351486434605468436284037989645490279678039395484825527040722291151541508450190370438103211413438508882310610343659748866787619270098045783142774385055450559223531831296.000000 -0.528938 -0.848623 0.618749 -0.392008 0.580839 -0.355201
VERTEX_POSE A620 -0.577955 0.807548 54516411287282881103620573661049282232049455624225566907766293486944114775489419510216473978623760465169262049097688632643007058210239961430227364061010573877892109631258095084661486834624878580594535132737235168202608021438567414343105260856279040.000000 0.121833 0.965156 -0.725470 0.245826 0.677385 0.089686
VERTEX_POSE A621 -0.167987 0.023316 142717957228170451229169223632419449712023085313770128632411546919873682261239807686955431172197865275394498470016097032557935271454908504114485378486968050179891252175986467684330858598783887032262100137109926466652443578630334962549204381954211840.000000 -0.957289 0.124333 0.273734 0.680431 -0.093098 0.722188
VERTEX_POSE A622 0.428765 -0.883267 37316738923474115733261719628800385799184125072574718531182175390581577988623128776844964764147918527234058057349660137317923228681926050302090253616151384153984071959032999133593159702126970020036608.000000 -0.956110 -0.275161 -0.280811 0.762359 0.083663 -0.585743
VERTEX_POSE A623 0.619105 0.440230 11205294246384509166644127883276842297287657537402947028047611871085140465745766381567954266633399990095915487873800237467784510098272729471091831404070392088699980308097400203724917295607667978630242654467422520653876189206292577090929733037029001789440.000000 -0.818364 -0.368000 0.574694 -0.520418 -0.002694 0.770546
VERTEX_POSE A624 -0.915164 -0.381281 0.000000 -0.889628 0.450707 -0.038970 -0.235621 -0.455020 -0.861015
VERTEX_POSE A625 -0.371384 0.671481 0.000000 -0.581831 -0.280143 0.788324 0.036660 0.200046 -0.959258
VERTEX_POSE A626 -0.919930 0.316561 0.000000 -0.032087 0.411988 0.981276 0.186106 -0.189916 0.891981
VERTEX_POSE A627 0.092479 -0.398193 0.000000 -0.826523 -0.296204 0.344459 0.406409 0.445205 -0.864347
VERTEX_POSE A628 0.965049 0.256190 4929769663206434556756106719243555299427331264920697598914398212614809753906777867120299571615017338617576122701945747643448804104216760760224974570994337550469578604739210972496564047081459696452671373312.000000 0.639584 0.124345 0.481829 -0.833770 0.598976 0.537928
VERTEX_POSE A629 0.109660 -0.203422 254736390291291889030922121258850660424501441023379822259963935954914725725432940630493166131664627692932379993406330093364458701043890969258665463427181890508822414413552810983424.000000 -0.789878 -0.068771 -0.152840 0.984413 0.593912 0.161871
VERTEX_POSE A630 -0.325558 -0.863224 0.000000 -0.689402 0.678015 -0.346340 0.000652 0.636218 0.735048
VERTEX_POSE A631 -0.163136 -0.350648 20501866451337168053189560792064226319547775958351486434605468436284037989645490279678039395484825527040722291151541508450190370438103211413438508882310610343659748866787619270098045783142774385055450559223531831296.000000 -0.144077 0.974576 0.979973 0.164606 0.137459 -0.152011
VERTEX_POSE A632 -0.328759 -0.937193 54516411287282881103620573661049282232049455624225566907766293486944114775489419510216473978623760465169262049097688632643007058210239961430227364061010573877892109631258095084661486834624878580594535132737235168202608021438567414343105260856279040.000000 0.717307 0.686222 0.694722 -0.717630 -0.053221 -0.118768
VERTEX_POSE A633 0.034879 -0.135389 142717957228170451229169223632419449712023085313770128632411546919873682261239807686955431172197865275394498470016097032557935271454908504114485378486968050179891252175986467684330858598783887032262100137109926466652443578630334962549204381954211840.000000 -0.015633 -0.854183 -0.247087 0.506980 -0.968867 -0.115511
VERTEX_POSE A634 -0.619771 -0.674096 37316738923474115733261719628800385799184125072574718531182175390581577988623128776844964764147918527234058057349660137317923228681926050302090253616151384153984071959032999133593159702126970020036608.000000 0.724988 0.394161 0.042133 -0.843906 -0.687472 0.363950
VERTEX_POSE A635 0.089198 -0.569234 11205294273696696283720010989907915232081929474507877116253571696068212462731262907668975231585186284865801862756841151258487062964633261046364750773238698479047060176903165649414320927072436637725032899757263226746467710923297881052433318485636243521536.000000 -0.387966 0.285920 -0.700601 0.526217 0.598866 0.800840
VERTEX_POSE A636 0.566271 -0.501801 1.000000 0.664161 -0.245591 0.038425 0.954466 -0.746602 -0.169349
VERTEX_POSE A637 -0.751066 -0.640893 0.000000 -0.821987 0.200827 0.260295 -0.699823 0.506542 0.685505
VERTEX_POSE A638 -0.214519 0.790449 0.000000 0.986576 -0.070139 0.153296 0.086568 -0.056277 -0.993774
VERTEX_POSE A639 -0.663788 -0.548894 0.000000 -0.581755 -0.516934 -0.247937 -0.622610 0.774654 -0.587483
VERTEX_POSE A640 -0.083791 0.663880 4929769663206434556756106719243555299427331264920697598914398212614809753906777867120299571615017338617576122701945747643448804104216760760224974570994337550469578604739210972496564047081459696452671373312.000000 -0.501386 -0.311122 0.731812 -0.650297 -0.461588 -0.693049
VERTEX_POSE A641 -0.765483 -0.520335 254736390291291889030922121258850660424501441023379822259963935954914725725432940630493166131664627692932379993406330093364458701043890969258665463427181890508822414413552810983424.000000 -0.846247 0.526449 0.398396 0.727394 -0.353761 -0.440170
VERTEX_POSE A642 -0.653986 0.474856 0.000000 -0.844578 -0.193663 -0.333994 -0.538130 -0.418494 0.820312
VERTEX_POSE A643 -0.087740 0.725595 20501866451337168053189560792064226319547775958351486434605468436284037989645490279678039395484825527040722291151541508450190370438103211413438508882310610343659748866787619270098045783142774385055450559223531831296.000000 0.954234 0.286222 -0.136920 0.675833 -0.265878 0.679211
VERTEX_POSE A644 -0.914353 -0.369135 54516411287282881103620573661049282232049455624225566907766293486944114775489419510216473978623760465169262049097688632643007058210239961430227364061010573877892109631258095084661486834624878580594535132737235168202608021438567414343105260856279040.000000 -0.823282 0.373537 -0.415647 -0.909508 0.386579 -0.182390
VERTEX_POSE A645 -0.404919 0.833397 142717957228170451229169223632419449712023085313770128632411546919873682261239807686955431172197865275394498470016097032557935271454908504114485378486968050179891252175986467684330858598783887032262100137109926466652443578630334962549204381954211840.000000 -0.735217 0.245793 0.537570 0.779103 0.412885 -0.576701
VERTEX_POSE A646 0.718251 -0.691686 37316738923474115733261719628800385799184125072574718531182175390581577988623128776844964764147918527234058057349660137317923228681926050302090253616151384153984071959032999133593159702126970020036608.000000 0.955263 0.217822 -0.295094 0.656658 0.019807 -0.722048
VERTEX_POSE A647 -0.401957 -0.324032 11205294301008883400795894096538988166876201411612807204459531521051284459716759433769996196536972579635688237639882065049189615830993792621637670142407004869394140045708931095103724558537205296819823145047103932839059232640303185013936903934243485253632.000000 -0.367127 0.797563 0.724775 -0.077263 0.583026 0.598267
VERTEX_POSE A648 -0.594197 -0.003605 0.000000 0.525290 0.493780 0.843945 -0.406405 0.108752 0.768775
VERTEX_POSE A649 0.365589 -0.891932 0.000000 0.531101 0.846191 -0.505965 0.275552 -0.679655 0.456105
VERTEX_POSE A650 -0.627208 0.729180 0.000000 -0.739265 -0.440542 -0.281433 -0.484998 -0.611786 0.755447
VERTEX_POSE A651 -0.582262 -0.205603 0.000000 -0.301234 0.618863 -0.721749 -0.645165 -0.623166 0.448074
VERTEX_POSE A652 -0.833977 0.514026 4929769663206434556756106719243555299427331264920697598914398212614809753906777867120299571615017338617576122701945747643448804104216760760224974570994337550469578604739210972496564047081459696452671373312.000000 0.779943 -0.587428 -0.528264 -0.432924 -0.335597 -0.683743
VERTEX_POSE A653 0.410040 0.820635 254736390291291889030922121258850660424501441023379822259963935954914725725432940630493166131664627692932379993406330093364458701043890969258665463427181890508822414413552810983424.000000 0.399671 0.263334 -0.859444 0.440750 0.318777 0.858134
VERTEX_POSE A654 -0.771086 0.121243 0.000000 0.189048 0.832470 0.438679 -0.546114 -0.878534 -0.093556
VERTEX_POSE A655 -0.007668 -0.983401 20501866451337168053189560792064226319547775958351486434605468436284037989645490279678039395484825527040722291151541508450190370438103211413438508882310610343659748866787619270098045783142774385055450559223531831296.000000 0.174527 0.964892 0.638153 -0.262645 -0.749868 0.001056
VERTEX_POSE A656 -0.675110 0.225158 54516411287282881103620573661049282232049455624225566907766293486944114775489419510216473978623760465169262049097688632643007058210239961430227364061010573877892109631258095084661486834624878580594535132737235168202608021438567414343105260856279040.000000 -0.598923 -0.800797 0.723617 -0.539106 -0.343031 0.260938
VERTEX_POSE A657 -0.463941 0.610815 142717957228170451229169223632419449712023085313770128632411546919873682261239807686955431172197865275394498470016097032557935271454908504114485378486968050179891252175986467684330858598783887032262100137109926466652443578630334962549204381954211840.000000 -0.232174 -0.500017 -0.588807 0.754986 0.774210 0.424239
VERTEX_POSE A658 0.564336 -0.226095 37316738923474115733261719628800385799184125072574718531182175390581577988623128776844964764147918527234058057349660137317923228681926050302090253616151384153984071959032999133593159702126970020036608.000000 0.627532 -0.727954 0.743286 0.454504 -0.231795 -0.513331
VERTEX_POSE A659 0.773170 -0.192366 11205294328321070517871777203170061101670473348717737292665491346034356456702255959871017161488758874405574612522922978839892168697354324196910589511575311259741219914514696540793128190001973955914613390336944638931650754357308488975440489382850726985728.000000 -0.682573 0.443224 0.634992 -0.033908 0.361772 0.895769
VERTEX_POSE A660 0.313513 -0.941406 1.000000 -0.644198 -0.246203 0.657897 0.304522 0.390103 -0.920136
VERTEX_POSE A661 -0.883722 -0.241336 0.000000 0.036448 0.900853 -0.733450 -0.269904 -0.678766 0.340022
VERTEX_POSE A662 -0.738919 0.364462 0.000000 -0.866589 0.352244 0.140702 -0.507134 -0.478776 -0.786600
VERTEX_POSE A663 -0.672894 -0.442622 0.000000 0.345623 0.754386 0.937907 -0.258969 -0.029583 0.603189
VERTEX_POSE A664 0.415947 0.908668 4929769663206434556756106719243555299427331264920697598914398212614809753906777867120299571615017338617576122701945747643448804104216760760224974570994337550469578604739210972496564047081459696452671373312.000000 -0.366242 0.557186 0.078970 -0.779405 0.927163 0.286481
VERTEX_POSE A665 -0.544834 0.280881 254736390291291889030922121258850660424501441023379822259963935954914725725432940630493166131664627692932379993406330093364458701043890969258665463427181890508822414413552810983424.000000 0.627913 0.630902 -0.708356 0.705854 -0.322424 -0.322075
VERTEX_POSE A666 0.214606 0.112578 0.000000 0.850263 -0.432612 -0.518116 -0.587480 0.092779 0.683896
VERTEX_POSE A667 -0.670934 0.738864 20501866451337168053189560792064226319547775958351486434605468436284037989645490279678039395484825527040722291151541508450190370438103211413438508882310610343659748866787619270098045783142774385055450559223531831296.000000 0.258646 0.962572 0.835826 -0.180984 -0.484248 0.201744
VERTEX_POSE A668 0.280814 0.381364 54516411287282881103620573661049282232049455624225566907766293486944114775489419510216473978623760465169262049097688632643007058210239961430227364061010573877892109631258095084661486834624878580594535132737235168202608021438567414343105260856279040.000000 0.407626 -0.209565 -0.416168 0.823715 0.812801 0.526855
VERTEX_POSE A669 0.549780 -0.816105 142717957228170451229169223632419449712023085313770128632411546919873682261239807686955431172197865275394498470016097032557935271454908504114485378486968050179891252175986467684330858598783887032262100137109926466652443578630334962549204381954211840.000000 -0.413126 -0.313555 -0.691596 -0.502780 -0.592471 0.805540
VERTEX_POSE A670 -0.430061 -0.901031 37316738923474115733261719628800385799184125072574718531182175390581577988623128776844964764147918527234058057349660137317923228681926050302090253616151384153984071959032999133593159702126970020036608.000000 -0.046101 0.806430 -0.391621 0.528324 -0.918971 -0.265602
VERTEX_POSE A671 -0.591386 0.328438 11205294355633257634947660309801134036464745285822667380871451171017428453687752485972038126440545169175460987405963892630594721563714855772183508880743617650088299783320461986482531821466742615009403635626785345024242276074313792936944074831457968717824.000000 -0.909312 0.018785 0.303714 0.712840 -0.284446 0.701075
VERTEX_POSE A672 0.757121 -0.374916 1.000000 -0.734852 0.285607 -0.329397 0.642562 -0.592865 -0.711016
VERTEX_POSE A673 0.630569 0.633438 0.000000 0.903829 0.378067 0.408933 -0.901063 -0.125963 -0.212489
VERTEX_POSE A674 0.676465 0.411037 0.000000 0.599268 0.496916 0.799284 -0.415433 -0.044970 -0.761899
VERTEX_POSE A675 0.647526 -0.727254 0.000000 0.315402 0.840015 0.634390 0.159338 -0.705741 0.518639
VERTEX_POSE A676 -0.669698 0.742476 4929769663206434556756106719243555299427331264920697598914398212614809753906777867120299571615017338617576122701945747643448804104216760760224974570994337550469578604739210972496564047081459696452671373312.000000 -0.391345 0.397013 -0.017461 0.898785 -0.920078 -0.185921
VERTEX_POSE A677 0.470460 0.408183 254736390291291889030922121258850660424501441023379822259963935954914725725432940630493166131664627692932379993406330093364458701043890969258665463427181890508822414413552810983424.000000 0.826377 0.353980 -0.455871 0.877098 0.330579 0.324649
VERTEX_POSE A678 -0.860729 0.384639 0.000000 -0.149107 0.446967 -0.678644 -0.695017 0.719173 -0.563179
VERTEX_POSE A679 -0.324106 -0.919195 20501866451337168053189560792064226319547775958351486434605468436284037989645490279678039395484825527040722291151541508450190370438103211413438508882310610343659748866787619270098045783142774385055450559223531831296.000000 0.212921 0.962721 -0.732052 0.270273 -0.647120 0.011018
VERTEX_POSE A680 -0.363502 0.871247 54516411287282881103620573661049282232049455624225566907766293486944114775489419510216473978623760465169262049097688632643007058210239961430227364061010573877892109631258095084661486834624878580594535132737235168202608021438567414343105260856279040.000000 0.327802 -0.944518 -0.615093 -0.230043 0.717082 0.234446
VERTEX_POSE A681 -0.498737 0.117050 142717957228170451229169223632419449712023085313770128632411546919873682261239807686955431172197865275394498470016097032557935271454908504114485378486968050179891252175986467684330858598783887032262100137109926466652443578630334962549204381954211840.000000 0.484241 -0.873457 0.305722 0.114497 -0.819783 -0.473247
VERTEX_POSE A682 0.631713 0.759806 37316738923474115733261719628800385799184125072574718531182175390581577988623128776844964764147918527234058057349660137317923228681926050302090253616151384153984071959032999133593159702126970020036608.000000 -0.596080 -0.511745 0.703788 0.037909 0.386486 -0.858301
VERTEX_POSE A683 0.197540 0.033989 170579312608294397288425562476781478657348116557409361067516113173529313554748649852649210474915032992695019659618577779349752939921984615483773778965161769930218126055639616659548900788495293435291430151545253289952454459654116247582160622041547392834294584737033988603904.000000 -0.524194 0.591705 -0.747616 -0.664129 0.407789 -0.456966
VERTEX_POSE A684 -0.799016 0.382192 0.000000 0.430241 -0.216383 0.544900 -0.711774 -0.719706 -0.668248
VERTEX_POSE A685 0.204973 0.898898 0.000000 -0.502303 0.591749 -0.112227 0.678375 -0.857378 -0.435478
VERTEX_POSE A686 0.102103 -0.242500 0.000000 -0.459861 -0.791664 -0.763835 0.583666 0.452862 0.180561
VERTEX_POSE A687 -0.890732 -0.454094 0.000000 -0.057691 -0.230255 0.909819 0.388438 -0.410977 0.892244
VERTEX_POSE A688 0.892566 0.397137 0.000000 0.869646 -0.141676 0.337635 -0.528181 0.360165 0.837229
VERTEX_POSE A689 -0.440826 0.668892 0.756836 -0.920967 -0.182425 -0.157952 -0.632975 -0.356190 0.752372
VERTEX_POSE A690 -0.933165 0.309497 0.000000 -0.317488 0.271160 0.396807 -0.832321 0.861247 0.483440
VERTEX_POSE A691 0.134149 0.771672 0.000000 0.517862 -0.119823 0.800741 0.416344 -0.301053 0.901277
VERTEX_POSE A692 -0.000486 -0.739783 48282.085574 -0.053055 0.151176 -0.600206 0.785171 -0.798084 -0.600544
VERTEX_POSE A693 -0.348204 -0.630613 16668.777887 0.792264 0.499457 0.571861 -0.407418 -0.212822 0.764561
VERTEX_POSE A694 -0.046001 -0.411608 11681.952872 -0.385416 -0.014558 -0.783539 -0.522937 -0.487361 0.852247
VERTEX_POSE A695 -0.588263 0.747579 11681.952872 0.147471 0.776417 -0.875338 -0.185962 0.460474 -0.602158
VERTEX_POSE A696 0.475506 0.780703 4064.803809 -0.358873 -0.791618 -0.849768 0.496282 0.386140 0.356435
VERTEX_POSE A697 -0.878477 0.445817 2741.249358 -0.406802 0.287272 0.663291 -0.559835 0.628138 0.777213
VERTEX_POSE A698 -0.275784 0.563890 2231.446153 -0.032142 -0.066895 -0.057494 0.996229 0.997828 0.055247
VERTEX_POSE A699 -0.807909 0.302799 2231.446153 0.197946 -0.475897 -0.683781 0.559351 -0.702325 -0.678711
VERTEX_POSE A700 0.268130 0.620827 1301.860409 0.606617 0.634394 -0.770555 0.320907 0.195603 -0.703251
VERTEX_POSE A701 0.533138 0.541281 1205.958222 -0.785439 -0.381372 0.616734 -0.548669 -0.052202 -0.743988
VERTEX_POSE A702 0.760243 -0.647942 1121.059917 0.776448 -0.203850 -0.467830 0.447508 0.422213 0.870736
VERTEX_POSE A703 -0.548830 -0.679238 1121.059917 0.490661 0.404898 0.086914 0.858322 0.867005 -0.315185
VERTEX_POSE A704 -0.457822 0.830015 713.245026 0.728526 0.536377 0.667767 -0.417363 0.152767 -0.733558
VERTEX_POSE A705 -0.151998 0.279954 650.586875 0.063659 -0.633800 -0.801822 0.427405 -0.594163 -0.644688
VERTEX_POSE A706 -0.760829 -0.344658 650.586875 0.824797 -0.557024 -0.387279 -0.431368 0.411977 0.709681
VERTEX_POSE A707 0.585199 0.001861 486.551768 0.502899 -0.693697 0.761604 0.637729 -0.408720 0.334793
VERTEX_POSE A708 -0.872039 -0.013226 436.995702 0.372086 0.734980 -0.676098 -0.203840 -0.635959 0.646726
VERTEX_POSE A709 0.032308 -0.999010 372.674883 0.550182 -0.576546 0.551184 -0.292681 0.627292 0.762845
VERTEX_POSE A710 -0.908617 0.398510 372.674883 -0.992586 0.092172 0.115519 0.918088 0.037790 -0.385512
VERTEX_POSE A711 -0.222981 -0.715831 334.376946 0.763765 0.174253 -0.533387 0.712659 -0.363541 -0.679524
VERTEX_POSE A712 0.646971 0.494956 323.810960 -0.694798 -0.346753 0.547000 -0.823597 0.466955 0.448832
VERTEX_POSE A713 0.637900 0.065425 295.400159 0.098659 0.054092 -0.013745 -0.998352 -0.995026 0.019154
VERTEX_POSE A714 0.829347 0.022688 295.400159 0.182251 -0.653466 -0.582417 0.530268 -0.792196 -0.540184
VERTEX_POSE A715 0.368644 -0.773054 261.923434 0.308090 0.427134 0.818075 -0.575062 0.485628 0.697753
VERTEX_POSE A716 0.138929 -0.062337 253.079038 0.839621 0.528792 -0.308410 0.652268 0.447123 -0.543070
VERTEX_POSE A717 0.095610 0.994199 226.150203 0.621420 0.559435 -0.400845 0.828554 0.673172 -0.023058
VERTEX_POSE A718 0.871400 -0.135506 208.039147 -0.529073 0.672832 -0.123999 -0.664117 0.839467 0.325954
VERTEX_POSE A719 -0.325940 -0.878216 190.052881 0.129339 -0.619577 0.112067 -0.766629 -0.985247 -0.168536
VERTEX_POSE A720 0.731129 0.646759 169.331815 0.403919 -0.669322 0.198673 0.729579 0.892960 0.140436
VERTEX_POSE A721 0.522603 -0.735530 169.331815 0.228046 -0.430926 0.640530 0.741755 0.733292 -0.513909
VERTEX_POSE A722 0.812220 -0.291196 148.456003 -0.590012 -0.020574 -0.806391 -0.034823 0.040253 -0.999182
VERTEX_POSE A723 -0.215882 -0.955023 148.456003 -0.043482 0.850392 -0.210451 -0.520866 -0.976637 0.074378
VERTEX_POSE A724 -0.799657 -0.210996 138.704178 -0.380183 -0.404206 0.815651 -0.570606 0.436090 0.714861
VERTEX_POSE A725 -0.536528 -0.169286 138.704178 0.997926 0.058051 0.064327 -0.914677 -0.002270 -0.399996
VERTEX_POSE A726 0.215349 -0.731914 136.576266 -0.615467 0.397190 0.176084 0.911198 -0.768241 -0.109354
VERTEX_POSE A727 0.621015 -0.408255 134.562401 -0.647138 -0.633548 0.761699 -0.513918 -0.032060 0.578365
VERTEX_POSE A728 -0.141942 -0.791343 130.572085 -0.530635 0.833820 -0.844073 -0.536203 -0.077255 0.131263
VERTEX_POSE A729 -0.781461 0.458328 121.862635 -0.238906 0.958825 -0.933022 -0.182847 0.269061 0.217307
VERTEX_POSE A730 -0.722265 0.682656 121.862635 0.692343 -0.421310 -0.413640 -0.896939 0.591239 -0.134157
VERTEX_POSE A731 -0.687461 -0.726186 114.444297 -0.114368 0.851645 0.392171 0.511755 -0.912755 0.113168
VERTEX_POSE A732 0.622664 -0.402010 105.088141 0.844592 0.127370 0.459268 -0.671597 -0.275203 -0.729887
VERTEX_POSE A733 0.195970 0.910710 105.088141 0.369779 -0.842227 -0.687851 -0.532014 -0.624600 0.087269
VERTEX_POSE A734 0.319773 -0.477056 99.927079 -0.603672 -0.717340 -0.498099 0.680052 0.622477 -0.151500
VERTEX_POSE A735 -0.697126 -0.703599 99.927079 -0.238906 0.915382 -0.088055 0.311903 0.967042 0.254544
VERTEX_POSE A736 -0.291529 0.504566 98.153580 -0.398249 0.784261 0.370066 -0.337195 0.839315 0.520801
VERTEX_POSE A737 0.821873 0.566804 97.497854 -0.637172 -0.286860 0.169005 0.853561 0.751964 -0.434908
VERTEX_POSE A738 0.780926 0.283466 89.724510 -0.805844 -0.294203 -0.086316 -0.800196 0.585803 -0.522619
VERTEX_POSE A739 -0.181395 -0.749770 89.724510 -0.196803 0.946857 -0.656141 -0.320015 0.728524 -0.032436
VERTEX_POSE A740 -0.293056 0.565785 85.703930 0.524584 -0.724083 -0.037237 0.505953 0.850544 0.468738
VERTEX_POSE A741 -0.884827 0.144899 85.703930 -0.674951 0.668691 0.032935 0.449615 0.737127 0.592198
VERTEX_POSE A742 0.341314 -0.634977 82.795713 -0.681287 0.577689 0.070764 -0.559316 -0.728588 -0.594509
VERTEX_POSE A743 -0.868582 -0.494880 82.795713 0.619947 -0.736770 0.516357 0.642062 0.590797 0.211960
VERTEX_POSE A744 0.599959 -0.796176 80.551084 -0.019581 -0.066177 0.376096 0.924032 0.926374 -0.376544
VERTEX_POSE A745 0.423688 0.399364 80.551084 -0.819214 -0.557862 0.416313 -0.737944 -0.394427 0.379774
VERTEX_POSE A746 0.620426 0.038301 78.940732 0.168944 -0.983074 0.741757 0.174167 0.649041 0.056845
VERTEX_POSE A747 -0.525100 0.762173 75.952010 -0.772762 0.534633 0.487837 0.845082 -0.406022 -0.002172
VERTEX_POSE A748 -0.877128 0.378469 69.509375 0.818077 0.438023 0.455215 -0.889200 0.351466 0.132133
VERTEX_POSE A749 0.373181 0.924602 69.509375 0.277768 0.930346 -0.635055 0.364800 0.720798 -0.037115
VERTEX_POSE A750 0.041988 0.798557 62.100934 -0.592327 -0.614286 0.540798 0.176525 -0.597232 0.769085
VERTEX_POSE A751 -0.934583 0.243882 62.100934 0.687980 0.021674 -0.702830 -0.229211 -0.180867 0.973135
VERTEX_POSE A752 -0.445567 -0.877632 60.267065 -0.536041 0.627422 0.807891 0.575350 0.244893 -0.524704
VERTEX_POSE A753 0.742171 -0.251715 60.267065 0.631714 0.251821 -0.444940 0.892252 -0.634796 -0.374798
VERTEX_POSE A754 0.758479 -0.285552 59.081139 0.134790 -0.788131 0.779430 -0.289904 -0.611817 -0.542960
VERTEX_POSE A755 0.590028 -0.080802 59.081139 -0.617902 -0.657792 0.690173 -0.191365 0.376640 -0.728484
VERTEX_POSE A756 -0.901282 0.238360 57.842189 -0.026185 0.335833 -0.979136 0.181248 0.201511 0.924319
VERTEX_POSE A757 -0.413380 -0.223273 57.131885 -0.479553 0.698540 -0.680123 0.086569 0.554492 0.710316
VERTEX_POSE A758 0.404014 -0.190745 53.678035 0.061904 -0.920512 0.365756 0.380554 0.928650 -0.088523
VERTEX_POSE A759 -0.078276 0.967222 50.144786 -0.855081 -0.058101 -0.518368 0.117717 0.011439 0.991346
VERTEX_POSE A760 -0.064616 -0.930214 46.579390 -0.123027 -0.754573 0.542057 -0.595161 -0.831287 -0.276412
VERTEX_POSE A761 0.980138 -0.127183 46.579390 -0.613143 -0.482626 0.686504 0.066168 0.390856 -0.873324
VERTEX_POSE A762 0.649590 0.717374 46.579390 0.612123 -0.591399 -0.216270 0.513314 0.760613 0.621897
VERTEX_POSE A763 -0.694121 0.694723 42.550086 0.849167 -0.249241 -0.189006 -0.966661 0.493144 0.058690
VERTEX_POSE A764 0.948523 0.137270 42.550086 -0.694183 0.271580 0.715241 0.364315 -0.080880 0.890797
VERTEX_POSE A765 -0.177729 -0.515204 40.834954 -0.445913 -0.533972 0.355278 0.631046 -0.821547 0.562721
VERTEX_POSE A766 -0.076685 -0.503369 40.339259 -0.081464 -0.727478 -0.931259 0.299120 -0.355134 -0.617498
VERTEX_POSE A767 0.785773 -0.561861 36.117495 0.597588 0.259339 -0.537340 -0.572783 0.595109 -0.777601
VERTEX_POSE A768 -0.238609 -0.278709 33.900553 -0.906220 0.011211 0.413174 0.235630 -0.089729 0.971778
VERTEX_POSE A769 -0.338801 0.921634 31.956213 -0.597772 0.425635 0.389431 -0.586532 0.700723 0.689068
VERTEX_POSE A770 -0.635487 -0.387391 29.450726 0.210746 0.958505 0.764048 -0.284012 0.609768 0.024595
VERTEX_POSE A771 0.519563 0.425325 27.025761 0.862163 -0.503958 0.497839 0.861760 0.093975 0.058273
VERTEX_POSE A772 0.345925 -0.063316 27.025761 -0.115353 0.941630 -0.848204 0.072329 -0.516956 -0.328789
VERTEX_POSE A773 0.934911 -0.060986 27.025761 0.904504 -0.172489 -0.025996 0.890553 -0.425673 -0.420906
VERTEX_POSE A774 -0.737378 -0.674547 25.979791 -0.614600 0.720508 0.385878 0.629680 -0.688015 -0.290466
VERTEX_POSE A775 -0.565604 0.587849 25.634614 -0.689145 0.066143 -0.061836 -0.997561 -0.721980 0.022304
VERTEX_POSE A776 0.368660 -0.788973 24.258980 -0.539438 -0.530517 0.562177 -0.805043 0.626868 0.265440
VERTEX_POSE A777 0.928923 0.293059 24.258980 0.530002 0.124633 0.747274 -0.536211 0.400848 0.834832
VERTEX_POSE A778 0.144986 -0.767358 23.388667 0.612346 0.708998 0.790589 -0.549391 -0.000430 -0.442143
VERTEX_POSE A779 0.655585 0.547326 23.388667 0.833287 -0.467192 -0.224869 0.201990 -0.505041 -0.860774
VERTEX_POSE A780 0.078417 -0.218064 22.903657 -0.606105 -0.514781 0.504365 -0.838198 -0.615022 -0.180069
VERTEX_POSE A781 -0.135192 -0.969096 21.839216 -0.151087 0.596006 -0.471665 -0.744589 0.868738 -0.300607
VERTEX_POSE A782 -0.410275 -0.764353 20.059568 -0.506107 -0.461586 0.860569 -0.214202 0.057242 -0.860846
VERTEX_POSE A783 -0.756987 0.589615 20.059568 0.091798 -0.286454 -0.878444 0.427730 0.468944 0.857316
VERTEX_POSE A784 -0.634646 -0.526210 17.408512 0.457247 0.758906 0.365009 0.315282 0.810983 -0.569788
VERTEX_POSE A785 0.663189 0.005139 17.408512 0.697404 0.507405 -0.712593 0.566245 0.076417 0.649543
VERTEX_POSE A786 0.523517 -0.610346 16.777803 0.039202 0.299328 -0.677266 0.709454 -0.734693 -0.638027
VERTEX_POSE A787 -0.439839 0.403974 15.961327 0.732241 0.588917 0.656852 -0.743372 -0.179911 -0.317137
VERTEX_POSE A788 -0.821299 0.532370 15.213488 0.586905 0.788370 0.806220 -0.548087 -0.074511 0.279417
VERTEX_POSE A789 0.439180 0.819414 15.213488 -0.840137 0.540322 -0.490174 -0.719192 0.232164 0.436824
VERTEX_POSE A790 0.994064 0.075343 14.050514 0.571835 -0.275629 0.693447 0.665654 -0.438334 0.693493
VERTEX_POSE A791 0.107733 -0.580947 13.404269 -0.490812 0.637594 -0.535042 0.317304 -0.687629 -0.701992
VERTEX_POSE A792 -0.628783 -0.316822 12.748504 0.551862 -0.725049 -0.831809 -0.443324 -0.059514 -0.527037
VERTEX_POSE A793 0.684570 0.207558 12.748504 0.081790 -0.112149 -0.696310 -0.717349 -0.713066 0.687629
VERTEX_POSE A794 0.596609 -0.770713 11.814831 0.786534 0.151212 -0.560576 -0.231926 0.259073 -0.960909
VERTEX_POSE A795 0.802452 0.568953 11.325414 0.254154 0.810983 0.374235 -0.584895 -0.891826 -0.014323
VERTEX_POSE A796 -0.609753 0.535236 11.325414 0.598727 -0.578819 0.036267 0.710083 0.800132 0.400937
VERTEX_POSE A797 -0.711463 -0.694672 11.182210 -0.138901 -0.983992 -0.124915 -0.094436 -0.982396 0.151135
VERTEX_POSE A798 0.788771 -0.548889 10.354360 -0.176416 0.673857 -0.734789 0.394861 0.654952 0.624501
VERTEX_POSE A799 0.574309 0.497613 9.743591 -0.274403 0.195575 -0.835168 -0.533788 -0.476651 0.822691
VERTEX_POSE A800 0.115276 -0.579978 9.743591 0.734180 -0.359534 -0.669706 -0.523022 -0.111686 0.772777
VERTEX_POSE A801 0.972115 -0.101036 8.890682 -0.261873 -0.957384 0.874475 -0.288785 0.408308 0.004464
VERTEX_POSE A802 0.555857 0.525882 8.525841 0.693667 -0.616354 0.570542 0.154291 -0.439668 -0.772206
VERTEX_POSE A803 -0.793405 0.104525 8.222006 -0.611574 0.702020 0.480206 -0.037175 0.628793 0.711186
VERTEX_POSE A804 0.954567 0.193660 7.911976 -0.675709 -0.559038 0.614372 -0.787300 0.407388 0.260068
VERTEX_POSE A805 -0.163228 0.975680 7.466884 -0.774585 -0.472490 -0.013379 0.676853 -0.632328 0.564467
VERTEX_POSE A806 -0.253552 -0.840250 7.248039 0.628516 -0.182446 0.567141 0.772747 -0.532278 0.607928
VERTEX_POSE A807 -0.013081 0.498384 7.248039 -0.701426 0.185384 -0.029790 0.957113 0.712120 0.222638
