VERTEX_POSE A0 -0.390489 0.201997 -0.920608 0.390489 -0.390489 -0.920608
VERTEX_POSE A1 -0.920608 -0.201997 -0.999754 0.022198 -0.022198 -0.999754
VERTEX_POSE A2 -0.022198 5.270369 -0.994629 -0.103507 -0.103507 0.994629
VERTEX_POSE A3 -0.999754 0.000000 -0.046646 -0.998911 -0.998911 0.046646
VERTEX_POSE A4 -0.103507 0.000000 -0.121785 -0.992557 -0.992557 0.121785
VERTEX_POSE A5 0.994629 0.000000 -0.149513 0.988760 0.988760 0.149513
VERTEX_POSE A6 -0.998911 0.000000 -0.834249 0.551387 0.551387 0.834249
VERTEX_POSE A7 0.046646 0.000000 -0.693622 -0.720339 -0.720339 0.693622
VERTEX_POSE A8 -0.992557 -0.114890 -0.873504 -0.486816 -0.486816 0.873504
VERTEX_POSE A9 0.121785 0.114890 0.800054 0.599928 0.599928 -0.800054
VERTEX_POSE A10 0.988760 5.273441 0.786246 0.617913 -0.617913 0.786246
VERTEX_POSE A11 0.149513 -5.273441 -0.302819 -0.953048 -0.953048 0.302819
VERTEX_POSE A12 0.551387 -0.019672 -0.895175 -0.445714 -0.445714 0.895175
VERTEX_POSE A13 0.834249 0.019672 0.679390 0.733777 0.733777 -0.679390
VERTEX_POSE A14 -0.720339 5.028020 0.808513 -0.588479 -0.588479 -0.808513
VERTEX_POSE A15 0.693622 -5.028020 0.370626 -0.928782 -0.928782 -0.370626
VERTEX_POSE A16 -0.486816 -0.028639 0.990208 0.139599 0.139599 -0.990208
VERTEX_POSE A17 0.873504 0.028639 -0.696747 -0.717317 -0.717317 0.696747
VERTEX_POSE A18 0.599928 4.878891 -0.047990 -0.998848 -0.998848 0.047990
VERTEX_POSE A19 -0.800054 -4.878891 -0.738848 -0.673872 0.673872 -0.738848
VERTEX_POSE A20 -0.617913 -0.010163 -0.809374 0.587294 -0.587294 -0.809374
VERTEX_POSE A21 0.786246 0.010163 -0.986932 0.161140 0.161140 0.986932
VERTEX_POSE A22 -0.953048 5.271684 -0.294023 -0.955798 -0.955798 0.294023
VERTEX_POSE A23 0.302819 -5.271684 0.514048 0.857761 -0.857761 0.514048
VERTEX_POSE A24 -0.445714 -0.052282 0.469916 0.882711 0.882711 -0.469916
VERTEX_POSE A25 0.895175 0.052282 -0.376490 0.926421 0.926421 0.376490
VERTEX_POSE A26 0.733777 5.241226 -0.629395 -0.777085 0.777085 -0.629395
VERTEX_POSE A27 -0.679390 -5.241226 -0.949794 0.312875 0.312875 0.949794
VERTEX_POSE A28 -0.588479 -0.032601 0.074766 -0.997201 0.997201 0.074766
VERTEX_POSE A29 -0.808513 0.032601 -0.556151 0.831081 -0.831081 -0.556151
VERTEX_POSE A30 -0.928782 5.257392 -0.865674 0.500608 -0.500608 -0.865674
VERTEX_POSE A31 -0.370626 -5.257392 0.800391 -0.599478 0.599478 0.800391
VERTEX_POSE A32 0.139599 -0.034976 -0.637064 0.770811 0.770811 0.637064
VERTEX_POSE A33 -0.990208 0.034976 -0.697858 0.716236 0.716236 0.697858
VERTEX_POSE A34 -0.717317 0.000000 -0.835373 0.549683 -0.549683 -0.835373
VERTEX_POSE A35 0.696747 0.000000 0.975460 0.220175 0.220175 -0.975460
VERTEX_POSE A36 -0.998848 0.000000 -0.833549 0.552445 -0.552445 -0.833549
VERTEX_POSE A37 0.047990 0.000000 0.655350 0.755325 -0.755325 0.655350
VERTEX_POSE A38 0.673872 0.000000 -0.708411 0.705800 -0.705800 -0.708411
VERTEX_POSE A39 -0.738848 0.000000 -0.366496 -0.930420 -0.930420 0.366496
VERTEX_POSE A40 -0.587294 0.000000 0.999014 -0.044395 0.044395 0.999014
VERTEX_POSE A41 -0.809374 0.000000 -0.633526 -0.773722 0.773722 -0.633526
VERTEX_POSE A42 0.161140 0.000000 0.217645 0.976028 0.976028 -0.217645
VERTEX_POSE A43 0.986932 0.000000 -0.225654 -0.974208 -0.974208 0.225654
VERTEX_POSE A44 -0.955798 0.000000 0.901370 -0.433050 -0.433050 -0.901370
VERTEX_POSE A45 0.294023 0.000000 0.935871 0.352343 0.352343 -0.935871
VERTEX_POSE A46 -0.857761 0.000000 0.988372 0.152053 -0.152053 0.988372
VERTEX_POSE A47 0.514048 0.000000 -0.964011 0.265862 0.265862 0.964011
VERTEX_POSE A48 0.882711 0.000000 0.538537 -0.842602 0.842602 0.538537
VERTEX_POSE A49 -0.469916 0.000000 -0.970710 0.240256 0.240256 0.970710
VERTEX_POSE A50 0.926421 0.000000 0.521698 0.853130 0.853130 -0.521698
VERTEX_POSE A51 0.376490 0.000000 0.447108 0.894480 0.894480 -0.447108
VERTEX_POSE A52 0.777085 0.000000 0.999752 0.022273 -0.022273 0.999752
VERTEX_POSE A53 -0.629395 0.000000 0.500559 0.865702 -0.865702 0.500559
VERTEX_POSE A54 0.312875 0.000000 0.632711 -0.774388 -0.774388 -0.632711
VERTEX_POSE A55 0.949794 0.000000 -0.974141 -0.225940 -0.225940 0.974141
VERTEX_POSE A56 0.997201 0.000000 -0.055727 0.998446 -0.998446 -0.055727
VERTEX_POSE A57 0.074766 0.000000 -0.570372 -0.821386 0.821386 -0.570372
VERTEX_POSE A58 -0.831081 0.000000 -0.997129 -0.075715 -0.075715 0.997129
VERTEX_POSE A59 -0.556151 0.000000 -0.253768 -0.967265 0.967265 -0.253768
VERTEX_POSE A60 -0.500608 0.000000 -0.078508 -0.996913 -0.996913 0.078508
VERTEX_POSE A61 -0.865674 0.000000 -0.833183 -0.552997 -0.552997 0.833183
VERTEX_POSE A62 0.599478 0.000000 0.384970 -0.922929 -0.922929 -0.384970
VERTEX_POSE A63 0.800391 0.000000 -0.988415 -0.151772 -0.151772 0.988415
VERTEX_POSE A64 0.770811 0.000000 -0.878018 0.478629 -0.478629 -0.878018
VERTEX_POSE A65 0.637064 0.000000 0.999090 0.042661 -0.042661 0.999090
VERTEX_POSE A66 0.716236 0.000000 -0.920253 0.391323 -0.391323 -0.920253
VERTEX_POSE A67 0.697858 0.000000 -0.876240 -0.481875 0.481875 -0.876240
VERTEX_POSE A68 -0.549683 0.000000 -0.057164 0.998365 -0.998365 -0.057164
VERTEX_POSE A69 -0.835373 0.000000 0.567879 -0.823112 -0.823112 -0.567879
VERTEX_POSE A70 0.220175 0.000000 -0.899809 -0.436284 -0.436284 0.899809
VERTEX_POSE A71 -0.975460 0.000000 0.064654 0.997908 -0.997908 0.064654
VERTEX_POSE A72 -0.552445 0.000000 0.562989 0.826465 -0.826465 0.562989
VERTEX_POSE A73 -0.833549 0.000000 0.987251 0.159171 -0.159171 0.987251
VERTEX_POSE A74 -0.755325 0.000000 0.887426 0.460950 -0.460950 0.887426
VERTEX_POSE A75 0.655350 0.000000 0.963525 -0.267620 0.267620 0.963525
VERTEX_POSE A76 -0.705800 0.000000 0.158540 0.987353 -0.987353 0.158540
VERTEX_POSE A77 -0.708411 0.000000 0.385504 -0.922706 -0.922706 -0.385504
VERTEX_POSE A78 -0.930420 0.000000 0.926710 0.375778 -0.375778 0.926710
VERTEX_POSE A79 0.366496 0.000000 0.102341 -0.994749 0.994749 0.102341
VERTEX_POSE A80 0.044395 0.000000 -0.801155 -0.598457 -0.598457 0.801155
VERTEX_POSE A81 0.999014 0.000000 -0.757456 -0.652886 -0.652886 0.757456
VERTEX_POSE A82 0.773722 0.000000 -0.724779 0.688981 0.688981 0.724779
VERTEX_POSE A83 -0.633526 0.000000 0.545489 0.838118 0.838118 -0.545489
VERTEX_POSE A84 0.976028 0.000000 -0.844100 -0.536185 -0.536185 0.844100
VERTEX_POSE A85 -0.217645 0.000000 0.995640 0.093275 -0.093275 0.995640
VERTEX_POSE A86 -0.974208 0.000000 -0.140044 -0.990145 0.990145 -0.140044
VERTEX_POSE A87 0.225654 0.000000 -0.891483 -0.453055 -0.453055 0.891483
VERTEX_POSE A88 -0.433050 0.000000 -0.797269 0.603624 -0.603624 -0.797269
VERTEX_POSE A89 -0.901370 0.000000 0.738957 -0.673753 0.673753 0.738957
VERTEX_POSE A90 0.352343 0.000000 0.589017 0.808120 0.808120 -0.589017
VERTEX_POSE A91 -0.935871 0.000000 -0.669463 0.742845 0.742845 0.669463
VERTEX_POSE A92 -0.152053 0.000000 0.624703 0.780862 -0.780862 0.624703
VERTEX_POSE A93 0.988372 0.000000 -0.735322 0.677717 0.677717 0.735322
VERTEX_POSE A94 0.265862 0.000000 -0.557401 0.830243 0.830243 0.557401
VERTEX_POSE A95 0.964011 0.000000 0.722162 0.691724 -0.691724 0.722162
VERTEX_POSE A96 0.842602 0.000000 -0.908786 -0.417262 -0.417262 0.908786
VERTEX_POSE A97 0.538537 0.000000 0.765506 -0.643429 -0.643429 -0.765506
VERTEX_POSE A98 0.240256 0.000000 0.999953 0.009682 0.009682 -0.999953
VERTEX_POSE A99 0.970710 0.000000 -0.965310 -0.261105 -0.261105 0.965310
VERTEX_POSE A100 0.853130 0.000000 -0.055319 -0.998469 -0.998469 0.055319
VERTEX_POSE A101 -0.521698 0.000000 0.919980 -0.391964 0.391964 0.919980
VERTEX_POSE A102 0.894480 0.000000 -0.620733 0.784022 -0.784022 -0.620733
VERTEX_POSE A103 -0.447108 0.000000 -0.430034 0.902813 0.902813 0.430034
VERTEX_POSE A104 -0.022273 0.000000 0.973163 0.230118 -0.230118 0.973163
VERTEX_POSE A105 0.999752 0.000000 0.996884 -0.078880 -0.078880 -0.996884
VERTEX_POSE A106 -0.865702 0.000000 -0.708954 -0.705254 0.705254 -0.708954
VERTEX_POSE A107 0.500559 0.000000 -0.581627 0.813455 -0.813455 -0.581627
VERTEX_POSE A108 -0.774388 0.000000 0.904351 0.426789 0.426789 -0.904351
VERTEX_POSE A109 -0.632711 0.000000 -0.350347 -0.936620 0.936620 -0.350347
VERTEX_POSE A110 -0.225940 0.000000 -0.938099 -0.346367 -0.346367 0.938099
VERTEX_POSE A111 0.974141 0.000000 0.783717 -0.621118 -0.621118 -0.783717
VERTEX_POSE A112 -0.998446 0.000000 -0.572798 0.819697 0.819697 0.572798
VERTEX_POSE A113 -0.055727 0.000000 -0.791691 -0.610922 0.610922 -0.791691
VERTEX_POSE A114 0.821386 0.000000 -0.954481 -0.298273 0.298273 -0.954481
VERTEX_POSE A115 -0.570372 0.000000 0.339752 -0.940515 0.940515 0.339752
VERTEX_POSE A116 -0.075715 0.000000 0.067147 -0.997743 0.997743 0.067147
VERTEX_POSE A117 0.997129 0.000000 0.430899 0.902400 0.902400 -0.430899
VERTEX_POSE A118 0.967265 0.000000 -0.617783 -0.786348 0.786348 -0.617783
VERTEX_POSE A119 -0.253768 0.000000 -0.325207 0.945643 0.945643 0.325207
VERTEX_POSE A120 -0.996913 0.000000 -0.079421 -0.996841 0.996841 -0.079421
VERTEX_POSE A121 0.078508 0.000000 0.510314 0.859988 -0.859988 0.510314
VERTEX_POSE A122 -0.552997 0.000000 0.650290 0.759686 0.759686 -0.650290
VERTEX_POSE A123 0.833183 0.000000 -0.245020 -0.969518 -0.969518 0.245020
VERTEX_POSE A124 -0.922929 0.000000 -0.868818 -0.495131 -0.495131 0.868818
VERTEX_POSE A125 -0.384970 0.000000 0.918775 0.394782 -0.394782 0.918775
VERTEX_POSE A126 -0.151772 0.000000 0.719251 0.694750 0.694750 -0.719251
VERTEX_POSE A127 0.988415 0.000000 -0.507739 0.861511 -0.861511 -0.507739
VERTEX_POSE A128 -0.478629 0.000000 -0.026479 0.999649 0.999649 0.026479
VERTEX_POSE A129 -0.878018 0.000000 -0.378053 0.925784 -0.925784 -0.378053
VERTEX_POSE A130 -0.042661 0.000000 -0.969578 0.244782 0.244782 0.969578
VERTEX_POSE A131 0.999090 0.000000 -0.218732 0.975785 -0.975785 -0.218732
VERTEX_POSE A132 -0.391323 0.000000 0.855079 0.518498 -0.518498 0.855079
VERTEX_POSE A133 -0.920253 0.000000 0.660022 -0.751246 -0.751246 -0.660022
VERTEX_POSE A134 0.481875 0.000000 0.987924 0.154937 -0.154937 0.987924
VERTEX_POSE A135 -0.876240 0.000000 -0.818602 -0.574361 0.574361 -0.818602
VERTEX_POSE A136 -0.998365 0.000000 0.997750 -0.067038 0.067038 0.997750
VERTEX_POSE A137 -0.057164 0.000000 0.819308 -0.573353 -0.573353 -0.819308
VERTEX_POSE A138 -0.823112 0.000000 -0.947471 0.319840 -0.319840 -0.947471
VERTEX_POSE A139 -0.567879 0.000000 0.980798 0.195029 0.195029 -0.980798
VERTEX_POSE A140 -0.436284 0.000000 0.664708 -0.747103 0.747103 0.664708
VERTEX_POSE A141 0.899809 0.000000 0.777918 -0.628366 -0.628366 -0.777918
VERTEX_POSE A142 -0.997908 0.000000 0.773569 -0.633712 -0.633712 -0.773569
VERTEX_POSE A143 0.064654 0.000000 -0.999873 0.015967 -0.015967 -0.999873
VERTEX_POSE A144 -0.826465 0.000000 -0.946707 0.322096 0.322096 0.946707
VERTEX_POSE A145 0.562989 0.000000 -0.523145 -0.852244 0.852244 -0.523145
VERTEX_POSE A146 -0.159171 0.000000 0.973482 0.228764 -0.228764 0.973482
VERTEX_POSE A147 0.987251 0.000000 0.174691 0.984623 -0.984623 0.174691
VERTEX_POSE A148 -0.460950 0.000000 -0.436595 -0.899658 0.899658 -0.436595
VERTEX_POSE A149 0.887426 0.000000 0.853632 0.520877 0.520877 -0.853632
VERTEX_POSE A150 0.267620 0.000000 0.328250 0.944591 -0.944591 0.328250
VERTEX_POSE A151 0.963525 0.000000 0.722112 -0.691776 -0.691776 -0.722112
VERTEX_POSE A152 -0.987353 0.000000 -0.540632 0.841259 0.841259 0.540632
VERTEX_POSE A153 0.158540 0.000000 -0.996180 -0.087321 -0.087321 0.996180
VERTEX_POSE A154 -0.922706 0.000000 -0.976219 0.216787 -0.216787 -0.976219
VERTEX_POSE A155 -0.385504 0.000000 0.377716 -0.925922 -0.925922 -0.377716
VERTEX_POSE A156 -0.375778 0.000000 -0.975188 0.221377 -0.221377 -0.975188
VERTEX_POSE A157 0.926710 0.000000 -0.188792 -0.982017 -0.982017 0.188792
VERTEX_POSE A158 0.994749 0.000000 -0.551021 -0.834491 -0.834491 0.551021
VERTEX_POSE A159 0.102341 0.000000 -0.531195 -0.847249 0.847249 -0.531195
VERTEX_POSE A160 -0.598457 0.000000 0.074597 -0.997214 -0.997214 -0.074597
VERTEX_POSE A161 0.801155 0.000000 0.925624 -0.378445 0.378445 0.925624
VERTEX_POSE A162 -0.652886 0.000000 0.474710 0.880142 -0.880142 0.474710
VERTEX_POSE A163 0.757456 0.000000 -0.958099 -0.286437 0.286437 -0.958099
VERTEX_POSE A164 0.688981 0.000000 0.778448 0.627709 0.627709 -0.778448
VERTEX_POSE A165 0.724779 0.000000 0.954977 -0.296679 0.296679 0.954977
VERTEX_POSE A166 0.838118 0.000000 0.794837 0.606823 -0.606823 0.794837
VERTEX_POSE A167 -0.545489 0.000000 0.503878 0.863775 -0.863775 0.503878
VERTEX_POSE A168 -0.536185 0.000000 -0.231516 0.972831 0.972831 0.231516
VERTEX_POSE A169 0.844100 0.000000 -0.893610 -0.448844 0.448844 -0.893610
VERTEX_POSE A170 -0.093275 0.000000 0.936140 -0.351626 0.351626 0.936140
VERTEX_POSE A171 0.995640 0.000000 -0.068257 -0.997668 0.997668 -0.068257
VERTEX_POSE A172 0.990145 0.000000 -0.802063 -0.597240 -0.597240 0.802063
VERTEX_POSE A173 -0.140044 0.000000 -0.430637 -0.902525 -0.902525 0.430637
VERTEX_POSE A174 -0.453055 0.000000 -0.912103 0.409961 0.409961 0.912103
VERTEX_POSE A175 0.891483 0.000000 -0.379357 0.925250 0.925250 0.379357
VERTEX_POSE A176 -0.603624 0.000000 0.728643 -0.684894 -0.684894 -0.728643
VERTEX_POSE A177 -0.797269 0.000000 -0.887878 -0.460080 -0.460080 0.887878
VERTEX_POSE A178 0.673753 0.000000 0.816252 -0.577696 0.577696 0.816252
VERTEX_POSE A179 0.738957 0.000000 0.736437 0.676506 0.676506 -0.736437
VERTEX_POSE A180 0.808120 0.000000 -0.425836 0.904800 0.904800 0.425836
VERTEX_POSE A181 -0.589017 0.000000 -0.987255 0.159146 -0.159146 -0.987255
VERTEX_POSE A182 0.742845 0.000000 -0.104833 0.994490 -0.994490 -0.104833
VERTEX_POSE A183 0.669463 0.000000 0.608316 0.793695 -0.793695 0.608316
VERTEX_POSE A184 -0.780862 0.000000 -0.095722 -0.995408 -0.995408 0.095722
VERTEX_POSE A185 0.624703 0.000000 -0.927544 -0.373714 -0.373714 0.927544
VERTEX_POSE A186 0.677717 0.000000 -0.707851 0.706361 0.706361 0.707851
VERTEX_POSE A187 0.735322 0.000000 0.939619 0.342222 -0.342222 0.939619
VERTEX_POSE A188 0.830243 0.000000 -0.158897 0.987295 0.987295 0.158897
VERTEX_POSE A189 0.557401 0.000000 0.808623 -0.588328 -0.588328 -0.808623
VERTEX_POSE A190 -0.691724 0.000000 0.692801 -0.721129 -0.721129 -0.692801
VERTEX_POSE A191 0.722162 0.000000 -0.847357 -0.531024 0.531024 -0.847357
VERTEX_POSE A192 -0.417262 0.000000 0.098484 -0.995139 -0.995139 -0.098484
VERTEX_POSE A193 0.908786 0.000000 -0.237775 -0.971320 0.971320 -0.237775
VERTEX_POSE A194 -0.643429 0.000000 0.125226 -0.992128 0.992128 0.125226
VERTEX_POSE A195 -0.765506 0.000000 0.879724 -0.475485 0.475485 0.879724
VERTEX_POSE A196 0.009682 0.000000 0.261997 -0.965069 -0.965069 -0.261997
VERTEX_POSE A197 -0.999953 0.000000 -0.348715 0.937229 0.937229 0.348715
VERTEX_POSE A198 -0.261105 0.000000 0.760240 0.649642 -0.649642 0.760240
VERTEX_POSE A199 0.965310 0.000000 -0.066833 0.997764 -0.997764 -0.066833
VERTEX_POSE A200 -0.998469 0.000000 0.682182 0.731183 0.731183 -0.682182
VERTEX_POSE A201 0.055319 0.000000 -0.360771 -0.932654 -0.932654 0.360771
VERTEX_POSE A202 0.391964 0.000000 0.316411 -0.948622 -0.948622 -0.316411
VERTEX_POSE A203 0.919980 0.000000 0.862806 0.505536 0.505536 -0.862806
VERTEX_POSE A204 -0.784022 0.000000 -0.985382 0.170358 0.170358 0.985382
VERTEX_POSE A205 -0.620733 0.000000 -0.829936 0.557859 0.557859 0.829936
VERTEX_POSE A206 0.902813 0.000000 0.213160 -0.977017 0.977017 0.213160
VERTEX_POSE A207 0.430034 0.000000 0.559967 0.828515 -0.828515 0.559967
VERTEX_POSE A208 -0.230118 0.000000 -0.934272 -0.356561 0.356561 -0.934272
VERTEX_POSE A209 0.973163 0.000000 0.739650 0.672992 0.672992 -0.739650
VERTEX_POSE A210 -0.078880 0.000000 0.221521 0.975156 0.975156 -0.221521
VERTEX_POSE A211 -0.996884 0.000000 -0.992070 -0.125690 0.125690 -0.992070
VERTEX_POSE A212 0.705254 0.000000 0.995854 0.090967 0.090967 -0.995854
VERTEX_POSE A213 -0.708954 0.000000 -0.954409 0.298501 0.298501 0.954409
VERTEX_POSE A214 -0.813455 0.000000 -0.944073 -0.329737 -0.329737 0.944073
VERTEX_POSE A215 -0.581627 0.000000 0.562547 0.826766 -0.826766 0.562547
VERTEX_POSE A216 0.426789 0.000000 0.241120 0.970495 -0.970495 0.241120
VERTEX_POSE A217 -0.904351 0.000000 -0.860719 -0.509080 0.509080 -0.860719
VERTEX_POSE A218 0.936620 0.000000 0.781673 0.623688 -0.623688 0.781673
VERTEX_POSE A219 -0.350347 0.000000 0.861377 0.507966 0.507966 -0.861377
VERTEX_POSE A220 -0.346367 0.000000 -0.750276 -0.661125 0.661125 -0.750276
VERTEX_POSE A221 0.938099 0.000000 0.313795 0.949491 0.949491 -0.313795
VERTEX_POSE A222 -0.621118 0.000000 -0.587486 -0.809235 0.809235 -0.587486
VERTEX_POSE A223 -0.783717 0.000000 -0.629937 0.776646 0.776646 0.629937
VERTEX_POSE A224 0.819697 0.000000 0.690631 -0.723208 -0.723208 -0.690631
VERTEX_POSE A225 0.572798 0.000000 0.586925 -0.809641 -0.809641 -0.586925
VERTEX_POSE A226 0.610922 0.000000 -0.996665 0.081601 0.081601 0.996665
VERTEX_POSE A227 -0.791691 0.000000 0.022068 -0.999756 -0.999756 -0.022068
VERTEX_POSE A228 0.298273 0.000000 0.370217 0.928945 0.928945 -0.370217
VERTEX_POSE A229 -0.954481 0.000000 0.937797 0.347183 -0.347183 0.937797
VERTEX_POSE A230 0.940515 0.000000 -0.853296 -0.521427 -0.521427 0.853296
VERTEX_POSE A231 0.339752 0.000000 0.605543 0.795813 0.795813 -0.605543
VERTEX_POSE A232 0.997743 0.000000 -0.964399 0.264453 -0.264453 -0.964399
VERTEX_POSE A233 0.067147 0.000000 -0.181422 0.983405 0.983405 0.181422
VERTEX_POSE A234 0.902400 0.000000 0.028831 0.999584 -0.999584 0.028831
VERTEX_POSE A235 -0.430899 0.000000 0.191128 0.981565 0.981565 -0.191128
VERTEX_POSE A236 0.786348 0.000000 0.997249 -0.074131 0.074131 0.997249
VERTEX_POSE A237 -0.617783 0.000000 -0.174212 -0.984708 -0.984708 0.174212
VERTEX_POSE A238 0.945643 0.000000 -0.080983 0.996715 0.996715 0.080983
VERTEX_POSE A239 0.325207 0.000000 -0.959280 0.282458 -0.282458 -0.959280
VERTEX_POSE A240 0.996841 0.000000 -0.365746 -0.930715 -0.930715 0.365746
VERTEX_POSE A241 -0.079421 0.000000 0.196485 -0.980507 -0.980507 -0.196485
VERTEX_POSE A242 -0.859988 0.000000 0.971856 0.235577 0.235577 -0.971856
VERTEX_POSE A243 0.510314 0.000000 -0.640821 -0.767690 -0.767690 0.640821
VERTEX_POSE A244 0.759686 0.000000 0.546419 -0.837512 0.837512 0.546419
VERTEX_POSE A245 -0.650290 0.000000 -0.819217 0.573484 0.573484 0.819217
VERTEX_POSE A246 -0.969518 0.000000 -0.430150 0.902758 -0.902758 -0.430150
VERTEX_POSE A247 0.245020 0.000000 0.904107 -0.427306 -0.427306 -0.904107
VERTEX_POSE A248 -0.495131 0.000000 0.962370 -0.271741 -0.271741 -0.962370
VERTEX_POSE A249 0.868818 0.000000 -0.031257 -0.999511 0.999511 -0.031257
VERTEX_POSE A250 -0.394782 0.000000 0.960237 -0.279187 0.279187 0.960237
VERTEX_POSE A251 0.918775 0.000000 -0.815475 0.578792 -0.578792 -0.815475
VERTEX_POSE A252 0.694750 0.000000 0.997896 -0.064828 0.064828 0.997896
VERTEX_POSE A253 -0.719251 0.000000 -0.754174 0.656674 0.656674 0.754174
VERTEX_POSE A254 -0.861511 0.000000 -0.721760 -0.692143 -0.692143 0.721760
VERTEX_POSE A255 -0.507739 0.000000 -0.951090 0.308915 -0.308915 -0.951090
VERTEX_POSE A256 0.999649 0.000000 0.241080 0.970505 -0.970505 0.241080
VERTEX_POSE A257 0.026479 0.000000 0.830178 -0.557499 -0.557499 -0.830178
VERTEX_POSE A258 -0.925784 0.000000 -0.901530 -0.432716 0.432716 -0.901530
VERTEX_POSE A259 -0.378053 0.000000 0.657067 0.753832 0.753832 -0.657067
VERTEX_POSE A260 0.244782 0.000000 -0.195738 -0.980656 0.980656 -0.195738
VERTEX_POSE A261 0.969578 0.000000 0.999256 0.038556 0.038556 -0.999256
VERTEX_POSE A262 -0.975785 0.000000 0.672659 -0.739953 0.739953 0.672659
VERTEX_POSE A263 -0.218732 0.000000 -0.469706 0.882823 -0.882823 -0.469706
VERTEX_POSE A264 -0.518498 0.000000 0.923581 0.383403 0.383403 -0.923581
VERTEX_POSE A265 0.855079 0.000000 0.917293 -0.398213 0.398213 0.917293
VERTEX_POSE A266 -0.751246 0.000000 0.304345 -0.952562 0.952562 0.304345
VERTEX_POSE A267 -0.660022 0.000000 -0.258165 0.966101 -0.966101 -0.258165
VERTEX_POSE A268 -0.154937 0.000000 -0.248049 0.968748 0.968748 0.248049
VERTEX_POSE A269 0.987924 0.000000 -0.383794 -0.923419 0.923419 -0.383794
VERTEX_POSE A270 0.574361 0.000000 0.985707 0.168470 0.168470 -0.985707
VERTEX_POSE A271 -0.818602 0.000000 0.866513 -0.499155 0.499155 0.866513
VERTEX_POSE A272 0.067038 1.000000 -0.678434 0.734661 0.734661 0.678434
VERTEX_POSE A273 0.997750 0.000000 0.545117 -0.838360 -0.838360 -0.545117
VERTEX_POSE A274 -0.573353 0.000000 0.785224 0.619212 0.619212 -0.785224
VERTEX_POSE A275 -0.819308 0.000000 -0.952646 0.304081 0.304081 0.952646
VERTEX_POSE A276 -0.319840 1.000000 0.887538 -0.460735 0.460735 0.887538
VERTEX_POSE A277 -0.947471 0.000000 -0.154172 0.988044 0.988044 0.154172
VERTEX_POSE A278 0.195029 0.000000 -0.995051 -0.099361 -0.099361 0.995051
VERTEX_POSE A279 -0.980798 0.000000 -0.529236 0.848474 0.848474 0.529236
VERTEX_POSE A280 0.747103 0.000000 -0.704914 0.709293 0.709293 0.704914
VERTEX_POSE A281 0.664708 0.000000 0.244715 -0.969595 0.969595 0.244715
VERTEX_POSE A282 -0.628366 7.466227 0.544529 0.838742 0.838742 -0.544529
VERTEX_POSE A283 -0.777918 0.000000 0.978326 0.207070 -0.207070 0.978326
VERTEX_POSE A284 -0.633712 0.000000 0.705529 -0.708681 0.708681 0.705529
VERTEX_POSE A285 -0.773569 0.000000 -0.135913 -0.990721 -0.990721 0.135913
VERTEX_POSE A286 -0.015967 0.000000 0.957688 -0.287808 0.287808 0.957688
VERTEX_POSE A287 -0.999873 0.000000 0.697170 -0.716906 -0.716906 -0.697170
VERTEX_POSE A288 0.322096 1.000000 0.789339 0.613957 0.613957 -0.789339
VERTEX_POSE A289 0.946707 0.000000 -0.503646 0.863910 0.863910 0.503646
VERTEX_POSE A290 0.852244 0.000000 -0.615057 0.788482 -0.788482 -0.615057
VERTEX_POSE A291 -0.523145 0.000000 -0.882368 -0.470559 -0.470559 0.882368
VERTEX_POSE A292 -0.228764 1.000000 0.855127 -0.518418 -0.518418 -0.855127
VERTEX_POSE A293 0.973482 0.000000 -0.720973 -0.692963 -0.692963 0.720973
VERTEX_POSE A294 -0.984623 0.000000 0.879775 -0.475390 0.475390 0.879775
VERTEX_POSE A295 0.174691 0.000000 -0.750515 0.660853 0.660853 0.750515
VERTEX_POSE A296 0.899658 0.000000 -0.968277 0.249880 0.249880 0.968277
VERTEX_POSE A297 -0.436595 0.000000 -0.688257 0.725467 0.725467 0.688257
VERTEX_POSE A298 0.520877 0.000000 0.261539 -0.965193 0.965193 0.261539
VERTEX_POSE A299 -0.853632 0.000000 -0.588476 -0.808515 -0.808515 0.588476
VERTEX_POSE A300 -0.944591 0.000000 -0.415124 -0.909765 0.909765 -0.415124
VERTEX_POSE A301 0.328250 0.000000 0.284582 -0.958652 0.958652 0.284582
VERTEX_POSE A302 -0.691776 0.000000 0.444703 -0.895678 -0.895678 -0.444703
VERTEX_POSE A303 -0.722112 0.000000 -0.588659 -0.808382 0.808382 -0.588659
VERTEX_POSE A304 0.841259 -1.251773 0.136675 0.990616 0.990616 -0.136675
VERTEX_POSE A305 0.540632 0.000000 0.968766 0.247976 -0.247976 0.968766
VERTEX_POSE A306 -0.087321 0.000000 0.511641 0.859200 0.859200 -0.511641
VERTEX_POSE A307 0.996180 0.000000 -0.709059 -0.705149 0.705149 -0.709059
VERTEX_POSE A308 -0.216787 0.000000 -0.997665 0.068292 -0.068292 -0.997665
VERTEX_POSE A309 -0.976219 0.000000 -0.464360 0.885647 -0.885647 -0.464360
VERTEX_POSE A310 -0.925922 0.000000 0.938246 -0.345969 0.345969 0.938246
VERTEX_POSE A311 -0.377716 0.000000 0.316740 -0.948512 -0.948512 -0.316740
VERTEX_POSE A312 -0.221377 1.000000 -0.734982 0.678087 0.678087 0.734982
VERTEX_POSE A313 -0.975188 0.000000 0.711889 0.702292 0.702292 -0.711889
VERTEX_POSE A314 -0.982017 0.000000 0.322596 0.946537 -0.946537 0.322596
VERTEX_POSE A315 0.188792 0.000000 0.816901 -0.576778 0.576778 0.816901
VERTEX_POSE A316 -0.834491 1.000000 0.036617 -0.999329 0.999329 0.036617
VERTEX_POSE A317 0.551021 0.000000 0.596053 0.802945 0.802945 -0.596053
VERTEX_POSE A318 0.847249 0.000000 -0.536078 0.844168 0.844168 0.536078
VERTEX_POSE A319 -0.531195 0.000000 0.510911 0.859634 -0.859634 0.510911
VERTEX_POSE A320 -0.997214 1.000000 0.999314 -0.037042 -0.037042 -0.999314
VERTEX_POSE A321 -0.074597 0.000000 0.829142 -0.559038 -0.559038 -0.829142
VERTEX_POSE A322 0.378445 0.000000 -0.307396 0.951582 -0.951582 -0.307396
VERTEX_POSE A323 0.925624 0.000000 0.880515 0.474018 0.474018 -0.880515
VERTEX_POSE A324 -0.880142 0.000000 -0.645299 -0.763930 -0.763930 0.645299
VERTEX_POSE A325 0.474710 0.000000 -0.841866 -0.539687 0.539687 -0.841866
VERTEX_POSE A326 0.286437 8.077919 0.434550 -0.900648 0.900648 0.434550
VERTEX_POSE A327 -0.958099 0.000000 -0.823004 0.568036 -0.568036 -0.823004
VERTEX_POSE A328 0.627709 0.000000 0.511825 -0.859090 -0.859090 -0.511825
VERTEX_POSE A329 -0.778448 0.000000 0.412120 0.911129 0.911129 -0.412120
VERTEX_POSE A330 0.296679 0.000000 -0.811143 -0.584847 0.584847 -0.811143
VERTEX_POSE A331 0.954977 0.000000 -0.927702 -0.373322 -0.373322 0.927702
VERTEX_POSE A332 -0.606823 1.000000 0.553200 0.833049 0.833049 -0.553200
VERTEX_POSE A333 0.794837 0.000000 -0.731646 0.681685 0.681685 0.731646
VERTEX_POSE A334 -0.863775 0.000000 -0.603438 -0.797410 0.797410 -0.603438
VERTEX_POSE A335 0.503878 0.000000 -0.595118 -0.803638 -0.803638 0.595118
VERTEX_POSE A336 0.972831 1.000000 0.612819 -0.790223 -0.790223 -0.612819
VERTEX_POSE A337 0.231516 0.000000 0.667250 -0.744834 -0.744834 -0.667250
VERTEX_POSE A338 0.448844 0.000000 0.069744 -0.997565 0.997565 0.069744
VERTEX_POSE A339 -0.893610 0.000000 -0.996925 0.078362 0.078362 0.996925
VERTEX_POSE A340 0.351626 1.000000 -0.970600 -0.240698 0.240698 -0.970600
VERTEX_POSE A341 0.936140 0.000000 0.439361 -0.898311 -0.898311 -0.439361
VERTEX_POSE A342 0.997668 0.000000 -0.300755 0.953701 0.953701 0.300755
VERTEX_POSE A343 -0.068257 0.000000 -0.928962 -0.370174 -0.370174 0.928962
VERTEX_POSE A344 -0.597240 0.000000 0.833926 0.551876 -0.551876 0.833926
VERTEX_POSE A345 0.802063 0.000000 -0.767844 -0.640637 -0.640637 0.767844
VERTEX_POSE A346 -0.902525 0.000000 0.516341 -0.856383 -0.856383 -0.516341
VERTEX_POSE A347 0.430637 0.000000 0.962277 -0.272072 -0.272072 -0.962277
VERTEX_POSE A348 0.409961 -1.440297 0.824034 0.566540 0.566540 -0.824034
VERTEX_POSE A349 0.912103 0.000000 -0.924271 -0.381736 0.381736 -0.924271
VERTEX_POSE A350 0.925250 0.000000 -0.986185 -0.165649 -0.165649 0.986185
VERTEX_POSE A351 0.379357 0.000000 0.602411 -0.798186 -0.798186 -0.602411
VERTEX_POSE A352 -0.684894 0.000000 0.984547 -0.175120 -0.175120 -0.984547
VERTEX_POSE A353 -0.728643 0.000000 -0.440563 -0.897722 0.897722 -0.440563
VERTEX_POSE A354 -0.460080 0.000000 -0.372509 0.928029 -0.928029 -0.372509
VERTEX_POSE A355 0.887878 0.000000 0.394018 0.919103 -0.919103 0.394018
VERTEX_POSE A356 0.577696 1.000000 -0.999946 -0.010348 0.010348 -0.999946
VERTEX_POSE A357 0.816252 0.000000 -0.943315 0.331899 0.331899 0.943315
VERTEX_POSE A358 0.676506 0.000000 -0.699745 -0.714393 0.714393 -0.699745
VERTEX_POSE A359 -0.736437 0.000000 0.588256 -0.808675 0.808675 0.588256
VERTEX_POSE A360 0.904800 1.000000 0.678611 0.734498 -0.734498 0.678611
VERTEX_POSE A361 0.425836 0.000000 -0.989561 0.144114 -0.144114 -0.989561
VERTEX_POSE A362 -0.159146 0.000000 -0.881632 0.471937 0.471937 0.881632
VERTEX_POSE A363 -0.987255 0.000000 -0.947418 -0.319998 0.319998 -0.947418
VERTEX_POSE A364 -0.994490 1.000000 0.623503 -0.781821 -0.781821 -0.623503
VERTEX_POSE A365 -0.104833 0.000000 0.521356 0.853339 0.853339 -0.521356
VERTEX_POSE A366 -0.793695 0.000000 0.810918 0.585160 -0.585160 0.810918
VERTEX_POSE A367 0.608316 0.000000 0.962343 -0.271838 0.271838 0.962343
VERTEX_POSE A368 -0.995408 0.000000 0.943578 -0.331150 -0.331150 -0.943578
VERTEX_POSE A369 0.095722 0.000000 0.623003 0.782220 0.782220 -0.623003
VERTEX_POSE A370 -0.373714 7.097386 -0.994205 0.107501 0.107501 0.994205
VERTEX_POSE A371 0.927544 0.000000 -0.477034 -0.878885 -0.878885 0.477034
VERTEX_POSE A372 0.706361 0.000000 0.891599 -0.452827 -0.452827 -0.891599
VERTEX_POSE A373 0.707851 0.000000 -0.131495 0.991317 0.991317 0.131495
VERTEX_POSE A374 -0.342222 0.000000 0.247802 -0.968811 -0.968811 -0.247802
VERTEX_POSE A375 0.939619 0.000000 0.879718 -0.475496 -0.475496 -0.879718
VERTEX_POSE A376 0.987295 1.000000 -0.929903 -0.367805 -0.367805 0.929903
VERTEX_POSE A377 0.158897 0.000000 0.998615 0.052621 0.052621 -0.998615
VERTEX_POSE A378 -0.588328 0.000000 -0.999385 -0.035058 0.035058 -0.999385
VERTEX_POSE A379 -0.808623 0.000000 -0.780585 0.625050 -0.625050 -0.780585
VERTEX_POSE A380 -0.721129 1.000000 -0.997588 -0.069406 0.069406 -0.997588
VERTEX_POSE A381 -0.692801 0.000000 0.526015 0.850475 0.850475 -0.526015
VERTEX_POSE A382 0.531024 0.000000 0.697365 0.716716 0.716716 -0.697365
VERTEX_POSE A383 -0.847357 0.000000 -0.541938 0.840418 -0.840418 -0.541938
VERTEX_POSE A384 -0.995139 1.000000 -0.999995 -0.003159 -0.003159 0.999995
VERTEX_POSE A385 -0.098484 0.000000 -0.647466 -0.762094 0.762094 -0.647466
VERTEX_POSE A386 0.971320 0.000000 -0.035219 0.999380 0.999380 0.035219
VERTEX_POSE A387 -0.237775 0.000000 -0.812983 -0.582287 -0.582287 0.812983
VERTEX_POSE A388 0.992128 0.000000 -0.561788 -0.827282 0.827282 -0.561788
VERTEX_POSE A389 0.125226 0.000000 -0.817397 -0.576075 0.576075 -0.817397
VERTEX_POSE A390 0.475485 0.000000 -0.728577 -0.684964 0.684964 -0.728577
VERTEX_POSE A391 0.879724 0.000000 -0.868393 0.495877 -0.495877 -0.868393
VERTEX_POSE A392 -0.965069 0.734485 0.324099 -0.946023 -0.946023 -0.324099
VERTEX_POSE A393 -0.261997 0.000000 -0.995757 0.092023 -0.092023 -0.995757
VERTEX_POSE A394 0.937229 0.000000 -0.860170 -0.510008 -0.510008 0.860170
VERTEX_POSE A395 0.348715 0.000000 -0.423680 -0.905812 -0.905812 0.423680
VERTEX_POSE A396 -0.649642 0.000000 -0.073909 0.997265 0.997265 0.073909
VERTEX_POSE A397 0.760240 0.000000 -0.731115 -0.682255 0.682255 -0.731115
VERTEX_POSE A398 -0.997764 0.000000 -0.751851 -0.659333 -0.659333 0.751851
VERTEX_POSE A399 -0.066833 0.000000 -0.999894 0.014548 0.014548 0.999894
VERTEX_POSE A400 0.731183 1.000000 0.925102 0.379718 0.379718 -0.925102
VERTEX_POSE A401 -0.682182 0.000000 0.202266 -0.979331 -0.979331 -0.202266
VERTEX_POSE A402 -0.932654 0.000000 -0.115942 -0.993256 0.993256 -0.115942
VERTEX_POSE A403 0.360771 0.000000 0.693111 0.720831 -0.720831 0.693111
VERTEX_POSE A404 -0.948622 1.000000 -0.920105 -0.391672 -0.391672 0.920105
VERTEX_POSE A405 -0.316411 0.000000 0.892205 0.451631 0.451631 -0.892205
VERTEX_POSE A406 0.505536 0.000000 -0.912946 0.408080 -0.408080 -0.912946
VERTEX_POSE A407 -0.862806 0.000000 -0.913237 0.407429 -0.407429 -0.913237
VERTEX_POSE A408 0.170358 1.000000 -0.372458 -0.928049 -0.928049 0.372458
VERTEX_POSE A409 0.985382 0.000000 -0.672137 0.740427 -0.740427 -0.672137
VERTEX_POSE A410 0.557859 0.000000 0.804246 -0.594296 -0.594296 -0.804246
VERTEX_POSE A411 0.829936 0.000000 0.890051 0.455860 0.455860 -0.890051
VERTEX_POSE A412 0.977017 0.000000 0.204530 0.978860 0.978860 -0.204530
VERTEX_POSE A413 0.213160 0.000000 -0.875016 -0.484095 0.484095 -0.875016
VERTEX_POSE A414 -0.828515 7.707121 0.338812 -0.940854 -0.940854 -0.338812
VERTEX_POSE A415 0.559967 0.000000 -0.522527 -0.852623 0.852623 -0.522527
VERTEX_POSE A416 0.356561 0.000000 0.816206 -0.577761 -0.577761 -0.816206
VERTEX_POSE A417 -0.934272 0.000000 0.021442 -0.999770 0.999770 0.021442
VERTEX_POSE A418 0.672992 0.000000 -0.961958 -0.273196 0.273196 -0.961958
VERTEX_POSE A419 -0.739650 0.000000 0.800716 -0.599044 -0.599044 -0.800716
VERTEX_POSE A420 0.975156 1.000000 0.261101 0.965312 -0.965312 0.261101
VERTEX_POSE A421 -0.221521 0.000000 0.999881 -0.015437 -0.015437 -0.999881
VERTEX_POSE A422 0.125690 0.000000 -0.665654 -0.746261 -0.746261 0.665654
VERTEX_POSE A423 -0.992070 0.000000 -0.654902 0.755714 -0.755714 -0.654902
VERTEX_POSE A424 0.090967 1.000000 0.831162 -0.556030 -0.556030 -0.831162
VERTEX_POSE A425 -0.995854 0.000000 -0.702788 0.711399 0.711399 0.702788
VERTEX_POSE A426 0.298501 0.000000 -0.965283 -0.261208 -0.261208 0.965283
VERTEX_POSE A427 0.954409 0.000000 -0.314607 -0.949222 0.949222 -0.314607
VERTEX_POSE A428 -0.329737 1.000000 -0.264389 -0.964416 -0.964416 0.264389
VERTEX_POSE A429 0.944073 0.000000 -0.745542 0.666459 0.666459 0.745542
VERTEX_POSE A430 -0.826766 0.000000 0.244802 0.969573 0.969573 -0.244802
VERTEX_POSE A431 0.562547 0.000000 -0.620562 -0.784158 0.784158 -0.620562
VERTEX_POSE A432 -0.970495 0.000000 0.869829 -0.493353 -0.493353 -0.869829
VERTEX_POSE A433 0.241120 0.000000 -0.729674 0.683795 0.683795 0.729674
VERTEX_POSE A434 0.509080 0.000000 0.815247 -0.579113 -0.579113 -0.815247
VERTEX_POSE A435 -0.860719 0.000000 -0.501839 -0.864961 -0.864961 0.501839
VERTEX_POSE A436 -0.623688 -1.682510 0.325695 0.945475 -0.945475 0.325695
VERTEX_POSE A437 0.781673 0.000000 0.879580 -0.475751 -0.475751 -0.879580
VERTEX_POSE A438 0.507966 0.000000 -0.050634 0.998717 -0.998717 -0.050634
VERTEX_POSE A439 -0.861377 0.000000 0.574066 0.818809 -0.818809 0.574066
VERTEX_POSE A440 0.661125 0.000000 -0.751108 -0.660180 0.660180 -0.751108
VERTEX_POSE A441 -0.750276 0.000000 0.975457 0.220191 0.220191 -0.975457
VERTEX_POSE A442 0.949491 0.000000 0.380490 0.924785 0.924785 -0.380490
VERTEX_POSE A443 -0.313795 0.000000 0.474458 -0.880278 0.880278 0.474458
VERTEX_POSE A444 0.809235 1.000000 -0.345122 0.938558 -0.938558 -0.345122
VERTEX_POSE A445 -0.587486 0.000000 0.960446 0.278465 -0.278465 0.960446
VERTEX_POSE A446 0.776646 0.000000 0.488844 0.872371 0.872371 -0.488844
VERTEX_POSE A447 0.629937 0.000000 0.899141 -0.437659 -0.437659 -0.899141
VERTEX_POSE A448 -0.723208 1.000000 0.372693 0.927955 0.927955 -0.372693
VERTEX_POSE A449 -0.690631 0.000000 -0.717380 -0.696682 0.696682 -0.717380
VERTEX_POSE A450 -0.809641 0.000000 0.892840 -0.450375 -0.450375 -0.892840
VERTEX_POSE A451 -0.586925 0.000000 0.118474 0.992957 0.992957 -0.118474
VERTEX_POSE A452 0.081601 1.000000 -0.921113 -0.389295 0.389295 -0.921113
VERTEX_POSE A453 0.996665 0.000000 0.998294 -0.058389 0.058389 0.998294
VERTEX_POSE A454 -0.999756 0.000000 -0.690400 0.723428 0.723428 0.690400
VERTEX_POSE A455 -0.022068 0.000000 -0.863677 -0.504046 -0.504046 0.863677
VERTEX_POSE A456 0.928945 0.000000 0.758604 -0.651552 0.651552 0.758604
VERTEX_POSE A457 -0.370217 0.000000 0.997570 -0.069665 -0.069665 -0.997570
VERTEX_POSE A458 -0.347183 7.105243 0.981454 -0.191698 -0.191698 -0.981454
VERTEX_POSE A459 0.937797 0.000000 0.404631 -0.914480 -0.914480 -0.404631
VERTEX_POSE A460 -0.521427 0.000000 -0.230753 0.973012 0.973012 0.230753
VERTEX_POSE A461 0.853296 0.000000 0.554982 -0.831863 -0.831863 -0.554982
VERTEX_POSE A462 0.795813 0.000000 0.058819 0.998269 0.998269 -0.058819
VERTEX_POSE A463 -0.605543 0.000000 -0.212096 -0.977249 0.977249 -0.212096
VERTEX_POSE A464 -0.264453 1.000000 0.175756 0.984434 0.984434 -0.175756
VERTEX_POSE A465 -0.964399 0.000000 -0.917694 -0.397287 0.397287 -0.917694
VERTEX_POSE A466 0.983405 0.000000 0.683287 0.730150 0.730150 -0.683287
VERTEX_POSE A467 0.181422 0.000000 -0.834269 0.551358 0.551358 0.834269
VERTEX_POSE A468 -0.999584 1.000000 -0.904515 -0.426442 0.426442 -0.904515
VERTEX_POSE A469 0.028831 0.000000 -0.403842 -0.914829 0.914829 -0.403842
VERTEX_POSE A470 0.981565 0.000000 0.914717 0.404096 0.404096 -0.914717
VERTEX_POSE A471 -0.191128 0.000000 -0.026750 0.999642 -0.999642 -0.026750
VERTEX_POSE A472 0.074131 1.000000 0.650115 -0.759836 0.759836 0.650115
VERTEX_POSE A473 0.997249 0.000000 0.022049 0.999757 0.999757 -0.022049
VERTEX_POSE A474 -0.984708 0.000000 0.692825 0.721106 -0.721106 0.692825
VERTEX_POSE A475 0.174212 0.000000 0.902177 -0.431366 0.431366 0.902177
VERTEX_POSE A476 0.996715 0.000000 0.871580 0.490254 -0.490254 0.871580
VERTEX_POSE A477 0.080983 0.000000 -0.901449 -0.432884 0.432884 -0.901449
VERTEX_POSE A478 -0.282458 0.000000 -0.833006 0.553264 0.553264 0.833006
VERTEX_POSE A479 -0.959280 0.000000 -0.380338 -0.924847 0.924847 -0.380338
VERTEX_POSE A480 -0.930715 -1.860639 -0.710983 0.703210 -0.703210 -0.710983
VERTEX_POSE A481 0.365746 0.000000 -0.615321 -0.788277 0.788277 -0.615321
VERTEX_POSE A482 -0.980507 0.000000 0.540554 0.841309 0.841309 -0.540554
VERTEX_POSE A483 -0.196485 0.000000 0.635002 0.772510 0.772510 -0.635002
VERTEX_POSE A484 0.235577 0.000000 -0.676993 -0.735989 -0.735989 0.676993
VERTEX_POSE A485 -0.971856 0.000000 -0.159608 0.987180 0.987180 0.159608
VERTEX_POSE A486 -0.767690 0.000000 0.389187 -0.921159 0.921159 0.389187
VERTEX_POSE A487 0.640821 0.000000 0.962532 -0.271170 0.271170 0.962532
VERTEX_POSE A488 0.837512 1.000000 -0.112437 0.993659 -0.993659 -0.112437
VERTEX_POSE A489 0.546419 0.000000 -0.771288 -0.636486 0.636486 -0.771288
VERTEX_POSE A490 0.573484 0.000000 0.558057 0.829803 -0.829803 0.558057
VERTEX_POSE A491 0.819217 0.000000 0.972630 0.232358 -0.232358 0.972630
VERTEX_POSE A492 -0.902758 1.000000 0.812875 -0.582438 0.582438 0.812875
VERTEX_POSE A493 -0.430150 0.000000 -0.205709 -0.978613 0.978613 -0.205709
VERTEX_POSE A494 -0.427306 0.000000 0.632877 -0.774252 0.774252 0.632877
VERTEX_POSE A495 -0.904107 0.000000 -0.932845 -0.360279 0.360279 -0.932845
VERTEX_POSE A496 -0.271741 1.000000 0.977999 -0.208609 -0.208609 -0.977999
VERTEX_POSE A497 -0.962370 0.000000 -0.893125 -0.449809 -0.449809 0.893125
VERTEX_POSE A498 0.999511 0.000000 0.591044 -0.806640 -0.806640 -0.591044
VERTEX_POSE A499 -0.031257 0.000000 -0.603606 0.797283 -0.797283 -0.603606
VERTEX_POSE A500 0.279187 0.000000 0.293188 0.956055 0.956055 -0.293188
VERTEX_POSE A501 0.960237 0.000000 -0.125259 -0.992124 -0.992124 0.125259
VERTEX_POSE A502 -0.578792 7.181165 -0.899842 -0.436216 -0.436216 0.899842
VERTEX_POSE A503 -0.815475 0.000000 0.390244 0.920712 -0.920712 0.390244
VERTEX_POSE A504 0.064828 0.000000 -0.881659 0.471888 -0.471888 -0.881659
VERTEX_POSE A505 0.997896 0.000000 -0.312672 0.949861 -0.949861 -0.312672
VERTEX_POSE A506 0.656674 0.000000 0.189892 -0.981805 0.981805 0.189892
VERTEX_POSE A507 0.754174 0.000000 -0.195410 -0.980722 0.980722 -0.195410
VERTEX_POSE A508 -0.692143 1.000000 -0.904789 -0.425860 -0.425860 0.904789
VERTEX_POSE A509 0.721760 0.000000 -0.976912 -0.213644 0.213644 -0.976912
VERTEX_POSE A510 -0.308915 0.000000 -0.990971 0.134073 0.134073 0.990971
VERTEX_POSE A511 -0.951090 0.000000 0.375469 -0.926835 0.926835 0.375469
VERTEX_POSE A512 -0.970505 1.000000 -0.524603 0.851347 0.851347 0.524603
VERTEX_POSE A513 0.241080 0.000000 0.602426 -0.798175 -0.798175 -0.602426
VERTEX_POSE A514 -0.557499 0.000000 -0.494172 0.869364 -0.869364 -0.494172
VERTEX_POSE A515 -0.830178 0.000000 0.882540 0.470237 0.470237 -0.882540
VERTEX_POSE A516 0.432716 1.000000 0.994388 -0.105798 -0.105798 -0.994388
VERTEX_POSE A517 -0.901530 0.000000 0.591565 0.806257 0.806257 -0.591565
VERTEX_POSE A518 0.753832 0.000000 -0.348225 -0.937411 0.937411 -0.348225
VERTEX_POSE A519 -0.657067 0.000000 0.830642 0.556807 0.556807 -0.830642
VERTEX_POSE A520 0.980656 0.000000 0.880406 -0.474221 -0.474221 -0.880406
VERTEX_POSE A521 -0.195738 0.000000 0.815132 -0.579275 -0.579275 -0.815132
VERTEX_POSE A522 0.038556 0.000000 -0.012153 -0.999926 0.999926 -0.012153
VERTEX_POSE A523 -0.999256 0.000000 -0.607302 0.794471 -0.794471 -0.607302
VERTEX_POSE A524 0.739953 -1.660772 -0.993554 -0.113359 -0.113359 0.993554
VERTEX_POSE A525 0.672659 0.000000 -0.795058 0.606533 0.606533 0.795058
VERTEX_POSE A526 -0.882823 0.000000 -0.050475 0.998725 0.998725 0.050475
VERTEX_POSE A527 -0.469706 0.000000 -0.993141 -0.116924 -0.116924 0.993141
VERTEX_POSE A528 0.383403 0.000000 0.744143 0.668020 -0.668020 0.744143
VERTEX_POSE A529 -0.923581 0.000000 0.128139 -0.991756 0.991756 0.128139
VERTEX_POSE A530 0.398213 0.000000 -0.205430 -0.978672 -0.978672 0.205430
VERTEX_POSE A531 0.917293 0.000000 0.659508 -0.751697 0.751697 0.659508
VERTEX_POSE A532 0.952562 1.000000 0.862706 -0.505706 0.505706 0.862706
VERTEX_POSE A533 0.304345 0.000000 -0.979543 0.201236 0.201236 0.979543
VERTEX_POSE A534 -0.966101 0.000000 0.425056 -0.905167 0.905167 0.425056
VERTEX_POSE A535 -0.258165 0.000000 0.974613 0.223898 0.223898 -0.974613
VERTEX_POSE A536 0.968748 1.000000 0.384227 0.923239 0.923239 -0.384227
VERTEX_POSE A537 0.248049 0.000000 0.168369 0.985724 -0.985724 0.168369
VERTEX_POSE A538 0.923419 0.000000 0.243998 0.969776 0.969776 -0.243998
VERTEX_POSE A539 -0.383794 0.000000 0.812359 -0.583158 0.583158 0.812359
VERTEX_POSE A540 0.168470 1.000000 0.264526 -0.964379 -0.964379 -0.264526
VERTEX_POSE A541 -0.985707 0.000000 0.800171 0.599772 0.599772 -0.800171
VERTEX_POSE A542 0.499155 0.000000 -0.933597 0.358325 -0.358325 -0.933597
VERTEX_POSE A543 0.866513 0.000000 0.250587 -0.968094 0.968094 0.250587
VERTEX_POSE A544 0.734661 0.000000 -0.206955 0.978350 0.978350 0.206955
VERTEX_POSE A545 0.678434 0.000000 -0.825749 -0.564038 -0.564038 0.825749
VERTEX_POSE A546 -0.838360 7.110519 -0.722887 0.690966 -0.690966 -0.722887
VERTEX_POSE A547 -0.545117 0.000000 -0.787026 -0.616920 0.616920 -0.787026
VERTEX_POSE A548 0.619212 0.000000 -0.884578 -0.466393 0.466393 -0.884578
VERTEX_POSE A549 -0.785224 0.000000 -0.165214 -0.986258 0.986258 -0.165214
VERTEX_POSE A550 0.304081 0.000000 0.342883 -0.939378 0.939378 0.342883
VERTEX_POSE A551 0.952646 0.000000 -0.406736 -0.913546 -0.913546 0.406736
VERTEX_POSE A552 0.460735 1.000000 -0.292783 -0.956179 0.956179 -0.292783
VERTEX_POSE A553 0.887538 0.000000 0.637463 0.770481 -0.770481 0.637463
VERTEX_POSE A554 0.988044 0.000000 0.973209 0.229924 0.229924 -0.973209
VERTEX_POSE A555 0.154172 0.000000 -0.998390 0.056718 0.056718 0.998390
VERTEX_POSE A556 -0.099361 1.000000 -0.729947 -0.683504 0.683504 -0.729947
VERTEX_POSE A557 0.995051 0.000000 -0.019697 -0.999806 -0.999806 0.019697
VERTEX_POSE A558 0.848474 0.000000 -0.997901 0.064761 0.064761 0.997901
VERTEX_POSE A559 0.529236 0.000000 -0.665445 0.746447 -0.746447 -0.665445
VERTEX_POSE A560 0.709293 1.000000 0.481356 -0.876525 0.876525 0.481356
VERTEX_POSE A561 0.704914 0.000000 0.105605 0.994408 -0.994408 0.105605
VERTEX_POSE A562 0.969595 0.000000 0.407264 -0.913310 0.913310 0.407264
VERTEX_POSE A563 0.244715 0.000000 -0.720963 0.692974 -0.692974 -0.720963
VERTEX_POSE A564 0.838742 0.000000 0.913551 -0.406723 -0.406723 -0.913551
VERTEX_POSE A565 -0.544529 0.000000 0.999746 0.022549 0.022549 -0.999746
VERTEX_POSE A566 -0.207070 0.000000 -0.977492 -0.210972 0.210972 -0.977492
VERTEX_POSE A567 0.978326 0.000000 -0.217718 -0.976012 0.976012 -0.217718
VERTEX_POSE A568 0.708681 -1.537971 0.960689 0.277626 0.277626 -0.960689
VERTEX_POSE A569 0.705529 0.000000 -0.800721 0.599038 -0.599038 -0.800721
VERTEX_POSE A570 -0.990721 0.000000 -0.353164 -0.935561 -0.935561 0.353164
VERTEX_POSE A571 0.135913 0.000000 -0.936542 0.350554 0.350554 0.936542
VERTEX_POSE A572 0.287808 0.000000 -0.921947 0.387315 0.387315 0.921947
VERTEX_POSE A573 0.957688 0.000000 0.674534 -0.738244 -0.738244 -0.674534
VERTEX_POSE A574 -0.716906 0.000000 -0.615882 -0.787838 0.787838 -0.615882
VERTEX_POSE A575 -0.697170 0.000000 -0.982529 0.186111 0.186111 0.982529
VERTEX_POSE A576 0.613957 1.000000 -0.060665 0.998158 0.998158 0.060665
VERTEX_POSE A577 -0.789339 0.000000 0.137033 0.990567 0.990567 -0.137033
VERTEX_POSE A578 0.863910 0.000000 -0.820719 0.571333 -0.571333 -0.820719
VERTEX_POSE A579 0.503646 0.000000 0.571920 0.820309 0.820309 -0.571920
VERTEX_POSE A580 -0.788482 1.000000 -0.260953 0.965351 -0.965351 -0.260953
VERTEX_POSE A581 -0.615057 0.000000 -0.983257 -0.182225 -0.182225 0.983257
VERTEX_POSE A582 -0.470559 0.000000 -0.921884 0.387466 -0.387466 -0.921884
VERTEX_POSE A583 0.882368 0.000000 0.133105 0.991102 -0.991102 0.133105
VERTEX_POSE A584 -0.518418 1.000000 -0.621712 0.783246 -0.783246 -0.621712
VERTEX_POSE A585 -0.855127 0.000000 0.275824 -0.961208 -0.961208 -0.275824
VERTEX_POSE A586 -0.692963 0.000000 -0.968405 -0.249383 0.249383 -0.968405
VERTEX_POSE A587 0.720973 0.000000 0.936954 0.349453 -0.349453 0.936954
VERTEX_POSE A588 0.475390 0.000000 -0.664344 0.747427 -0.747427 -0.664344
VERTEX_POSE A589 0.879775 0.000000 0.688810 -0.724942 0.724942 0.688810
VERTEX_POSE A590 0.660853 7.132335 0.311769 0.950158 0.950158 -0.311769
VERTEX_POSE A591 0.750515 0.000000 0.805964 -0.591964 0.591964 0.805964
VERTEX_POSE A592 0.249880 0.000000 0.913031 0.407890 0.407890 -0.913031
VERTEX_POSE A593 0.968277 0.000000 -0.997667 -0.068263 0.068263 -0.997667
VERTEX_POSE A594 0.725467 0.000000 -0.959887 0.280388 0.280388 0.959887
VERTEX_POSE A595 0.688257 0.000000 -0.988847 0.148932 -0.148932 -0.988847
VERTEX_POSE A596 0.965193 1.000000 0.993857 0.110672 -0.110672 0.993857
VERTEX_POSE A597 0.261539 0.000000 -0.841613 -0.540080 -0.540080 0.841613
VERTEX_POSE A598 -0.808515 0.000000 -0.142385 0.989811 -0.989811 -0.142385
VERTEX_POSE A599 0.588476 0.000000 -0.989305 0.145859 -0.145859 -0.989305
VERTEX_POSE A600 0.909765 1.000000 0.550108 0.835093 -0.835093 0.550108
VERTEX_POSE A601 -0.415124 0.000000 -0.185824 0.982583 0.982583 0.185824
VERTEX_POSE A602 0.958652 0.000000 -0.955312 -0.295601 0.295601 -0.955312
VERTEX_POSE A603 0.284582 0.000000 -0.974971 -0.222334 -0.222334 0.974971
VERTEX_POSE A604 -0.895678 1.000000 -0.899357 -0.437215 0.437215 -0.899357
VERTEX_POSE A605 -0.444703 0.000000 0.612307 0.790620 0.790620 -0.612307
VERTEX_POSE A606 0.808382 0.000000 -0.891917 -0.452200 0.452200 -0.891917
VERTEX_POSE A607 -0.588659 0.000000 0.411128 -0.911578 0.911578 0.411128
VERTEX_POSE A608 0.990616 0.000000 0.995311 0.096725 0.096725 -0.995311
VERTEX_POSE A609 -0.136675 0.000000 -0.343226 0.939253 0.939253 0.343226
VERTEX_POSE A610 -0.247976 0.000000 0.654827 -0.755779 -0.755779 -0.654827
VERTEX_POSE A611 0.968766 0.000000 0.093123 -0.995655 -0.995655 -0.093123
VERTEX_POSE A612 0.859200 -1.742358 0.493396 0.869805 -0.869805 0.493396
VERTEX_POSE A613 -0.511641 0.000000 0.545384 -0.838186 -0.838186 -0.545384
VERTEX_POSE A614 0.705149 0.000000 0.203935 0.978984 -0.978984 0.203935
VERTEX_POSE A615 -0.709059 0.000000 -0.875529 -0.483165 0.483165 -0.875529
VERTEX_POSE A616 -0.068292 0.000000 -0.107584 -0.994196 -0.994196 0.107584
VERTEX_POSE A617 -0.997665 0.000000 -0.880821 -0.473449 -0.473449 0.880821
VERTEX_POSE A618 -0.885647 0.000000 0.642208 0.766531 -0.766531 0.642208
VERTEX_POSE A619 -0.464360 0.000000 -0.999866 0.016373 -0.016373 -0.999866
VERTEX_POSE A620 0.345969 1.000000 -0.827397 -0.561617 0.561617 -0.827397
VERTEX_POSE A621 0.938246 0.000000 -0.464113 -0.885776 -0.885776 0.464113
VERTEX_POSE A622 -0.948512 0.000000 0.877793 -0.479040 -0.479040 -0.877793
VERTEX_POSE A623 -0.316740 0.000000 0.354517 0.935050 -0.935050 0.354517
VERTEX_POSE A624 0.678087 1.000000 -0.962003 0.273040 -0.273040 -0.962003
VERTEX_POSE A625 0.734982 0.000000 0.469883 0.882729 -0.882729 0.469883
VERTEX_POSE A626 0.702292 0.000000 -0.966032 -0.258421 0.258421 -0.966032
VERTEX_POSE A627 -0.711889 0.000000 -0.218557 0.975824 -0.975824 -0.218557
VERTEX_POSE A628 -0.946537 1.000000 0.460931 0.887436 0.887436 -0.460931
VERTEX_POSE A629 0.322596 0.000000 -0.992324 0.123666 0.123666 0.992324
VERTEX_POSE A630 0.576778 0.000000 0.403662 -0.914908 -0.914908 -0.403662
VERTEX_POSE A631 0.816901 0.000000 0.300070 0.953917 0.953917 -0.300070
VERTEX_POSE A632 0.999329 0.000000 -0.634561 0.772872 0.772872 0.634561
VERTEX_POSE A633 0.036617 0.000000 0.404820 -0.914396 -0.914396 -0.404820
VERTEX_POSE A634 0.802945 7.092461 0.999893 0.014639 0.014639 -0.999893
VERTEX_POSE A635 -0.596053 0.000000 0.671544 0.740965 -0.740965 0.671544
VERTEX_POSE A636 0.844168 0.000000 -0.980550 -0.196271 -0.196271 0.980550
VERTEX_POSE A637 0.536078 0.000000 0.714901 0.699225 -0.699225 0.714901
VERTEX_POSE A638 -0.859634 0.000000 -0.063482 -0.997983 0.997983 -0.063482
VERTEX_POSE A639 0.510911 0.000000 0.560617 0.828075 0.828075 -0.560617
VERTEX_POSE A640 -0.037042 1.000000 -0.946695 -0.322132 -0.322132 0.946695
VERTEX_POSE A641 -0.999314 0.000000 -0.485040 -0.874492 -0.874492 0.485040
VERTEX_POSE A642 -0.559038 0.000000 -0.443009 0.896517 -0.896517 -0.443009
VERTEX_POSE A643 -0.829142 0.000000 -0.857453 -0.514563 -0.514563 0.857453
VERTEX_POSE A644 -0.951582 1.000000 0.992816 0.119653 0.119653 -0.992816
VERTEX_POSE A645 -0.307396 0.000000 0.680778 -0.732490 0.732490 0.680778
VERTEX_POSE A646 0.474018 0.000000 0.968403 -0.249392 0.249392 0.968403
VERTEX_POSE A647 -0.880515 0.000000 -0.999949 0.010107 -0.010107 -0.999949
VERTEX_POSE A648 -0.763930 0.000000 -0.800498 0.599336 0.599336 0.800498
VERTEX_POSE A649 0.645299 0.000000 -0.809268 0.587440 -0.587440 -0.809268
VERTEX_POSE A650 0.539687 0.000000 -0.950997 -0.309201 -0.309201 0.950997
VERTEX_POSE A651 -0.841866 0.000000 -0.683965 -0.729515 0.729515 -0.683965
VERTEX_POSE A652 0.900648 0.000000 0.952334 0.305058 -0.305058 0.952334
VERTEX_POSE A653 0.434550 0.000000 -0.266924 -0.963717 -0.963717 0.266924
VERTEX_POSE A654 -0.568036 0.000000 0.593300 0.804981 -0.804981 0.593300
VERTEX_POSE A655 -0.823004 0.000000 0.373688 -0.927554 0.927554 0.373688
VERTEX_POSE A656 -0.859090 66765030077826369019383162950186473975158118807626892767862905309815610529247825570960820673669678124003307498604697200456689158133492807409552762863616.000000 -0.988668 -0.150121 -0.150121 0.988668
VERTEX_POSE A657 -0.511825 0.000000 0.402939 0.915227 -0.915227 0.402939
VERTEX_POSE A658 0.911129 0.000000 0.557392 0.830249 -0.830249 0.557392
VERTEX_POSE A659 -0.412120 0.000000 -0.899297 0.437337 0.437337 0.899297
VERTEX_POSE A660 0.584847 0.000000 -0.715305 0.698813 -0.698813 -0.715305
VERTEX_POSE A661 -0.811143 0.000000 0.954160 0.299299 -0.299299 0.954160
VERTEX_POSE A662 -0.373322 0.000000 -0.998418 0.056234 0.056234 0.998418
VERTEX_POSE A663 0.927702 0.000000 -0.793557 -0.608496 -0.608496 0.793557
VERTEX_POSE A664 0.833049 112038534409406629164611302229223941873344008581013151018656627896158787163627610310128377775791314050078021828862477461073359487537777058708218738114614774981226481534962478312796206093554391724074487588134366988324040605696.000000 -0.218099 -0.975927 -0.975927 0.218099
VERTEX_POSE A665 -0.553200 0.000000 -0.862941 -0.505305 -0.505305 0.862941
VERTEX_POSE A666 0.681685 0.000000 0.454496 0.890749 -0.890749 0.454496
VERTEX_POSE A667 0.731646 0.000000 0.119378 -0.992849 -0.992849 -0.119378
VERTEX_POSE A668 0.797410 0.000000 -0.904015 0.427501 -0.427501 -0.904015
VERTEX_POSE A669 -0.603438 0.000000 -0.048811 0.998808 0.998808 0.048811
VERTEX_POSE A670 -0.803638 0.000000 0.473002 -0.881061 0.881061 0.473002
VERTEX_POSE A671 0.595118 0.000000 0.708130 0.706082 0.706082 -0.708130
VERTEX_POSE A672 -0.790223 0.000000 -0.925036 -0.379879 0.379879 -0.925036
VERTEX_POSE A673 -0.612819 0.000000 0.751515 0.659716 -0.659716 0.751515
VERTEX_POSE A674 -0.744834 17101682489511869998161366604824593297016072355396365475786152685841215411832166129474772800619208379273346499888213065041877695699899885574954980923142257713044760473475368886337266602536317839353798782780623028224.000000 -0.978860 0.204531 0.204531 0.978860
VERTEX_POSE A675 -0.667250 0.000000 -0.999928 -0.011990 -0.011990 0.999928
VERTEX_POSE A676 0.997565 0.000000 -0.390365 0.920660 -0.920660 -0.390365
VERTEX_POSE A677 0.069744 0.000000 -0.590481 0.807052 0.807052 0.590481
VERTEX_POSE A678 0.078362 7.083911 0.956609 0.291374 -0.291374 0.956609
VERTEX_POSE A679 0.996925 0.000000 0.788073 -0.615582 -0.615582 -0.788073
VERTEX_POSE A680 0.240698 0.000000 0.297343 -0.954771 -0.954771 -0.297343
VERTEX_POSE A681 -0.970600 0.000000 0.052646 -0.998613 -0.998613 -0.052646
VERTEX_POSE A682 -0.898311 0.000000 0.372133 -0.928179 -0.928179 -0.372133
VERTEX_POSE A683 -0.439361 0.000000 -0.155268 0.987872 -0.987872 -0.155268
VERTEX_POSE A684 0.953701 0.000000 0.976270 0.216555 -0.216555 0.976270
VERTEX_POSE A685 0.300755 0.000000 0.573125 0.819468 0.819468 -0.573125
VERTEX_POSE A686 -0.370174 65473578895910770365689724729213434500598766108190280985791734504877415700556573328387374948218980910761170781967001744844530464387084773291159522902016.000000 0.997189 -0.074925 0.074925 0.997189
VERTEX_POSE A687 0.928962 0.000000 -0.786292 -0.617855 0.617855 -0.786292
VERTEX_POSE A688 -0.551876 0.000000 -0.769678 0.638433 0.638433 0.769678
VERTEX_POSE A689 0.833926 0.000000 0.785569 -0.618774 -0.618774 -0.785569
VERTEX_POSE A690 -0.640637 0.000000 0.410672 -0.911783 0.911783 0.410672
VERTEX_POSE A691 0.767844 0.000000 0.512683 -0.858578 -0.858578 -0.512683
VERTEX_POSE A692 -0.856383 0.000000 0.665832 0.746102 -0.746102 0.665832
VERTEX_POSE A693 -0.516341 0.000000 0.861478 0.507795 0.507795 -0.861478
VERTEX_POSE A694 -0.272072 0.000000 -0.178036 0.984024 0.984024 0.178036
VERTEX_POSE A695 -0.962277 0.000000 0.561756 0.827303 0.827303 -0.561756
VERTEX_POSE A696 0.566540 0.000000 0.991422 0.130698 0.130698 -0.991422
VERTEX_POSE A697 -0.824034 0.000000 -0.975576 -0.219664 0.219664 -0.975576
VERTEX_POSE A698 0.381736 0.000000 -0.990997 0.133887 0.133887 0.990997
VERTEX_POSE A699 -0.924271 0.000000 -0.967794 -0.251745 0.251745 -0.967794
VERTEX_POSE A700 -0.165649 0.000000 -0.251427 -0.967876 0.967876 -0.251427
VERTEX_POSE A701 0.986185 0.000000 0.988562 -0.150814 0.150814 0.988562
VERTEX_POSE A702 -0.798186 0.000000 0.810873 -0.585223 -0.585223 -0.810873
VERTEX_POSE A703 -0.602411 0.000000 -0.325612 0.945504 0.945504 0.325612
VERTEX_POSE A704 -0.175120 0.000000 -0.933684 -0.358099 0.358099 -0.933684
VERTEX_POSE A705 -0.984547 0.000000 -0.335296 0.942113 -0.942113 -0.335296
VERTEX_POSE A706 0.897722 0.000000 0.702278 0.711903 0.711903 -0.702278
VERTEX_POSE A707 -0.440563 0.000000 -0.857630 0.514266 0.514266 0.857630
VERTEX_POSE A708 -0.928029 0.000000 0.455303 0.890337 -0.890337 0.455303
VERTEX_POSE A709 -0.372509 0.000000 -0.996134 -0.087842 0.087842 -0.996134
VERTEX_POSE A710 -0.919103 3991957755570352789371150089288507880577665323663889379622819501056568688739076129087315030435675279389334589494691867670429884359957337869640224514202535984758848903152575756685066410316198066763344743936642046523181696087522979835572157355117693108224.000000 0.582309 0.812968 -0.812968 0.582309
VERTEX_POSE A711 0.394018 0.000000 0.999058 0.043401 0.043401 -0.999058
VERTEX_POSE A712 0.010348 0.000000 0.815073 0.579358 0.579358 -0.815073
VERTEX_POSE A713 -0.999946 0.000000 0.454872 -0.890557 -0.890557 -0.454872
VERTEX_POSE A714 0.331899 0.000000 0.247036 0.969006 -0.969006 0.247036
VERTEX_POSE A715 0.943315 0.000000 0.726734 0.686919 -0.686919 0.726734
VERTEX_POSE A716 0.714393 0.000000 0.447804 0.894132 -0.894132 0.447804
VERTEX_POSE A717 -0.699745 178879621810238913128094047228647726508651629328075602062644129003187629735425741312064382185220474978097578195409197926597267919812980727190147920515422490722304.000000 -0.986297 -0.164977 0.164977 -0.986297
VERTEX_POSE A718 0.808675 4929769663206434556756106719243555299427331264920697598914398212614809753906777867120299571615017338617576122701945747643448804104216760760224974570994337550469578604739210972496564047081459696452671373312.000000 -0.893712 0.448642 -0.448642 -0.893712
VERTEX_POSE A719 0.588256 254736390291291889030922121258850660424501441023379822259963935954914725725432940630493166131664627692932379993406330093364458701043890969258665463427181890508822414413552810983424.000000 -0.962822 0.270138 -0.270138 -0.962822
VERTEX_POSE A720 -0.734498 0.000000 -0.684196 -0.729298 0.729298 -0.684196
VERTEX_POSE A721 0.678611 20501866451337168053189560792064226319547775958351486434605468436284037989645490279678039395484825527040722291151541508450190370438103211413438508882310610343659748866787619270098045783142774385055450559223531831296.000000 -0.453011 0.891505 -0.891505 -0.453011
VERTEX_POSE A722 -0.144114 54516411287282881103620573661049282232049455624225566907766293486944114775489419510216473978623760465169262049097688632643007058210239961430227364061010573877892109631258095084661486834624878580594535132737235168202608021438567414343105260856279040.000000 0.998449 -0.055667 -0.055667 -0.998449
VERTEX_POSE A723 -0.989561 142717957228170451229169223632419449712023085313770128632411546919873682261239807686955431172197865275394498470016097032557935271454908504114485378486968050179891252175986467684330858598783887032262100137109926466652443578630334962549204381954211840.000000 0.297867 -0.954607 0.954607 0.297867
VERTEX_POSE A724 0.471937 37326082801859005989069496748248859995817506404557563581920001576858235704165572148132528873585496503860804716799666858664095519149195427199110675066534175248641612044126088956210929428472691064569856.000000 -0.890486 0.455011 0.455011 0.890486
VERTEX_POSE A725 0.881632 11205294301008883400795894096538988166876201411612807204459531521051284459716759433769996196536972579635688237639882065049189615830993792621637670142407004869394140045708931095103724558537205296819823145047103932839059232640303185013936903934243485253632.000000 -0.981949 -0.189144 -0.189144 0.981949
VERTEX_POSE A726 0.319998 0.000000 -0.891158 -0.453693 0.453693 -0.891158
VERTEX_POSE A727 -0.947418 0.000000 -0.033504 0.999439 -0.999439 -0.033504
VERTEX_POSE A728 -0.781821 0.000000 0.806443 -0.591311 -0.591311 -0.806443
VERTEX_POSE A729 -0.623503 0.000000 -0.893390 0.449283 -0.449283 -0.893390
VERTEX_POSE A730 0.853339 0.000000 -0.580280 -0.814417 0.814417 -0.580280
VERTEX_POSE A731 -0.521356 0.000000 -0.706711 0.707502 -0.707502 -0.706711
VERTEX_POSE A732 -0.585160 0.000000 0.622407 -0.782693 0.782693 0.622407
VERTEX_POSE A733 0.810918 0.000000 -0.600572 0.799571 -0.799571 -0.600572
VERTEX_POSE A734 0.271838 0.000000 -0.797562 -0.603237 -0.603237 0.797562
VERTEX_POSE A735 0.962343 0.000000 -0.441032 -0.897491 0.897491 -0.441032
VERTEX_POSE A736 -0.331150 0.000000 0.711880 -0.702301 0.702301 0.711880
VERTEX_POSE A737 -0.943578 0.000000 -0.215734 -0.976452 0.976452 -0.215734
VERTEX_POSE A738 0.782220 0.000000 0.999507 0.031386 -0.031386 0.999507
VERTEX_POSE A739 -0.623003 0.000000 0.987208 0.159440 -0.159440 0.987208
VERTEX_POSE A740 0.107501 0.000000 0.470920 -0.882176 0.882176 0.470920
VERTEX_POSE A741 0.994205 0.000000 -0.908961 -0.416880 0.416880 -0.908961
VERTEX_POSE A742 -0.878885 0.000000 -0.176449 -0.984310 0.984310 -0.176449
VERTEX_POSE A743 0.477034 0.000000 0.576181 -0.817322 -0.817322 -0.576181
VERTEX_POSE A744 -0.452827 0.000000 0.165840 0.986153 0.986153 -0.165840
VERTEX_POSE A745 -0.891599 0.000000 0.676068 0.736839 -0.736839 0.676068
VERTEX_POSE A746 0.991317 0.000000 0.482848 0.875704 0.875704 -0.482848
VERTEX_POSE A747 0.131495 0.000000 -0.476585 0.879129 0.879129 0.476585
VERTEX_POSE A748 -0.968811 0.000000 -0.696751 0.717313 -0.717313 -0.696751
VERTEX_POSE A749 -0.247802 0.000000 0.328685 -0.944439 -0.944439 -0.328685
VERTEX_POSE A750 -0.475496 0.000000 -0.788948 0.614459 0.614459 0.788948
VERTEX_POSE A751 -0.879718 0.000000 -0.139576 0.990211 0.990211 0.139576
VERTEX_POSE A752 -0.367805 66765030077826369019383162950186473975158118807626892767862905309815610529247825570960820673669678124003307498604697200456689158133492807409552762863616.000000 -0.241784 -0.970330 0.970330 -0.241784
VERTEX_POSE A753 0.929903 0.000000 -0.326561 -0.945176 -0.945176 0.326561
VERTEX_POSE A754 0.052621 0.000000 0.712623 -0.701548 -0.701548 -0.712623
VERTEX_POSE A755 -0.998615 0.000000 0.499179 -0.866499 -0.866499 -0.499179
VERTEX_POSE A756 0.035058 1.000000 -0.733414 0.679782 0.679782 0.733414
VERTEX_POSE A757 -0.999385 0.000000 0.955257 -0.295777 -0.295777 -0.955257
VERTEX_POSE A758 -0.625050 0.000000 -0.678663 -0.734449 -0.734449 0.678663
VERTEX_POSE A759 -0.780585 0.000000 0.756846 0.653593 0.653593 -0.756846
VERTEX_POSE A760 0.069406 112038534409406629164611302229223941873344008581013151018656627896158787163627610310128377775791314050078021828862477461073359487537777058708218738114614774981226481534962478312796206093554391724074487588134366988324040605696.000000 0.964184 0.265233 -0.265233 0.964184
VERTEX_POSE A761 -0.997588 0.000000 0.584018 0.811740 0.811740 -0.584018
VERTEX_POSE A762 0.850475 0.000000 -0.537263 -0.843415 -0.843415 0.537263
VERTEX_POSE A763 -0.526015 0.000000 -0.776017 -0.630711 0.630711 -0.776017
VERTEX_POSE A764 0.716716 0.000000 0.184149 0.982898 0.982898 -0.184149
VERTEX_POSE A765 -0.697365 0.000000 0.553553 -0.832814 0.832814 0.553553
VERTEX_POSE A766 -0.840418 0.000000 -0.606510 -0.795076 0.795076 -0.606510
VERTEX_POSE A767 -0.541938 0.000000 0.996148 0.087686 0.087686 -0.996148
VERTEX_POSE A768 -0.003159 0.000000 -0.204533 -0.978860 0.978860 -0.204533
VERTEX_POSE A769 0.999995 0.000000 0.984916 -0.173035 -0.173035 -0.984916
VERTEX_POSE A770 0.762094 0.004000 -0.598906 0.800819 0.800819 0.598906
VERTEX_POSE A771 -0.647466 0.006000 -0.378293 0.925686 -0.925686 -0.378293
VERTEX_POSE A772 0.999380 0.010000 -0.742024 -0.670373 -0.670373 0.742024
VERTEX_POSE A773 0.035219 0.012000 -0.759772 0.650190 0.650190 0.759772
VERTEX_POSE A774 -0.582287 0.017000 -0.519654 0.854377 -0.854377 -0.519654
VERTEX_POSE A775 0.812983 0.020000 0.091521 -0.995803 -0.995803 -0.091521
VERTEX_POSE A776 0.827282 0.022000 0.258215 -0.966087 -0.966087 -0.258215
VERTEX_POSE A777 -0.561788 0.025000 -0.999886 -0.015090 0.015090 -0.999886
VERTEX_POSE A778 0.576075 0.027000 -0.686495 -0.727135 0.727135 -0.686495
VERTEX_POSE A779 -0.817397 0.031000 -0.945845 -0.324619 -0.324619 0.945845
VERTEX_POSE A780 0.684964 0.036000 -0.664815 0.747008 -0.747008 -0.664815
VERTEX_POSE A781 -0.728577 0.040000 -0.065895 0.997827 -0.997827 -0.065895
VERTEX_POSE A782 -0.495877 0.044000 -0.810054 -0.586356 -0.586356 0.810054
VERTEX_POSE A783 -0.868393 0.048000 0.900354 0.435158 0.435158 -0.900354
VERTEX_POSE A784 -0.946023 0.053000 -0.023762 0.999718 -0.999718 -0.023762
VERTEX_POSE A785 -0.324099 0.059000 0.762389 0.647119 0.647119 -0.762389
VERTEX_POSE A786 -0.092023 0.064000 -0.771875 -0.635775 -0.635775 0.771875
VERTEX_POSE A787 -0.995757 0.068000 0.970958 0.239251 -0.239251 0.970958
VERTEX_POSE A788 -0.510008 0.073000 -0.135955 0.990715 0.990715 0.135955
VERTEX_POSE A789 0.860170 0.080000 -0.952888 -0.303321 0.303321 -0.952888
VERTEX_POSE A790 -0.905812 0.086000 0.808967 -0.587854 0.587854 0.808967
VERTEX_POSE A791 0.423680 0.092000 0.755923 -0.654660 0.654660 0.755923
VERTEX_POSE A792 0.997265 0.099000 -0.245904 -0.969294 -0.969294 0.245904
VERTEX_POSE A793 0.073909 0.107000 0.918192 -0.396136 -0.396136 -0.918192
VERTEX_POSE A794 0.682255 0.116000 -0.086018 0.996294 0.996294 0.086018
VERTEX_POSE A795 -0.731115 0.125000 0.959716 0.280973 -0.280973 0.959716
VERTEX_POSE A796 -0.659333 0.131000 -0.428209 -0.903680 0.903680 -0.428209
VERTEX_POSE A797 0.751851 0.139000 0.935284 0.353898 0.353898 -0.935284
VERTEX_POSE A798 0.014548 0.151000 -0.921709 -0.387883 0.387883 -0.921709
VERTEX_POSE A799 0.999894 0.160000 -0.979497 0.201457 0.201457 0.979497
VERTEX_POSE A800 0.379718 0.172000 -0.753189 0.657804 0.657804 0.753189
VERTEX_POSE A801 -0.925102 0.182000 0.986855 0.161610 0.161610 -0.986855
VERTEX_POSE A802 -0.979331 0.193000 0.950995 0.309207 0.309207 -0.950995
VERTEX_POSE A803 -0.202266 0.201000 0.464617 -0.885512 0.885512 0.464617
VERTEX_POSE A804 0.993256 0.210000 -0.997096 -0.076154 -0.076154 0.997096
VERTEX_POSE A805 -0.115942 0.219000 -0.086065 -0.996290 0.996290 -0.086065
VERTEX_POSE A806 -0.720831 0.230000 -0.905252 0.424875 0.424875 0.905252
VERTEX_POSE A807 0.693111 0.241000 0.215406 0.976525 -0.976525 0.215406
