VERTEX_POSE A0 0.703504 0.475857 0.000000 -0.527865 0.286070 0.703504 0.674806 0.475857 -0.680294
VERTEX_POSE A1 0.674806 -0.680294 0.000000 0.805865 -0.335023 -0.093037 0.742637 0.584744 0.579870
VERTEX_POSE A2 -0.093037 0.584744 0.000000 0.685340 0.117708 0.693892 -0.404987 0.220959 0.906714
VERTEX_POSE A3 0.742637 0.579870 0.000000 -0.741071 -0.201884 -0.271175 -0.782486 -0.614230 0.589032
VERTEX_POSE A4 0.693892 0.220959 0.000000 0.905214 0.360362 -0.307771 0.921401 -0.293026 0.145464
VERTEX_POSE A5 -0.404987 0.906714 0.000000 0.524229 -0.841211 0.684665 0.323846 0.506377 0.432999
VERTEX_POSE A6 -0.271175 -0.614230 0.000000 -0.638143 0.677620 0.586865 0.120807 -0.498360 -0.725422
VERTEX_POSE A7 -0.782486 0.589032 0.000000 0.584062 0.646883 0.793888 -0.329359 0.169157 -0.687798
VERTEX_POSE A8 -0.307771 -0.293026 0.000000 0.344338 0.728607 -0.218194 -0.551277 -0.913139 0.406480
VERTEX_POSE A9 0.921401 0.145464 0.000000 -0.233155 -0.720172 -0.645853 0.617037 0.726989 0.317203
VERTEX_POSE A10 0.684665 0.506377 0.000000 0.913132 -0.398381 0.377365 0.906290 -0.154223 -0.141176
VERTEX_POSE A11 0.323846 0.432999 0.000000 0.568180 0.740230 -0.681918 0.668053 -0.460607 -0.075929
VERTEX_POSE A12 0.586865 -0.498360 0.000000 -0.321102 -0.626277 -0.923866 0.042203 0.208244 -0.778458
VERTEX_POSE A13 0.120807 -0.725422 0.000000 -0.625422 0.700785 0.408577 -0.080538 -0.664764 -0.708812
VERTEX_POSE A14 0.793888 0.169157 0.000000 -0.818522 0.286834 -0.557290 -0.186114 0.139466 0.939728
VERTEX_POSE A15 -0.329359 -0.687798 0.000000 -0.716429 -0.439120 0.679950 -0.613461 -0.156196 -0.656384
VERTEX_POSE A16 -0.218194 -0.913139 0.000000 -0.103780 -0.735344 -0.195364 -0.645147 -0.975224 0.207494
VERTEX_POSE A17 -0.551277 0.406480 0.000000 0.239268 0.704081 0.685762 -0.610024 0.687373 0.363511
VERTEX_POSE A18 -0.645853 0.726989 0.000000 0.020011 0.980473 0.095498 -0.196652 -0.995228 0.000844
VERTEX_POSE A19 0.617037 0.317203 0.000000 0.020386 0.449419 -0.750224 0.597337 0.660870 0.664237
VERTEX_POSE A20 0.377365 -0.154223 0.000000 0.088882 -0.720301 -0.042981 0.687260 0.995114 0.094020
VERTEX_POSE A21 0.906290 -0.141176 0.000000 0.676972 0.721828 0.560206 -0.378641 -0.477365 0.579307
VERTEX_POSE A22 -0.681918 -0.460607 0.000000 0.883273 -0.087603 0.466607 0.260425 -0.045906 0.961511
VERTEX_POSE A23 0.668053 -0.075929 0.000000 0.472452 0.075784 -0.178825 0.983816 0.863024 0.162367
VERTEX_POSE A24 -0.923866 0.208244 0.000000 -0.436861 -0.599204 0.855662 -0.046745 -0.277480 0.799231
VERTEX_POSE A25 0.042203 -0.778458 0.000000 0.144484 -0.615960 0.931781 0.348094 -0.333029 0.706699
VERTEX_POSE A26 0.408577 -0.664764 0.000000 0.458442 0.168775 0.023265 -0.983745 -0.888420 0.061330
VERTEX_POSE A27 -0.080538 -0.708812 0.000000 0.728153 0.661329 -0.583967 0.461009 -0.358853 0.591705
VERTEX_POSE A28 -0.557290 0.139466 0.000000 0.619078 0.716485 -0.395950 0.638359 0.678208 -0.281332
VERTEX_POSE A29 -0.186114 0.939728 0.000000 -0.000417 0.737258 -0.638628 0.519697 -0.769516 -0.431701
VERTEX_POSE A30 0.679950 -0.156196 0.000000 0.103891 0.681024 -0.184434 -0.702966 -0.977339 0.205050
VERTEX_POSE A31 -0.613461 -0.656384 0.000000 -0.764626 0.528459 0.566748 0.278856 -0.306829 -0.801854
VERTEX_POSE A32 -0.195364 -0.975224 0.000000 -0.336297 0.871284 -0.307469 0.257176 0.890150 0.418001
VERTEX_POSE A33 -0.645147 0.207494 0.000000 0.155639 0.574790 -0.414001 0.776357 0.896872 0.258625
VERTEX_POSE A34 0.685762 0.687373 0.000000 0.199564 -0.964895 -0.932858 -0.133748 0.299916 0.226030
VERTEX_POSE A35 -0.610024 0.363511 0.000000 -0.149392 -0.818330 0.870834 -0.374744 -0.468328 -0.435778
VERTEX_POSE A36 0.095498 -0.995228 0.000000 -0.289575 -0.721974 0.418894 -0.685918 0.860624 0.090936
VERTEX_POSE A37 -0.196652 0.000844 0.000000 -0.279671 0.702843 0.417404 -0.524486 -0.864614 -0.480547
VERTEX_POSE A38 -0.750224 0.660870 0.000000 -0.400965 -0.914173 0.762321 -0.368847 0.508029 -0.168045
VERTEX_POSE A39 0.597337 0.664237 0.000000 0.344300 0.936002 -0.664241 0.187756 0.663506 -0.297737
VERTEX_POSE A40 -0.042981 0.995114 0.000000 -0.501154 -0.559739 -0.110287 0.797729 -0.858301 0.224322
VERTEX_POSE A41 0.687260 0.094020 0.000000 0.705053 0.478429 -0.140161 -0.629568 -0.695166 0.612168
VERTEX_POSE A42 0.560206 -0.477365 0.000000 0.195910 0.956152 0.662867 0.034476 0.722653 -0.290835
VERTEX_POSE A43 -0.378641 0.579307 0.000000 0.272862 -0.805091 -0.936974 -0.346572 -0.218233 0.481369
VERTEX_POSE A44 0.466607 -0.045906 0.000000 0.674871 -0.631522 -0.450812 -0.762389 0.584224 0.141217
VERTEX_POSE A45 0.260425 0.961511 0.000000 -0.891930 0.402041 0.228950 0.796195 0.389927 0.452147
VERTEX_POSE A46 -0.178825 0.863024 0.000000 -0.553052 -0.598442 -0.570491 0.779063 -0.607185 -0.186893
VERTEX_POSE A47 0.983816 0.162367 0.000000 -0.618928 -0.784082 -0.130588 0.160859 -0.774516 0.599450
VERTEX_POSE A48 0.855662 -0.277480 0.000000 -0.730168 0.323663 -0.366609 0.557601 0.576588 0.764410
VERTEX_POSE A49 -0.046745 0.799231 0.000000 0.770131 0.473027 -0.142284 -0.526605 0.621815 -0.706352
VERTEX_POSE A50 0.931781 -0.333029 0.000000 -0.985016 -0.123563 0.170050 -0.812139 -0.028748 -0.570230
VERTEX_POSE A51 0.348094 0.706699 0.000000 -0.730276 -0.620420 0.493465 -0.768543 0.472429 -0.156274
VERTEX_POSE A52 0.023265 -0.888420 0.000000 0.124795 0.055716 -0.762354 -0.633623 0.635014 -0.771634
VERTEX_POSE A53 -0.983745 0.061330 0.000000 -0.154512 -0.926569 -0.418808 -0.252940 0.894833 -0.278374
VERTEX_POSE A54 -0.583967 -0.358853 0.000000 0.767720 0.559776 0.108092 -0.592843 -0.631603 0.578954
VERTEX_POSE A55 0.461009 0.591705 0.000000 0.421854 0.636267 0.689047 -0.688012 0.589282 0.349003
VERTEX_POSE A56 -0.395950 0.678208 0.000000 0.008101 0.592151 -0.926024 0.308547 -0.377377 -0.744416
VERTEX_POSE A57 0.638359 -0.281332 0.000000 -0.146991 -0.244228 0.661914 -0.744378 -0.735026 -0.621494
VERTEX_POSE A58 -0.638628 -0.769516 0.000000 0.204906 0.831954 0.941537 -0.023601 -0.267435 0.554343
VERTEX_POSE A59 0.519697 -0.431701 0.000000 0.346673 -0.063436 -0.835577 -0.474201 0.426179 -0.878128
VERTEX_POSE A60 -0.184434 -0.977339 0.000000 -0.813719 -0.017017 0.186691 -0.954262 -0.550461 -0.298486
VERTEX_POSE A61 -0.702966 0.205050 0.000000 0.515244 -0.622552 -0.608904 -0.749564 0.603125 -0.224907
VERTEX_POSE A62 0.566748 -0.306829 0.000000 0.656157 -0.737761 0.395295 0.156962 0.642806 0.656560
VERTEX_POSE A63 0.278856 -0.801854 0.000000 -0.567213 0.662210 0.412843 0.743065 -0.712622 -0.096607
VERTEX_POSE A64 -0.307469 0.890150 0.000000 0.714163 -0.480376 0.093226 -0.655590 0.693743 0.582615
VERTEX_POSE A65 0.257176 0.418001 0.000000 0.209289 0.677646 -0.585750 -0.490408 0.783004 -0.547993
VERTEX_POSE A66 -0.414001 0.896872 0.000000 0.245762 0.774841 -0.614765 0.589149 -0.749443 -0.229185
VERTEX_POSE A67 0.776357 0.258625 0.000000 -0.734314 -0.306428 -0.667079 0.160579 -0.125654 0.938252
VERTEX_POSE A68 -0.932858 0.299916 0.000000 -0.251495 -0.966863 -0.962823 0.254550 0.098598 0.019526
VERTEX_POSE A69 -0.133748 0.226030 0.000000 -0.807086 0.588319 0.351114 0.546221 0.474691 0.596258
VERTEX_POSE A70 0.870834 -0.468328 0.000000 0.379232 0.887371 0.633976 -0.042768 -0.673986 0.459068
VERTEX_POSE A71 -0.374744 -0.435778 0.000000 0.770903 0.416808 -0.590865 0.750364 -0.237879 -0.513055
VERTEX_POSE A72 0.418894 0.860624 0.000000 0.496468 -0.731185 0.837766 0.262463 0.227306 0.629668
VERTEX_POSE A73 -0.685918 0.090936 0.000000 0.664575 -0.484048 0.741880 0.336510 -0.089181 -0.807749
VERTEX_POSE A74 0.417404 -0.864614 0.000000 -0.872414 0.105431 -0.486732 -0.276417 -0.044556 0.955237
VERTEX_POSE A75 -0.524486 -0.480547 0.000000 0.980905 0.187594 -0.177819 0.758128 -0.078781 0.624540
VERTEX_POSE A76 0.762321 0.508029 0.000000 -0.968413 0.246081 -0.157654 -0.479208 -0.193186 -0.842498
VERTEX_POSE A77 -0.368847 -0.168045 0.000000 -0.557672 0.829729 -0.679638 -0.472661 -0.476544 -0.296886
VERTEX_POSE A78 -0.664241 0.663506 0.000000 0.289177 -0.281380 0.579804 0.812039 0.761711 -0.511290
VERTEX_POSE A79 0.187756 -0.297737 0.000000 0.616811 -0.105255 -0.764127 0.157666 0.188823 0.981867
VERTEX_POSE A80 -0.110287 -0.858301 0.000000 0.301970 0.367407 0.384812 -0.891211 -0.872200 -0.265998
VERTEX_POSE A81 0.797729 0.224322 0.000000 0.177296 -0.826688 0.019423 0.545426 -0.983966 -0.138190
VERTEX_POSE A82 -0.140161 -0.695166 0.000000 -0.704928 -0.687084 -0.529992 0.345307 -0.471365 0.639280
VERTEX_POSE A83 -0.629568 0.612168 0.000000 -0.484872 0.835065 -0.784515 -0.546650 -0.386568 0.061969
VERTEX_POSE A84 0.662867 0.722653 0.000000 0.842340 -0.082068 -0.474878 0.354353 0.254861 0.931504
VERTEX_POSE A85 0.034476 -0.290835 0.000000 0.776077 -0.131573 -0.438287 -0.815726 -0.453440 0.563275
VERTEX_POSE A86 -0.936974 -0.218233 0.000000 -0.866711 -0.014159 -0.490459 -0.157963 -0.090897 0.987343
VERTEX_POSE A87 -0.346572 0.481369 0.000000 -0.397322 0.693375 -0.723953 -0.639386 0.563939 -0.332290
VERTEX_POSE A88 -0.450812 0.584224 0.000000 -0.091064 0.686546 -0.703685 -0.556921 0.704652 -0.467433
VERTEX_POSE A89 -0.762389 0.141217 0.000000 -0.525720 0.847097 -0.755318 -0.506887 -0.391295 -0.159661
VERTEX_POSE A90 0.228950 0.389927 0.000000 -0.274792 -0.661111 -0.102389 -0.701860 -0.956037 0.265189
VERTEX_POSE A91 0.796195 0.452147 0.000000 0.966114 0.230336 -0.121597 0.804230 -0.227680 0.547868
VERTEX_POSE A92 -0.570491 -0.607185 0.000000 0.656463 -0.746513 -0.712639 -0.660883 0.247390 0.077157
VERTEX_POSE A93 0.779063 -0.186893 0.000000 -0.330301 -0.283572 0.517312 -0.852177 -0.789487 -0.439751
VERTEX_POSE A94 -0.130588 -0.774516 0.000000 0.520255 -0.845991 -0.634695 -0.474500 0.571399 0.243207
VERTEX_POSE A95 0.160859 0.599450 0.000000 -0.922487 -0.276014 0.135052 0.424176 0.361633 -0.862491
VERTEX_POSE A96 -0.366609 0.576588 0.000000 0.745140 -0.225326 -0.388534 -0.911642 -0.542041 0.343710
VERTEX_POSE A97 0.557601 0.764410 0.000000 -0.743178 -0.610003 0.662109 -0.729688 -0.096428 -0.308953
VERTEX_POSE A98 -0.142284 0.621815 0.000000 -0.752816 -0.563784 -0.652196 0.569157 -0.088929 0.598505
VERTEX_POSE A99 -0.526605 -0.706352 0.000000 0.532708 0.432198 0.709796 -0.696383 0.460881 0.572935
VERTEX_POSE A100 0.170050 -0.028748 0.000000 0.649151 0.320377 -0.004444 -0.905363 0.760646 -0.278705
VERTEX_POSE A101 -0.812139 -0.570230 0.000000 -0.803848 0.592580 0.521534 0.660287 -0.286060 -0.461380
VERTEX_POSE A102 0.493465 0.472429 0.000000 -0.854066 -0.393839 -0.295063 0.904793 -0.428380 0.161990
VERTEX_POSE A103 -0.768543 -0.156274 0.000000 0.698736 0.177160 -0.712002 0.078193 0.069429 -0.981071
VERTEX_POSE A104 -0.762354 0.635014 0.000000 -0.376053 -0.522246 0.563159 -0.784783 0.735824 0.333728
VERTEX_POSE A105 -0.633623 -0.771634 0.000000 -0.761424 -0.018846 0.499996 -0.653281 -0.412599 -0.756881
VERTEX_POSE A106 -0.418808 0.894833 0.000000 -0.332313 -0.537220 -0.401828 -0.662961 -0.853289 0.521419
VERTEX_POSE A107 -0.252940 -0.278374 0.000000 -0.969790 0.136767 0.243089 0.472661 0.020373 0.870567
VERTEX_POSE A108 0.108092 -0.631603 0.000000 -0.884310 -0.461688 -0.229110 0.558925 -0.406823 0.688801
VERTEX_POSE A109 -0.592843 0.578954 0.000000 0.232325 0.428303 0.938680 -0.333900 -0.254762 -0.839683
VERTEX_POSE A110 0.689047 0.589282 0.000000 -0.345468 0.910693 0.858115 0.208879 0.379856 0.356381
VERTEX_POSE A111 -0.688012 0.349003 0.000000 0.788251 -0.609912 -0.460323 -0.496389 -0.408366 -0.617742
VERTEX_POSE A112 -0.926024 -0.377377 0.000000 -0.400438 0.733081 0.734389 0.615570 -0.548017 0.289251
VERTEX_POSE A113 0.308547 -0.744416 0.000000 -0.783301 -0.280662 0.095137 -0.935890 -0.614320 0.212927
VERTEX_POSE A114 0.661914 -0.735026 0.000000 -0.840465 -0.306341 0.437445 -0.870375 -0.319782 -0.385489
VERTEX_POSE A115 -0.744378 -0.621494 0.000000 -0.901544 0.431521 -0.332710 -0.644432 -0.276628 -0.631266
VERTEX_POSE A116 0.941537 -0.267435 0.000000 0.858609 -0.028614 -0.351862 0.693210 0.372805 0.720167
VERTEX_POSE A117 -0.023601 0.554343 0.000000 0.607156 -0.676110 0.722867 0.251902 -0.329885 -0.692402
VERTEX_POSE A118 -0.835577 0.426179 0.000000 0.956826 0.237237 0.126235 -0.859610 -0.261818 0.452536
VERTEX_POSE A119 -0.474201 -0.878128 0.000000 0.588871 -0.782525 -0.471420 -0.535766 -0.656501 -0.317190
VERTEX_POSE A120 0.186691 -0.550461 0.000000 0.723499 0.684734 -0.686532 0.700399 -0.072270 0.201445
VERTEX_POSE A121 -0.954262 -0.298486 0.000000 0.442069 -0.698418 -0.882335 -0.451519 -0.161434 0.555287
VERTEX_POSE A122 -0.608904 0.603125 0.000000 -0.746915 0.590675 0.664696 0.651385 -0.017242 -0.476235
VERTEX_POSE A123 -0.749564 -0.224907 0.000000 -0.196251 -0.526059 -0.875426 -0.286163 -0.441719 0.800858
VERTEX_POSE A124 0.395295 0.642806 0.000000 -0.602841 -0.784686 0.439280 -0.477506 -0.666045 0.395291
VERTEX_POSE A125 0.156962 0.656560 0.000000 0.889748 -0.381063 0.352752 0.224671 0.289681 0.896836
VERTEX_POSE A126 0.412843 -0.712622 0.000000 0.645752 0.425962 0.696436 -0.668816 -0.313020 -0.609296
VERTEX_POSE A127 0.743065 -0.096607 0.000000 0.601214 -0.736980 0.528761 0.656714 0.599128 0.159962
VERTEX_POSE A128 0.093226 0.693743 0.000000 -0.363251 -0.909473 0.781498 -0.179237 0.507256 -0.375143
VERTEX_POSE A129 -0.655590 0.582615 0.000000 -0.278951 0.670520 0.722030 -0.325529 -0.633134 -0.666658
VERTEX_POSE A130 -0.585750 0.783004 0.000000 0.530395 -0.000655 0.197838 -0.972293 0.824343 0.233766
VERTEX_POSE A131 -0.490408 -0.547993 0.000000 0.534210 -0.080127 -0.411519 0.844931 -0.738426 -0.528840
VERTEX_POSE A132 -0.614765 -0.749443 0.000000 0.891501 -0.449159 -0.452295 -0.889852 0.025587 -0.080119
VERTEX_POSE A133 0.589149 -0.229185 0.000000 0.613507 0.726202 0.085489 0.329460 -0.785048 0.603396
VERTEX_POSE A134 -0.667079 -0.125654 0.000000 -0.601971 -0.569492 -0.597820 0.786126 -0.529379 -0.240175
VERTEX_POSE A135 0.160579 0.938252 0.000000 -0.555321 -0.792480 0.549594 -0.122131 -0.624152 0.597545
VERTEX_POSE A136 -0.962823 0.098598 0.000000 -0.351359 0.520182 0.000462 -0.831348 0.936241 0.195628
VERTEX_POSE A137 0.254550 0.019526 0.000000 -0.348374 -0.843507 -0.911983 0.405797 -0.216614 -0.351887
VERTEX_POSE A138 0.351114 0.474691 0.000000 0.301863 0.487925 0.862580 -0.505646 0.405998 0.711514
VERTEX_POSE A139 0.546221 0.596258 0.000000 0.242208 0.557166 0.693516 0.473097 -0.678506 0.682455
VERTEX_POSE A140 0.633976 -0.673986 0.000000 0.966265 0.257511 -0.095114 0.373146 0.239344 -0.891320
VERTEX_POSE A141 -0.042768 0.459068 0.000000 -0.747866 0.244655 -0.661259 -0.192499 0.058589 0.950309
VERTEX_POSE A142 -0.590865 -0.237879 0.000000 -0.302161 -0.538489 0.543009 -0.775430 -0.783480 -0.329754
VERTEX_POSE A143 0.750364 -0.513055 0.000000 0.358858 0.678606 -0.912136 0.109265 -0.198064 0.726330
VERTEX_POSE A144 0.837766 0.227306 0.000000 0.544645 -0.837324 -0.774699 -0.523964 0.321252 0.156046
VERTEX_POSE A145 0.262463 0.629668 0.000000 -0.173485 0.949978 0.841399 0.005927 -0.511812 -0.312262
VERTEX_POSE A146 0.741880 -0.089181 0.000000 0.355917 -0.322337 -0.027307 -0.941817 -0.934118 -0.095285
VERTEX_POSE A147 0.336510 -0.807749 0.000000 0.094406 0.180930 0.906910 0.389954 -0.410611 0.902884
VERTEX_POSE A148 -0.486732 -0.044556 0.000000 0.680327 -0.536920 -0.043213 -0.708875 0.731634 0.457399
VERTEX_POSE A149 -0.276417 0.955237 0.000000 -0.661319 -0.663922 -0.725134 0.446770 0.191931 -0.599670
VERTEX_POSE A150 -0.177819 -0.078781 0.000000 -0.281568 -0.090784 0.526534 -0.846864 0.802173 0.524003
VERTEX_POSE A151 0.758128 0.624540 0.000000 -0.921424 0.387161 -0.073487 -0.256883 0.381547 0.885504
VERTEX_POSE A152 -0.157654 -0.193186 0.000000 -0.416746 0.085195 -0.899513 0.104986 -0.131145 -0.990818
VERTEX_POSE A153 -0.479208 -0.842498 0.000000 0.700379 0.542044 0.705391 -0.625032 -0.109051 -0.561715
VERTEX_POSE A154 -0.679638 -0.476544 0.000000 -0.599210 0.478489 0.236098 0.871701 0.764987 0.105764
VERTEX_POSE A155 -0.472661 -0.296886 0.000000 0.427288 0.842469 0.601767 -0.535870 0.674760 -0.055587
VERTEX_POSE A156 0.579804 0.761711 0.000000 -0.628983 -0.646538 0.170721 -0.656620 0.758443 -0.388378
VERTEX_POSE A157 0.812039 -0.511290 0.000000 0.892379 0.440320 0.353503 -0.545822 -0.280527 0.712879
VERTEX_POSE A158 -0.764127 0.188823 0.000000 -0.351989 -0.447015 -0.746916 0.663650 0.564110 0.599788
VERTEX_POSE A159 0.157666 0.981867 0.000000 0.311750 0.741362 0.470903 0.422703 0.825265 -0.521253
VERTEX_POSE A160 0.384812 -0.872200 0.000000 -0.509093 -0.067231 0.848878 0.125532 0.142238 -0.989809
VERTEX_POSE A161 -0.891211 -0.265998 0.000000 0.824480 0.534781 0.213765 -0.597098 -0.523963 0.597900
VERTEX_POSE A162 0.019423 -0.983966 0.000000 0.908301 0.227859 0.409321 -0.657102 0.086288 0.718538
VERTEX_POSE A163 0.545426 -0.138190 0.000000 -0.410098 0.724158 0.874131 0.138630 -0.260221 -0.675557
VERTEX_POSE A164 -0.529992 -0.471365 0.000000 -0.289857 0.326455 -0.630307 0.642268 -0.720206 -0.693484
VERTEX_POSE A165 0.345307 0.639280 0.000000 -0.814825 0.374631 -0.122678 -0.857283 -0.566578 -0.353153
VERTEX_POSE A166 -0.784515 -0.386568 0.000000 -0.609487 0.038328 0.792251 0.066460 -0.029379 0.997053
VERTEX_POSE A167 -0.546650 0.061969 0.000000 -0.783712 0.098574 0.090199 -0.958798 -0.614541 -0.266437
VERTEX_POSE A168 -0.474878 0.254861 0.000000 0.289014 -0.594481 -0.546186 -0.746131 -0.786226 0.299803
VERTEX_POSE A169 0.354353 0.931504 0.000000 -0.512570 0.706575 -0.853350 -0.356179 -0.095221 -0.611464
VERTEX_POSE A170 -0.438287 -0.453440 0.000000 0.525120 -0.490122 -0.575464 0.397774 -0.626969 -0.775601
VERTEX_POSE A171 -0.815726 0.563275 0.000000 0.792405 -0.395753 -0.476659 0.073134 -0.380644 -0.915440
VERTEX_POSE A172 -0.490459 -0.090897 0.000000 -0.529791 -0.146599 -0.776350 0.480380 0.341470 0.864722
VERTEX_POSE A173 -0.157963 0.987343 0.000000 0.654543 0.749370 0.483959 -0.313592 0.580825 -0.583185
VERTEX_POSE A174 -0.723953 0.563939 0.000000 0.696086 -0.562188 0.505097 -0.058562 0.510237 0.824933
VERTEX_POSE A175 -0.639386 -0.332290 0.000000 0.026714 0.918521 -0.999078 0.037797 -0.033601 -0.393561
VERTEX_POSE A176 -0.703685 0.704652 0.000000 0.590009 -0.557815 -0.625604 0.141184 0.510401 0.817869
VERTEX_POSE A177 -0.556921 -0.467433 0.000000 0.397960 0.392665 0.617254 -0.783214 -0.678694 -0.482069
VERTEX_POSE A178 -0.755318 -0.391295 0.000000 0.251903 -0.957195 0.860035 0.288964 0.443718 -0.016674
VERTEX_POSE A179 -0.506887 -0.159661 0.000000 0.603977 0.553852 0.205865 0.586273 -0.769956 0.591212
VERTEX_POSE A180 -0.102389 -0.956037 0.000000 0.903177 0.332933 0.313663 -0.942797 0.293066 -0.016981
VERTEX_POSE A181 -0.701860 0.265189 0.000000 0.120315 -0.991239 -0.905637 -0.132080 -0.406628 0.000875
VERTEX_POSE A182 -0.121597 -0.227680 0.000000 0.512314 0.849472 0.848076 -0.477273 -0.135281 0.224959
VERTEX_POSE A183 0.804230 0.547868 0.000000 -0.072015 0.654236 0.175164 -0.734787 0.981902 0.179064
VERTEX_POSE A184 -0.712639 0.247390 0.000000 -0.627178 0.725342 0.616421 0.239539 -0.476102 -0.645368
VERTEX_POSE A185 -0.660883 0.077157 0.000000 0.245522 -0.660072 -0.425066 0.584896 0.871228 0.471382
VERTEX_POSE A186 0.517312 -0.789487 0.000000 0.980794 -0.065524 -0.154275 0.315677 -0.119339 -0.946602
VERTEX_POSE A187 -0.852177 -0.439751 0.000000 -0.971274 -0.159989 0.201092 -0.156026 -0.127235 0.974710
VERTEX_POSE A188 -0.634695 0.571399 0.000000 -0.507097 0.818423 -0.096762 -0.365636 0.856440 0.443277
VERTEX_POSE A189 -0.474500 0.243207 0.000000 0.695429 0.710590 0.478273 -0.568792 -0.536316 0.414172
VERTEX_POSE A190 0.135052 0.361633 0.000000 -0.137854 -0.483407 0.745371 0.524134 -0.652241 0.701143
VERTEX_POSE A191 0.424176 -0.862491 0.000000 0.389818 -0.417537 0.416289 -0.715139 -0.821429 -0.560570
VERTEX_POSE A192 -0.388534 -0.542041 0.000000 0.424539 0.170749 -0.901382 0.172230 -0.085302 -0.970145
VERTEX_POSE A193 -0.911642 0.343710 0.000000 0.736686 -0.649646 -0.638995 -0.577879 -0.221311 -0.493980
VERTEX_POSE A194 0.662109 -0.096428 0.000000 0.538490 0.618835 -0.825208 0.524600 0.170468 0.584670
VERTEX_POSE A195 -0.729688 -0.308953 0.000000 -0.615007 0.015351 -0.581362 0.666631 -0.532714 -0.745230
VERTEX_POSE A196 -0.652196 -0.088929 0.000000 -0.218737 0.495697 0.266202 -0.798371 -0.938771 -0.341889
VERTEX_POSE A197 0.569157 0.598505 0.000000 0.134989 -0.759179 -0.593413 0.452680 0.793498 0.467684
VERTEX_POSE A198 0.709796 0.460881 0.000000 0.286521 0.705536 -0.122974 0.698021 0.950149 -0.122415
VERTEX_POSE A199 -0.696383 0.572935 0.000000 -0.490767 0.721509 0.489512 -0.235428 -0.720781 -0.651151
VERTEX_POSE A200 -0.004444 0.760646 0.000000 0.820313 0.166148 0.372178 -0.881621 0.434246 0.441746
VERTEX_POSE A201 -0.905363 -0.278705 0.000000 -0.784067 -0.004971 0.158561 0.965183 0.600081 -0.261528
VERTEX_POSE A202 0.521534 -0.286060 0.000000 -0.147833 -0.925972 0.670685 0.164330 0.726861 -0.339959
VERTEX_POSE A203 0.660287 -0.461380 0.000000 -0.570540 -0.340007 0.332450 -0.927977 0.750973 0.152493
VERTEX_POSE A204 -0.295063 -0.428380 0.000000 -0.524660 0.806230 -0.728471 -0.259020 -0.440525 -0.531885
VERTEX_POSE A205 0.904793 0.161990 0.000000 -0.976917 0.193409 0.202219 0.974139 -0.068860 0.116820
VERTEX_POSE A206 -0.712002 0.069429 0.000000 -0.463512 0.849968 -0.675880 -0.521897 0.573012 0.071954
VERTEX_POSE A207 0.078193 -0.981071 0.000000 0.472284 0.797307 0.732614 -0.117979 0.490128 -0.591931
VERTEX_POSE A208 0.563159 0.735824 0.000000 -0.412840 0.519893 0.854455 0.505393 0.315388 -0.688687
VERTEX_POSE A209 -0.784783 0.333728 0.000000 0.832582 -0.436922 0.200609 -0.335054 -0.516297 -0.834768
VERTEX_POSE A210 0.499996 -0.412599 0.000000 -0.433625 0.857555 0.274697 0.418270 0.858202 0.299416
VERTEX_POSE A211 -0.653281 -0.756881 0.000000 0.034926 0.595370 -0.860741 -0.390220 -0.507844 0.702326
VERTEX_POSE A212 -0.401828 -0.853289 0.000000 -0.168746 -0.801976 0.815948 0.212483 -0.552950 0.558288
VERTEX_POSE A213 -0.662961 0.521419 0.000000 -0.698095 -0.279180 0.714883 -0.323303 -0.040070 -0.904176
VERTEX_POSE A214 0.243089 0.020373 0.000000 -0.836363 -0.518403 -0.546116 0.759805 -0.047482 0.392371
VERTEX_POSE A215 0.472661 0.870567 0.000000 -0.713421 0.688808 0.484827 0.617852 -0.505938 -0.379213
VERTEX_POSE A216 -0.229110 -0.406823 0.000000 0.787350 -0.572187 0.602321 0.634526 -0.131492 -0.519595
VERTEX_POSE A217 0.558925 0.688801 0.000000 0.604399 -0.722875 0.755411 0.386457 -0.253091 -0.572802
VERTEX_POSE A218 0.938680 -0.254762 0.000000 0.463259 0.805783 -0.044857 -0.394434 0.885087 -0.441741
VERTEX_POSE A219 -0.333900 -0.839683 0.000000 0.028252 0.818244 -0.855039 -0.277761 0.517794 -0.503314
VERTEX_POSE A220 0.858115 0.379856 0.000000 0.880136 -0.363747 0.474694 0.667358 -0.005165 -0.649863
VERTEX_POSE A221 0.208879 0.356381 0.000000 0.546269 0.809227 -0.424792 0.490111 0.721902 -0.323950
VERTEX_POSE A222 -0.460323 -0.408366 0.000000 -0.427856 -0.191226 -0.656816 -0.605634 0.620912 -0.772425
VERTEX_POSE A223 -0.496389 -0.617742 0.000000 0.354586 0.118532 -0.398806 -0.878009 0.845708 -0.463736
VERTEX_POSE A224 0.734389 -0.548017 0.000000 -0.866016 -0.286064 -0.441836 0.821780 -0.234086 -0.492793
VERTEX_POSE A225 0.615570 0.289251 0.000000 0.649009 0.424332 -0.716351 0.620339 -0.256179 -0.659638
VERTEX_POSE A226 0.095137 -0.614320 0.000000 -0.065294 -0.790649 0.463410 -0.564328 0.883735 0.237503
VERTEX_POSE A227 -0.935890 0.212927 0.000000 -0.254946 0.852470 -0.728805 0.140792 -0.635489 -0.503461
VERTEX_POSE A228 0.437445 -0.319782 0.000000 -0.722408 0.506462 0.432292 0.862169 0.539676 -0.012667
VERTEX_POSE A229 -0.870375 -0.385489 0.000000 -0.358749 -0.451307 0.629502 -0.763308 -0.689221 -0.462258
VERTEX_POSE A230 -0.332710 -0.276628 0.000000 0.650481 0.743329 0.361739 -0.483804 -0.667847 0.461948
VERTEX_POSE A231 -0.644432 -0.631266 0.000000 -0.496737 0.865596 0.866792 0.491103 0.043863 0.097779
VERTEX_POSE A232 -0.351862 0.372805 0.000000 -0.538056 0.538457 -0.398734 0.515249 0.742635 0.666771
VERTEX_POSE A233 0.693210 0.720167 0.000000 0.742476 0.483433 -0.657959 0.656272 0.125775 0.579310
VERTEX_POSE A234 0.722867 -0.329885 0.000000 0.264824 -0.952291 -0.614569 -0.045459 -0.743084 -0.301786
VERTEX_POSE A235 0.251902 -0.692402 0.000000 0.550103 -0.075179 -0.432783 0.826096 0.714203 0.558492
VERTEX_POSE A236 0.126235 -0.261818 0.000000 0.166780 -0.521992 -0.567043 0.643259 0.806627 0.560127
VERTEX_POSE A237 -0.859610 0.452536 0.000000 -0.069987 0.855395 0.099221 -0.505967 -0.992601 -0.110889
VERTEX_POSE A238 -0.471420 -0.656501 0.000000 0.021042 0.864625 0.424190 0.446935 0.905329 -0.229506
VERTEX_POSE A239 -0.535766 -0.317190 0.000000 -0.142949 -0.787495 -0.254395 -0.556149 0.956477 -0.265613
VERTEX_POSE A240 -0.686532 -0.072270 0.000000 0.027292 -0.977896 0.525330 0.190467 -0.850461 0.086270
VERTEX_POSE A241 0.700399 0.201445 0.000000 0.443022 0.402533 -0.871589 -0.015830 0.209915 -0.915268
VERTEX_POSE A242 -0.882335 -0.161434 0.000000 -0.621346 -0.771143 0.663527 -0.612077 -0.416727 0.175215
VERTEX_POSE A243 -0.451519 0.555287 0.000000 0.307922 -0.129629 0.767526 0.619264 -0.562217 0.774408
VERTEX_POSE A244 0.664696 -0.017242 0.000000 0.471215 -0.733416 -0.526875 0.211438 -0.707361 -0.646061
VERTEX_POSE A245 0.651385 -0.476235 0.000000 -0.166252 0.963725 0.707779 0.264057 -0.686593 0.038847
VERTEX_POSE A246 -0.875426 -0.441719 0.000000 0.378869 0.612062 -0.702018 0.678811 0.603017 0.405704
VERTEX_POSE A247 -0.286163 0.800858 0.000000 -0.205023 0.939177 -0.194610 -0.314999 0.959215 0.136831
VERTEX_POSE A248 0.439280 -0.666045 0.000000 0.801099 -0.531039 0.523937 0.845206 0.289362 -0.060202
VERTEX_POSE A249 -0.477506 0.395291 0.000000 0.556186 0.215293 -0.726880 0.594240 0.402869 0.774937
VERTEX_POSE A250 0.352752 0.289681 0.000000 0.154043 0.089542 -0.348980 -0.926769 0.924383 -0.364802
VERTEX_POSE A251 0.224671 0.896836 0.000000 0.654228 -0.601700 0.743922 0.402831 0.136254 0.689698
VERTEX_POSE A252 0.696436 -0.313020 0.000000 0.482712 -0.866420 0.518088 0.164949 0.706098 0.471284
VERTEX_POSE A253 -0.668816 -0.609296 0.000000 0.683124 0.358066 0.558885 0.304700 -0.470095 0.882580
VERTEX_POSE A254 0.528761 0.599128 0.000000 -0.736970 0.012366 0.092759 -0.988523 -0.669531 -0.150565
VERTEX_POSE A255 0.656714 0.159962 0.000000 0.595247 0.365590 0.677375 -0.707333 -0.432254 -0.604999
VERTEX_POSE A256 0.781498 0.507256 0.000000 -0.723465 0.645669 0.447721 0.708242 0.525494 0.285492
VERTEX_POSE A257 -0.179237 -0.375143 0.000000 -0.876986 0.422945 0.095378 0.618397 -0.470956 -0.662346
VERTEX_POSE A258 0.722030 -0.633134 0.000000 0.450648 -0.841639 -0.820045 -0.258560 -0.352763 -0.474121
VERTEX_POSE A259 -0.325529 -0.666658 0.000000 0.597985 0.608362 0.408295 -0.791470 0.689716 -0.058920
VERTEX_POSE A260 0.197838 0.824343 0.000000 -0.807793 0.142344 -0.589462 -0.191202 -0.002346 -0.971175
VERTEX_POSE A261 -0.972293 0.233766 0.000000 0.059817 0.954096 -0.677309 -0.177166 0.733263 -0.241479
VERTEX_POSE A262 -0.411519 -0.738426 0.000000 0.388257 -0.917757 -0.248109 -0.016792 0.887524 0.396788
VERTEX_POSE A263 0.844931 -0.528840 0.000000 0.219869 -0.473223 0.265509 -0.812422 -0.938703 -0.340632
VERTEX_POSE A264 -0.452295 0.025587 0.000000 -0.365708 -0.853931 -0.538996 0.518591 -0.758776 0.043189
VERTEX_POSE A265 -0.889852 -0.080119 0.000000 0.423923 -0.741389 -0.764504 0.015056 -0.485615 -0.670907
VERTEX_POSE A266 0.085489 -0.785048 0.000000 0.470945 0.206005 0.541876 0.699733 -0.696119 0.684058
VERTEX_POSE A267 0.329460 0.603396 0.000000 0.400760 0.879755 -0.691490 0.107304 -0.601026 0.463160
VERTEX_POSE A268 -0.597820 -0.529379 0.000000 0.881309 -0.308985 -0.211471 -0.934499 -0.422581 -0.176750
VERTEX_POSE A269 0.786126 -0.240175 0.000000 0.326800 -0.734053 0.234886 0.673193 0.915440 0.089317
VERTEX_POSE A270 0.549594 -0.624152 0.000000 0.638565 0.257495 -0.691246 -0.222282 0.338250 -0.940365
VERTEX_POSE A271 -0.122131 0.597545 0.000000 0.200239 -0.775609 0.680271 -0.329633 0.705078 0.538305
VERTEX_POSE A272 0.000462 0.936241 0.000000 -0.766362 -0.614049 0.057781 0.226768 0.639806 -0.755990
VERTEX_POSE A273 -0.831348 0.195628 0.000000 0.404671 0.876902 -0.900399 0.332527 0.159757 -0.347085
VERTEX_POSE A274 -0.911983 -0.216614 0.000000 -0.150372 0.796145 -0.786949 0.262468 -0.598414 -0.545219
VERTEX_POSE A275 0.405797 -0.351887 0.000000 0.386812 -0.114113 0.881535 0.337039 0.270689 -0.934550
VERTEX_POSE A276 0.862580 0.405998 0.000000 -0.899782 0.263150 -0.066798 -0.871347 0.431196 0.414134
VERTEX_POSE A277 -0.505646 0.711514 0.000000 -0.587600 0.793977 0.786651 0.515407 0.189490 0.322422
VERTEX_POSE A278 0.693516 -0.678506 0.000000 -0.350374 0.932972 0.256647 0.010958 0.900761 0.359781
VERTEX_POSE A279 0.473097 0.682455 0.000000 -0.539509 -0.537372 0.495389 0.419910 -0.680823 0.731373
VERTEX_POSE A280 -0.095114 0.239344 0.000000 -0.740839 0.421266 0.038760 0.804388 -0.670563 -0.418921
VERTEX_POSE A281 0.373146 -0.891320 0.000000 -0.098921 -0.902255 -0.346581 -0.364125 -0.932789 0.230975
VERTEX_POSE A282 -0.661259 0.058589 0.000000 0.116881 0.522280 0.924324 -0.368318 -0.363267 -0.769133
VERTEX_POSE A283 -0.192499 0.950309 0.000000 0.827386 -0.404411 -0.543724 -0.750609 -0.140700 0.522531
VERTEX_POSE A284 0.543009 -0.783480 0.000000 -0.978604 -0.068179 0.070920 0.773910 0.193144 -0.629615
VERTEX_POSE A285 -0.775430 -0.329754 0.000000 0.379965 0.566500 -0.593631 0.755595 -0.709387 -0.328867
VERTEX_POSE A286 -0.912136 -0.198064 0.000000 -0.868645 0.142734 -0.433212 -0.683444 -0.240380 0.715913
VERTEX_POSE A287 0.109265 0.726330 0.000000 0.329029 -0.708308 0.714622 0.619089 0.617297 -0.339157
VERTEX_POSE A288 -0.774699 0.321252 0.000000 0.432618 0.035058 0.275024 -0.956748 0.858606 0.288796
VERTEX_POSE A289 -0.523964 0.156046 0.000000 -0.868662 0.440513 0.474710 0.871003 0.141693 -0.217491
VERTEX_POSE A290 0.841399 -0.511812 0.000000 -0.338630 0.917523 0.443111 -0.039997 -0.830050 -0.395667
VERTEX_POSE A291 0.005927 -0.312262 0.000000 -0.658576 0.094142 -0.495639 -0.800809 -0.566232 0.591475
VERTEX_POSE A292 -0.027307 -0.934118 0.000000 -0.829255 -0.094236 -0.347553 -0.684939 -0.437656 0.722480
VERTEX_POSE A293 -0.941817 -0.095285 0.000000 -0.514610 0.508272 0.751032 0.655758 -0.413675 0.558248
VERTEX_POSE A294 0.906910 -0.410611 0.000000 -0.444662 0.716424 0.558459 -0.247503 0.700285 0.652288
VERTEX_POSE A295 0.389954 0.902884 0.000000 -0.772478 0.072338 0.424439 0.797804 0.472365 -0.598561
VERTEX_POSE A296 -0.043213 0.731634 0.000000 0.097876 -0.219858 0.325072 -0.914733 0.940611 0.339006
VERTEX_POSE A297 -0.708875 0.457399 0.000000 0.273987 -0.771903 -0.874916 -0.447722 0.399316 -0.451343
VERTEX_POSE A298 -0.725134 0.191931 0.000000 -0.872267 0.372257 0.152589 -0.408941 -0.464614 -0.833182
VERTEX_POSE A299 0.446770 -0.599670 0.000000 0.314725 -0.581609 0.308464 -0.684713 0.897663 0.439203
VERTEX_POSE A300 0.526534 0.802173 0.000000 -0.768077 -0.389506 -0.640355 0.469273 0.001679 0.792507
VERTEX_POSE A301 -0.846864 0.524003 0.000000 -0.046101 -0.904200 0.870207 0.172376 -0.490525 0.390780
VERTEX_POSE A302 -0.073487 0.381547 0.000000 0.628000 0.120021 0.609038 0.539264 0.484447 -0.833540
VERTEX_POSE A303 -0.256883 0.885504 0.000000 -0.454434 0.079824 -0.849766 -0.337586 -0.267185 0.937904
VERTEX_POSE A304 -0.899513 -0.131145 0.000000 -0.731986 -0.302847 0.673278 -0.458750 0.104369 0.835364
VERTEX_POSE A305 0.104986 -0.990818 0.000000 -0.183736 -0.928005 0.165888 0.295722 -0.968877 0.226618
VERTEX_POSE A306 0.705391 -0.109051 0.000000 -0.589462 0.787519 0.664290 0.599261 -0.459623 -0.143876
VERTEX_POSE A307 -0.625032 -0.561715 0.000000 0.928566 0.108008 0.241210 -0.902756 0.282105 0.416373
VERTEX_POSE A308 0.236098 0.764987 0.000000 -0.276108 -0.680989 0.959254 -0.151220 -0.059969 0.716509
VERTEX_POSE A309 0.871701 0.105764 0.000000 -0.531086 0.512936 -0.691453 0.197684 -0.489735 -0.835355
VERTEX_POSE A310 0.601767 0.674760 0.000000 0.704703 0.029807 0.524025 -0.695435 -0.478321 -0.717970
VERTEX_POSE A311 -0.535870 -0.055587 0.000000 -0.392983 -0.716648 0.382695 -0.697210 -0.836128 0.017715
VERTEX_POSE A312 0.170721 0.758443 0.000000 0.640886 0.767260 -0.578035 0.461757 -0.505115 0.445076
VERTEX_POSE A313 -0.656620 -0.388378 0.000000 -0.256248 0.817686 0.318142 0.574925 0.912755 0.029168
VERTEX_POSE A314 0.353503 -0.280527 0.000000 -0.168904 0.745750 -0.307374 -0.661100 0.936479 -0.082484
VERTEX_POSE A315 -0.545822 0.712879 0.000000 0.709424 0.163832 0.285507 -0.956033 -0.644363 -0.243229
VERTEX_POSE A316 -0.746916 0.564110 0.000000 -0.486088 0.607966 0.846819 0.150209 -0.215906 -0.779624
VERTEX_POSE A317 0.663650 0.599788 0.000000 0.608805 -0.782698 0.381192 0.431645 -0.695736 -0.448404
VERTEX_POSE A318 0.470903 0.825265 0.000000 -0.149995 0.909042 -0.730523 0.163066 -0.666212 -0.383475
VERTEX_POSE A319 0.422703 -0.521253 0.000000 0.449426 -0.068713 -0.556574 -0.801409 0.698743 -0.594156
VERTEX_POSE A320 0.848878 0.142238 0.000000 -0.798834 -0.585065 -0.516688 0.548265 -0.308055 0.597582
VERTEX_POSE A321 0.125532 -0.989809 0.000000 0.360965 -0.408824 0.312168 0.899909 0.878781 -0.151746
VERTEX_POSE A322 0.213765 -0.523963 0.000000 -0.627802 -0.476103 0.642197 -0.763851 -0.439827 -0.435726
VERTEX_POSE A323 -0.597098 0.597900 0.000000 0.590620 0.670172 -0.215081 0.667606 -0.777759 0.324301
VERTEX_POSE A324 0.409321 0.086288 0.000000 -0.128806 -0.910649 -0.034790 0.399795 -0.991059 0.104321
VERTEX_POSE A325 -0.657102 0.718538 0.000000 0.452932 -0.854070 -0.200642 -0.377169 0.868674 0.358201
VERTEX_POSE A326 0.874131 -0.260221 0.000000 0.057971 0.487551 0.728761 -0.617077 0.682309 0.617665
VERTEX_POSE A327 0.138630 -0.675557 0.000000 -0.887645 -0.418559 -0.128791 0.626062 -0.442153 0.657917
VERTEX_POSE A328 -0.630307 -0.720206 0.000000 0.558913 -0.049446 0.632047 0.671577 0.536780 -0.739283
VERTEX_POSE A329 0.642268 -0.693484 0.000000 -0.802585 -0.396071 -0.061143 -0.689221 -0.593396 0.606714
VERTEX_POSE A330 -0.122678 -0.566578 0.000000 -0.484117 -0.831488 0.854708 -0.382685 0.187362 -0.402715
VERTEX_POSE A331 -0.857283 -0.353153 0.000000 0.923086 -0.042756 -0.222723 0.750765 -0.313538 -0.659185
VERTEX_POSE A332 0.792251 -0.029379 0.000000 0.968938 0.214228 0.238066 -0.943265 0.066955 0.253687
VERTEX_POSE A333 0.066460 0.997053 0.000000 0.637387 -0.320367 0.594934 0.782582 -0.489684 0.533788
VERTEX_POSE A334 0.090199 -0.614541 0.000000 -0.463536 0.060571 -0.041118 0.995116 -0.885124 -0.077949
VERTEX_POSE A335 -0.958798 -0.266437 0.000000 0.324435 0.053877 -0.284114 0.957828 0.902231 0.282247
VERTEX_POSE A336 -0.546186 -0.786226 0.000000 0.279854 -0.666647 0.722448 0.620142 -0.632259 0.413527
VERTEX_POSE A337 -0.746131 0.299803 0.000000 0.218635 0.899989 0.698926 0.125263 0.680956 -0.417528
VERTEX_POSE A338 -0.853350 -0.095221 0.000000 0.353145 0.415142 0.235406 -0.906756 -0.905468 -0.073830
VERTEX_POSE A339 -0.356179 -0.611464 0.000000 -0.123511 0.992333 -0.257353 -0.027610 -0.958391 -0.120471
VERTEX_POSE A340 -0.575464 -0.626969 0.000000 0.262478 -0.654910 0.809195 0.549463 -0.525651 0.518830
VERTEX_POSE A341 0.397774 -0.775601 0.000000 -0.724047 -0.607668 0.348771 0.085638 -0.595075 0.789561
VERTEX_POSE A342 -0.476659 -0.380644 0.000000 0.765090 -0.027024 0.141694 -0.967564 0.628140 0.251176
VERTEX_POSE A343 0.073134 -0.915440 0.000000 -0.136125 0.763868 -0.289162 0.578417 0.947552 0.286251
VERTEX_POSE A344 -0.776350 0.341470 0.000000 0.638231 0.423290 -0.748710 0.535666 -0.179151 -0.730676
VERTEX_POSE A345 0.480380 0.864722 0.000000 -0.683492 -0.598337 0.724814 -0.624183 -0.086504 -0.502383
VERTEX_POSE A346 0.483959 0.580825 0.000000 0.453831 -0.724693 -0.883460 -0.441900 -0.116343 0.528719
VERTEX_POSE A347 -0.313592 -0.583185 0.000000 0.381150 0.384445 0.704940 0.467546 -0.598151 0.795992
VERTEX_POSE A348 0.505097 0.510237 0.000000 0.334576 -0.478323 0.604568 0.769878 -0.722881 0.422487
VERTEX_POSE A349 -0.058562 0.824933 0.000000 -0.544986 0.645787 0.216573 -0.507710 0.809992 0.570254
VERTEX_POSE A350 -0.999078 -0.033601 0.000000 0.681069 0.214027 -0.236799 0.969318 0.692871 0.120897
VERTEX_POSE A351 0.037797 -0.393561 0.000000 -0.510500 0.214621 -0.843392 0.063734 0.167571 0.974616
VERTEX_POSE A352 -0.625604 0.510401 0.000000 0.748618 -0.546316 0.348434 0.806218 -0.564061 -0.227047
VERTEX_POSE A353 0.141184 0.817869 0.000000 -0.135986 -0.026126 -0.982785 0.129751 -0.125065 -0.991202
VERTEX_POSE A354 0.617254 -0.678694 0.000000 0.102496 -0.993102 -0.826687 -0.053196 -0.553248 -0.104496
VERTEX_POSE A355 -0.783214 -0.482069 0.000000 0.393547 -0.840264 0.811343 0.508209 0.432253 -0.188889
VERTEX_POSE A356 0.860035 0.443718 0.000000 -0.850491 -0.344276 -0.472905 0.169502 -0.230275 0.923441
VERTEX_POSE A357 0.288964 -0.016674 0.000000 -0.901685 -0.425971 0.242681 -0.640663 0.357868 -0.638826
VERTEX_POSE A358 0.205865 -0.769956 0.000000 0.490318 0.395499 -0.011955 0.894076 -0.871462 0.210258
VERTEX_POSE A359 0.586273 0.591212 0.000000 0.922050 -0.353606 0.246918 0.850568 0.298085 0.389226
VERTEX_POSE A360 0.313663 0.293066 0.000000 0.202632 -0.820208 0.977917 0.198042 0.051180 -0.536692
VERTEX_POSE A361 -0.942797 -0.016981 0.000000 0.748755 -0.636101 0.384365 0.645756 0.540028 0.422344
VERTEX_POSE A362 -0.905637 -0.406628 0.000000 -0.469079 0.078939 -0.664259 0.624828 -0.582001 -0.776762
VERTEX_POSE A363 -0.132080 0.000875 0.000000 -0.726856 0.555285 0.629335 0.774134 0.274986 -0.303934
VERTEX_POSE A364 0.848076 -0.135281 0.000000 0.395407 -0.912274 -0.804792 -0.400150 0.442677 0.087381
VERTEX_POSE A365 -0.477273 0.224959 0.000000 0.037613 0.838820 0.694208 0.369001 0.718791 -0.400275
VERTEX_POSE A366 0.175164 0.981902 0.000000 0.174618 0.676404 -0.151549 -0.699575 -0.972904 0.230374
VERTEX_POSE A367 -0.734787 0.179064 0.000000 -0.667971 -0.094280 -0.582647 0.683351 -0.462965 -0.723977
VERTEX_POSE A368 0.616421 -0.476102 0.000000 0.554256 0.323212 0.649792 -0.743917 0.520163 0.584911
VERTEX_POSE A369 0.239539 -0.645368 0.000000 -0.809673 0.056326 -0.412119 -0.763243 0.417837 -0.643652
VERTEX_POSE A370 -0.425066 0.871228 0.000000 0.573061 0.101235 0.426650 -0.884107 -0.699693 -0.456186
VERTEX_POSE A371 0.584896 0.471382 0.000000 0.489336 0.814411 -0.785873 0.566847 0.378092 0.124175
VERTEX_POSE A372 -0.154275 -0.119339 0.000000 -0.580121 0.777562 0.327616 -0.049950 -0.745740 -0.626820
VERTEX_POSE A373 0.315677 -0.946602 0.000000 0.558459 0.679742 0.783450 -0.243813 0.272635 -0.691741
VERTEX_POSE A374 0.201092 -0.127235 0.000000 0.736948 0.649475 -0.668966 0.661036 0.096914 -0.375783
VERTEX_POSE A375 -0.156026 0.974710 0.000000 0.658808 -0.750158 -0.528519 -0.407703 0.535387 0.520617
VERTEX_POSE A376 -0.096762 0.856440 0.000000 0.959433 -0.241275 0.183603 0.927299 0.213960 0.286186
VERTEX_POSE A377 -0.365636 0.443277 0.000000 -0.093019 -0.949924 -0.849722 0.231902 0.518960 0.209441
VERTEX_POSE A378 0.478273 -0.536316 0.000000 0.689632 -0.166063 0.303877 0.949870 0.657318 -0.264897
VERTEX_POSE A379 -0.568792 0.414172 0.000000 0.679438 0.458823 -0.285527 0.884188 0.675899 -0.087707
VERTEX_POSE A380 0.745371 -0.652241 0.000000 -0.084701 0.261783 -0.031653 -0.965090 0.995903 -0.008409
VERTEX_POSE A381 0.524134 0.701143 0.000000 0.435827 -0.899834 0.184021 0.068664 0.881017 0.430794
VERTEX_POSE A382 0.416289 -0.821429 0.000000 0.114740 0.476607 -0.634586 0.710203 -0.764288 -0.518128
VERTEX_POSE A383 -0.715139 -0.560570 0.000000 0.968793 -0.224391 -0.079778 -0.684492 -0.234681 -0.693627
VERTEX_POSE A384 -0.901382 -0.085302 0.000000 -0.517181 0.730565 0.744962 0.127770 -0.421374 -0.670783
VERTEX_POSE A385 0.172230 -0.970145 0.000000 0.554557 -0.817747 -0.611775 -0.275086 -0.564091 -0.505586
VERTEX_POSE A386 -0.638995 -0.221311 0.000000 -0.153420 0.253214 0.867662 -0.428058 -0.472890 -0.867554
VERTEX_POSE A387 -0.577879 -0.493980 0.000000 0.710302 0.700011 -0.112921 0.009744 0.694780 -0.714066
VERTEX_POSE A388 -0.825208 0.170468 0.000000 0.295485 0.937493 0.617205 -0.334209 -0.729210 0.097009
VERTEX_POSE A389 0.524600 0.584670 0.000000 -0.373045 -0.508313 0.846204 -0.529475 0.380494 0.679172
VERTEX_POSE A390 -0.581362 -0.532714 0.000000 0.049165 0.800843 -0.598034 -0.455012 0.799962 -0.389377
VERTEX_POSE A391 0.666631 -0.745230 0.000000 0.456012 0.745434 -0.671855 0.646616 0.583664 0.161917
VERTEX_POSE A392 0.266202 -0.938771 0.000000 -0.165294 -0.832949 -0.439625 -0.417082 0.882841 -0.363646
VERTEX_POSE A393 -0.798371 -0.341889 0.000000 -0.094453 -0.863469 -0.225094 0.503338 -0.969748 -0.032731
VERTEX_POSE A394 -0.593413 0.793498 0.000000 0.047480 0.086567 0.920484 -0.390653 0.387885 0.916458
VERTEX_POSE A395 0.452680 0.467684 0.000000 -0.274188 -0.941688 0.360241 -0.288630 -0.891654 0.172962
VERTEX_POSE A396 -0.122974 0.950149 0.000000 -0.742563 -0.636947 0.515653 -0.346323 0.427437 -0.688737
VERTEX_POSE A397 0.698021 -0.122415 0.000000 -0.799281 0.597223 0.408646 0.621747 0.440635 0.506711
VERTEX_POSE A398 0.489512 -0.720781 0.000000 0.401517 -0.753682 -0.915780 -0.337494 0.011444 -0.563969
VERTEX_POSE A399 -0.235428 -0.651151 0.000000 -0.207766 0.706898 -0.238937 0.633582 -0.948547 -0.314434
VERTEX_POSE A400 0.372178 0.434246 0.000000 0.485411 -0.832571 0.645716 0.135638 -0.589429 -0.537054
VERTEX_POSE A401 -0.881621 0.441746 0.000000 0.771735 -0.043730 0.063188 0.997969 -0.632797 0.046322
VERTEX_POSE A402 0.158561 0.600081 0.000000 0.722047 0.276367 0.451941 0.505701 0.523830 -0.817244
VERTEX_POSE A403 0.965183 -0.261528 0.000000 0.701998 -0.675360 -0.431378 -0.150703 0.566667 0.721926
VERTEX_POSE A404 0.670685 0.726861 0.000000 0.451060 -0.296439 -0.557748 -0.829984 0.696751 -0.472493
VERTEX_POSE A405 0.164330 -0.339959 0.000000 0.391807 -0.912308 0.181651 -0.050176 -0.901937 -0.406418
VERTEX_POSE A406 0.332450 0.750973 0.000000 -0.702454 -0.700686 -0.455977 0.308320 0.546482 -0.643411
VERTEX_POSE A407 -0.927977 0.152493 0.000000 0.133049 0.743894 -0.767798 0.495213 0.626725 0.448760
VERTEX_POSE A408 -0.728471 -0.440525 0.000000 -0.420485 -0.355782 0.903195 -0.251537 0.086198 0.900082
VERTEX_POSE A409 -0.259020 -0.531885 0.000000 0.721467 0.606496 -0.563347 0.794690 -0.402648 -0.025131
VERTEX_POSE A410 0.202219 -0.068860 0.000000 0.565018 -0.010035 0.357848 -0.898004 0.743438 0.439874
VERTEX_POSE A411 0.974139 0.116820 0.000000 0.548355 0.834813 -0.746609 0.515092 -0.376671 0.194338
VERTEX_POSE A412 -0.675880 0.573012 0.000000 -0.837328 -0.541350 -0.487223 0.675614 0.247984 -0.500487
VERTEX_POSE A413 -0.521897 0.071954 0.000000 0.571399 -0.663034 0.535845 -0.144922 -0.621589 -0.734428
VERTEX_POSE A414 0.732614 0.490128 0.000000 -0.290823 0.673898 -0.520342 0.484301 -0.802911 -0.557954
VERTEX_POSE A415 -0.117979 -0.591931 0.000000 -0.882287 -0.116775 0.027055 -0.979718 0.469933 -0.162836
VERTEX_POSE A416 0.854455 0.315388 0.000000 0.375717 0.664570 -0.734128 0.638792 0.565591 0.387674
VERTEX_POSE A417 0.505393 -0.688687 0.000000 0.439477 -0.072519 0.247539 0.967919 -0.863472 0.240572
VERTEX_POSE A418 0.200609 -0.516297 0.000000 0.511391 0.202914 0.590776 -0.788691 0.624069 0.580338
VERTEX_POSE A419 -0.335054 -0.834768 0.000000 0.672387 -0.315698 -0.270417 -0.946734 -0.689036 0.063483
VERTEX_POSE A420 0.274697 0.858202 0.000000 -0.885369 -0.242882 -0.304937 0.947020 -0.350905 -0.210145
VERTEX_POSE A421 0.418270 0.299416 0.000000 0.578334 0.788221 0.064488 0.212838 0.813247 -0.577414
VERTEX_POSE A422 -0.860741 -0.507844 0.000000 0.879901 -0.461695 0.213922 0.173878 0.424278 0.869830
VERTEX_POSE A423 -0.390220 0.702326 0.000000 -0.420254 -0.743082 -0.760310 -0.024908 0.495293 -0.668737
VERTEX_POSE A424 0.815948 -0.552950 0.000000 0.236056 0.900967 0.800494 0.032096 0.550896 -0.432698
VERTEX_POSE A425 0.212483 0.558288 0.000000 0.945573 -0.118385 -0.085963 0.807513 0.313851 0.577847
VERTEX_POSE A426 0.714883 -0.040070 0.000000 -0.715992 0.685379 -0.055506 0.133605 0.695898 0.715825
VERTEX_POSE A427 -0.323303 -0.904176 0.000000 -0.633219 0.558316 0.056384 0.723993 -0.771916 -0.405114
VERTEX_POSE A428 -0.546116 -0.047482 0.000000 -0.514184 0.559484 -0.330775 -0.828663 -0.791330 -0.017157
VERTEX_POSE A429 0.759805 0.392371 0.000000 0.692508 -0.183551 -0.319345 0.789180 -0.646878 -0.586093
VERTEX_POSE A430 0.484827 -0.505938 0.000000 0.181654 0.534405 0.955601 -0.293986 -0.232009 -0.792454
VERTEX_POSE A431 0.617852 -0.379213 0.000000 0.185370 0.053566 0.656045 0.736653 0.731603 -0.674146
VERTEX_POSE A432 0.602321 -0.131492 0.000000 0.921312 0.215044 0.122934 0.629301 0.368878 -0.746818
VERTEX_POSE A433 0.634526 -0.519595 0.000000 -0.871196 -0.133391 0.400587 -0.749499 0.283810 0.648427
VERTEX_POSE A434 0.755411 -0.253091 0.000000 -0.509601 -0.704241 0.549038 -0.708504 0.662468 0.045456
VERTEX_POSE A435 0.386457 -0.572802 0.000000 0.761488 -0.630837 -0.555188 -0.753372 -0.334517 -0.185676
VERTEX_POSE A436 -0.044857 0.885087 0.000000 0.204240 -0.265134 0.866728 -0.398495 -0.455047 -0.878013
VERTEX_POSE A437 -0.394434 -0.441741 0.000000 0.947528 -0.181892 0.297727 0.202690 0.116401 0.962202
VERTEX_POSE A438 -0.855039 0.517794 0.000000 0.254402 -0.850192 -0.711977 0.157901 -0.654498 -0.502236
VERTEX_POSE A439 -0.277761 -0.503314 0.000000 0.067120 -0.445834 -0.786324 -0.574312 0.614157 -0.686584
VERTEX_POSE A440 0.474694 -0.005165 0.000000 -0.757628 0.287766 -0.652478 -0.356602 0.016488 -0.888834
VERTEX_POSE A441 0.667358 -0.649863 0.000000 0.103577 -0.336553 0.912166 0.407286 0.396516 -0.849029
VERTEX_POSE A442 -0.424792 0.721902 0.000000 -0.260332 0.766842 -0.926951 -0.028484 -0.270165 -0.641204
VERTEX_POSE A443 0.490111 -0.323950 0.000000 -0.899113 -0.363876 -0.412348 0.890590 -0.146852 -0.272846
VERTEX_POSE A444 -0.656816 0.620912 0.000000 0.291458 0.865708 -0.031304 0.433815 0.956071 -0.249707
VERTEX_POSE A445 -0.605634 -0.772425 0.000000 0.751693 0.567320 -0.313842 -0.140794 0.580052 -0.811372
VERTEX_POSE A446 -0.398806 0.845708 0.000000 0.729111 -0.645027 -0.524821 -0.312400 0.439272 0.697386
VERTEX_POSE A447 -0.878009 -0.463736 0.000000 -0.788263 -0.197805 0.142187 0.862745 -0.598685 0.465343
VERTEX_POSE A448 -0.441836 -0.234086 0.000000 0.586268 -0.804345 -0.651091 -0.396919 0.482048 0.442136
VERTEX_POSE A449 0.821780 -0.492793 0.000000 -0.829603 0.359828 0.508472 0.802785 -0.230682 0.475457
VERTEX_POSE A450 -0.716351 -0.256179 0.000000 -0.605629 -0.759873 -0.379693 0.536845 -0.699319 0.366593
VERTEX_POSE A451 0.620339 -0.659638 0.000000 0.461564 0.830034 0.750230 -0.553554 -0.473406 -0.067974
VERTEX_POSE A452 0.463410 0.883735 0.000000 0.009716 0.898953 -0.513525 0.380279 0.858020 0.217418
VERTEX_POSE A453 -0.564328 0.237503 0.000000 -0.224085 -0.454845 0.848708 -0.525801 -0.479042 -0.718783
VERTEX_POSE A454 -0.728805 -0.635489 0.000000 0.342123 0.426098 -0.701454 0.708852 0.625231 0.562111
VERTEX_POSE A455 0.140792 -0.503461 0.000000 -0.175640 0.624549 0.153941 -0.746062 -0.972344 -0.230932
VERTEX_POSE A456 0.432292 0.539676 0.000000 -0.524967 -0.528028 -0.844635 0.226552 0.104886 -0.818450
VERTEX_POSE A457 0.862169 -0.012667 0.000000 -0.837729 0.130402 0.485006 -0.268588 0.250955 0.954388
VERTEX_POSE A458 0.629502 -0.689221 0.000000 -0.743447 -0.634249 0.571352 -0.437427 -0.347625 0.637484
VERTEX_POSE A459 -0.763308 -0.462258 0.000000 -0.518908 0.543624 0.831301 0.500732 -0.199180 0.673602
VERTEX_POSE A460 0.361739 -0.667847 0.000000 -0.647694 0.215748 0.752283 0.029189 -0.120675 -0.976013
VERTEX_POSE A461 -0.483804 0.461948 0.000000 -0.081246 0.765264 -0.446943 -0.600633 -0.890865 0.231543
VERTEX_POSE A462 0.866792 0.043863 0.000000 -0.527760 0.558669 0.692919 0.718830 0.491256 -0.413730
VERTEX_POSE A463 0.491103 0.097779 0.000000 0.043468 0.670461 0.329595 0.690241 -0.943121 0.272122
VERTEX_POSE A464 -0.398734 0.742635 0.000000 -0.462925 0.441136 0.354299 -0.702977 0.812510 0.557873
VERTEX_POSE A465 0.515249 0.666771 0.000000 0.099857 -0.256456 0.837396 -0.500188 -0.537398 -0.827068
VERTEX_POSE A466 -0.657959 0.125775 0.000000 0.561021 0.452757 -0.479390 0.860200 -0.674864 -0.234662
VERTEX_POSE A467 0.656272 0.579310 0.000000 -0.840604 -0.449726 0.429292 -0.213306 0.330293 -0.867322
VERTEX_POSE A468 -0.614569 -0.743084 -0.453631 -0.745278 -0.153711 -0.608188 -0.242067 -0.273254 0.958007
VERTEX_POSE A469 -0.045459 -0.301786 0.525941 0.011613 0.734064 0.803729 -0.410821 -0.594883 -0.540718
VERTEX_POSE A470 -0.432783 0.714203 0.000000 -0.351450 -0.812919 -0.123959 -0.451246 0.927964 -0.368157
VERTEX_POSE A471 0.826096 0.558492 0.000000 0.809471 0.178907 0.413444 0.502623 0.416919 -0.845791
VERTEX_POSE A472 -0.567043 0.806627 0.000000 -0.694222 0.214753 0.708147 0.033023 0.128777 0.976110
VERTEX_POSE A473 0.643259 0.560127 0.000000 -0.433269 -0.770202 -0.566607 0.636634 0.700881 0.038546
VERTEX_POSE A474 0.099221 -0.992601 0.000000 0.859370 0.077827 -0.272894 -0.766040 0.432450 -0.638063
VERTEX_POSE A475 -0.505967 -0.110889 0.000000 -0.798670 -0.523177 0.094680 -0.597207 -0.594274 0.607972
VERTEX_POSE A476 0.424190 0.905329 1.000000 -0.463950 0.882022 0.006448 0.096366 -0.885838 -0.461249
VERTEX_POSE A477 0.446935 -0.229506 0.000000 -0.648236 -0.517743 -0.257088 -0.541379 -0.716726 0.662458
VERTEX_POSE A478 -0.254395 0.956477 0.000000 0.781544 0.610706 -0.550163 0.578437 0.294126 -0.540786
VERTEX_POSE A479 -0.556149 -0.265613 0.000000 -0.806520 0.562999 0.586557 0.723793 0.074005 0.398944
VERTEX_POSE A480 0.525330 -0.850461 1.000000 -0.790472 -0.068344 -0.596880 0.308939 -0.137436 -0.948623
VERTEX_POSE A481 0.190467 0.086270 0.000000 -0.424101 -0.824450 -0.359298 -0.226643 -0.831290 0.518570
VERTEX_POSE A482 -0.871589 0.209915 0.000000 -0.974165 -0.067763 -0.152312 0.901454 0.166745 0.427538
VERTEX_POSE A483 -0.015830 -0.915268 0.000000 0.381478 -0.880782 0.760607 0.126625 0.525311 0.456277
VERTEX_POSE A484 0.663527 -0.416727 1.000000 -0.862850 -0.490412 -0.157063 0.029932 -0.480438 0.870977
VERTEX_POSE A485 -0.612077 0.175215 0.000000 -0.820157 -0.539831 -0.338823 0.725217 0.461022 -0.427367
VERTEX_POSE A486 0.767526 -0.562217 0.000000 -0.678889 0.714205 0.480733 0.607734 -0.554982 -0.347233
VERTEX_POSE A487 0.619264 0.774408 0.000000 -0.641158 -0.690133 0.500433 -0.044452 -0.581793 0.722316
VERTEX_POSE A488 -0.526875 -0.707361 0.000000 -0.026627 -0.069785 -0.789443 0.613435 -0.613246 -0.786656
VERTEX_POSE A489 0.211438 -0.646061 0.000000 0.190254 -0.133653 -0.595880 0.771607 -0.780212 -0.621899
VERTEX_POSE A490 0.707779 -0.686593 8.253952 0.505188 0.809906 -0.692942 0.586536 -0.514409 0.005285
VERTEX_POSE A491 0.264057 0.038847 0.000000 0.252834 0.868401 0.777397 0.080117 0.575958 -0.489347
VERTEX_POSE A492 -0.702018 0.603017 0.000000 0.294183 0.638934 -0.557662 -0.489225 -0.776189 0.593651
VERTEX_POSE A493 0.678811 0.405704 0.000000 -0.781933 -0.609492 0.411152 -0.346588 -0.468545 0.713019
VERTEX_POSE A494 -0.194610 0.959215 0.000000 0.041247 -0.758280 -0.570966 0.516491 0.819937 0.397806
VERTEX_POSE A495 -0.314999 0.136831 0.000000 0.839574 0.539429 -0.531743 0.840245 0.111195 -0.054818
VERTEX_POSE A496 0.523937 0.289362 1.000000 0.258222 -0.945692 -0.193411 0.149643 0.946527 0.288572
VERTEX_POSE A497 0.845206 -0.060202 0.000000 0.353228 0.236152 0.443744 0.809552 -0.823603 0.537455
VERTEX_POSE A498 -0.726880 0.402869 0.000000 -0.291275 -0.742364 0.340247 0.509083 -0.894087 0.435580
VERTEX_POSE A499 0.594240 0.774937 0.000000 0.788582 0.264780 0.110533 0.826815 -0.604914 0.496255
VERTEX_POSE A500 -0.348980 0.924383 1.000000 -0.040708 0.817945 -0.964208 -0.182760 0.262003 -0.545495
VERTEX_POSE A501 -0.926769 -0.364802 0.000000 -0.903331 0.377611 0.138074 0.705099 0.406115 0.600204
VERTEX_POSE A502 0.743922 0.136254 0.000000 0.755044 -0.534834 -0.457891 -0.016063 -0.469302 -0.844804
VERTEX_POSE A503 0.402831 0.689698 0.000000 0.875894 -0.470538 -0.122305 -0.002430 0.466745 0.882376
VERTEX_POSE A504 0.518088 0.706098 1.000000 0.735472 -0.286069 0.183817 0.956745 -0.652144 -0.052948
VERTEX_POSE A505 0.164949 0.471284 0.000000 0.375150 0.885928 -0.598542 0.006830 -0.707821 0.463773
VERTEX_POSE A506 0.558885 -0.470095 0.000000 -0.700126 -0.373883 -0.144137 -0.760400 -0.699319 0.531040
VERTEX_POSE A507 0.304700 0.882580 0.000000 0.154477 0.627850 -0.957231 -0.096071 0.244633 -0.772382
VERTEX_POSE A508 0.092759 -0.669531 0.000000 -0.961597 -0.260259 -0.082155 0.575917 0.261880 -0.774974
VERTEX_POSE A509 -0.988523 -0.150565 0.000000 0.639314 0.186473 -0.560474 0.777203 0.526447 0.600985
VERTEX_POSE A510 0.677375 -0.432254 0.000000 0.159633 0.960167 0.006636 -0.233356 0.987154 -0.153700
VERTEX_POSE A511 -0.707333 -0.604999 0.000000 -0.683588 -0.607396 -0.253258 0.717423 -0.684520 0.341138
VERTEX_POSE A512 0.447721 0.525494 0.432647 -0.357202 -0.811721 0.695019 -0.561491 -0.623983 -0.160740
VERTEX_POSE A513 0.708242 0.285492 0.559278 0.604063 0.412264 0.697646 -0.687233 -0.385225 -0.598122
VERTEX_POSE A514 0.095378 -0.470956 0.000000 -0.302810 0.775359 0.732231 -0.182931 -0.610036 -0.604446
VERTEX_POSE A515 0.618397 -0.662346 0.000000 -0.525775 0.255245 0.232550 -0.874445 0.818218 0.412548
VERTEX_POSE A516 -0.820045 -0.352763 0.000000 0.551246 -0.292149 -0.805097 -0.432082 -0.218965 0.853203
VERTEX_POSE A517 -0.258560 -0.474121 0.000000 0.546150 0.053416 -0.729957 -0.459236 0.410954 -0.886707
VERTEX_POSE A518 0.408295 0.689716 0.000000 0.206166 0.969417 0.362309 0.050764 -0.908971 0.240111
VERTEX_POSE A519 -0.791470 -0.058920 0.000000 0.112398 -0.324735 0.510376 -0.792033 0.852575 0.516944
VERTEX_POSE A520 -0.589462 -0.002346 1.000000 0.795160 -0.496772 -0.125957 -0.696284 0.593174 0.518079
VERTEX_POSE A521 -0.191202 -0.971175 0.000000 0.716340 -0.670170 0.165655 0.433767 -0.677802 -0.602261
VERTEX_POSE A522 -0.677309 0.733263 0.000000 0.340903 -0.477492 -0.731662 0.406129 0.590301 0.779141
VERTEX_POSE A523 -0.177166 -0.241479 0.000000 0.438625 0.886789 0.000629 0.161766 -0.898670 0.432940
VERTEX_POSE A524 -0.248109 0.887524 1.000000 0.662426 0.725025 0.083288 0.178779 0.744483 -0.665114
VERTEX_POSE A525 -0.016792 0.396788 0.000000 -0.304808 -0.252596 -0.513178 -0.768696 -0.802334 0.587624
VERTEX_POSE A526 0.265509 -0.938703 0.000000 0.542645 0.209329 0.835965 -0.040228 0.081843 -0.977017
VERTEX_POSE A527 -0.812422 -0.340632 0.000000 -0.315918 0.898472 0.870973 0.402069 0.376300 -0.176317
VERTEX_POSE A528 -0.538996 -0.758776 1.000000 0.407883 -0.239820 0.904680 0.236383 -0.123229 0.941599
VERTEX_POSE A529 0.518591 0.043189 0.000000 0.387187 0.506545 -0.700036 0.705284 0.600029 0.495970
VERTEX_POSE A530 -0.764504 -0.485615 0.000000 -0.449288 -0.870727 -0.758363 0.253409 -0.472257 0.421447
VERTEX_POSE A531 0.015056 -0.670907 0.000000 -0.217601 0.643873 0.635648 -0.476833 0.740677 0.598379
VERTEX_POSE A532 0.541876 -0.696119 0.000000 -0.260327 -0.595954 0.698453 -0.659456 0.666629 0.458210
VERTEX_POSE A533 0.699733 0.684058 0.000000 0.286623 -0.924510 0.102127 -0.231279 0.952584 0.302972
VERTEX_POSE A534 -0.691490 -0.601026 8.793306 0.186183 -0.967294 0.036566 -0.168396 -0.981834 -0.189697
VERTEX_POSE A535 0.107304 0.463160 0.000000 -0.330654 0.562199 -0.262071 0.716916 -0.906635 -0.412268
VERTEX_POSE A536 -0.211471 -0.422581 0.000000 -0.954487 -0.255142 0.166456 -0.885424 0.247483 -0.388493
VERTEX_POSE A537 -0.934499 -0.176750 0.000000 0.634075 -0.773268 0.403039 0.332959 -0.659930 -0.539624
VERTEX_POSE A538 0.234886 0.915440 0.000000 0.312392 0.654821 0.735615 -0.625140 -0.601068 -0.424747
VERTEX_POSE A539 0.673193 0.089317 0.000000 0.585882 -0.222234 -0.749711 -0.513762 0.307693 -0.828650
VERTEX_POSE A540 -0.691246 0.338250 1.000000 0.074282 -0.680165 0.992535 0.121357 -0.096725 0.722944
VERTEX_POSE A541 -0.222282 -0.940365 0.000000 0.537528 0.182709 0.276103 0.884295 -0.796763 0.429698
VERTEX_POSE A542 0.680271 0.705078 0.000000 0.073248 -0.974564 0.828838 0.177600 -0.554674 0.136687
VERTEX_POSE A543 -0.329633 0.538305 0.000000 -0.299450 -0.299418 0.574939 0.701108 -0.761429 0.647145
VERTEX_POSE A544 0.057781 0.639806 1.000000 0.632057 -0.636502 -0.774921 -0.518590 -0.000770 -0.570902
VERTEX_POSE A545 0.226768 -0.755990 0.000000 -0.754052 -0.630787 0.656491 -0.732556 0.020600 0.255869
VERTEX_POSE A546 -0.900399 0.159757 0.000000 -0.752967 -0.428485 0.350649 0.380989 0.556854 -0.819297
VERTEX_POSE A547 0.332527 -0.347085 0.000000 0.837461 -0.028104 -0.545593 -0.100415 0.031421 -0.994549
VERTEX_POSE A548 -0.786949 -0.598414 1.000000 0.471076 -0.701787 -0.058746 0.579525 -0.880134 -0.414301
VERTEX_POSE A549 0.262468 -0.545219 0.000000 0.394703 -0.255929 0.597412 -0.658207 -0.698075 -0.708000
VERTEX_POSE A550 0.881535 0.270689 0.000000 0.053169 -0.998562 -0.766605 -0.045242 0.639914 0.028769
VERTEX_POSE A551 0.337039 -0.934550 0.000000 -0.544813 0.754334 0.832860 0.435935 -0.097580 -0.490857
VERTEX_POSE A552 -0.066798 0.431196 0.000000 0.289435 -0.924539 0.082612 0.282149 0.953626 0.256165
VERTEX_POSE A553 -0.871347 0.414134 0.000000 0.452318 -0.589415 -0.880513 -0.414446 0.141793 -0.693415
VERTEX_POSE A554 0.786651 0.189490 0.000000 0.408722 0.340936 0.604019 -0.796437 -0.684184 -0.499450
VERTEX_POSE A555 0.515407 0.322422 0.000000 0.398609 -0.899321 0.875684 0.314944 -0.272560 -0.303366
VERTEX_POSE A556 0.256647 0.900761 0.317042 0.340370 -0.620286 0.540058 -0.486265 -0.769731 -0.615460
VERTEX_POSE A557 0.010958 0.359781 0.204168 0.797566 -0.022664 -0.223963 0.916744 -0.560116 -0.398833
VERTEX_POSE A558 0.495389 -0.680823 0.000000 -0.067498 -0.584980 0.088911 -0.810385 -0.993750 -0.032771
VERTEX_POSE A559 0.419910 0.731373 0.000000 0.573124 -0.611792 0.292088 0.774119 -0.765645 -0.162637
VERTEX_POSE A560 0.038760 -0.670563 0.000000 0.123867 -0.991526 -0.917924 -0.099503 0.376925 0.083522
VERTEX_POSE A561 0.804388 -0.418921 0.000000 -0.438483 -0.040023 0.312805 0.929750 -0.842547 0.366009
VERTEX_POSE A562 -0.346581 -0.932789 0.000000 0.088572 -0.489000 0.242783 0.855523 0.966029 -0.170176
VERTEX_POSE A563 -0.364125 0.230975 0.000000 0.502510 -0.556323 -0.757939 -0.651739 0.415947 -0.515501
VERTEX_POSE A564 0.924324 -0.363267 1.000000 0.650708 0.605570 0.143663 -0.690595 0.745614 -0.395428
VERTEX_POSE A565 -0.368318 -0.769133 0.000000 -0.502991 -0.791624 -0.082928 0.443707 -0.860304 0.420066
VERTEX_POSE A566 -0.543724 -0.140700 0.000000 0.907417 -0.417258 0.055863 0.002069 0.416502 0.908786
VERTEX_POSE A567 -0.750609 0.522531 0.000000 0.496759 0.011345 -0.385022 -0.893252 -0.777810 0.449412
VERTEX_POSE A568 0.070920 0.193144 1.000000 -0.128243 0.212439 -0.990958 0.011402 0.039446 0.977108
VERTEX_POSE A569 0.773910 -0.629615 0.000000 0.364361 -0.468945 -0.019110 -0.867543 0.931062 0.165710
VERTEX_POSE A570 -0.593631 -0.709387 0.000000 -0.446442 -0.608917 0.712881 -0.684908 -0.540824 -0.400151
VERTEX_POSE A571 0.755595 -0.328867 0.000000 0.236528 0.808317 0.321097 0.458685 0.917034 -0.369095
VERTEX_POSE A572 -0.433212 -0.240380 1.000000 -0.251886 -0.204235 -0.147477 -0.957960 0.956454 -0.201495
VERTEX_POSE A573 -0.683444 0.715913 0.000000 -0.054802 -0.816683 0.415746 -0.541762 0.907828 0.198804
VERTEX_POSE A574 0.714622 0.617297 0.000000 0.659361 -0.725243 -0.461555 -0.598529 0.593473 0.340274
VERTEX_POSE A575 0.619089 -0.339157 0.000000 -0.053235 0.979614 0.868276 -0.050402 -0.493216 -0.194464
VERTEX_POSE A576 0.275024 0.858606 0.802621 -0.892722 -0.060679 -0.215344 0.927865 -0.395821 -0.367947
VERTEX_POSE A577 -0.956748 0.288796 0.304407 -0.241688 0.458685 -0.503249 -0.812699 0.829655 -0.359343
VERTEX_POSE A578 0.474710 0.141693 8.620085 0.741260 0.228036 0.571240 0.279534 -0.352448 0.932663
VERTEX_POSE A579 0.871003 -0.217491 0.000000 0.993465 0.069290 -0.072016 -0.235910 -0.088544 0.969302
VERTEX_POSE A580 0.443111 -0.830050 0.000000 -0.664434 -0.611526 0.146161 -0.670074 -0.732915 0.420758
VERTEX_POSE A581 -0.039997 -0.395667 0.000000 -0.313725 0.790922 -0.942759 -0.325351 -0.113063 0.518256
VERTEX_POSE A582 -0.495639 -0.566232 0.000000 0.203407 -0.903943 0.227279 -0.330125 0.952350 0.271853
VERTEX_POSE A583 -0.800809 0.591475 0.000000 0.205267 0.764099 -0.977708 0.131881 0.044188 -0.631474
VERTEX_POSE A584 -0.347553 -0.437656 1.000000 0.562725 -0.807684 0.752418 0.588642 -0.342356 -0.033880
VERTEX_POSE A585 -0.684939 0.722480 0.000000 -0.620325 0.688299 0.678247 0.711546 0.393926 -0.141232
VERTEX_POSE A586 0.751032 -0.413675 0.000000 -0.354889 0.921600 -0.789688 -0.205500 0.500447 0.329276
VERTEX_POSE A587 0.655758 0.558248 0.000000 0.601509 0.696161 -0.222758 0.617216 0.767181 -0.366612
VERTEX_POSE A588 0.558459 0.700285 1.000000 -0.497192 -0.477555 -0.022780 -0.827424 0.867341 -0.295484
VERTEX_POSE A589 -0.247503 0.652288 0.000000 0.474463 0.726797 0.713708 0.012637 -0.515273 0.686736
VERTEX_POSE A590 0.424439 0.472365 0.000000 -0.438532 -0.714477 -0.584068 0.687614 -0.683048 -0.129263
VERTEX_POSE A591 0.797804 -0.598561 0.000000 0.614743 0.752776 0.672648 -0.344510 -0.411869 0.560930
VERTEX_POSE A592 0.325072 0.940611 1.000000 0.534434 -0.409126 0.313165 -0.716908 -0.785053 -0.564498
VERTEX_POSE A593 -0.914733 0.339006 0.000000 -0.654908 0.710090 0.154376 -0.209256 -0.739773 -0.672298
VERTEX_POSE A594 -0.874916 0.399316 0.000000 0.219240 -0.705141 -0.022128 -0.694552 -0.975420 -0.142735
VERTEX_POSE A595 -0.447722 -0.451343 0.000000 -0.772903 -0.183976 -0.072003 -0.925433 0.630426 -0.331251
VERTEX_POSE A596 0.152589 -0.464614 0.000000 -0.763093 -0.025073 -0.283921 0.910665 -0.580585 -0.412385
VERTEX_POSE A597 -0.408941 -0.833182 0.000000 0.510205 -0.236977 -0.682624 0.473184 0.523179 0.848492
VERTEX_POSE A598 0.308464 0.897663 0.000000 -0.560644 -0.767574 -0.020903 -0.361927 -0.827793 0.528999
VERTEX_POSE A599 -0.684713 0.439203 0.000000 -0.197385 0.974127 -0.480736 -0.194039 -0.854360 -0.115872
VERTEX_POSE A600 -0.640355 0.001679 0.926106 -0.074996 0.236261 -0.222405 0.943092 -0.972066 -0.234004
VERTEX_POSE A601 0.469273 0.792507 0.000000 0.995017 -0.097675 -0.058710 -0.736181 0.080583 0.669699
VERTEX_POSE A602 0.870207 -0.490525 0.000000 -0.063253 0.719884 -0.597458 0.527457 -0.799402 -0.451173
VERTEX_POSE A603 0.172376 0.390780 0.000000 0.415780 0.053674 0.909462 -0.027019 -0.002261 -0.998193
VERTEX_POSE A604 0.609038 0.484447 4929769663206434556756106719243555299427331264920697598914398212614809753906777867120299571615017338617576122701945747643448804104216760760224974570994337550469578604739210972496564047081459696452671373312.000000 0.746616 -0.065155 0.176234 0.979008 0.641487 -0.193129
VERTEX_POSE A605 0.539264 -0.833540 254736390291291889030922121258850660424501441023379822259963935954914725725432940630493166131664627692932379993406330093364458701043890969258665463427181890508822414413552810983424.000000 -0.393552 -0.526157 0.106182 0.788509 0.913150 -0.318453
VERTEX_POSE A606 -0.849766 -0.267185 0.000000 0.566986 -0.285353 0.484592 -0.643030 -0.666106 -0.710694
VERTEX_POSE A607 -0.337586 0.937904 20501866451337168053189560792064226319547775958351486434605468436284037989645490279678039395484825527040722291151541508450190370438103211413438508882310610343659748866787619270098045783142774385055450559223531831296.000000 0.877644 0.335662 -0.346029 -0.050259 0.331670 -0.940641
VERTEX_POSE A608 0.673278 0.104369 54516411287282881103620573661049282232049455624225566907766293486944114775489419510216473978623760465169262049097688632643007058210239961430227364061010573877892109631258095084661486834624878580594535132737235168202608021438567414343105260856279040.000000 0.773850 -0.153141 0.195480 0.980706 -0.602448 0.121504
VERTEX_POSE A609 -0.458750 0.835364 142717957228170451229169223632419449712023085313770128632411546919873682261239807686955431172197865275394498470016097032557935271454908504114485378486968050179891252175986467684330858598783887032262100137109926466652443578630334962549204381954211840.000000 -0.043134 -0.487716 0.429443 0.778956 -0.902063 0.394157
VERTEX_POSE A610 0.165888 -0.968877 37316738923474115733261719628800385799184125072574718531182175390581577988623128776844964764147918527234058057349660137317923228681926050302090253616151384153984071959032999133593159702126970020036608.000000 -0.704063 0.571922 0.633554 0.238111 -0.320786 -0.784989
VERTEX_POSE A611 0.295722 0.226618 11205294219072322049568244776645769362493385600298016939841652046102068468760269855466933301681613695326029112990759323677081957231912197895818912034902085698352900439291634758035513664142899319535452409177581814561284667489287273129426147588421760057344.000000 -0.885086 0.260040 0.402018 0.845054 0.234531 -0.467186
VERTEX_POSE A612 0.664290 -0.459623 1.000000 -0.168728 0.734195 0.451771 -0.535390 0.876033 0.417511
VERTEX_POSE A613 0.599261 -0.143876 0.000000 0.824313 -0.174359 -0.374030 -0.881913 -0.424983 0.437983
VERTEX_POSE A614 0.241210 0.282105 0.000000 -0.704601 -0.575031 0.147826 0.454138 0.694036 -0.680513
VERTEX_POSE A615 -0.902756 0.416373 0.000000 -0.677780 -0.407619 0.333680 0.571096 -0.655188 0.712528
VERTEX_POSE A616 0.959254 -0.059969 4929769663206434556756106719243555299427331264920697598914398212614809753906777867120299571615017338617576122701945747643448804104216760760224974570994337550469578604739210972496564047081459696452671373312.000000 0.701883 -0.636982 0.050777 0.491133 0.710480 0.594173
VERTEX_POSE A617 -0.151220 0.716509 254736390291291889030922121258850660424501441023379822259963935954914725725432940630493166131664627692932379993406330093364458701043890969258665463427181890508822414413552810983424.000000 -0.431330 -0.393693 0.602533 0.543987 0.671498 -0.741002
VERTEX_POSE A618 -0.691453 -0.489735 0.000000 0.959854 0.238331 -0.263840 0.588100 0.095227 -0.772876
VERTEX_POSE A619 0.197684 -0.835355 20501866451337168053189560792064226319547775958351486434605468436284037989645490279678039395484825527040722291151541508450190370438103211413438508882310610343659748866787619270098045783142774385055450559223531831296.000000 0.851595 0.522220 0.200811 -0.405206 0.484212 -0.750396
VERTEX_POSE A620 0.524025 -0.478321 54516411287282881103620573661049282232049455624225566907766293486944114775489419510216473978623760465169262049097688632643007058210239961430227364061010573877892109631258095084661486834624878580594535132737235168202608021438567414343105260856279040.000000 0.594162 -0.653696 0.590266 0.750179 0.546404 -0.099566
VERTEX_POSE A621 -0.695435 -0.717970 142717957228170451229169223632419449712023085313770128632411546919873682261239807686955431172197865275394498470016097032557935271454908504114485378486968050179891252175986467684330858598783887032262100137109926466652443578630334962549204381954211840.000000 -0.576978 -0.642780 -0.587845 -0.101523 -0.567040 0.759294
VERTEX_POSE A622 0.382695 -0.836128 37316738923474115733261719628800385799184125072574718531182175390581577988623128776844964764147918527234058057349660137317923228681926050302090253616151384153984071959032999133593159702126970020036608.000000 0.443737 -0.613515 -0.792020 0.072554 0.419287 0.786343
VERTEX_POSE A623 -0.697210 0.017715 11205294246384509166644127883276842297287657537402947028047611871085140465745766381567954266633399990095915487873800237467784510098272729471091831404070392088699980308097400203724917295607667978630242654467422520653876189206292577090929733037029001789440.000000 -0.752829 -0.397269 0.612412 -0.130523 0.241247 -0.908373
VERTEX_POSE A624 -0.578035 -0.505115 0.000000 -0.204360 -0.236089 -0.800397 0.599017 0.563562 0.765141
VERTEX_POSE A625 0.461757 0.445076 0.000000 0.555241 0.445090 -0.649265 -0.295963 -0.519771 0.845163
VERTEX_POSE A626 0.318142 0.912755 0.000000 0.636843 0.204480 0.581750 -0.760190 -0.505962 -0.616684
VERTEX_POSE A627 0.574925 0.029168 0.000000 -0.521965 -0.682552 -0.448350 -0.290641 -0.725627 0.670560
VERTEX_POSE A628 -0.307374 0.936479 4929769663206434556756106719243555299427331264920697598914398212614809753906777867120299571615017338617576122701945747643448804104216760760224974570994337550469578604739210972496564047081459696452671373312.000000 0.277470 0.902946 -0.778037 0.411584 -0.563622 -0.123643
VERTEX_POSE A629 -0.661100 -0.082484 254736390291291889030922121258850660424501441023379822259963935954914725725432940630493166131664627692932379993406330093364458701043890969258665463427181890508822414413552810983424.000000 0.284801 0.202172 0.280981 -0.952176 -0.916481 -0.229099
VERTEX_POSE A630 0.285507 -0.644363 0.000000 -0.712437 0.588338 -0.515437 -0.808599 0.476191 0.004981
VERTEX_POSE A631 -0.956033 -0.243229 20501866451337168053189560792064226319547775958351486434605468436284037989645490279678039395484825527040722291151541508450190370438103211413438508882310610343659748866787619270098045783142774385055450559223531831296.000000 0.716021 -0.600057 0.653539 0.755813 -0.245360 0.262064
VERTEX_POSE A632 0.846819 -0.215906 54516411287282881103620573661049282232049455624225566907766293486944114775489419510216473978623760465169262049097688632643007058210239961430227364061010573877892109631258095084661486834624878580594535132737235168202608021438567414343105260856279040.000000 -0.792171 -0.187662 0.560230 0.153849 0.242087 -0.970110
VERTEX_POSE A633 0.150209 -0.779624 142717957228170451229169223632419449712023085313770128632411546919873682261239807686955431172197865275394498470016097032557935271454908504114485378486968050179891252175986467684330858598783887032262100137109926466652443578630334962549204381954211840.000000 -0.320643 0.889841 0.337080 -0.213073 0.885192 0.403465
VERTEX_POSE A634 0.381192 -0.695736 37316738923474115733261719628800385799184125072574718531182175390581577988623128776844964764147918527234058057349660137317923228681926050302090253616151384153984071959032999133593159702126970020036608.000000 -0.622373 -0.555664 0.183909 -0.788385 -0.760808 0.263982
VERTEX_POSE A635 0.431645 -0.448404 11205294273696696283720010989907915232081929474507877116253571696068212462731262907668975231585186284865801862756841151258487062964633261046364750773238698479047060176903165649414320927072436637725032899757263226746467710923297881052433318485636243521536.000000 0.544869 0.249173 0.451545 -0.891752 0.706558 0.377746
VERTEX_POSE A636 -0.730523 -0.666212 1.000000 0.507184 -0.859687 0.644223 0.425076 -0.572487 -0.283282
VERTEX_POSE A637 0.163066 -0.383475 0.000000 0.989836 0.106288 0.036858 -0.833424 -0.137354 0.542316
VERTEX_POSE A638 -0.556574 0.698743 0.000000 -0.592741 0.778011 -0.049291 0.223010 -0.803884 -0.587338
VERTEX_POSE A639 -0.801409 -0.594156 0.000000 0.451507 0.402893 -0.302258 0.908560 0.839513 0.110434
VERTEX_POSE A640 -0.516688 -0.308055 4929769663206434556756106719243555299427331264920697598914398212614809753906777867120299571615017338617576122701945747643448804104216760760224974570994337550469578604739210972496564047081459696452671373312.000000 -0.320957 0.073395 -0.074995 0.991893 -0.944120 -0.103741
VERTEX_POSE A641 0.548265 0.597582 254736390291291889030922121258850660424501441023379822259963935954914725725432940630493166131664627692932379993406330093364458701043890969258665463427181890508822414413552810983424.000000 0.408537 -0.574433 -0.911760 -0.292874 0.042327 -0.764364
VERTEX_POSE A642 0.312168 0.878781 0.000000 -0.410333 0.063346 0.832088 -0.382212 -0.373171 -0.921901
VERTEX_POSE A643 0.899909 -0.151746 20501866451337168053189560792064226319547775958351486434605468436284037989645490279678039395484825527040722291151541508450190370438103211413438508882310610343659748866787619270098045783142774385055450559223531831296.000000 -0.620505 0.781939 -0.258718 -0.132455 0.740296 0.609119
VERTEX_POSE A644 0.642197 -0.439827 54516411287282881103620573661049282232049455624225566907766293486944114775489419510216473978623760465169262049097688632643007058210239961430227364061010573877892109631258095084661486834624878580594535132737235168202608021438567414343105260856279040.000000 -0.065674 0.621184 0.760531 0.537790 0.645971 -0.570011
VERTEX_POSE A645 -0.763851 -0.435726 142717957228170451229169223632419449712023085313770128632411546919873682261239807686955431172197865275394498470016097032557935271454908504114485378486968050179891252175986467684330858598783887032262100137109926466652443578630334962549204381954211840.000000 -0.041002 0.582669 -0.136954 -0.807968 -0.989728 0.087664
VERTEX_POSE A646 -0.215081 -0.777759 37316738923474115733261719628800385799184125072574718531182175390581577988623128776844964764147918527234058057349660137317923228681926050302090253616151384153984071959032999133593159702126970020036608.000000 0.698255 -0.577047 -0.715842 -0.565505 -0.003201 0.589255
VERTEX_POSE A647 0.667606 0.324301 11205294301008883400795894096538988166876201411612807204459531521051284459716759433769996196536972579635688237639882065049189615830993792621637670142407004869394140045708931095103724558537205296819823145047103932839059232640303185013936903934243485253632.000000 0.717956 0.654419 -0.613441 0.433771 -0.328982 0.619337
VERTEX_POSE A648 -0.034790 -0.991059 0.000000 -0.072234 -0.815464 -0.995945 0.028018 0.053620 -0.578129
VERTEX_POSE A649 0.399795 0.104321 0.000000 0.464881 0.580138 -0.837229 0.533759 0.287982 0.615257
VERTEX_POSE A650 -0.200642 0.868674 0.000000 -0.312751 0.015405 0.576656 -0.791433 0.754755 0.611062
VERTEX_POSE A651 -0.377169 0.358201 0.000000 -0.477506 0.631891 0.803184 0.595616 -0.356208 0.495939
VERTEX_POSE A652 0.728761 0.682309 4929769663206434556756106719243555299427331264920697598914398212614809753906777867120299571615017338617576122701945747643448804104216760760224974570994337550469578604739210972496564047081459696452671373312.000000 0.261915 -0.665118 0.852409 -0.180345 0.452548 0.724634
VERTEX_POSE A653 -0.617077 0.617665 254736390291291889030922121258850660424501441023379822259963935954914725725432940630493166131664627692932379993406330093364458701043890969258665463427181890508822414413552810983424.000000 -0.348234 0.695739 0.872309 -0.004881 0.343234 0.718278
VERTEX_POSE A654 -0.128791 -0.442153 0.000000 -0.090802 -0.994385 -0.789361 0.105134 0.607178 -0.012030
VERTEX_POSE A655 0.626062 0.657917 20501866451337168053189560792064226319547775958351486434605468436284037989645490279678039395484825527040722291151541508450190370438103211413438508882310610343659748866787619270098045783142774385055450559223531831296.000000 0.510832 0.416372 -0.859278 0.220545 -0.026288 0.882040
VERTEX_POSE A656 0.632047 0.536780 54516411287282881103620573661049282232049455624225566907766293486944114775489419510216473978623760465169262049097688632643007058210239961430227364061010573877892109631258095084661486834624878580594535132737235168202608021438567414343105260856279040.000000 -0.121277 -0.896293 -0.720153 -0.216296 -0.683133 0.387137
VERTEX_POSE A657 0.671577 -0.739283 142717957228170451229169223632419449712023085313770128632411546919873682261239807686955431172197865275394498470016097032557935271454908504114485378486968050179891252175986467684330858598783887032262100137109926466652443578630334962549204381954211840.000000 0.644043 0.556995 0.423290 -0.830439 0.637209 -0.011318
VERTEX_POSE A658 -0.061143 -0.593396 37316738923474115733261719628800385799184125072574718531182175390581577988623128776844964764147918527234058057349660137317923228681926050302090253616151384153984071959032999133593159702126970020036608.000000 0.104375 -0.447745 0.370985 -0.810948 -0.922755 -0.376680
VERTEX_POSE A659 -0.689221 0.606714 11205294328321070517871777203170061101670473348717737292665491346034356456702255959871017161488758874405574612522922978839892168697354324196910589511575311259741219914514696540793128190001973955914613390336944638931650754357308488975440489382850726985728.000000 0.807811 -0.498035 -0.115040 0.391386 -0.578106 -0.773808
VERTEX_POSE A660 0.854708 0.187362 1.000000 -0.535167 -0.604091 -0.758806 0.650952 0.371227 0.459712
VERTEX_POSE A661 -0.382685 -0.402715 0.000000 0.204607 -0.627835 0.927241 -0.121497 -0.313624 -0.768806
VERTEX_POSE A662 -0.222723 -0.313538 0.000000 0.508375 0.061129 -0.601336 -0.688794 -0.616401 0.722375
VERTEX_POSE A663 0.750765 -0.659185 0.000000 0.748188 -0.507012 -0.613985 -0.284605 -0.251472 -0.813596
VERTEX_POSE A664 0.238066 0.066955 4929769663206434556756106719243555299427331264920697598914398212614809753906777867120299571615017338617576122701945747643448804104216760760224974570994337550469578604739210972496564047081459696452671373312.000000 0.602958 0.761821 0.543508 -0.174994 -0.583988 0.623704
VERTEX_POSE A665 -0.943265 0.253687 254736390291291889030922121258850660424501441023379822259963935954914725725432940630493166131664627692932379993406330093364458701043890969258665463427181890508822414413552810983424.000000 0.016998 -0.953626 0.496298 0.268965 0.867986 -0.135113
VERTEX_POSE A666 0.594934 -0.489684 0.000000 -0.852616 0.005478 -0.512124 0.189870 -0.103798 -0.981794
VERTEX_POSE A667 0.782582 0.533788 20501866451337168053189560792064226319547775958351486434605468436284037989645490279678039395484825527040722291151541508450190370438103211413438508882310610343659748866787619270098045783142774385055450559223531831296.000000 0.756637 0.625118 0.590859 -0.528217 0.279975 -0.574643
VERTEX_POSE A668 -0.041118 -0.885124 54516411287282881103620573661049282232049455624225566907766293486944114775489419510216473978623760465169262049097688632643007058210239961430227364061010573877892109631258095084661486834624878580594535132737235168202608021438567414343105260856279040.000000 -0.028289 -0.999185 -0.763253 0.002983 0.645480 -0.040264
VERTEX_POSE A669 0.995116 -0.077949 142717957228170451229169223632419449712023085313770128632411546919873682261239807686955431172197865275394498470016097032557935271454908504114485378486968050179891252175986467684330858598783887032262100137109926466652443578630334962549204381954211840.000000 -0.010500 -0.818667 0.252840 -0.557719 -0.967451 -0.136873
VERTEX_POSE A670 -0.284114 0.902231 37316738923474115733261719628800385799184125072574718531182175390581577988623128776844964764147918527234058057349660137317923228681926050302090253616151384153984071959032999133593159702126970020036608.000000 -0.318588 -0.345484 -0.256473 -0.865061 0.912537 -0.363746
VERTEX_POSE A671 0.957828 0.282247 11205294355633257634947660309801134036464745285822667380871451171017428453687752485972038126440545169175460987405963892630594721563714855772183508880743617650088299783320461986482531821466742615009403635626785345024242276074313792936944074831457968717824.000000 0.629636 0.537539 0.776476 -0.411840 -0.025374 0.735826
VERTEX_POSE A672 0.722448 -0.632259 1.000000 -0.675237 0.680888 0.325910 -0.069545 -0.661693 -0.729078
VERTEX_POSE A673 0.620142 0.413527 0.000000 0.120192 0.966030 -0.834794 -0.026373 -0.537283 0.257081
VERTEX_POSE A674 0.698926 0.680956 0.000000 0.832909 -0.497113 0.107265 0.576120 0.542914 0.648818
VERTEX_POSE A675 0.125263 -0.417528 0.000000 -0.702785 -0.682290 -0.683855 0.725955 0.196050 0.086431
VERTEX_POSE A676 0.235406 -0.905468 4929769663206434556756106719243555299427331264920697598914398212614809753906777867120299571615017338617576122701945747643448804104216760760224974570994337550469578604739210972496564047081459696452671373312.000000 0.651662 0.721437 0.733134 -0.519869 0.194554 -0.457454
VERTEX_POSE A677 -0.906756 -0.073830 254736390291291889030922121258850660424501441023379822259963935954914725725432940630493166131664627692932379993406330093364458701043890969258665463427181890508822414413552810983424.000000 -0.019913 -0.396354 0.984624 0.151584 -0.173546 0.905497
VERTEX_POSE A678 -0.257353 -0.958391 0.000000 -0.498238 -0.705935 -0.163198 0.646577 -0.851543 0.289126
VERTEX_POSE A679 -0.027610 -0.120471 20501866451337168053189560792064226319547775958351486434605468436284037989645490279678039395484825527040722291151541508450190370438103211413438508882310610343659748866787619270098045783142774385055450559223531831296.000000 0.224010 -0.435058 -0.730513 -0.667276 0.645113 -0.604539
VERTEX_POSE A680 0.809195 -0.525651 54516411287282881103620573661049282232049455624225566907766293486944114775489419510216473978623760465169262049097688632643007058210239961430227364061010573877892109631258095084661486834624878580594535132737235168202608021438567414343105260856279040.000000 0.695786 0.487685 -0.571165 0.820817 0.435491 0.297360
VERTEX_POSE A681 0.549463 0.518830 142717957228170451229169223632419449712023085313770128632411546919873682261239807686955431172197865275394498470016097032557935271454908504114485378486968050179891252175986467684330858598783887032262100137109926466652443578630334962549204381954211840.000000 -0.431649 -0.758142 0.709871 0.048823 0.556563 -0.650259
VERTEX_POSE A682 0.348771 -0.595075 37316738923474115733261719628800385799184125072574718531182175390581577988623128776844964764147918527234058057349660137317923228681926050302090253616151384153984071959032999133593159702126970020036608.000000 -0.412145 -0.799662 -0.078437 0.508626 0.907736 -0.319125
VERTEX_POSE A683 0.085638 0.789561 170579312608294397288425562476781478657348116557409361067516113173529313554748649852649210474915032992695019659618577779349752939921984615483773778965161769930218126055639616659548900788495293435291430151545253289952454459654116247582160622041547392834294584737033988603904.000000 -0.647761 -0.588698 0.722027 -0.271866 -0.243070 0.761265
VERTEX_POSE A684 0.141694 0.628140 0.000000 -0.369446 0.814623 -0.190147 0.404688 0.909590 0.415472
VERTEX_POSE A685 -0.967564 0.251176 0.000000 -0.670621 0.720569 0.721452 0.688812 -0.172553 0.079488
VERTEX_POSE A686 -0.289162 0.947552 0.000000 -0.702255 -0.672857 0.352570 -0.044860 -0.618492 0.738411
VERTEX_POSE A687 0.578417 0.286251 0.000000 -0.337797 -0.908338 0.911764 -0.380828 -0.233623 -0.172892
VERTEX_POSE A688 -0.748710 -0.179151 0.000000 -0.085849 -0.742308 0.993386 -0.012726 -0.076253 0.669938
VERTEX_POSE A689 0.535666 -0.730676 0.756836 -0.636170 0.771263 0.265932 0.244718 -0.724271 -0.587593
VERTEX_POSE A690 0.724814 -0.086504 0.000000 0.022605 -0.133256 -0.786119 0.609938 0.617662 0.781165
VERTEX_POSE A691 -0.624183 -0.502383 0.000000 0.463282 -0.618368 0.280586 0.781824 0.840620 0.079833
VERTEX_POSE A692 -0.883460 -0.116343 48282.085574 -0.368936 -0.826417 0.664579 -0.554485 0.649785 0.097884
VERTEX_POSE A693 -0.441900 0.528719 16668.777887 0.292170 0.712825 -0.131553 -0.630384 -0.947275 0.307403
VERTEX_POSE A694 0.704940 -0.598151 11681.952872 -0.121706 -0.678938 -0.936997 0.319240 -0.327451 -0.661157
VERTEX_POSE A695 0.467546 0.795992 11681.952872 -0.728017 -0.325694 -0.391519 -0.524810 0.562765 -0.786446
VERTEX_POSE A696 0.604568 -0.722881 4064.803809 0.703575 -0.424563 0.185022 -0.664801 0.686112 0.614643
VERTEX_POSE A697 0.769878 0.422487 2741.249358 -0.396956 -0.891069 0.914630 -0.364006 -0.076668 0.271102
VERTEX_POSE A698 0.216573 0.809992 2231.446153 -0.104149 0.196851 0.802774 0.595288 -0.587117 0.779027
VERTEX_POSE A699 -0.507710 0.570254 2231.446153 -0.136222 0.721894 0.985782 0.030768 0.098374 0.691319
VERTEX_POSE A700 -0.236799 0.692871 1301.860409 -0.728815 0.344085 -0.683149 -0.307039 0.046230 0.887318
VERTEX_POSE A701 0.969318 0.120897 1205.958222 -0.561595 -0.802839 0.808148 -0.480334 -0.177506 0.353168
VERTEX_POSE A702 -0.843392 0.167571 1121.059917 0.543683 -0.835212 0.649905 0.481262 0.531067 0.266098
VERTEX_POSE A703 0.063734 0.974616 1121.059917 0.595123 -0.411797 -0.403337 0.589694 -0.695088 -0.694754
VERTEX_POSE A704 0.348434 -0.564061 713.245026 -0.503221 -0.425013 -0.483238 -0.583433 0.716414 -0.692076
VERTEX_POSE A705 0.806218 -0.227047 650.586875 0.841978 0.191011 0.315034 -0.933293 -0.437980 -0.304105
VERTEX_POSE A706 -0.982785 -0.125065 650.586875 0.159452 0.330923 0.701944 0.624462 0.694153 -0.707486
VERTEX_POSE A707 0.129751 -0.991202 486.551768 0.390190 0.617373 0.858716 0.023666 -0.332202 0.786315
VERTEX_POSE A708 -0.826687 -0.553248 436.995702 0.545389 -0.563008 -0.828238 -0.248215 0.128731 0.788296
VERTEX_POSE A709 -0.053196 -0.104496 372.674883 0.458447 -0.167918 0.705959 -0.527707 0.539859 0.832664
VERTEX_POSE A710 0.811343 0.432253 372.674883 -0.492039 0.757529 -0.464156 -0.645177 0.736517 0.099483
VERTEX_POSE A711 0.508209 -0.188889 334.376946 0.390833 -0.473210 0.181220 0.880500 -0.902446 -0.028126
VERTEX_POSE A712 -0.472905 -0.230275 323.810960 -0.924290 -0.081053 0.012037 -0.982897 -0.381502 0.165359
VERTEX_POSE A713 0.169502 0.923441 295.400159 -0.101922 -0.160785 -0.667988 -0.720214 -0.737159 0.674863
VERTEX_POSE A714 0.242681 0.357868 295.400159 0.663168 0.703725 -0.730220 0.533568 -0.164276 0.469123
VERTEX_POSE A715 -0.640663 -0.638826 261.923434 -0.813791 -0.578166 0.114015 -0.258207 -0.569864 0.773985
VERTEX_POSE A716 -0.011955 -0.871462 253.079038 -0.129646 0.972742 -0.991544 -0.126057 0.005762 0.194633
VERTEX_POSE A717 0.894076 0.210258 226.150203 0.670326 0.713174 -0.434642 0.601298 0.601456 -0.360309
VERTEX_POSE A718 0.246918 0.298085 208.039147 0.977772 0.109075 0.065743 0.651470 -0.199097 0.750792
VERTEX_POSE A719 0.850568 0.389226 190.052881 -0.542007 -0.658257 0.638676 0.081383 -0.546189 0.748381
VERTEX_POSE A720 0.977917 0.051180 169.331815 -0.243265 -0.873024 0.403376 -0.487349 -0.882105 0.017902
VERTEX_POSE A721 0.198042 -0.536692 169.331815 0.638552 -0.686018 0.543429 0.081063 -0.544919 -0.723055
VERTEX_POSE A722 0.384365 0.540028 148.456003 0.474582 0.368673 -0.843787 0.449069 0.250591 0.813890
VERTEX_POSE A723 0.645756 0.422344 148.456003 0.793363 0.204812 -0.238787 -0.761525 0.559961 -0.614923
VERTEX_POSE A724 -0.664259 -0.582001 138.704178 0.819103 0.053975 -0.338718 -0.757975 0.462969 -0.650047
VERTEX_POSE A725 0.624828 -0.776762 138.704178 -0.386883 -0.870808 -0.445755 -0.111358 -0.807232 0.478845
VERTEX_POSE A726 0.629335 0.274986 136.576266 -0.354633 0.773147 -0.377886 0.395873 -0.855241 -0.495507
VERTEX_POSE A727 0.774134 -0.303934 134.562401 -0.076560 0.080943 -0.399745 0.910597 -0.913423 -0.405292
VERTEX_POSE A728 -0.804792 0.442677 130.572085 -0.319959 0.704619 0.916685 0.061315 -0.239404 -0.706932
VERTEX_POSE A729 -0.400150 0.087381 121.862635 0.546539 -0.429846 -0.535855 0.480013 0.643549 0.764735
VERTEX_POSE A730 0.694208 0.718791 121.862635 0.068018 -0.513097 0.819915 0.517375 0.568430 -0.684875
VERTEX_POSE A731 0.369001 -0.400275 114.444297 -0.015529 0.744144 -0.193641 0.653036 0.980950 0.140690
VERTEX_POSE A732 -0.151549 -0.972904 105.088141 -0.538189 -0.808832 -0.774997 0.585414 0.331258 0.055513
VERTEX_POSE A733 -0.699575 0.230374 105.088141 0.657088 0.609034 0.576779 -0.026803 0.485347 -0.792691
VERTEX_POSE A734 -0.582647 -0.462965 99.927079 -0.018687 -0.509198 -0.904060 0.376142 -0.426998 -0.774102
VERTEX_POSE A735 0.683351 -0.723977 99.927079 -0.517192 0.779614 -0.601740 -0.624648 0.608622 0.044912
VERTEX_POSE A736 0.649792 0.520163 98.153580 -0.416850 0.549361 0.781396 0.623601 0.464388 -0.556169
VERTEX_POSE A737 -0.743917 0.584911 97.497854 -0.853567 -0.260472 0.233354 0.583168 0.465800 -0.769460
VERTEX_POSE A738 -0.412119 0.417837 89.724510 0.209973 0.785575 -0.031563 -0.589566 0.977198 -0.187841
VERTEX_POSE A739 -0.763243 -0.643652 89.724510 0.722010 -0.681652 0.691568 0.716178 0.020873 -0.149798
VERTEX_POSE A740 0.426650 -0.699693 85.703930 0.471523 0.397127 0.054614 -0.904298 0.880161 -0.156639
VERTEX_POSE A741 -0.884107 -0.456186 85.703930 0.187050 -0.519981 -0.715892 0.508823 0.672689 0.686089
VERTEX_POSE A742 -0.785873 0.378092 82.795713 0.404193 -0.701137 0.544454 -0.331605 0.734982 0.631225
VERTEX_POSE A743 0.566847 0.124175 82.795713 0.476574 0.504312 0.792343 -0.601267 -0.380880 -0.619796
VERTEX_POSE A744 0.327616 -0.745740 80.551084 0.986787 -0.100115 -0.081949 0.369874 -0.139771 -0.923672
VERTEX_POSE A745 -0.049950 -0.626820 80.551084 0.975120 -0.219475 0.013536 -0.081454 -0.221265 -0.972212
VERTEX_POSE A746 0.783450 0.272635 78.940732 -0.717387 -0.445098 -0.633222 0.737361 -0.290493 -0.508121
VERTEX_POSE A747 -0.243813 -0.691741 75.952010 0.727729 -0.657012 -0.477781 -0.279713 0.492073 0.700069
VERTEX_POSE A748 -0.668966 0.096914 69.509375 -0.801079 -0.167323 -0.181525 -0.847001 0.570369 -0.504571
VERTEX_POSE A749 0.661036 -0.375783 69.509375 -0.772081 -0.211759 0.018672 -0.950006 0.635250 -0.229448
VERTEX_POSE A750 -0.528519 0.535387 62.100934 0.598908 -0.479711 0.720750 0.671892 -0.349038 0.564303
VERTEX_POSE A751 -0.407703 0.520617 62.100934 0.050293 -0.621376 -0.996542 0.020623 -0.066138 -0.783241
VERTEX_POSE A752 0.183603 0.213960 60.267065 -0.570941 0.178828 0.488054 -0.710880 -0.660173 -0.680198
VERTEX_POSE A753 0.927299 0.286186 60.267065 -0.992596 -0.106719 -0.045402 -0.116968 -0.112660 0.987385
VERTEX_POSE A754 -0.849722 0.518960 59.081139 0.189285 -0.759065 -0.938170 -0.327053 -0.289840 0.562901
VERTEX_POSE A755 0.231902 0.209441 59.081139 0.750139 -0.319692 -0.614078 -0.011969 -0.245358 -0.947446
VERTEX_POSE A756 0.303877 0.657318 57.842189 0.982990 -0.117160 -0.181332 -0.741328 0.029144 -0.660838
VERTEX_POSE A757 0.949870 -0.264897 57.131885 -0.034310 -0.215940 0.209762 0.953075 0.977150 -0.212175
VERTEX_POSE A758 -0.285527 0.675899 53.678035 0.543447 -0.471981 -0.125864 0.771802 -0.829954 -0.426094
VERTEX_POSE A759 0.884188 -0.087707 50.144786 -0.950851 0.156659 -0.041593 -0.919377 -0.306842 -0.360837
VERTEX_POSE A760 -0.031653 0.995903 46.579390 -0.870733 0.358706 -0.390993 -0.919865 -0.298243 0.158677
VERTEX_POSE A761 -0.965090 -0.008409 46.579390 -0.762081 -0.634100 -0.439930 0.655497 -0.475073 0.410173
VERTEX_POSE A762 0.184021 0.881017 46.579390 -0.603067 0.295696 0.602925 0.777080 0.522295 -0.555617
VERTEX_POSE A763 0.068664 0.430794 42.550086 -0.494767 -0.417801 -0.839245 0.002138 -0.225550 0.908536
VERTEX_POSE A764 -0.634586 -0.764288 42.550086 -0.717060 -0.614925 -0.581253 0.787385 -0.384670 -0.043495
VERTEX_POSE A765 0.710203 -0.518128 40.834954 0.760468 -0.622346 -0.350165 -0.633443 0.546875 0.459821
VERTEX_POSE A766 -0.079778 -0.234681 40.339259 -0.268135 0.852061 0.935003 0.117739 -0.232106 -0.510029
VERTEX_POSE A767 -0.684492 -0.693627 36.117495 -0.629403 0.185602 0.528596 0.814040 0.569595 -0.550355
VERTEX_POSE A768 0.744962 -0.421374 33.900553 -0.900516 -0.195419 0.434814 -0.399167 0.002696 -0.895811
VERTEX_POSE A769 0.127770 -0.670783 31.956213 -0.872618 0.174469 -0.393587 0.301833 0.289185 0.937261
VERTEX_POSE A770 -0.611775 -0.564091 29.450726 0.166059 0.982889 0.321133 -0.130332 -0.932362 0.130168
VERTEX_POSE A771 -0.275086 -0.505586 27.025761 -0.437627 -0.413791 -0.157526 -0.838802 0.885251 -0.353820
VERTEX_POSE A772 0.867662 -0.472890 27.025761 -0.395516 0.890699 0.045653 0.262762 0.917324 0.370959
VERTEX_POSE A773 -0.428058 -0.867554 27.025761 0.387973 -0.567235 -0.875161 -0.473941 0.289084 -0.673517
VERTEX_POSE A774 -0.112921 0.694780 25.979791 -0.959886 -0.186494 0.166125 0.223291 -0.225878 0.956745
VERTEX_POSE A775 0.009744 -0.714066 25.634614 0.724491 -0.683364 -0.689276 -0.717633 -0.003305 -0.134225
VERTEX_POSE A776 0.617205 -0.729210 24.258980 0.755372 -0.655032 0.275306 0.342967 0.594659 0.673281
VERTEX_POSE A777 -0.334209 0.097009 24.258980 -0.450948 0.738100 0.267544 -0.424629 0.851508 0.524308
VERTEX_POSE A778 0.846204 0.380494 23.388667 0.443788 -0.692428 0.463976 0.720623 -0.766667 0.035297
VERTEX_POSE A779 -0.529475 0.679172 23.388667 -0.625777 -0.584528 0.450668 -0.811373 -0.636633 0.000196
VERTEX_POSE A780 -0.598034 0.799962 22.903657 -0.409264 -0.738045 0.063584 -0.609600 -0.910198 0.289271
VERTEX_POSE A781 -0.455012 -0.389377 21.839216 -0.425199 0.889214 -0.611013 -0.144388 -0.667735 -0.434110
VERTEX_POSE A782 -0.671855 0.583664 20.059568 0.858426 0.009125 -0.256545 -0.858164 -0.444172 0.513294
VERTEX_POSE A783 0.646616 0.161917 20.059568 -0.489136 0.867377 -0.466421 -0.348926 0.737019 0.354833
VERTEX_POSE A784 -0.439625 0.882841 17.408512 0.662502 -0.469831 -0.465954 0.351322 -0.586496 -0.809834
VERTEX_POSE A785 -0.417082 -0.363646 17.408512 0.562583 -0.523498 -0.779817 -0.593055 0.274563 -0.611748
VERTEX_POSE A786 -0.225094 -0.969748 16.777803 0.047119 0.935978 0.726794 -0.271729 0.685237 0.223848
VERTEX_POSE A787 0.503338 -0.032731 15.961327 -0.185089 -0.779736 -0.979049 0.093735 -0.084887 0.619053
VERTEX_POSE A788 0.920484 0.387885 15.213488 0.537881 0.649134 0.837012 -0.487265 -0.100474 -0.584121
VERTEX_POSE A789 -0.390653 0.916458 15.213488 -0.339369 0.921524 0.173968 -0.135698 0.924426 0.363840
VERTEX_POSE A790 0.360241 -0.891654 14.050514 0.305578 -0.774242 0.274504 0.628993 0.911740 0.070119
VERTEX_POSE A791 -0.288630 0.172962 13.404269 0.551625 -0.434537 -0.016814 -0.859195 0.833923 0.270115
VERTEX_POSE A792 0.515653 0.427437 12.748504 -0.924235 0.367575 -0.058548 -0.403863 0.377308 0.837725
VERTEX_POSE A793 -0.346323 -0.688737 12.748504 -0.489547 0.729355 -0.162245 -0.614680 -0.856750 -0.300349
VERTEX_POSE A794 0.408646 0.440635 11.814831 -0.486493 -0.507771 -0.777622 -0.119317 0.398282 -0.853190
VERTEX_POSE A795 0.621747 0.506711 11.325414 0.678069 0.457317 -0.247790 0.879261 -0.691970 0.133272
VERTEX_POSE A796 -0.915780 0.011444 11.325414 -0.073843 -0.905351 -0.641916 0.364071 -0.763211 -0.218615
VERTEX_POSE A797 -0.337494 -0.563969 11.182210 0.235820 0.738567 -0.329120 0.672212 0.914368 0.051478
VERTEX_POSE A798 -0.238937 -0.948547 10.354360 0.210832 0.973867 -0.131263 -0.057405 -0.968669 0.219743
VERTEX_POSE A799 0.633582 -0.314434 9.743591 0.463326 -0.570760 -0.493396 0.469297 -0.736131 -0.673790
VERTEX_POSE A800 0.645716 -0.589429 9.743591 -0.570853 0.807183 -0.676722 -0.358916 0.464945 0.468651
VERTEX_POSE A801 0.135638 -0.537054 8.890682 -0.449813 0.596582 0.699266 0.698197 -0.555604 0.395741
VERTEX_POSE A802 0.063188 -0.632797 8.525841 0.560489 0.310418 0.221460 0.837152 -0.798002 0.450351
VERTEX_POSE A803 0.997969 0.046322 8.222006 0.923341 -0.338068 -0.238883 -0.134500 0.300627 0.931461
VERTEX_POSE A804 0.451941 0.523830 7.911976 -0.047682 -0.615026 0.650857 -0.616849 0.757702 0.491163
VERTEX_POSE A805 0.505701 -0.817244 7.466884 -0.626775 -0.346276 0.695161 0.156190 -0.352000 0.925039
VERTEX_POSE A806 -0.431378 0.566667 7.248039 -0.286965 0.904563 0.532639 -0.122908 -0.796208 -0.408240
VERTEX_POSE A807 -0.150703 0.721926 7.248039 0.115894 -0.714408 0.992170 0.115828 -0.046554 0.690076
