VERTEX_POSE A0 0.001553 0.201997 -0.999999 0.001553 0.001553 0.999999
VERTEX_POSE A1 0.999999 -0.201997 0.976948 0.213476 -0.213476 0.976948
VERTEX_POSE A2 -0.213476 5.270369 0.998983 0.045096 -0.045096 0.998983
VERTEX_POSE A3 0.976948 0.000000 -0.477658 -0.878546 -0.878546 0.477658
VERTEX_POSE A4 -0.045096 0.000000 -0.434466 0.900688 -0.900688 -0.434466
VERTEX_POSE A5 0.998983 0.000000 -0.545076 0.838387 0.838387 0.545076
VERTEX_POSE A6 -0.878546 0.000000 0.447210 -0.894429 -0.894429 -0.447210
VERTEX_POSE A7 0.477658 0.000000 0.539737 0.841833 -0.841833 0.539737
VERTEX_POSE A8 -0.900688 -0.114890 0.299315 0.954154 0.954154 -0.299315
VERTEX_POSE A9 -0.434466 0.114890 0.939819 0.341674 0.341674 -0.939819
VERTEX_POSE A10 0.838387 5.273441 -0.171924 0.985110 -0.985110 -0.171924
VERTEX_POSE A11 0.545076 -5.273441 -0.472760 0.881191 0.881191 0.472760
VERTEX_POSE A12 -0.894429 -0.019672 0.955138 -0.296162 -0.296162 -0.955138
VERTEX_POSE A13 -0.447210 0.019672 0.999988 0.004836 -0.004836 0.999988
VERTEX_POSE A14 -0.841833 5.028020 -0.665710 -0.746211 -0.746211 0.665710
VERTEX_POSE A15 0.539737 -5.028020 -0.262171 -0.965021 -0.965021 0.262171
VERTEX_POSE A16 0.954154 -0.028639 0.991109 0.133053 0.133053 -0.991109
VERTEX_POSE A17 -0.299315 0.028639 0.998155 0.060710 -0.060710 0.998155
VERTEX_POSE A18 0.341674 4.878891 0.856646 -0.515905 0.515905 0.856646
VERTEX_POSE A19 -0.939819 -4.878891 -0.033510 -0.999438 0.999438 -0.033510
VERTEX_POSE A20 -0.985110 -0.010163 -0.436317 -0.899793 -0.899793 0.436317
VERTEX_POSE A21 -0.171924 0.010163 0.666101 0.745862 0.745862 -0.666101
VERTEX_POSE A22 0.881191 5.271684 -0.543241 0.839577 -0.839577 -0.543241
VERTEX_POSE A23 0.472760 -5.271684 -0.643419 0.765514 0.765514 0.643419
VERTEX_POSE A24 -0.296162 -0.052282 0.577756 -0.816210 -0.816210 -0.577756
VERTEX_POSE A25 -0.955138 0.052282 -0.068702 -0.997637 -0.997637 0.068702
VERTEX_POSE A26 -0.004836 5.241226 -0.961430 0.275050 0.275050 0.961430
VERTEX_POSE A27 0.999988 -5.241226 -0.397524 0.917592 0.917592 0.397524
VERTEX_POSE A28 -0.746211 -0.032601 -0.423854 -0.905731 0.905731 -0.423854
VERTEX_POSE A29 0.665710 0.032601 -0.938988 -0.343951 0.343951 -0.938988
VERTEX_POSE A30 -0.965021 5.257392 -0.999130 -0.041706 0.041706 -0.999130
VERTEX_POSE A31 0.262171 -5.257392 -0.053673 0.998559 -0.998559 -0.053673
VERTEX_POSE A32 0.133053 -0.034976 -0.710316 -0.703882 -0.703882 0.710316
VERTEX_POSE A33 -0.991109 0.034976 -0.737045 -0.675844 -0.675844 0.737045
VERTEX_POSE A34 -0.060710 0.000000 0.903714 -0.428136 -0.428136 -0.903714
VERTEX_POSE A35 0.998155 0.000000 -0.342372 -0.939565 -0.939565 0.342372
VERTEX_POSE A36 0.515905 0.000000 -0.896502 0.443040 -0.443040 -0.896502
VERTEX_POSE A37 0.856646 0.000000 -0.885799 -0.464069 0.464069 -0.885799
VERTEX_POSE A38 0.999438 0.000000 -0.091775 0.995780 -0.995780 -0.091775
VERTEX_POSE A39 -0.033510 0.000000 -0.355133 0.934816 -0.934816 -0.355133
VERTEX_POSE A40 -0.899793 0.000000 -0.762648 0.646814 -0.646814 -0.762648
VERTEX_POSE A41 0.436317 0.000000 -0.999990 -0.004387 -0.004387 0.999990
VERTEX_POSE A42 0.745862 0.000000 -0.737874 -0.674938 -0.674938 0.737874
VERTEX_POSE A43 -0.666101 0.000000 -0.930655 0.365899 -0.365899 -0.930655
VERTEX_POSE A44 -0.839577 0.000000 0.505331 -0.862926 0.862926 0.505331
VERTEX_POSE A45 -0.543241 0.000000 -0.995670 -0.092962 -0.092962 0.995670
VERTEX_POSE A46 0.765514 0.000000 -0.623894 0.781509 0.781509 0.623894
VERTEX_POSE A47 0.643419 0.000000 -0.923990 0.382417 -0.382417 -0.923990
VERTEX_POSE A48 -0.816210 0.000000 -0.829401 0.558653 -0.558653 -0.829401
VERTEX_POSE A49 -0.577756 0.000000 -0.224987 -0.974362 -0.974362 0.224987
VERTEX_POSE A50 -0.997637 0.000000 0.893058 -0.449942 -0.449942 -0.893058
VERTEX_POSE A51 0.068702 0.000000 -0.411640 -0.911347 -0.911347 0.411640
VERTEX_POSE A52 0.275050 0.000000 -0.397900 0.917429 -0.917429 -0.397900
VERTEX_POSE A53 0.961430 0.000000 0.310896 0.950444 0.950444 -0.310896
VERTEX_POSE A54 0.917592 0.000000 0.310963 0.950422 -0.950422 0.310963
VERTEX_POSE A55 0.397524 0.000000 0.792848 0.609420 0.609420 -0.792848
VERTEX_POSE A56 0.905731 0.000000 0.071724 0.997424 -0.997424 0.071724
VERTEX_POSE A57 -0.423854 0.000000 0.772900 0.634527 0.634527 -0.772900
VERTEX_POSE A58 0.343951 0.000000 -0.952587 -0.304267 0.304267 -0.952587
VERTEX_POSE A59 -0.938988 0.000000 -0.901568 0.432637 -0.432637 -0.901568
VERTEX_POSE A60 0.041706 0.000000 -0.530980 -0.847385 -0.847385 0.530980
VERTEX_POSE A61 -0.999130 0.000000 0.885943 0.463794 0.463794 -0.885943
VERTEX_POSE A62 -0.998559 0.000000 0.955281 -0.295700 0.295700 0.955281
VERTEX_POSE A63 -0.053673 0.000000 0.229261 -0.973365 -0.973365 -0.229261
VERTEX_POSE A64 -0.703882 0.000000 0.993173 -0.116652 -0.116652 -0.993173
VERTEX_POSE A65 0.710316 0.000000 -0.997421 0.071766 -0.071766 -0.997421
VERTEX_POSE A66 -0.675844 0.000000 0.832844 0.553508 -0.553508 0.832844
VERTEX_POSE A67 0.737045 0.000000 0.191491 -0.981494 0.981494 0.191491
VERTEX_POSE A68 -0.428136 0.000000 -0.487126 -0.873332 -0.873332 0.487126
VERTEX_POSE A69 -0.903714 0.000000 0.493950 0.869491 0.869491 -0.493950
VERTEX_POSE A70 -0.939565 0.000000 -0.939742 -0.341885 -0.341885 0.939742
VERTEX_POSE A71 0.342372 0.000000 -0.824703 0.565565 -0.565565 -0.824703
VERTEX_POSE A72 -0.443040 0.000000 -0.964360 -0.264595 0.264595 -0.964360
VERTEX_POSE A73 -0.896502 0.000000 -0.182527 -0.983201 0.983201 -0.182527
VERTEX_POSE A74 0.464069 0.000000 -1.000000 -0.000531 -0.000531 1.000000
VERTEX_POSE A75 -0.885799 0.000000 0.670088 0.742281 0.742281 -0.670088
VERTEX_POSE A76 -0.995780 0.000000 0.999713 -0.023967 0.023967 0.999713
VERTEX_POSE A77 -0.091775 0.000000 -0.775740 0.631053 -0.631053 -0.775740
VERTEX_POSE A78 -0.934816 0.000000 0.634835 -0.772647 0.772647 0.634835
VERTEX_POSE A79 -0.355133 0.000000 0.771291 0.636483 0.636483 -0.771291
VERTEX_POSE A80 -0.646814 0.000000 0.391677 -0.920103 0.920103 0.391677
VERTEX_POSE A81 -0.762648 0.000000 -0.702655 -0.711531 -0.711531 0.702655
VERTEX_POSE A82 -0.004387 0.000000 0.833180 0.553001 -0.553001 0.833180
VERTEX_POSE A83 0.999990 0.000000 -0.694792 -0.719211 -0.719211 0.694792
VERTEX_POSE A84 -0.674938 0.000000 -0.686433 -0.727193 0.727193 -0.686433
VERTEX_POSE A85 0.737874 0.000000 0.984597 0.174838 -0.174838 0.984597
VERTEX_POSE A86 -0.365899 0.000000 -0.272507 -0.962154 -0.962154 0.272507
VERTEX_POSE A87 -0.930655 0.000000 0.913531 -0.406770 -0.406770 -0.913531
VERTEX_POSE A88 0.862926 0.000000 -0.749215 -0.662327 0.662327 -0.749215
VERTEX_POSE A89 0.505331 0.000000 0.756413 -0.654094 -0.654094 -0.756413
VERTEX_POSE A90 -0.092962 0.000000 0.778767 0.627313 -0.627313 0.778767
VERTEX_POSE A91 0.995670 0.000000 -0.907670 0.419684 0.419684 0.907670
VERTEX_POSE A92 0.781509 0.000000 -0.868221 -0.496177 0.496177 -0.868221
VERTEX_POSE A93 0.623894 0.000000 0.405111 -0.914268 -0.914268 -0.405111
VERTEX_POSE A94 -0.382417 0.000000 -0.995332 0.096505 -0.096505 -0.995332
VERTEX_POSE A95 -0.923990 0.000000 0.872086 -0.489353 -0.489353 -0.872086
VERTEX_POSE A96 -0.558653 0.000000 0.813411 -0.581689 0.581689 0.813411
VERTEX_POSE A97 -0.829401 0.000000 -0.838381 0.545085 -0.545085 -0.838381
VERTEX_POSE A98 -0.974362 0.000000 -0.912828 0.408344 0.408344 0.912828
VERTEX_POSE A99 0.224987 0.000000 -0.655406 -0.755277 0.755277 -0.655406
VERTEX_POSE A100 -0.449942 0.000000 0.650446 -0.759552 0.759552 0.650446
VERTEX_POSE A101 -0.893058 0.000000 0.448334 0.893866 0.893866 -0.448334
VERTEX_POSE A102 -0.911347 0.000000 -0.968407 -0.249375 0.249375 -0.968407
VERTEX_POSE A103 0.411640 0.000000 -0.967058 0.254555 -0.254555 -0.967058
VERTEX_POSE A104 -0.917429 0.000000 -0.227385 -0.973805 -0.973805 0.227385
VERTEX_POSE A105 -0.397900 0.000000 -0.988844 -0.148957 0.148957 -0.988844
VERTEX_POSE A106 0.950444 0.000000 0.936262 -0.351302 -0.351302 -0.936262
VERTEX_POSE A107 -0.310896 0.000000 -0.109371 -0.994001 -0.994001 0.109371
VERTEX_POSE A108 -0.950422 0.000000 -0.429047 0.903282 -0.903282 -0.429047
VERTEX_POSE A109 0.310963 0.000000 -0.637265 0.770645 0.770645 0.637265
VERTEX_POSE A110 0.609420 0.000000 -0.809363 -0.587309 -0.587309 0.809363
VERTEX_POSE A111 -0.792848 0.000000 0.751394 -0.659854 0.659854 0.751394
VERTEX_POSE A112 -0.997424 0.000000 0.855828 -0.517260 0.517260 0.855828
VERTEX_POSE A113 0.071724 0.000000 0.590425 0.807093 0.807093 -0.590425
VERTEX_POSE A114 0.634527 0.000000 0.902438 -0.430819 0.430819 0.902438
VERTEX_POSE A115 -0.772900 0.000000 -0.815971 0.578093 -0.578093 -0.815971
VERTEX_POSE A116 0.304267 0.000000 0.790500 0.612462 0.612462 -0.790500
VERTEX_POSE A117 -0.952587 0.000000 -0.740023 0.672581 -0.672581 -0.740023
VERTEX_POSE A118 -0.432637 0.000000 -0.903042 0.429552 -0.429552 -0.903042
VERTEX_POSE A119 -0.901568 0.000000 0.825474 0.564441 -0.564441 0.825474
VERTEX_POSE A120 -0.847385 0.000000 -0.771410 0.636338 0.636338 0.771410
VERTEX_POSE A121 0.530980 0.000000 -0.801307 0.598253 -0.598253 -0.801307
VERTEX_POSE A122 0.463794 0.000000 0.585024 -0.811016 0.811016 0.585024
VERTEX_POSE A123 -0.885943 0.000000 0.965279 -0.261221 0.261221 0.965279
VERTEX_POSE A124 0.295700 0.000000 0.963585 -0.267403 -0.267403 -0.963585
VERTEX_POSE A125 0.955281 0.000000 -0.943776 -0.330584 -0.330584 0.943776
VERTEX_POSE A126 -0.973365 0.000000 0.098867 -0.995101 -0.995101 -0.098867
VERTEX_POSE A127 -0.229261 0.000000 -0.346862 0.937916 0.937916 0.346862
VERTEX_POSE A128 -0.116652 0.000000 -0.195729 -0.980658 -0.980658 0.195729
VERTEX_POSE A129 -0.993173 0.000000 0.730022 -0.683423 0.683423 0.730022
VERTEX_POSE A130 -0.071766 0.000000 -0.735871 0.677122 -0.677122 -0.735871
VERTEX_POSE A131 -0.997421 0.000000 0.768364 0.640013 -0.640013 0.768364
VERTEX_POSE A132 -0.553508 0.000000 -0.149832 -0.988712 -0.988712 0.149832
VERTEX_POSE A133 0.832844 0.000000 0.101233 0.994863 0.994863 -0.101233
VERTEX_POSE A134 0.981494 0.000000 -0.854738 -0.519060 0.519060 -0.854738
VERTEX_POSE A135 0.191491 0.000000 0.091238 -0.995829 0.995829 0.091238
VERTEX_POSE A136 -0.873332 0.000000 -0.834877 0.550436 0.550436 0.834877
VERTEX_POSE A137 0.487126 0.000000 -0.322350 -0.946621 0.946621 -0.322350
VERTEX_POSE A138 0.869491 0.000000 0.417941 0.908474 -0.908474 0.417941
VERTEX_POSE A139 -0.493950 0.000000 0.986630 0.162975 0.162975 -0.986630
VERTEX_POSE A140 -0.341885 0.000000 0.843234 0.537547 0.537547 -0.843234
VERTEX_POSE A141 0.939742 0.000000 0.156107 -0.987740 -0.987740 -0.156107
VERTEX_POSE A142 -0.565565 0.000000 -0.872073 -0.489377 -0.489377 0.872073
VERTEX_POSE A143 -0.824703 0.000000 -0.948434 0.316974 0.316974 0.948434
VERTEX_POSE A144 0.264595 0.000000 0.087188 0.996192 0.996192 -0.087188
VERTEX_POSE A145 -0.964360 0.000000 -0.995291 -0.096935 -0.096935 0.995291
VERTEX_POSE A146 0.983201 0.000000 0.623995 -0.781428 -0.781428 -0.623995
VERTEX_POSE A147 -0.182527 0.000000 0.440215 -0.897892 0.897892 0.440215
VERTEX_POSE A148 -0.000531 0.000000 -0.467957 -0.883751 -0.883751 0.467957
VERTEX_POSE A149 1.000000 0.000000 -0.978488 0.206305 0.206305 0.978488
VERTEX_POSE A150 0.742281 0.000000 0.772446 0.635080 0.635080 -0.772446
VERTEX_POSE A151 -0.670088 0.000000 -0.928406 -0.371566 -0.371566 0.928406
VERTEX_POSE A152 0.023967 0.000000 -0.349050 -0.937104 -0.937104 0.349050
VERTEX_POSE A153 0.999713 0.000000 -0.235936 0.971769 0.971769 0.235936
VERTEX_POSE A154 -0.631053 0.000000 0.068857 -0.997627 0.997627 0.068857
VERTEX_POSE A155 -0.775740 0.000000 -0.682827 0.730580 0.730580 0.682827
VERTEX_POSE A156 0.772647 0.000000 0.990850 -0.134971 0.134971 0.990850
VERTEX_POSE A157 0.634835 0.000000 0.611336 -0.791371 -0.791371 -0.611336
VERTEX_POSE A158 0.636483 0.000000 0.360522 -0.932751 0.932751 0.360522
VERTEX_POSE A159 -0.771291 0.000000 -0.024140 0.999709 -0.999709 -0.024140
VERTEX_POSE A160 0.920103 0.000000 -0.619057 0.785346 -0.785346 -0.619057
VERTEX_POSE A161 0.391677 0.000000 -0.062110 0.998069 -0.998069 -0.062110
VERTEX_POSE A162 -0.711531 0.000000 0.968088 0.250609 -0.250609 0.968088
VERTEX_POSE A163 0.702655 0.000000 -0.661159 -0.750246 -0.750246 0.661159
VERTEX_POSE A164 -0.553001 0.000000 -0.765172 0.643826 0.643826 0.765172
VERTEX_POSE A165 0.833180 0.000000 -0.474723 -0.880135 0.880135 -0.474723
VERTEX_POSE A166 -0.719211 0.000000 -0.707347 -0.706866 0.706866 -0.707347
VERTEX_POSE A167 0.694792 0.000000 -0.995223 -0.097623 -0.097623 0.995223
VERTEX_POSE A168 0.727193 0.000000 -0.993644 0.112567 -0.112567 -0.993644
VERTEX_POSE A169 -0.686433 0.000000 -0.535160 -0.844751 -0.844751 0.535160
VERTEX_POSE A170 -0.174838 0.000000 0.995592 -0.093789 0.093789 0.995592
VERTEX_POSE A171 0.984597 0.000000 0.669666 0.742662 -0.742662 0.669666
VERTEX_POSE A172 -0.962154 0.000000 -0.126161 0.992010 0.992010 0.126161
VERTEX_POSE A173 0.272507 0.000000 0.080751 0.996734 -0.996734 0.080751
VERTEX_POSE A174 -0.406770 0.000000 0.994590 -0.103879 -0.103879 -0.994590
VERTEX_POSE A175 -0.913531 0.000000 0.466765 0.884381 -0.884381 0.466765
VERTEX_POSE A176 0.662327 0.000000 0.041244 -0.999149 0.999149 0.041244
VERTEX_POSE A177 -0.749215 0.000000 0.586721 -0.809789 -0.809789 -0.586721
VERTEX_POSE A178 -0.654094 0.000000 -0.929563 -0.368663 0.368663 -0.929563
VERTEX_POSE A179 -0.756413 0.000000 0.785334 -0.619072 -0.619072 -0.785334
VERTEX_POSE A180 -0.627313 0.000000 0.998804 0.048892 -0.048892 0.998804
VERTEX_POSE A181 0.778767 0.000000 -0.024407 -0.999702 0.999702 -0.024407
VERTEX_POSE A182 0.419684 0.000000 0.582214 0.813036 0.813036 -0.582214
VERTEX_POSE A183 0.907670 0.000000 -0.267189 -0.963644 -0.963644 0.267189
VERTEX_POSE A184 0.496177 0.000000 0.415921 0.909401 0.909401 -0.415921
VERTEX_POSE A185 -0.868221 0.000000 -0.999995 0.003303 -0.003303 -0.999995
VERTEX_POSE A186 -0.914268 0.000000 0.663315 0.748340 -0.748340 0.663315
VERTEX_POSE A187 -0.405111 0.000000 0.958456 -0.285240 0.285240 0.958456
VERTEX_POSE A188 -0.096505 0.000000 0.538531 0.842605 -0.842605 0.538531
VERTEX_POSE A189 -0.995332 0.000000 0.066020 -0.997818 -0.997818 -0.066020
VERTEX_POSE A190 -0.489353 0.000000 -0.576242 -0.817279 -0.817279 0.576242
VERTEX_POSE A191 -0.872086 0.000000 -0.774080 0.633088 0.633088 0.774080
VERTEX_POSE A192 0.581689 0.000000 0.335043 0.942203 -0.942203 0.335043
VERTEX_POSE A193 0.813411 0.000000 -0.852461 -0.522791 -0.522791 0.852461
VERTEX_POSE A194 -0.545085 0.000000 -0.607793 0.794096 -0.794096 -0.607793
VERTEX_POSE A195 -0.838381 0.000000 -0.187738 0.982219 0.982219 0.187738
VERTEX_POSE A196 0.408344 0.000000 0.081104 -0.996706 -0.996706 -0.081104
VERTEX_POSE A197 0.912828 0.000000 0.989920 -0.141627 -0.141627 -0.989920
VERTEX_POSE A198 0.755277 0.000000 -0.508772 -0.860902 0.860902 -0.508772
VERTEX_POSE A199 -0.655406 0.000000 0.240971 0.970532 0.970532 -0.240971
VERTEX_POSE A200 0.759552 0.000000 0.932117 -0.362157 -0.362157 -0.932117
VERTEX_POSE A201 0.650446 0.000000 0.781448 0.623970 0.623970 -0.781448
VERTEX_POSE A202 0.893866 0.000000 -0.666057 0.745901 -0.745901 -0.666057
VERTEX_POSE A203 -0.448334 0.000000 -0.176866 0.984235 -0.984235 -0.176866
VERTEX_POSE A204 0.249375 0.000000 -0.192943 0.981210 -0.981210 -0.192943
VERTEX_POSE A205 -0.968407 0.000000 -0.530863 0.847458 0.847458 0.530863
VERTEX_POSE A206 -0.254555 0.000000 0.988492 0.151271 -0.151271 0.988492
VERTEX_POSE A207 -0.967058 0.000000 0.228649 -0.973509 -0.973509 -0.228649
VERTEX_POSE A208 -0.973805 0.000000 -0.845276 0.534331 0.534331 0.845276
VERTEX_POSE A209 0.227385 0.000000 -0.383322 -0.923615 -0.923615 0.383322
VERTEX_POSE A210 0.148957 0.000000 -0.741656 -0.670781 -0.670781 0.741656
VERTEX_POSE A211 -0.988844 0.000000 -0.216165 0.976357 0.976357 0.216165
VERTEX_POSE A212 -0.351302 0.000000 0.759004 -0.651085 -0.651085 -0.759004
VERTEX_POSE A213 -0.936262 0.000000 0.307366 0.951591 0.951591 -0.307366
VERTEX_POSE A214 -0.994001 0.000000 -0.497762 -0.867314 0.867314 -0.497762
VERTEX_POSE A215 0.109371 0.000000 0.100597 -0.994927 0.994927 0.100597
VERTEX_POSE A216 -0.903282 0.000000 0.555139 -0.831758 -0.831758 -0.555139
VERTEX_POSE A217 -0.429047 0.000000 -0.782716 -0.622379 -0.622379 0.782716
VERTEX_POSE A218 0.770645 0.000000 0.925354 0.379105 0.379105 -0.925354
VERTEX_POSE A219 0.637265 0.000000 -0.992974 -0.118329 0.118329 -0.992974
VERTEX_POSE A220 -0.587309 0.000000 -0.747420 -0.664352 0.664352 -0.747420
VERTEX_POSE A221 0.809363 0.000000 -0.990213 -0.139568 -0.139568 0.990213
VERTEX_POSE A222 0.659854 0.000000 0.889600 -0.456741 -0.456741 -0.889600
VERTEX_POSE A223 0.751394 0.000000 -0.736171 0.676795 -0.676795 -0.736171
VERTEX_POSE A224 0.517260 0.000000 -0.512043 -0.858960 0.858960 -0.512043
VERTEX_POSE A225 0.855828 0.000000 -0.877960 -0.478735 0.478735 -0.877960
VERTEX_POSE A226 0.807093 0.000000 -0.556216 -0.831038 -0.831038 0.556216
VERTEX_POSE A227 -0.590425 0.000000 -0.571962 -0.820280 -0.820280 0.571962
VERTEX_POSE A228 0.430819 0.000000 -0.563883 0.825854 0.825854 0.563883
VERTEX_POSE A229 0.902438 0.000000 0.933996 0.357283 -0.357283 0.933996
VERTEX_POSE A230 -0.578093 0.000000 -0.225484 -0.974247 -0.974247 0.225484
VERTEX_POSE A231 -0.815971 0.000000 0.358971 0.933349 -0.933349 0.358971
VERTEX_POSE A232 0.612462 0.000000 -0.034629 0.999400 0.999400 0.034629
VERTEX_POSE A233 -0.790500 0.000000 -0.787968 -0.615717 -0.615717 0.787968
VERTEX_POSE A234 -0.672581 0.000000 -0.959287 0.282432 0.282432 0.959287
VERTEX_POSE A235 -0.740023 0.000000 0.220095 -0.975479 0.975479 0.220095
VERTEX_POSE A236 -0.429552 0.000000 0.652291 0.757968 -0.757968 0.652291
VERTEX_POSE A237 -0.903042 0.000000 0.217465 -0.976068 -0.976068 -0.217465
VERTEX_POSE A238 -0.564441 0.000000 -0.444894 0.895583 0.895583 0.444894
VERTEX_POSE A239 0.825474 0.000000 -0.959788 -0.280727 -0.280727 0.959788
VERTEX_POSE A240 0.636338 0.000000 0.527346 -0.849651 -0.849651 -0.527346
VERTEX_POSE A241 0.771410 0.000000 0.275260 -0.961370 0.961370 0.275260
VERTEX_POSE A242 -0.598253 0.000000 0.595145 -0.803618 -0.803618 -0.595145
VERTEX_POSE A243 -0.801307 0.000000 -0.707840 0.706373 -0.706373 -0.707840
VERTEX_POSE A244 0.811016 0.000000 -0.397441 -0.917628 0.917628 -0.397441
VERTEX_POSE A245 0.585024 0.000000 -0.980291 0.197561 0.197561 0.980291
VERTEX_POSE A246 0.261221 0.000000 0.373079 0.927800 0.927800 -0.373079
VERTEX_POSE A247 0.965279 0.000000 -0.725279 0.688455 0.688455 0.725279
VERTEX_POSE A248 -0.267403 0.000000 0.998330 -0.057766 0.057766 0.998330
VERTEX_POSE A249 -0.963585 0.000000 -0.709418 0.704788 -0.704788 -0.709418
VERTEX_POSE A250 -0.330584 0.000000 -0.972058 0.234742 -0.234742 -0.972058
VERTEX_POSE A251 0.943776 0.000000 -0.674172 0.738575 0.738575 0.674172
VERTEX_POSE A252 -0.995101 0.000000 0.650191 0.759770 0.759770 -0.650191
VERTEX_POSE A253 -0.098867 0.000000 0.073694 0.997281 -0.997281 0.073694
VERTEX_POSE A254 0.937916 0.000000 -0.455642 0.890163 0.890163 0.455642
VERTEX_POSE A255 0.346862 0.000000 -0.987340 -0.158615 -0.158615 0.987340
VERTEX_POSE A256 -0.980658 0.000000 0.958871 0.283844 0.283844 -0.958871
VERTEX_POSE A257 0.195729 0.000000 0.513052 -0.858358 -0.858358 -0.513052
VERTEX_POSE A258 0.683423 0.000000 -0.205927 -0.978567 -0.978567 0.205927
VERTEX_POSE A259 0.730022 0.000000 -0.941429 -0.337212 0.337212 -0.941429
VERTEX_POSE A260 -0.677122 0.000000 -0.006493 -0.999979 0.999979 -0.006493
VERTEX_POSE A261 -0.735871 0.000000 0.418837 0.908061 -0.908061 0.418837
VERTEX_POSE A262 -0.640013 0.000000 -0.485026 -0.874500 0.874500 -0.485026
VERTEX_POSE A263 0.768364 0.000000 0.991703 0.128552 0.128552 -0.991703
VERTEX_POSE A264 -0.988712 0.000000 0.392249 0.919859 -0.919859 0.392249
VERTEX_POSE A265 0.149832 0.000000 0.900854 0.434121 0.434121 -0.900854
VERTEX_POSE A266 0.994863 0.000000 0.534150 0.845390 0.845390 -0.534150
VERTEX_POSE A267 -0.101233 0.000000 0.404246 -0.914650 0.914650 0.404246
VERTEX_POSE A268 0.519060 0.000000 0.686624 0.727013 0.727013 -0.686624
VERTEX_POSE A269 -0.854738 0.000000 -0.972443 -0.233139 0.233139 -0.972443
VERTEX_POSE A270 0.995829 0.000000 0.518549 -0.855048 0.855048 0.518549
VERTEX_POSE A271 0.091238 0.000000 0.604357 0.796714 0.796714 -0.604357
VERTEX_POSE A272 0.550436 1.000000 -0.794794 -0.606880 0.606880 -0.794794
VERTEX_POSE A273 0.834877 0.000000 -0.968170 -0.250295 0.250295 -0.968170
VERTEX_POSE A274 0.946621 0.000000 0.408245 -0.912872 -0.912872 -0.408245
VERTEX_POSE A275 -0.322350 0.000000 0.778427 -0.627735 -0.627735 -0.778427
VERTEX_POSE A276 -0.908474 1.000000 -0.154989 0.987916 0.987916 0.154989
VERTEX_POSE A277 0.417941 0.000000 -0.919933 0.392075 0.392075 0.919933
VERTEX_POSE A278 0.162975 0.000000 0.537772 0.843091 0.843091 -0.537772
VERTEX_POSE A279 -0.986630 0.000000 -0.649120 -0.760686 0.760686 -0.649120
VERTEX_POSE A280 0.537547 0.000000 0.503467 0.864015 0.864015 -0.503467
VERTEX_POSE A281 -0.843234 0.000000 0.862872 0.505422 -0.505422 0.862872
VERTEX_POSE A282 -0.987740 7.466227 0.642652 0.766158 0.766158 -0.642652
VERTEX_POSE A283 -0.156107 0.000000 -0.549760 -0.835323 -0.835323 0.549760
VERTEX_POSE A284 -0.489377 0.000000 -0.045925 -0.998945 -0.998945 0.045925
VERTEX_POSE A285 0.872073 0.000000 -0.673175 -0.739483 0.739483 -0.673175
VERTEX_POSE A286 0.316974 0.000000 0.307982 0.951392 -0.951392 0.307982
VERTEX_POSE A287 0.948434 0.000000 0.860911 0.508756 0.508756 -0.860911
VERTEX_POSE A288 0.996192 1.000000 0.435662 0.900110 0.900110 -0.435662
VERTEX_POSE A289 -0.087188 0.000000 0.534594 -0.845109 -0.845109 -0.534594
VERTEX_POSE A290 -0.096935 0.000000 0.936213 -0.351434 0.351434 0.936213
VERTEX_POSE A291 0.995291 0.000000 -0.491659 -0.870788 -0.870788 0.491659
VERTEX_POSE A292 -0.781428 1.000000 0.779745 -0.626097 -0.626097 -0.779745
VERTEX_POSE A293 -0.623995 0.000000 0.704454 0.709750 -0.709750 0.704454
VERTEX_POSE A294 0.897892 0.000000 -0.850007 0.526772 -0.526772 -0.850007
VERTEX_POSE A295 0.440215 0.000000 0.818275 -0.574827 -0.574827 -0.818275
VERTEX_POSE A296 -0.883751 0.000000 -0.206213 0.978507 0.978507 0.206213
VERTEX_POSE A297 0.467957 0.000000 0.454046 -0.890978 0.890978 0.454046
VERTEX_POSE A298 0.206305 0.000000 -0.532544 0.846402 0.846402 0.532544
VERTEX_POSE A299 0.978488 0.000000 -0.548369 -0.836236 0.836236 -0.548369
VERTEX_POSE A300 0.635080 0.000000 -0.993534 0.113532 0.113532 0.993534
VERTEX_POSE A301 -0.772446 0.000000 -0.999619 -0.027606 -0.027606 0.999619
VERTEX_POSE A302 -0.371566 0.000000 -0.326452 -0.945214 -0.945214 0.326452
VERTEX_POSE A303 0.928406 0.000000 -0.424462 0.905446 0.905446 0.424462
VERTEX_POSE A304 -0.937104 -1.251773 0.528173 0.849137 0.849137 -0.528173
VERTEX_POSE A305 0.349050 0.000000 0.548232 0.836326 0.836326 -0.548232
VERTEX_POSE A306 0.971769 0.000000 -0.527076 -0.849818 0.849818 -0.527076
VERTEX_POSE A307 0.235936 0.000000 0.804773 -0.593582 0.593582 0.804773
VERTEX_POSE A308 0.997627 0.000000 -0.905882 0.423530 -0.423530 -0.905882
VERTEX_POSE A309 0.068857 0.000000 0.742181 -0.670199 0.670199 0.742181
VERTEX_POSE A310 0.730580 0.000000 -0.491566 0.870840 -0.870840 -0.491566
VERTEX_POSE A311 0.682827 0.000000 -0.493959 0.869485 0.869485 0.493959
VERTEX_POSE A312 0.134971 1.000000 0.992736 0.120316 0.120316 -0.992736
VERTEX_POSE A313 0.990850 0.000000 0.931491 0.363764 -0.363764 0.931491
VERTEX_POSE A314 -0.791371 0.000000 -0.995126 0.098609 -0.098609 -0.995126
VERTEX_POSE A315 -0.611336 0.000000 0.223461 -0.974713 0.974713 0.223461
VERTEX_POSE A316 0.932751 1.000000 0.676446 0.736492 0.736492 -0.676446
VERTEX_POSE A317 0.360522 0.000000 0.849730 -0.527218 -0.527218 -0.849730
VERTEX_POSE A318 -0.999709 0.000000 0.100369 -0.994950 0.994950 0.100369
VERTEX_POSE A319 -0.024140 0.000000 -0.919899 -0.392156 -0.392156 0.919899
VERTEX_POSE A320 -0.785346 1.000000 -0.941650 -0.336594 0.336594 -0.941650
VERTEX_POSE A321 -0.619057 0.000000 -0.878704 0.477367 -0.477367 -0.878704
VERTEX_POSE A322 -0.998069 0.000000 0.000041 -1.000000 -1.000000 -0.000041
VERTEX_POSE A323 -0.062110 0.000000 0.675340 0.737506 -0.737506 0.675340
VERTEX_POSE A324 -0.250609 0.000000 0.976191 0.216915 0.216915 -0.976191
VERTEX_POSE A325 0.968088 0.000000 -0.403084 -0.915163 -0.915163 0.403084
VERTEX_POSE A326 -0.750246 8.077919 0.843785 0.536682 -0.536682 0.843785
VERTEX_POSE A327 0.661159 0.000000 -0.826404 0.563078 -0.563078 -0.826404
VERTEX_POSE A328 0.643826 0.000000 0.524955 0.851130 0.851130 -0.524955
VERTEX_POSE A329 0.765172 0.000000 0.063157 0.998004 -0.998004 0.063157
VERTEX_POSE A330 0.880135 0.000000 -0.830531 0.556973 0.556973 0.830531
VERTEX_POSE A331 -0.474723 0.000000 0.834717 0.550679 -0.550679 0.834717
VERTEX_POSE A332 0.706866 1.000000 -0.462397 0.886673 0.886673 0.462397
VERTEX_POSE A333 -0.707347 0.000000 -0.981576 0.191074 0.191074 0.981576
VERTEX_POSE A334 -0.097623 0.000000 0.848675 0.528914 -0.528914 0.848675
VERTEX_POSE A335 0.995223 0.000000 -0.449453 -0.893304 0.893304 -0.449453
VERTEX_POSE A336 -0.112567 1.000000 0.884941 0.465704 0.465704 -0.884941
VERTEX_POSE A337 -0.993644 0.000000 0.401716 -0.915764 -0.915764 -0.401716
VERTEX_POSE A338 -0.844751 0.000000 0.902589 -0.430504 -0.430504 -0.902589
VERTEX_POSE A339 0.535160 0.000000 0.998899 0.046919 -0.046919 0.998899
VERTEX_POSE A340 0.093789 1.000000 -0.724502 0.689273 0.689273 0.724502
VERTEX_POSE A341 0.995592 0.000000 0.977605 0.210447 0.210447 -0.977605
VERTEX_POSE A342 -0.742662 0.000000 0.422714 0.906263 -0.906263 0.422714
VERTEX_POSE A343 0.669666 0.000000 -0.993937 0.109949 -0.109949 -0.993937
VERTEX_POSE A344 0.992010 0.000000 0.700960 0.713201 -0.713201 0.700960
VERTEX_POSE A345 0.126161 0.000000 -0.313384 0.949626 0.949626 0.313384
VERTEX_POSE A346 -0.996734 0.000000 -0.790345 0.612662 -0.612662 -0.790345
VERTEX_POSE A347 0.080751 0.000000 0.918240 0.396023 0.396023 -0.918240
VERTEX_POSE A348 -0.103879 -1.440297 -0.943043 -0.332672 0.332672 -0.943043
VERTEX_POSE A349 -0.994590 0.000000 -0.402495 -0.915422 -0.915422 0.402495
VERTEX_POSE A350 -0.884381 0.000000 -0.366238 -0.930521 -0.930521 0.366238
VERTEX_POSE A351 0.466765 0.000000 -0.879291 -0.476284 -0.476284 0.879291
VERTEX_POSE A352 0.999149 0.000000 -0.622348 0.782740 -0.782740 -0.622348
VERTEX_POSE A353 0.041244 0.000000 -0.228702 -0.973496 -0.973496 0.228702
VERTEX_POSE A354 -0.809789 0.000000 0.990393 -0.138279 0.138279 0.990393
VERTEX_POSE A355 -0.586721 0.000000 -0.926880 0.375357 -0.375357 -0.926880
VERTEX_POSE A356 0.368663 1.000000 -0.806345 0.591445 -0.591445 -0.806345
VERTEX_POSE A357 -0.929563 0.000000 0.550610 0.834763 -0.834763 0.550610
VERTEX_POSE A358 -0.619072 0.000000 0.759443 -0.650574 0.650574 0.759443
VERTEX_POSE A359 -0.785334 0.000000 -0.371562 0.928408 0.928408 0.371562
VERTEX_POSE A360 -0.048892 1.000000 -0.424396 -0.905476 -0.905476 0.424396
VERTEX_POSE A361 0.998804 0.000000 -0.045252 0.998976 0.998976 0.045252
VERTEX_POSE A362 0.999702 0.000000 0.995335 -0.096474 -0.096474 -0.995335
VERTEX_POSE A363 -0.024407 0.000000 0.369188 0.929355 -0.929355 0.369188
VERTEX_POSE A364 0.813036 1.000000 0.965891 0.258948 0.258948 -0.965891
VERTEX_POSE A365 -0.582214 0.000000 0.754542 -0.656251 -0.656251 -0.754542
VERTEX_POSE A366 -0.963644 0.000000 0.659196 -0.751971 -0.751971 -0.659196
VERTEX_POSE A367 0.267189 0.000000 0.993609 -0.112877 -0.112877 -0.993609
VERTEX_POSE A368 0.909401 0.000000 0.734149 0.678988 -0.678988 0.734149
VERTEX_POSE A369 -0.415921 0.000000 0.790762 0.612124 -0.612124 0.790762
VERTEX_POSE A370 -0.003303 7.097386 0.752485 0.658609 -0.658609 0.752485
VERTEX_POSE A371 -0.999995 0.000000 0.430944 -0.902379 0.902379 0.430944
VERTEX_POSE A372 -0.748340 0.000000 0.990801 -0.135330 -0.135330 -0.990801
VERTEX_POSE A373 0.663315 0.000000 -0.984685 0.174343 -0.174343 -0.984685
VERTEX_POSE A374 0.285240 0.000000 -0.385636 0.922651 -0.922651 -0.385636
VERTEX_POSE A375 0.958456 0.000000 -0.308866 0.951106 -0.951106 -0.308866
VERTEX_POSE A376 -0.842605 1.000000 0.966982 -0.254844 0.254844 0.966982
VERTEX_POSE A377 0.538531 0.000000 0.643362 0.765562 -0.765562 0.643362
VERTEX_POSE A378 -0.997818 0.000000 0.636977 -0.770883 -0.770883 -0.636977
VERTEX_POSE A379 -0.066020 0.000000 -0.904685 0.426082 -0.426082 -0.904685
VERTEX_POSE A380 -0.817279 1.000000 -0.773035 -0.634363 -0.634363 0.773035
VERTEX_POSE A381 0.576242 0.000000 0.381145 0.924515 0.924515 -0.381145
VERTEX_POSE A382 0.633088 0.000000 -0.163102 0.986609 0.986609 0.163102
VERTEX_POSE A383 0.774080 0.000000 0.390931 0.920420 0.920420 -0.390931
VERTEX_POSE A384 -0.942203 1.000000 -0.612411 -0.790539 0.790539 -0.612411
VERTEX_POSE A385 0.335043 0.000000 -0.392959 -0.919556 0.919556 -0.392959
VERTEX_POSE A386 -0.522791 0.000000 -0.635481 0.772116 0.772116 0.635481
VERTEX_POSE A387 0.852461 0.000000 -0.072330 0.997381 -0.997381 -0.072330
VERTEX_POSE A388 -0.794096 0.000000 -0.815285 0.579059 0.579059 0.815285
VERTEX_POSE A389 -0.607793 0.000000 0.643661 -0.765311 0.765311 0.643661
VERTEX_POSE A390 0.982219 0.000000 -0.559989 0.828500 -0.828500 -0.559989
VERTEX_POSE A391 0.187738 0.000000 -0.497467 -0.867483 -0.867483 0.497467
VERTEX_POSE A392 -0.996706 0.734485 -0.497480 0.867476 -0.867476 -0.497480
VERTEX_POSE A393 -0.081104 0.000000 -0.412349 0.911026 -0.911026 -0.412349
VERTEX_POSE A394 -0.141627 0.000000 -0.535334 -0.844641 0.844641 -0.535334
VERTEX_POSE A395 -0.989920 0.000000 -0.885080 -0.465439 -0.465439 0.885080
VERTEX_POSE A396 0.860902 0.000000 -0.033727 -0.999431 -0.999431 0.033727
VERTEX_POSE A397 -0.508772 0.000000 -0.998155 0.060723 0.060723 0.998155
VERTEX_POSE A398 0.970532 0.000000 -0.794727 0.606967 0.606967 0.794727
VERTEX_POSE A399 -0.240971 0.000000 0.229109 -0.973401 0.973401 0.229109
VERTEX_POSE A400 -0.362157 1.000000 0.811630 0.584172 -0.584172 0.811630
VERTEX_POSE A401 -0.932117 0.000000 0.337923 0.941174 0.941174 -0.337923
VERTEX_POSE A402 0.623970 0.000000 0.757363 -0.652994 -0.652994 -0.757363
VERTEX_POSE A403 -0.781448 0.000000 0.661262 0.750155 0.750155 -0.661262
VERTEX_POSE A404 -0.745901 1.000000 0.755239 -0.655450 0.655450 0.755239
VERTEX_POSE A405 -0.666057 0.000000 -0.573498 0.819207 -0.819207 -0.573498
VERTEX_POSE A406 -0.984235 0.000000 -0.319886 -0.947456 0.947456 -0.319886
VERTEX_POSE A407 -0.176866 0.000000 -0.979094 0.203407 0.203407 0.979094
VERTEX_POSE A408 -0.981210 1.000000 -0.503696 0.863881 0.863881 0.503696
VERTEX_POSE A409 -0.192943 0.000000 -0.634305 -0.773083 0.773083 -0.634305
VERTEX_POSE A410 0.847458 0.000000 0.962588 -0.270970 -0.270970 -0.962588
VERTEX_POSE A411 0.530863 0.000000 0.676046 -0.736859 -0.736859 -0.676046
VERTEX_POSE A412 -0.151271 0.000000 0.207714 0.978190 0.978190 -0.207714
VERTEX_POSE A413 0.988492 0.000000 0.164017 0.986457 -0.986457 0.164017
VERTEX_POSE A414 -0.973509 7.707121 -0.297118 -0.954841 -0.954841 0.297118
VERTEX_POSE A415 -0.228649 0.000000 -0.586666 -0.809829 -0.809829 0.586666
VERTEX_POSE A416 0.534331 0.000000 -0.907226 0.420644 0.420644 0.907226
VERTEX_POSE A417 0.845276 0.000000 0.196337 0.980536 -0.980536 0.196337
VERTEX_POSE A418 -0.923615 0.000000 -0.807337 -0.590091 -0.590091 0.807337
VERTEX_POSE A419 0.383322 0.000000 0.966224 -0.257705 0.257705 0.966224
VERTEX_POSE A420 -0.670781 1.000000 0.958080 -0.286501 -0.286501 -0.958080
VERTEX_POSE A421 0.741656 0.000000 0.180257 -0.983620 -0.983620 -0.180257
VERTEX_POSE A422 0.976357 0.000000 0.410014 0.912079 -0.912079 0.410014
VERTEX_POSE A423 0.216165 0.000000 0.808650 0.588290 0.588290 -0.808650
VERTEX_POSE A424 -0.651085 1.000000 0.544533 -0.838739 -0.838739 -0.544533
VERTEX_POSE A425 -0.759004 0.000000 0.429687 0.902978 -0.902978 0.429687
VERTEX_POSE A426 0.951591 0.000000 0.634740 -0.772726 0.772726 0.634740
VERTEX_POSE A427 -0.307366 0.000000 0.535915 0.844272 0.844272 -0.535915
VERTEX_POSE A428 0.867314 1.000000 -0.999658 -0.026132 -0.026132 0.999658
VERTEX_POSE A429 -0.497762 0.000000 0.042298 0.999105 0.999105 -0.042298
VERTEX_POSE A430 0.994927 0.000000 0.981980 0.188985 -0.188985 0.981980
VERTEX_POSE A431 0.100597 0.000000 -0.562727 0.826643 -0.826643 -0.562727
VERTEX_POSE A432 -0.831758 0.000000 0.640033 0.768347 0.768347 -0.640033
VERTEX_POSE A433 -0.555139 0.000000 0.751219 0.660054 0.660054 -0.751219
VERTEX_POSE A434 -0.622379 0.000000 -0.931552 -0.363609 -0.363609 0.931552
VERTEX_POSE A435 0.782716 0.000000 0.306506 0.951869 -0.951869 0.306506
VERTEX_POSE A436 0.379105 -1.682510 0.988002 0.154439 0.154439 -0.988002
VERTEX_POSE A437 -0.925354 0.000000 -0.988408 0.151819 -0.151819 -0.988408
VERTEX_POSE A438 0.118329 0.000000 -0.658166 0.752872 0.752872 0.658166
VERTEX_POSE A439 -0.992974 0.000000 -0.678378 0.734713 -0.734713 -0.678378
VERTEX_POSE A440 0.664352 0.000000 -0.977280 0.211951 0.211951 0.977280
VERTEX_POSE A441 -0.747420 0.000000 0.555925 0.831232 0.831232 -0.555925
VERTEX_POSE A442 -0.139568 0.000000 -0.988687 0.149996 0.149996 0.988687
VERTEX_POSE A443 0.990213 0.000000 0.780071 -0.625691 0.625691 0.780071
VERTEX_POSE A444 -0.456741 1.000000 -0.773031 -0.634368 -0.634368 0.773031
VERTEX_POSE A445 -0.889600 0.000000 -0.900540 -0.434774 0.434774 -0.900540
VERTEX_POSE A446 -0.676795 0.000000 0.781076 0.624436 0.624436 -0.781076
VERTEX_POSE A447 -0.736171 0.000000 0.763485 0.645826 -0.645826 0.763485
VERTEX_POSE A448 0.858960 1.000000 0.606940 0.794748 0.794748 -0.606940
VERTEX_POSE A449 -0.512043 0.000000 0.840922 -0.541157 0.541157 0.840922
VERTEX_POSE A450 0.478735 0.000000 0.480382 -0.877059 0.877059 0.480382
VERTEX_POSE A451 -0.877960 0.000000 -0.625408 -0.780298 -0.780298 0.625408
VERTEX_POSE A452 -0.831038 1.000000 -0.376188 0.926544 0.926544 0.376188
VERTEX_POSE A453 0.556216 0.000000 0.278903 0.960319 0.960319 -0.278903
VERTEX_POSE A454 -0.820280 0.000000 0.694674 -0.719325 -0.719325 -0.694674
VERTEX_POSE A455 0.571962 0.000000 0.995736 0.092249 -0.092249 0.995736
VERTEX_POSE A456 0.825854 0.000000 0.656467 -0.754355 -0.754355 -0.656467
VERTEX_POSE A457 0.563883 0.000000 0.159805 -0.987149 -0.987149 -0.159805
VERTEX_POSE A458 -0.357283 7.105243 0.762714 -0.646736 0.646736 0.762714
VERTEX_POSE A459 0.933996 0.000000 0.026880 -0.999639 -0.999639 -0.026880
VERTEX_POSE A460 -0.974247 0.000000 -0.783596 0.621271 0.621271 0.783596
VERTEX_POSE A461 0.225484 0.000000 -0.997287 -0.073605 0.073605 -0.997287
VERTEX_POSE A462 -0.933349 0.000000 -0.517169 -0.855883 -0.855883 0.517169
VERTEX_POSE A463 0.358971 0.000000 -0.717460 0.696600 0.696600 0.717460
VERTEX_POSE A464 0.999400 1.000000 0.985044 0.172302 -0.172302 0.985044
VERTEX_POSE A465 0.034629 0.000000 -0.723517 0.690307 0.690307 0.723517
VERTEX_POSE A466 -0.615717 0.000000 -0.972070 0.234690 -0.234690 -0.972070
VERTEX_POSE A467 0.787968 0.000000 0.854061 -0.520172 -0.520172 -0.854061
VERTEX_POSE A468 0.282432 1.000000 -0.829817 0.558035 0.558035 0.829817
VERTEX_POSE A469 0.959287 0.000000 -0.052098 0.998642 0.998642 0.052098
VERTEX_POSE A470 0.975479 0.000000 0.474381 0.880320 -0.880320 0.474381
VERTEX_POSE A471 0.220095 0.000000 -0.150167 0.988661 -0.988661 -0.150167
VERTEX_POSE A472 -0.757968 1.000000 -0.819261 0.573421 -0.573421 -0.819261
VERTEX_POSE A473 0.652291 0.000000 -0.401393 -0.915906 0.915906 -0.401393
VERTEX_POSE A474 -0.976068 0.000000 0.468364 -0.883536 -0.883536 -0.468364
VERTEX_POSE A475 -0.217465 0.000000 -0.663985 -0.747746 -0.747746 0.663985
VERTEX_POSE A476 0.895583 0.000000 0.866799 0.498658 -0.498658 0.866799
VERTEX_POSE A477 0.444894 0.000000 0.078305 -0.996929 0.996929 0.078305
VERTEX_POSE A478 -0.280727 0.000000 0.899447 0.437030 -0.437030 0.899447
VERTEX_POSE A479 0.959788 0.000000 0.998036 -0.062639 -0.062639 -0.998036
VERTEX_POSE A480 -0.849651 -1.860639 0.949165 -0.314778 -0.314778 -0.949165
VERTEX_POSE A481 -0.527346 0.000000 -0.989040 -0.147645 0.147645 -0.989040
VERTEX_POSE A482 0.961370 0.000000 0.994490 -0.104829 0.104829 0.994490
VERTEX_POSE A483 0.275260 0.000000 -0.940631 -0.339431 -0.339431 0.940631
VERTEX_POSE A484 -0.803618 0.000000 0.240494 0.970651 0.970651 -0.240494
VERTEX_POSE A485 -0.595145 0.000000 -0.964553 0.263888 -0.263888 -0.964553
VERTEX_POSE A486 -0.706373 0.000000 -0.123902 0.992294 -0.992294 -0.123902
VERTEX_POSE A487 -0.707840 0.000000 -0.806375 0.591405 -0.591405 -0.806375
VERTEX_POSE A488 0.917628 1.000000 -0.979498 0.201453 -0.201453 -0.979498
VERTEX_POSE A489 -0.397441 0.000000 -0.811354 0.584556 0.584556 0.811354
VERTEX_POSE A490 0.197561 0.000000 0.994957 -0.100298 0.100298 0.994957
VERTEX_POSE A491 0.980291 0.000000 -0.934708 -0.355416 -0.355416 0.934708
VERTEX_POSE A492 0.927800 1.000000 0.738751 0.673979 0.673979 -0.738751
VERTEX_POSE A493 -0.373079 0.000000 0.187453 0.982274 -0.982274 0.187453
VERTEX_POSE A494 0.688455 0.000000 0.642465 -0.766315 -0.766315 -0.642465
VERTEX_POSE A495 0.725279 0.000000 -0.869450 0.494020 0.494020 0.869450
VERTEX_POSE A496 0.057766 1.000000 0.967990 -0.250988 0.250988 0.967990
VERTEX_POSE A497 0.998330 0.000000 -0.663307 0.748347 0.748347 0.663307
VERTEX_POSE A498 -0.704788 0.000000 -0.747100 -0.664712 0.664712 -0.747100
VERTEX_POSE A499 -0.709418 0.000000 0.651207 -0.758901 0.758901 0.651207
VERTEX_POSE A500 -0.234742 0.000000 -0.591971 0.805959 0.805959 0.591971
VERTEX_POSE A501 -0.972058 0.000000 0.537538 0.843240 0.843240 -0.537538
VERTEX_POSE A502 0.738575 7.181165 0.761618 -0.648026 -0.648026 -0.761618
VERTEX_POSE A503 0.674172 0.000000 -0.456172 0.889892 0.889892 0.456172
VERTEX_POSE A504 0.759770 0.000000 -0.987177 0.159630 0.159630 0.987177
VERTEX_POSE A505 -0.650191 0.000000 0.814057 -0.580785 -0.580785 -0.814057
VERTEX_POSE A506 -0.997281 0.000000 -0.285788 -0.958293 0.958293 -0.285788
VERTEX_POSE A507 0.073694 0.000000 0.486606 -0.873622 0.873622 0.486606
VERTEX_POSE A508 0.890163 1.000000 0.758940 -0.651160 0.651160 0.758940
VERTEX_POSE A509 0.455642 0.000000 0.776761 0.629795 -0.629795 0.776761
VERTEX_POSE A510 -0.158615 0.000000 0.669330 0.742965 -0.742965 0.669330
VERTEX_POSE A511 0.987340 0.000000 -0.999379 -0.035249 -0.035249 0.999379
VERTEX_POSE A512 0.283844 1.000000 -0.559114 -0.829091 0.829091 -0.559114
VERTEX_POSE A513 -0.958871 0.000000 0.224775 0.974411 -0.974411 0.224775
VERTEX_POSE A514 -0.858358 0.000000 0.760745 -0.649051 0.649051 0.760745
VERTEX_POSE A515 -0.513052 0.000000 -0.206314 0.978486 0.978486 0.206314
VERTEX_POSE A516 -0.978567 1.000000 -0.621454 -0.783451 -0.783451 0.621454
VERTEX_POSE A517 0.205927 0.000000 0.288313 -0.957536 -0.957536 -0.288313
VERTEX_POSE A518 0.337212 0.000000 0.569469 -0.822013 0.822013 0.569469
VERTEX_POSE A519 -0.941429 0.000000 0.482771 -0.875747 -0.875747 -0.482771
VERTEX_POSE A520 0.999979 0.000000 0.457427 0.889247 0.889247 -0.457427
VERTEX_POSE A521 -0.006493 0.000000 -0.803493 0.595314 0.595314 0.803493
VERTEX_POSE A522 -0.908061 0.000000 0.007398 0.999973 -0.999973 0.007398
VERTEX_POSE A523 0.418837 0.000000 0.906481 0.422247 -0.422247 0.906481
VERTEX_POSE A524 0.874500 -1.660772 -0.622612 0.782531 0.782531 0.622612
VERTEX_POSE A525 -0.485026 0.000000 0.463006 0.886355 0.886355 -0.463006
VERTEX_POSE A526 0.128552 0.000000 0.492192 0.870486 0.870486 -0.492192
VERTEX_POSE A527 -0.991703 0.000000 -0.954432 0.298430 -0.298430 -0.954432
VERTEX_POSE A528 -0.919859 0.000000 -0.226372 0.974041 -0.974041 -0.226372
VERTEX_POSE A529 0.392249 0.000000 0.832866 0.553475 0.553475 -0.832866
VERTEX_POSE A530 0.434121 0.000000 0.458729 -0.888576 -0.888576 -0.458729
VERTEX_POSE A531 -0.900854 0.000000 0.278982 0.960296 0.960296 -0.278982
VERTEX_POSE A532 0.845390 1.000000 0.766911 -0.641754 -0.641754 -0.766911
VERTEX_POSE A533 -0.534150 0.000000 0.869027 -0.494765 -0.494765 -0.869027
VERTEX_POSE A534 0.914650 0.000000 0.521216 0.853425 0.853425 -0.521216
VERTEX_POSE A535 0.404246 0.000000 0.822803 -0.568327 0.568327 0.822803
VERTEX_POSE A536 0.727013 1.000000 0.865529 0.500859 0.500859 -0.865529
VERTEX_POSE A537 -0.686624 0.000000 -0.878091 -0.478493 -0.478493 0.878091
VERTEX_POSE A538 0.233139 0.000000 -0.166045 -0.986118 -0.986118 0.166045
VERTEX_POSE A539 -0.972443 0.000000 -0.998310 -0.058119 0.058119 -0.998310
VERTEX_POSE A540 0.855048 1.000000 0.432078 0.901836 -0.901836 0.432078
VERTEX_POSE A541 0.518549 0.000000 -0.519505 -0.854467 -0.854467 0.519505
VERTEX_POSE A542 0.796714 0.000000 -0.838146 0.545446 0.545446 0.838146
VERTEX_POSE A543 -0.604357 0.000000 -0.778011 -0.628251 0.628251 -0.778011
VERTEX_POSE A544 0.606880 0.000000 0.491010 0.871154 0.871154 -0.491010
VERTEX_POSE A545 -0.794794 0.000000 -0.020485 -0.999790 -0.999790 0.020485
VERTEX_POSE A546 0.250295 7.110519 -0.948642 0.316351 -0.316351 -0.948642
VERTEX_POSE A547 -0.968170 0.000000 0.996101 -0.088216 0.088216 0.996101
VERTEX_POSE A548 -0.912872 0.000000 0.393002 0.919538 -0.919538 0.393002
VERTEX_POSE A549 -0.408245 0.000000 -0.690035 -0.723776 0.723776 -0.690035
VERTEX_POSE A550 -0.627735 0.000000 0.507174 0.861844 0.861844 -0.507174
VERTEX_POSE A551 -0.778427 0.000000 -0.112704 -0.993629 0.993629 -0.112704
VERTEX_POSE A552 0.987916 1.000000 -0.854967 0.518682 -0.518682 -0.854967
VERTEX_POSE A553 0.154989 0.000000 0.351300 0.936263 -0.936263 0.351300
VERTEX_POSE A554 0.392075 0.000000 -0.245855 0.969307 0.969307 0.245855
VERTEX_POSE A555 0.919933 0.000000 -0.604419 -0.796667 0.796667 -0.604419
VERTEX_POSE A556 0.843091 1.000000 -0.674575 0.738206 -0.738206 -0.674575
VERTEX_POSE A557 -0.537772 0.000000 -0.434968 -0.900446 0.900446 -0.434968
VERTEX_POSE A558 0.760686 0.000000 0.053645 0.998560 -0.998560 0.053645
VERTEX_POSE A559 -0.649120 0.000000 0.416886 0.908959 -0.908959 0.416886
VERTEX_POSE A560 0.864015 1.000000 -0.014564 0.999894 0.999894 0.014564
VERTEX_POSE A561 -0.503467 0.000000 -0.751774 -0.659420 0.659420 -0.751774
VERTEX_POSE A562 -0.505422 0.000000 0.255507 0.966807 -0.966807 0.255507
VERTEX_POSE A563 0.862872 0.000000 -0.638930 -0.769265 -0.769265 0.638930
VERTEX_POSE A564 0.766158 0.000000 0.830512 -0.557001 -0.557001 -0.830512
VERTEX_POSE A565 -0.642652 0.000000 -0.896302 -0.443445 0.443445 -0.896302
VERTEX_POSE A566 -0.835323 0.000000 0.945974 0.324243 -0.324243 0.945974
VERTEX_POSE A567 0.549760 0.000000 0.863130 -0.504981 0.504981 0.863130
VERTEX_POSE A568 -0.998945 -1.537971 -0.867591 0.497278 0.497278 0.867591
VERTEX_POSE A569 0.045925 0.000000 -0.781562 0.623827 0.623827 0.781562
VERTEX_POSE A570 0.739483 0.000000 -0.123763 0.992312 0.992312 0.123763
VERTEX_POSE A571 -0.673175 0.000000 -0.913619 0.406571 0.406571 0.913619
VERTEX_POSE A572 -0.951392 0.000000 0.736166 0.676801 -0.676801 0.736166
VERTEX_POSE A573 0.307982 0.000000 0.780880 -0.624681 -0.624681 -0.780880
VERTEX_POSE A574 0.508756 0.000000 -0.418423 -0.908252 -0.908252 0.418423
VERTEX_POSE A575 -0.860911 0.000000 -0.999959 -0.009042 -0.009042 0.999959
VERTEX_POSE A576 0.900110 1.000000 -0.784342 -0.620328 0.620328 -0.784342
VERTEX_POSE A577 -0.435662 0.000000 -0.872138 0.489260 -0.489260 -0.872138
VERTEX_POSE A578 -0.845109 0.000000 -0.943567 -0.331180 -0.331180 0.943567
VERTEX_POSE A579 -0.534594 0.000000 0.615404 -0.788212 0.788212 0.615404
VERTEX_POSE A580 0.351434 1.000000 0.207056 -0.978329 0.978329 0.207056
VERTEX_POSE A581 0.936213 0.000000 0.466504 -0.884519 -0.884519 -0.466504
VERTEX_POSE A582 -0.870788 0.000000 0.990794 -0.135375 0.135375 0.990794
VERTEX_POSE A583 0.491659 0.000000 -0.006707 0.999978 -0.999978 -0.006707
VERTEX_POSE A584 -0.626097 1.000000 0.460324 -0.887751 0.887751 0.460324
VERTEX_POSE A585 -0.779745 0.000000 0.354454 -0.935073 -0.935073 -0.354454
VERTEX_POSE A586 -0.709750 0.000000 0.662348 -0.749196 0.749196 0.662348
VERTEX_POSE A587 0.704454 0.000000 0.796923 0.604081 0.604081 -0.796923
VERTEX_POSE A588 -0.526772 0.000000 0.993207 0.116362 -0.116362 0.993207
VERTEX_POSE A589 -0.850007 0.000000 -0.587566 -0.809176 0.809176 -0.587566
VERTEX_POSE A590 -0.574827 7.132335 -0.956953 -0.290244 -0.290244 0.956953
VERTEX_POSE A591 -0.818275 0.000000 0.866690 -0.498847 -0.498847 -0.866690
VERTEX_POSE A592 0.978507 0.000000 -0.351395 -0.936227 -0.936227 0.351395
VERTEX_POSE A593 0.206213 0.000000 0.368639 0.929573 0.929573 -0.368639
VERTEX_POSE A594 0.890978 0.000000 -0.658775 0.752340 0.752340 0.658775
VERTEX_POSE A595 0.454046 0.000000 0.737148 0.675731 0.675731 -0.737148
VERTEX_POSE A596 0.846402 1.000000 0.992292 0.123925 -0.123925 0.992292
VERTEX_POSE A597 0.532544 0.000000 -0.999008 0.044524 0.044524 0.999008
VERTEX_POSE A598 0.836236 0.000000 0.897144 0.441738 -0.441738 0.897144
VERTEX_POSE A599 -0.548369 0.000000 -0.691727 0.722159 -0.722159 -0.691727
VERTEX_POSE A600 0.113532 1.000000 0.786649 -0.617400 -0.617400 -0.786649
VERTEX_POSE A601 0.993534 0.000000 0.385356 0.922768 0.922768 -0.385356
VERTEX_POSE A602 -0.027606 0.000000 -0.347962 -0.937509 -0.937509 0.347962
VERTEX_POSE A603 0.999619 0.000000 -0.128402 0.991722 0.991722 0.128402
VERTEX_POSE A604 -0.945214 1.000000 0.287838 0.957679 -0.957679 0.287838
VERTEX_POSE A605 0.326452 0.000000 -0.691476 0.722399 -0.722399 -0.691476
VERTEX_POSE A606 0.905446 0.000000 0.629142 0.777290 -0.777290 0.629142
VERTEX_POSE A607 0.424462 0.000000 0.818586 0.574383 0.574383 -0.818586
VERTEX_POSE A608 0.849137 0.000000 -0.907461 0.420136 -0.420136 -0.907461
VERTEX_POSE A609 -0.528173 0.000000 -0.718014 0.696028 -0.696028 -0.718014
VERTEX_POSE A610 0.836326 0.000000 -0.455756 -0.890105 -0.890105 0.455756
VERTEX_POSE A611 -0.548232 0.000000 -0.135603 0.990763 0.990763 0.135603
VERTEX_POSE A612 0.849818 -1.742358 0.999184 -0.040382 -0.040382 -0.999184
VERTEX_POSE A613 -0.527076 0.000000 -0.929927 -0.367745 -0.367745 0.929927
VERTEX_POSE A614 0.593582 0.000000 0.309285 -0.950969 -0.950969 -0.309285
VERTEX_POSE A615 0.804773 0.000000 0.980410 0.196968 -0.196968 0.980410
VERTEX_POSE A616 -0.423530 0.000000 -0.999210 -0.039748 0.039748 -0.999210
VERTEX_POSE A617 -0.905882 0.000000 -0.739444 0.673218 0.673218 0.739444
VERTEX_POSE A618 0.670199 0.000000 0.835994 0.548738 -0.548738 0.835994
VERTEX_POSE A619 0.742181 0.000000 -0.490410 -0.871492 -0.871492 0.490410
VERTEX_POSE A620 -0.870840 1.000000 -0.244886 -0.969552 -0.969552 0.244886
VERTEX_POSE A621 -0.491566 0.000000 -0.318572 -0.947899 0.947899 -0.318572
VERTEX_POSE A622 0.869485 0.000000 -0.390009 0.920811 0.920811 0.390009
VERTEX_POSE A623 0.493959 0.000000 0.121393 -0.992605 -0.992605 -0.121393
VERTEX_POSE A624 0.120316 1.000000 -0.227896 0.973685 -0.973685 -0.227896
VERTEX_POSE A625 -0.992736 0.000000 -0.902121 0.431484 -0.431484 -0.902121
VERTEX_POSE A626 -0.363764 0.000000 -0.879889 -0.475179 0.475179 -0.879889
VERTEX_POSE A627 0.931491 0.000000 0.828810 0.559530 0.559530 -0.828810
VERTEX_POSE A628 -0.098609 1.000000 -0.897327 -0.441366 0.441366 -0.897327
VERTEX_POSE A629 -0.995126 0.000000 -0.904992 -0.425429 -0.425429 0.904992
VERTEX_POSE A630 0.974713 0.000000 0.554895 -0.831920 -0.831920 -0.554895
VERTEX_POSE A631 0.223461 0.000000 -0.930468 -0.366374 0.366374 -0.930468
VERTEX_POSE A632 0.736492 0.000000 0.709335 -0.704872 -0.704872 -0.709335
VERTEX_POSE A633 -0.676446 0.000000 0.810730 -0.585421 0.585421 0.810730
VERTEX_POSE A634 -0.527218 7.092461 0.993743 -0.111688 -0.111688 -0.993743
VERTEX_POSE A635 -0.849730 0.000000 0.741059 -0.671440 -0.671440 -0.741059
VERTEX_POSE A636 0.994950 0.000000 -0.911018 -0.412367 0.412367 -0.911018
VERTEX_POSE A637 0.100369 0.000000 -0.743134 -0.669143 0.669143 -0.743134
VERTEX_POSE A638 -0.392156 0.000000 -0.891336 0.453343 0.453343 0.891336
VERTEX_POSE A639 0.919899 0.000000 0.987765 -0.155950 0.155950 0.987765
VERTEX_POSE A640 0.336594 1.000000 -0.188328 0.982106 -0.982106 -0.188328
VERTEX_POSE A641 -0.941650 0.000000 0.810312 0.585999 -0.585999 0.810312
VERTEX_POSE A642 -0.477367 0.000000 -0.975821 0.218573 0.218573 0.975821
VERTEX_POSE A643 -0.878704 0.000000 0.179948 -0.983676 -0.983676 -0.179948
VERTEX_POSE A644 -1.000000 1.000000 0.769006 -0.639242 -0.639242 -0.769006
VERTEX_POSE A645 -0.000041 0.000000 0.567820 -0.823153 0.823153 0.567820
VERTEX_POSE A646 -0.737506 0.000000 0.432451 0.901658 0.901658 -0.432451
VERTEX_POSE A647 0.675340 0.000000 -0.897862 -0.440278 0.440278 -0.897862
VERTEX_POSE A648 0.216915 0.000000 -0.318621 0.947882 0.947882 0.318621
VERTEX_POSE A649 -0.976191 0.000000 0.652289 -0.757970 0.757970 0.652289
VERTEX_POSE A650 -0.915163 0.000000 0.951745 0.306890 0.306890 -0.951745
VERTEX_POSE A651 0.403084 0.000000 -0.999895 0.014497 0.014497 0.999895
VERTEX_POSE A652 -0.536682 0.000000 0.900079 -0.435728 -0.435728 -0.900079
VERTEX_POSE A653 0.843785 0.000000 -0.678516 0.734586 -0.734586 -0.678516
VERTEX_POSE A654 -0.563078 0.000000 -0.067143 0.997743 0.997743 0.067143
VERTEX_POSE A655 -0.826404 0.000000 -0.754717 -0.656050 -0.656050 0.754717
VERTEX_POSE A656 0.851130 66765030077826369019383162950186473975158118807626892767862905309815610529247825570960820673669678124003307498604697200456689158133492807409552762863616.000000 0.357116 -0.934060 -0.934060 -0.357116
VERTEX_POSE A657 -0.524955 0.000000 0.998147 -0.060851 0.060851 0.998147
VERTEX_POSE A658 -0.998004 0.000000 0.974340 -0.225080 0.225080 0.974340
VERTEX_POSE A659 0.063157 0.000000 -0.434398 -0.900721 -0.900721 0.434398
VERTEX_POSE A660 0.556973 0.000000 0.582002 -0.813187 -0.813187 -0.582002
VERTEX_POSE A661 0.830531 0.000000 0.485612 -0.874175 0.874175 0.485612
VERTEX_POSE A662 -0.550679 0.000000 0.815926 -0.578156 0.578156 0.815926
VERTEX_POSE A663 0.834717 0.000000 -0.001430 -0.999999 0.999999 -0.001430
VERTEX_POSE A664 0.886673 112038534409406629164611302229223941873344008581013151018656627896158787163627610310128377775791314050078021828862477461073359487537777058708218738114614774981226481534962478312796206093554391724074487588134366988324040605696.000000 -0.699746 0.714392 0.714392 0.699746
VERTEX_POSE A665 0.462397 0.000000 -0.614144 0.789194 -0.789194 -0.614144
VERTEX_POSE A666 0.191074 0.000000 -0.475585 -0.879670 0.879670 -0.475585
VERTEX_POSE A667 0.981576 0.000000 0.542866 -0.839820 -0.839820 -0.542866
VERTEX_POSE A668 -0.528914 0.000000 -0.491962 0.870617 -0.870617 -0.491962
VERTEX_POSE A669 0.848675 0.000000 0.861047 -0.508526 -0.508526 -0.861047
VERTEX_POSE A670 0.893304 0.000000 0.172407 -0.985026 -0.985026 -0.172407
VERTEX_POSE A671 -0.449453 0.000000 0.228270 -0.973598 -0.973598 -0.228270
VERTEX_POSE A672 0.465704 0.000000 -0.758480 0.651696 -0.651696 -0.758480
VERTEX_POSE A673 -0.884941 0.000000 -0.574438 0.818548 -0.818548 -0.574438
VERTEX_POSE A674 -0.915764 17101682489511869998161366604824593297016072355396365475786152685841215411832166129474772800619208379273346499888213065041877695699899885574954980923142257713044760473475368886337266602536317839353798782780623028224.000000 0.371430 -0.928461 -0.928461 -0.371430
VERTEX_POSE A675 -0.401716 0.000000 -0.775747 -0.631044 0.631044 -0.775747
VERTEX_POSE A676 -0.430504 0.000000 -0.542389 0.840128 0.840128 0.542389
VERTEX_POSE A677 -0.902589 0.000000 0.957426 0.288678 0.288678 -0.957426
VERTEX_POSE A678 -0.046919 7.083911 -0.822282 -0.569081 -0.569081 0.822282
VERTEX_POSE A679 0.998899 0.000000 0.381773 -0.924256 -0.924256 -0.381773
VERTEX_POSE A680 0.689273 0.000000 0.796478 0.604667 -0.604667 0.796478
VERTEX_POSE A681 0.724502 0.000000 -0.978483 -0.206330 -0.206330 0.978483
VERTEX_POSE A682 0.210447 0.000000 0.591824 0.806068 -0.806068 0.591824
VERTEX_POSE A683 -0.977605 0.000000 -0.289085 -0.957303 -0.957303 0.289085
VERTEX_POSE A684 -0.906263 0.000000 0.051039 -0.998697 -0.998697 -0.051039
VERTEX_POSE A685 0.422714 0.000000 -0.505933 -0.862573 0.862573 -0.505933
VERTEX_POSE A686 -0.109949 65473578895910770365689724729213434500598766108190280985791734504877415700556573328387374948218980910761170781967001744844530464387084773291159522902016.000000 -0.689785 0.724014 -0.724014 -0.689785
VERTEX_POSE A687 -0.993937 0.000000 0.702613 0.711572 0.711572 -0.702613
VERTEX_POSE A688 -0.713201 0.000000 0.164960 -0.986300 -0.986300 -0.164960
VERTEX_POSE A689 0.700960 0.000000 -0.104650 -0.994509 0.994509 -0.104650
VERTEX_POSE A690 0.949626 0.000000 -0.225572 0.974227 0.974227 0.225572
VERTEX_POSE A691 0.313384 0.000000 0.285476 0.958386 0.958386 -0.285476
VERTEX_POSE A692 -0.612662 0.000000 0.290106 -0.956994 -0.956994 -0.290106
VERTEX_POSE A693 -0.790345 0.000000 -0.709884 0.704319 -0.704319 -0.709884
VERTEX_POSE A694 0.396023 0.000000 0.753773 0.657134 -0.657134 0.753773
VERTEX_POSE A695 -0.918240 0.000000 0.907854 0.419286 0.419286 -0.907854
VERTEX_POSE A696 0.332672 0.000000 -0.874246 -0.485484 0.485484 -0.874246
VERTEX_POSE A697 -0.943043 0.000000 0.335953 0.941879 -0.941879 0.335953
VERTEX_POSE A698 -0.915422 0.000000 0.607584 -0.794255 -0.794255 -0.607584
VERTEX_POSE A699 0.402495 0.000000 0.806122 0.591750 0.591750 -0.806122
VERTEX_POSE A700 -0.930521 0.000000 -0.451408 -0.892317 0.892317 -0.451408
VERTEX_POSE A701 0.366238 0.000000 0.987822 0.155590 0.155590 -0.987822
VERTEX_POSE A702 -0.476284 0.000000 -0.727805 0.685784 0.685784 0.727805
VERTEX_POSE A703 0.879291 0.000000 0.983050 0.183335 0.183335 -0.983050
VERTEX_POSE A704 -0.782740 0.000000 0.675977 -0.736923 -0.736923 -0.675977
VERTEX_POSE A705 -0.622348 0.000000 0.906740 -0.421689 0.421689 0.906740
VERTEX_POSE A706 -0.973496 0.000000 -0.834941 -0.550339 0.550339 -0.834941
VERTEX_POSE A707 0.228702 0.000000 0.995230 0.097553 0.097553 -0.995230
VERTEX_POSE A708 0.138279 0.000000 0.321044 -0.947064 0.947064 0.321044
VERTEX_POSE A709 0.990393 0.000000 0.853709 -0.520751 0.520751 0.853709
VERTEX_POSE A710 -0.375357 3991957755570352789371150089288507880577665323663889379622819501056568688739076129087315030435675279389334589494691867670429884359957337869640224514202535984758848903152575756685066410316198066763344743936642046523181696087522979835572157355117693108224.000000 0.912280 0.409566 0.409566 -0.912280
VERTEX_POSE A711 -0.926880 0.000000 0.793167 0.609004 -0.609004 0.793167
VERTEX_POSE A712 -0.591445 0.000000 0.860035 0.510234 0.510234 -0.860035
VERTEX_POSE A713 -0.806345 0.000000 -0.964189 -0.265217 -0.265217 0.964189
VERTEX_POSE A714 -0.834763 0.000000 0.899042 -0.437862 -0.437862 -0.899042
VERTEX_POSE A715 0.550610 0.000000 -0.754787 0.655970 -0.655970 -0.754787
VERTEX_POSE A716 0.650574 0.000000 -0.475321 -0.879812 0.879812 -0.475321
VERTEX_POSE A717 0.759443 178879621810238913128094047228647726508651629328075602062644129003187629735425741312064382185220474978097578195409197926597267919812980727190147920515422490722304.000000 -0.830092 0.557626 0.557626 0.830092
VERTEX_POSE A718 0.928408 4929769663206434556756106719243555299427331264920697598914398212614809753906777867120299571615017338617576122701945747643448804104216760760224974570994337550469578604739210972496564047081459696452671373312.000000 0.701580 0.712590 0.712590 -0.701580
VERTEX_POSE A719 0.371562 254736390291291889030922121258850660424501441023379822259963935954914725725432940630493166131664627692932379993406330093364458701043890969258665463427181890508822414413552810983424.000000 -0.992431 0.122804 0.122804 0.992431
VERTEX_POSE A720 -0.905476 0.000000 -0.789159 -0.614188 -0.614188 0.789159
VERTEX_POSE A721 0.424396 20501866451337168053189560792064226319547775958351486434605468436284037989645490279678039395484825527040722291151541508450190370438103211413438508882310610343659748866787619270098045783142774385055450559223531831296.000000 0.983342 0.181766 0.181766 -0.983342
VERTEX_POSE A722 0.998976 54516411287282881103620573661049282232049455624225566907766293486944114775489419510216473978623760465169262049097688632643007058210239961430227364061010573877892109631258095084661486834624878580594535132737235168202608021438567414343105260856279040.000000 0.630895 0.775868 -0.775868 0.630895
VERTEX_POSE A723 0.045252 142717957228170451229169223632419449712023085313770128632411546919873682261239807686955431172197865275394498470016097032557935271454908504114485378486968050179891252175986467684330858598783887032262100137109926466652443578630334962549204381954211840.000000 -0.559648 -0.828730 -0.828730 0.559648
VERTEX_POSE A724 -0.096474 37326082801859005989069496748248859995817506404557563581920001576858235704165572148132528873585496503860804716799666858664095519149195427199110675066534175248641612044126088956210929428472691064569856.000000 0.180028 0.983661 0.983661 -0.180028
VERTEX_POSE A725 -0.995335 11205294301008883400795894096538988166876201411612807204459531521051284459716759433769996196536972579635688237639882065049189615830993792621637670142407004869394140045708931095103724558537205296819823145047103932839059232640303185013936903934243485253632.000000 -0.825482 -0.564428 0.564428 -0.825482
VERTEX_POSE A726 -0.929355 0.000000 0.481231 -0.876594 0.876594 0.481231
VERTEX_POSE A727 0.369188 0.000000 0.631468 -0.775402 0.775402 0.631468
VERTEX_POSE A728 0.258948 0.000000 -0.043430 -0.999056 0.999056 -0.043430
VERTEX_POSE A729 -0.965891 0.000000 0.981862 -0.189596 -0.189596 -0.981862
VERTEX_POSE A730 -0.656251 0.000000 -0.297698 -0.954660 -0.954660 0.297698
VERTEX_POSE A731 -0.754542 0.000000 -0.666875 -0.745170 0.745170 -0.666875
VERTEX_POSE A732 -0.751971 0.000000 -0.741058 -0.671441 0.671441 -0.741058
VERTEX_POSE A733 -0.659196 0.000000 0.523303 0.852146 0.852146 -0.523303
VERTEX_POSE A734 -0.112877 0.000000 -0.959004 -0.283391 0.283391 -0.959004
VERTEX_POSE A735 -0.993609 0.000000 -0.960070 -0.279759 -0.279759 0.960070
VERTEX_POSE A736 -0.678988 0.000000 0.366199 -0.930537 -0.930537 -0.366199
VERTEX_POSE A737 0.734149 0.000000 0.749038 0.662527 0.662527 -0.749038
VERTEX_POSE A738 -0.612124 0.000000 0.600172 -0.799871 0.799871 0.600172
VERTEX_POSE A739 0.790762 0.000000 0.664532 -0.747260 -0.747260 -0.664532
VERTEX_POSE A740 -0.658609 0.000000 -0.892655 -0.450740 -0.450740 0.892655
VERTEX_POSE A741 0.752485 0.000000 0.635794 0.771859 0.771859 -0.635794
VERTEX_POSE A742 0.902379 0.000000 -0.442043 0.896994 0.896994 0.442043
VERTEX_POSE A743 0.430944 0.000000 -0.214273 -0.976774 0.976774 -0.214273
VERTEX_POSE A744 -0.135330 0.000000 0.309360 -0.950945 0.950945 0.309360
VERTEX_POSE A745 -0.990801 0.000000 0.941465 0.337112 -0.337112 0.941465
VERTEX_POSE A746 -0.174343 0.000000 0.153808 0.988101 -0.988101 0.153808
VERTEX_POSE A747 -0.984685 0.000000 -0.543500 -0.839409 -0.839409 0.543500
VERTEX_POSE A748 -0.922651 0.000000 -0.726070 -0.687620 -0.687620 0.726070
VERTEX_POSE A749 -0.385636 0.000000 -0.917910 -0.396788 -0.396788 0.917910
VERTEX_POSE A750 -0.951106 0.000000 -0.965618 0.259965 0.259965 0.965618
VERTEX_POSE A751 -0.308866 0.000000 0.881658 0.471890 -0.471890 0.881658
VERTEX_POSE A752 0.254844 66765030077826369019383162950186473975158118807626892767862905309815610529247825570960820673669678124003307498604697200456689158133492807409552762863616.000000 0.367859 0.929881 0.929881 -0.367859
VERTEX_POSE A753 0.966982 0.000000 -0.143563 -0.989641 -0.989641 0.143563
VERTEX_POSE A754 -0.765562 0.000000 -0.784682 0.619899 -0.619899 -0.784682
VERTEX_POSE A755 0.643362 0.000000 0.311653 -0.950196 -0.950196 -0.311653
VERTEX_POSE A756 -0.770883 1.000000 0.751298 -0.659963 0.659963 0.751298
VERTEX_POSE A757 -0.636977 0.000000 -0.441383 -0.897319 0.897319 -0.441383
VERTEX_POSE A758 -0.426082 0.000000 0.971720 -0.236134 0.236134 0.971720
VERTEX_POSE A759 -0.904685 0.000000 -0.703348 0.710845 -0.710845 -0.703348
VERTEX_POSE A760 -0.634363 112038534409406629164611302229223941873344008581013151018656627896158787163627610310128377775791314050078021828862477461073359487537777058708218738114614774981226481534962478312796206093554391724074487588134366988324040605696.000000 0.088591 -0.996068 -0.996068 -0.088591
VERTEX_POSE A761 0.773035 0.000000 -0.873386 0.487029 -0.487029 -0.873386
VERTEX_POSE A762 0.924515 0.000000 0.945166 -0.326589 -0.326589 -0.945166
VERTEX_POSE A763 -0.381145 0.000000 0.547007 -0.837128 0.837128 0.547007
VERTEX_POSE A764 0.986609 0.000000 0.364851 0.931066 0.931066 -0.364851
VERTEX_POSE A765 0.163102 0.000000 -0.071337 0.997452 -0.997452 -0.071337
VERTEX_POSE A766 0.920420 0.000000 -0.590542 -0.807007 -0.807007 0.590542
VERTEX_POSE A767 -0.390931 0.000000 0.881620 0.471960 -0.471960 0.881620
VERTEX_POSE A768 0.790539 0.000000 0.685315 -0.728246 -0.728246 -0.685315
VERTEX_POSE A769 -0.612411 0.000000 0.935105 -0.354370 -0.354370 -0.935105
VERTEX_POSE A770 0.919556 0.004000 -0.983085 -0.183150 0.183150 -0.983085
VERTEX_POSE A771 -0.392959 0.006000 -0.256868 0.966447 -0.966447 -0.256868
VERTEX_POSE A772 0.772116 0.010000 0.760390 0.649467 0.649467 -0.760390
VERTEX_POSE A773 0.635481 0.012000 -0.797165 0.603762 -0.603762 -0.797165
VERTEX_POSE A774 -0.997381 0.017000 0.399515 0.916727 0.916727 -0.399515
VERTEX_POSE A775 -0.072330 0.020000 -0.943115 -0.332467 -0.332467 0.943115
VERTEX_POSE A776 0.579059 0.022000 0.563329 -0.826232 0.826232 0.563329
VERTEX_POSE A777 0.815285 0.025000 0.671008 0.741450 0.741450 -0.671008
VERTEX_POSE A778 0.765311 0.027000 -0.330778 0.943708 0.943708 0.330778
VERTEX_POSE A779 0.643661 0.031000 0.619437 -0.785047 0.785047 0.619437
VERTEX_POSE A780 -0.828500 0.036000 0.440531 -0.897737 -0.897737 -0.440531
VERTEX_POSE A781 -0.559989 0.040000 -0.759880 0.650064 -0.650064 -0.759880
VERTEX_POSE A782 -0.867483 0.044000 0.125042 0.992151 -0.992151 0.125042
VERTEX_POSE A783 0.497467 0.048000 0.611936 -0.790907 -0.790907 -0.611936
VERTEX_POSE A784 -0.867476 0.053000 -0.747641 -0.664103 -0.664103 0.747641
VERTEX_POSE A785 -0.497480 0.059000 -0.535815 -0.844335 -0.844335 0.535815
VERTEX_POSE A786 -0.911026 0.064000 0.998973 -0.045318 0.045318 0.998973
VERTEX_POSE A787 -0.412349 0.068000 -0.944389 -0.328829 -0.328829 0.944389
VERTEX_POSE A788 0.844641 0.073000 -0.637818 -0.770187 0.770187 -0.637818
VERTEX_POSE A789 -0.535334 0.080000 -0.244852 0.969561 -0.969561 -0.244852
VERTEX_POSE A790 -0.465439 0.086000 -0.594464 -0.804122 -0.804122 0.594464
VERTEX_POSE A791 0.885080 0.092000 -0.862295 0.506406 0.506406 0.862295
VERTEX_POSE A792 -0.999431 0.099000 0.146506 0.989210 -0.989210 0.146506
VERTEX_POSE A793 0.033727 0.107000 0.487342 -0.873211 -0.873211 -0.487342
VERTEX_POSE A794 0.060723 0.116000 0.970208 -0.242274 -0.242274 -0.970208
VERTEX_POSE A795 0.998155 0.125000 -0.177517 -0.984118 0.984118 -0.177517
VERTEX_POSE A796 0.606967 0.131000 0.834691 -0.550719 -0.550719 -0.834691
VERTEX_POSE A797 0.794727 0.139000 -0.355861 0.934539 0.934539 0.355861
VERTEX_POSE A798 0.973401 0.151000 -0.509053 0.860735 0.860735 0.509053
VERTEX_POSE A799 0.229109 0.160000 -0.999532 -0.030594 0.030594 -0.999532
VERTEX_POSE A800 -0.584172 0.172000 -0.958026 0.286682 0.286682 0.958026
VERTEX_POSE A801 0.811630 0.182000 0.998387 -0.056784 -0.056784 -0.998387
VERTEX_POSE A802 0.941174 0.193000 -0.834154 -0.551531 0.551531 -0.834154
VERTEX_POSE A803 -0.337923 0.201000 0.818944 0.573874 0.573874 -0.818944
VERTEX_POSE A804 -0.652994 0.210000 -0.735387 0.677647 0.677647 0.735387
VERTEX_POSE A805 -0.757363 0.219000 -0.644834 -0.764323 -0.764323 0.644834
VERTEX_POSE A806 0.750155 0.230000 0.980193 -0.198043 0.198043 0.980193
VERTEX_POSE A807 -0.661262 0.241000 -0.990546 0.137181 0.137181 0.990546
